2.025110849309267047e-01
2.023761718550919908e-01
2.017275504626226679e-01
2.051594328195391614e-01
2.092121031351228677e-01
2.135481231352679976e-01
2.181612686844482396e-01
2.105586206822298301e-01
2.376190367468296316e-01
2.636827803433681727e-01
3.404629547509200882e-01
4.595469280296154424e-01
3.679708692768698941e-01
3.472045690933650008e-01
3.507240322704872626e-01
4.186179756009272834e-01
3.857137512733386231e-01
5.428757999715557725e-01
5.432628410676840769e-01
5.387088255508860613e-01
5.621231072581075461e-01
8.859362624638882355e-01
8.779073178604303029e-01
8.066579110286653531e-01
7.410452385797769992e-01
6.491304764819313400e-01
1.059126194847250124e+00
8.771421703597047648e-01
4.762435770265822654e-01
3.583486002461158115e-01
3.206481243489462396e-01
3.273444747620902762e-01
3.107042836559711918e-01
3.684265158069420787e-01
4.062376576735886036e-01
4.162975043790007601e-01
4.276542056474688658e-01
4.115000333543185063e-01
4.538048056348242820e-01
4.324813835367254944e-01
4.587406575228037964e-01
5.045666585525552250e-01
6.305805858618723780e-01
6.045012023005561508e-01
5.834456098869031937e-01
5.401328894040449136e-01
5.656066987946722913e-01
6.121024092534649297e-01
6.165441181281338112e-01
5.189002776739116696e-01
5.084471003886031903e-01
4.706847535239061520e-01
5.683193228739632508e-01
6.221624169024062567e-01
6.511666486223007810e-01
6.441947311250789676e-01
6.332845408873868376e-01
6.922300229264917171e-01
7.432968732242302146e-01
7.850144175039401873e-01
7.868653523062997257e-01
7.986781071161378476e-01
8.296487442158771985e-01
9.616822770447579494e-01
1.021999670317091491e+00
1.060834650070966889e+00
1.071289123107098895e+00
9.956455920314900565e-01
9.392426030690209648e-01
1.007501713475827065e+00
1.055593985144016145e+00
1.063447164098238806e+00
1.033896763126791019e+00
1.072710139036221921e+00
1.205958122385573095e+00
1.206123583949867628e+00
1.132369350502332672e+00
1.021675897585552217e+00
8.930525498539955143e-01
7.612677152237640188e-01
6.483118971487334958e-01
5.626095580839234334e-01
4.973077252236293155e-01
4.470035798835691465e-01
4.034623662687418788e-01
3.631783190815342510e-01
3.296883390308848472e-01
3.127538173026177537e-01
3.128432940349056279e-01
3.152852789454736460e-01
3.122035159577731811e-01
3.078836052420534375e-01
3.063621619010853947e-01
2.982728117777730947e-01
2.966660889682512514e-01
2.963766834011272722e-01
2.905388024196115526e-01
2.790142514156956910e-01
2.623685633479520551e-01
2.583881793952281236e-01
2.506581016533060979e-01
2.387413942934824562e-01
2.312653148607538289e-01
2.253522157146047034e-01
2.186036314845332118e-01
2.169520730911826123e-01
2.129036842276725849e-01
2.063326961944301208e-01
1.976341009799503223e-01
1.873257206100994998e-01
1.817856763706382772e-01
1.781217066740350130e-01
1.734473626937924340e-01
1.679374415198631454e-01
1.617456655248304676e-01
1.550082792410266141e-01
1.537310494333547217e-01
1.515112193155326303e-01
1.475126472028297775e-01
1.420201084200232999e-01
1.352972673952088645e-01
1.275912449441311269e-01
1.195286210622287792e-01
1.202347389687466045e-01
1.198618540029545293e-01
1.185092872380463375e-01
1.163970439708391785e-01
1.136245843651042670e-01
1.102762884687609052e-01
1.066910767325613685e-01
1.028340129875389419e-01
9.892666845906905593e-02
9.510908453533617468e-02
9.137446911293944929e-02
8.779757739867888322e-02
8.446548910669113286e-02
8.138997488325090679e-02
7.851263903138655520e-02
7.581622185862288421e-02
7.327371357223880222e-02
7.085356680067896040e-02
6.852391178327668642e-02
6.627108165649246707e-02
6.409522204089876385e-02
6.193454733931876705e-02
5.977614745088887654e-02
5.892450471329224726e-02
5.854928440693147468e-02
5.817634923767029537e-02
5.777549485637337168e-02
5.732470028174974086e-02
5.682990173247143978e-02
5.632234263338587593e-02
5.575559720825620097e-02
5.512911609179216993e-02
5.446648730673726846e-02
5.377216901734956089e-02
5.301792131174213468e-02
5.220505840457792535e-02
5.134704819838738915e-02
5.046800222541013986e-02
4.953450824022316568e-02
4.854999085644166879e-02
4.751868180657099761e-02
4.644962705389052426e-02
4.537513530303933368e-02
4.470799750203158923e-02
4.419936347338077054e-02
4.363326085395824450e-02
4.297777261329174120e-02
4.224337423107611678e-02
4.144403561260405489e-02
4.059448506185329986e-02
3.970983791897225723e-02
3.881133901755624144e-02
3.792287083435475631e-02
3.703935662121117522e-02
3.617393858156208591e-02
3.533842976038388539e-02
3.454306237245081262e-02
3.379629458421867100e-02
3.310467953345534037e-02
3.247279751834539901e-02
3.190324970202720878e-02
3.139670944452720158e-02
3.095202555259805172e-02
3.056637036017731401e-02
3.023542461399491427e-02
2.995359062668296463e-02
2.971422502991487996e-02
2.950988267045360353e-02
2.933256368030571007e-02
2.917395646555994218e-02
2.902567023384283046e-02
2.887945166204268152e-02
2.877091551598269861e-02
2.909020695337494536e-02
2.938263011153891685e-02
2.964336752518125992e-02
2.987714986152354216e-02
3.005513993860329039e-02
3.016856621865761368e-02
3.020987147509127113e-02
3.019872537715648925e-02
3.011004306939335171e-02
2.993570378744726812e-02
2.967434308523913405e-02
2.935580122277353654e-02
2.895325178686643935e-02
2.846849875396975302e-02
2.790878115438674006e-02
2.730232823161425279e-02
2.663009668355524606e-02
2.590022392599154386e-02
2.512161978326013165e-02
2.431718733570395821e-02
2.348655539029550349e-02
2.263386392576802533e-02
2.207702366684573606e-02
2.175501009001122588e-02
2.133757288435251392e-02
2.083902852369980824e-02
2.027594967559525480e-02
2.012449869382930759e-02
1.996792099034084764e-02
1.978708011085529225e-02
1.957176023419994471e-02
1.932389152565792273e-02
1.904564011808910010e-02
1.873937088453886748e-02
1.840761065854586154e-02
1.805301234429937743e-02
1.767994888208416354e-02
1.735633285442462689e-02
1.712131159446137266e-02
1.688457428539786101e-02
1.664643441593385842e-02
1.640719792133330662e-02
1.616716254848021145e-02
1.592661730560262362e-02
1.568584199149502048e-02
1.544510679911741124e-02
1.520467198891322508e-02
1.496478762632743112e-02
1.472569337948832768e-02
1.448761837236289818e-02
1.425078108884132201e-02
1.401538932377555634e-02
1.378164017709871542e-02
1.357208890936736218e-02
1.355764624223329204e-02
1.354139773555230325e-02
1.352276839554399090e-02
1.350174947200977540e-02
1.347833919230597734e-02
1.345254230851533443e-02
1.342436965893900776e-02
1.348978849383473434e-02
1.371456041318419236e-02
1.392201907675626356e-02
1.410800766012814886e-02
1.426876850761720113e-02
1.440098907389973301e-02
1.450409223396508310e-02
1.458152311558081997e-02
1.462370835570966573e-02
1.462925751858689880e-02
1.459729455451302255e-02
1.452744583187116911e-02
1.441982092443807283e-02
1.428378504135595882e-02
1.411349516862599011e-02
1.390802037585909222e-02
1.366902661520622529e-02
1.339849915456016623e-02
1.309870038295694698e-02
1.277530750350123687e-02
1.243294944347793363e-02
1.227799142675687835e-02
1.220680552672793150e-02
1.213444711247661789e-02
1.206097878277083424e-02
1.198646268356126990e-02
1.191096040771666420e-02
1.183453290245783593e-02
1.175724038457978161e-02
1.168031602780436433e-02
1.160292282730093598e-02
1.152480028419113241e-02
1.144600508104501833e-02
1.136659289830148183e-02
1.128661836431824571e-02
1.120613501088866398e-02
1.112519523381916287e-02
1.104385025840306372e-02
1.096215010955937583e-02
1.088014358618366248e-02
1.079787823972211055e-02
1.071540035654984339e-02
1.063275494394104806e-02
1.054998571948663477e-02
1.046713510373831202e-02
1.046765348803690120e-02
1.049058504024906469e-02
1.050812396920082666e-02
1.052031612247887084e-02
1.052785600083591504e-02
1.053160065825261248e-02
1.053023916487085508e-02
1.052387572231949266e-02
1.051262755296127061e-02
1.049662357925252795e-02
1.047600314604118024e-02
1.045091478859899725e-02
1.042151504865906041e-02
1.038796734081517091e-02
1.035044087023730998e-02
1.030910960342446697e-02
1.026415129219295647e-02
1.021574655174362946e-02
1.016407799258426010e-02
1.010932940608498878e-02
1.005168500346256821e-02
9.991328707443621754e-03
9.928443495098328991e-03
9.863210791901813948e-03
9.795809914779383260e-03
9.726417563054694237e-03
9.655207356127341878e-03
9.582417966186260530e-03
9.509436917387493679e-03
9.435076641319760024e-03
9.359495105503603044e-03
9.282845667849587770e-03
9.205276845655975884e-03
9.126932119243964456e-03
9.047949767967723711e-03
8.968462737590195480e-03
8.888598535867214476e-03
8.808479156176248284e-03
8.728221025850461945e-03
8.647934978737330247e-03
8.567726249442469619e-03
8.487694488045498600e-03
8.407933793512230997e-03
8.328532764494484680e-03
8.249574565445958255e-03
8.171137007374266320e-03
8.093292641216822889e-03
8.016108863035569312e-03
7.939648029156353218e-03
7.863967580634949328e-03
7.789120175666138825e-03
7.715153828811083768e-03
7.642112055981268616e-03
7.570034024423378041e-03
7.498954706686549072e-03
7.428905037652150899e-03
7.359912073900223319e-03
7.291999154798876372e-03
7.225186064313798839e-03
7.159489193349309437e-03
7.094921701563150149e-03
7.031493678478703546e-03
6.969212303258385220e-03
6.908082002698331427e-03
6.848104607049505972e-03
6.789279503257032028e-03
6.731603785461161456e-03
6.675072402204719826e-03
6.619678300292584569e-03
6.565412565059779854e-03
6.512264556690988693e-03
6.460222042736287439e-03
6.409271326246660135e-03
6.359397369970100702e-03
6.310583915844596159e-03
6.262813600559091927e-03
6.216068066169208942e-03
6.170328066610298104e-03
6.125573569619883856e-03
6.081783854059059045e-03
6.038937602970921754e-03
5.997012992014600155e-03
5.955987773777457299e-03
5.915839357361955125e-03
5.876544884254470032e-03
5.838081299407603918e-03
5.800425418815599934e-03
5.763553992500299213e-03
5.727443764122226028e-03
5.692071526360208827e-03
5.657414172790167090e-03
5.623448746112046787e-03
5.590152482880892532e-03
5.557502854923345413e-03
5.525477607363707931e-03
5.494054793606992573e-03
5.463212807379974785e-03
5.432930411608349712e-03
