2.143872109090128875e-01
2.140766662675976373e-01
2.156046168631159110e-01
2.162343918033775847e-01
2.154020611584776812e-01
2.167208983791750754e-01
2.199505762330420389e-01
2.548739370110196245e-01
2.680483596691399795e-01
3.499065582103491057e-01
4.177309460446219647e-01
4.546073179806285336e-01
3.942769030190798607e-01
4.808171057825805783e-01
4.853449924122694714e-01
4.546728971756591742e-01
5.177093638895139405e-01
5.892947038164909612e-01
7.010031169131644146e-01
6.118221545856403765e-01
6.706073992740685386e-01
6.879285873381291161e-01
8.754703038014295391e-01
7.971471027486851657e-01
4.735474579730378775e-01
4.220950709868566686e-01
4.142127577633857305e-01
4.813286811809361354e-01
5.120658298913054463e-01
5.011411804763518107e-01
4.950609795879319930e-01
5.538338421307749115e-01
6.038874824384238282e-01
6.720072182839873509e-01
6.041994246289306147e-01
7.841066258653252019e-01
7.123645082631113734e-01
8.061484029182921507e-01
7.835776043673882141e-01
7.437748518385496332e-01
7.162178379866251943e-01
8.075818339804203827e-01
8.141355193490179554e-01
8.321136183663810915e-01
8.959975224455841714e-01
1.139436649804098645e+00
1.188278867945458117e+00
1.273560008765543206e+00
1.278301327788965658e+00
1.175335390830109850e+00
1.102876425076263711e+00
1.258880175332036000e+00
1.467816125529009641e+00
1.610966777604207811e+00
1.581591390151391829e+00
1.637229157845067729e+00
1.672843455706554128e+00
1.570741256940927588e+00
1.470009383770994438e+00
1.470175832701065000e+00
1.513345433289804864e+00
1.484985352159894356e+00
1.553033331532180039e+00
1.750237193557980131e+00
1.937335892738812904e+00
1.961373527202581402e+00
1.760106223702689876e+00
1.452297319402028108e+00
1.170380293024514629e+00
9.239598634518741971e-01
7.343344398849290799e-01
6.431997918091270083e-01
5.902262380900713534e-01
5.595595994784268168e-01
5.340529047762569981e-01
5.098193017449115239e-01
4.810006034221402382e-01
4.956178231763925801e-01
5.031076036301849186e-01
4.820991456739417980e-01
4.580166427425228504e-01
4.271972395526540955e-01
3.861701220281559821e-01
3.479182454986406992e-01
3.221242163960542637e-01
3.124759103533020221e-01
3.135467385561867548e-01
3.132670539077263006e-01
3.014816880852744241e-01
3.047274092028750547e-01
2.930104797396161920e-01
3.064830059133912266e-01
3.058997110646481388e-01
2.888698040825126157e-01
2.654292822908651539e-01
2.450451693364546213e-01
2.428512579324395571e-01
2.361576955649081211e-01
2.257345063627801407e-01
2.125539933928092262e-01
1.974748617946658347e-01
2.077077542116442244e-01
2.131683036183960323e-01
2.094507221265445029e-01
1.986004687491044196e-01
1.948901825875402616e-01
1.851044899645157282e-01
1.716403548630476561e-01
1.575247150753228409e-01
1.450580390392563479e-01
1.361402390489466485e-01
1.313029212365285081e-01
1.297996365318651590e-01
1.300376611905035007e-01
1.301495475577556793e-01
1.289396154437836284e-01
1.251600372907141212e-01
1.187887796418681807e-01
1.099593938640866658e-01
1.066617398086442264e-01
1.036937233103059769e-01
9.853605222472332226e-02
9.173516747201952704e-02
9.288940182912314159e-02
9.334913147776081888e-02
9.295412605217812096e-02
9.202970971249054000e-02
9.027194646002700829e-02
8.793756507225461427e-02
8.939073499997622629e-02
9.114574935936502198e-02
9.180325878924872063e-02
9.146057530164138083e-02
8.991361195625027780e-02
8.896198243187554422e-02
9.222993107666556389e-02
9.459337441397738799e-02
9.504588785871856405e-02
9.357274321905968695e-02
9.027263302948987378e-02
8.533484902503692127e-02
7.915994682604161892e-02
7.948058541846268754e-02
8.067670259258101495e-02
8.046487606645384705e-02
7.896152003801748531e-02
7.628022110864045302e-02
7.262575586165843922e-02
6.831131196960739393e-02
6.423299657547165697e-02
6.171727505939697545e-02
5.892609706862050878e-02
5.593596232852529604e-02
5.416501994813983228e-02
5.399720904605945920e-02
5.371131225319834140e-02
5.331730836697121112e-02
5.282550183201384364e-02
5.224636913162394175e-02
5.159041999932340028e-02
5.091097437744382392e-02
5.017441367290745996e-02
4.938806269925603148e-02
4.856143777539419920e-02
4.770359976075479180e-02
4.682307878389445344e-02
4.592781227223543400e-02
4.502509684789333250e-02
4.412155429843515192e-02
4.322311143100195097e-02
4.233906270957304985e-02
4.148255277049718581e-02
4.064255815185922882e-02
3.982246872324898823e-02
3.902505208481695659e-02
3.856062408744800191e-02
3.812006208383884182e-02
3.758837840318844659e-02
3.695460375360646449e-02
3.623423314816452689e-02
3.544151690172396563e-02
3.458923253768399209e-02
3.368861849431552952e-02
3.307263059515194725e-02
3.254867533608450658e-02
3.204954485854978607e-02
3.157403124990284388e-02
3.112085268515005221e-02
3.068867862437704361e-02
3.027615163042719770e-02
2.988190601733450510e-02
2.950458357736208265e-02
2.914284665550372772e-02
2.879538885064758524e-02
2.846094362048798981e-02
2.813829105850453038e-02
2.782626309628450159e-02
2.752374736441385444e-02
2.722968992411888001e-02
2.694309705736810945e-02
2.666303628059388600e-02
2.638863672397393639e-02
2.611908899651109797e-02
2.585364463753317063e-02
2.559161523718208806e-02
2.533237129287478975e-02
2.507534085483928768e-02
2.482000800283129874e-02
2.456591118611443220e-02
2.431264145163178000e-02
2.405984057881766988e-02
2.380719913560936513e-02
2.355445446601854911e-02
2.330138861824238017e-02
2.304782622021789296e-02
2.279363230894422554e-02
2.253871011992828605e-02
2.228299884253608781e-02
2.202647134797357242e-02
2.176913189715634980e-02
2.151101383516570292e-02
2.125217728135998449e-02
2.099270682282527653e-02
2.073270922033679936e-02
2.047231113612940981e-02
2.021165689209916336e-02
1.995306657436516848e-02
1.969503054090270683e-02
1.943711139391920972e-02
1.917950091566714144e-02
1.892239872095309930e-02
1.866601036355905463e-02
1.841054552694684071e-02
1.815621630474602288e-02
1.790323557637883006e-02
1.765181548168271580e-02
1.740216599838402545e-02
1.715449362440656100e-02
1.690900016691920110e-02
1.666588163891275995e-02
1.642532726302062263e-02
1.618751858221828197e-02
1.595262867580489810e-02
1.572082147834993546e-02
1.549225119919844969e-02
1.526706183927867971e-02
1.504538680132612959e-02
1.482734858981500127e-02
1.461305859573617735e-02
1.440261696197829046e-02
1.419611252408617234e-02
1.399362282144998512e-02
1.379521417386162831e-02
1.363954638656232447e-02
1.373545978052679098e-02
1.382041373091916735e-02
1.389368422260053165e-02
1.395787848482362738e-02
1.400849469914817319e-02
1.404497877261753208e-02
1.406697729470554777e-02
1.407432533940285689e-02
1.406703258218760383e-02
1.404526812661181442e-02
1.400934441499788151e-02
1.395970057222701427e-02
1.389688550370685172e-02
1.382154103819713785e-02
1.373438537281017856e-02
1.363619704485203969e-02
1.352779962238523717e-02
1.341210797890220359e-02
1.329037595290397979e-02
1.316083494539857165e-02
1.302434924184758987e-02
1.288176915554115586e-02
1.273392212055192083e-02
1.258160500543692439e-02
1.249752915491836487e-02
1.246095673000754966e-02
1.241910908666375886e-02
1.237242269467847371e-02
1.232133309495529738e-02
1.226627003647834911e-02
1.220765317168353604e-02
1.214588830649480922e-02
1.208136419344354659e-02
1.201444985187357165e-02
1.194549239344147237e-02
1.187481532674241995e-02
1.180271731262980128e-02
1.172947133864589778e-02
1.165532427886409490e-02
1.158049680517604825e-02
1.150518361477675597e-02
1.142955393855373848e-02
1.135375229597786022e-02
1.127789946216965419e-02
1.120209361456464027e-02
1.112641162746229664e-02
1.105091048520296347e-02
1.097562878481782474e-02
1.090058830351666071e-02
1.082579560560454485e-02
1.075124366796659410e-02
1.067691350348865496e-02
1.060277576524726838e-02
1.052879231540289687e-02
1.045491774553003808e-02
1.038110083649198406e-02
1.030728594833625784e-02
1.023362810007777401e-02
1.016087428275896064e-02
1.008792363520813994e-02
1.001471555890380213e-02
9.941190515710678077e-03
9.867290897052485160e-03
9.792961799103803294e-03
9.718151704005952018e-03
9.642813069537257975e-03
9.566902829700433750e-03
9.490382809145480117e-03
9.413220055536691486e-03
9.335387093464856192e-03
9.256862105208374381e-03
9.177629042190302983e-03
9.097677673047817326e-03
9.017003572463022296e-03
8.935608056503591135e-03
8.853498069686906863e-03
8.770686028196215955e-03
8.687189625062539597e-03
8.603031601561466138e-03
8.518239489998245470e-03
8.432845331891631810e-03
8.346885376576608506e-03
8.260399763496326792e-03
8.173432192824412260e-03
8.086029587238452096e-03
7.998241748961994538e-03
7.910121014463127737e-03
7.821721910026953328e-03
7.733100810724001517e-03
7.644315604937264828e-03
7.555425366327511889e-03
7.466490035993133927e-03
7.377570114711157201e-03
7.288726368469389261e-03
7.200019547002699423e-03
7.111510117143538499e-03
7.023258011225256940e-03
6.935322391555823196e-03
6.847761430869303730e-03
6.760632109693433082e-03
6.673990029780653942e-03
6.587889244902169275e-03
6.502382107647065000e-03
6.417519132668142098e-03
6.333348876046310943e-03
6.249917830336290843e-03
6.167270334511951863e-03
6.154366280440562789e-03
6.160168710547452194e-03
6.165458128519392574e-03
6.169845513052073238e-03
6.173322531703414988e-03
6.175883166418891755e-03
6.177523631910757096e-03
6.178242289228375213e-03
6.178039555367434085e-03
6.176917810069300352e-03
6.174881299758430003e-03
6.171936039689933026e-03
6.168089715111022345e-03
6.163351581101788289e-03
6.157732362575964007e-03
6.151244154557604718e-03
6.143900322838689691e-03
6.135715405697944776e-03
6.126705017486216986e-03
6.116885753234545774e-03
6.106275095894804668e-03
6.094891325493071582e-03
6.082753431043485398e-03
6.069881024885833906e-03
6.056294260133024757e-03
6.042013751174397582e-03
6.027060496945837662e-03
6.011455807881351844e-03
5.995221235869936660e-03
5.978378507794914094e-03
5.960949462152281830e-03
5.942955989430465276e-03
5.924419975622560383e-03
5.905363249227947586e-03
5.885807531705875353e-03
5.865774391097760762e-03
5.845285198898247242e-03
5.824361090379382919e-03
5.803022927775062199e-03
