4.680281492987033998e-01
4.668814737929191661e-01
4.634668491038010374e-01
4.712613851132446685e-01
4.722767166523435534e-01
4.794893399499517428e-01
4.853453931546212741e-01
4.939431146989893828e-01
5.130879727327027906e-01
5.279564650765153910e-01
7.422151381430253103e-01
8.502373086744858810e-01
7.466849652842023621e-01
8.768552710306615205e-01
1.052223095073938408e+00
8.903175170295761776e-01
1.047426098634835157e+00
1.094681875560919115e+00
1.093948763214898090e+00
1.289134735224822581e+00
1.378703374680087412e+00
1.509184887353146376e+00
1.761311151383483375e+00
1.827897019247063159e+00
1.743934175655567964e+00
2.061963133479256083e+00
1.814413786259836403e+00
1.750555041915023535e+00
1.785828797015154068e+00
2.015502532370788469e+00
1.887258316614398357e+00
1.762764117023787325e+00
1.741553869391818443e+00
1.713984060755883609e+00
1.730734828307485262e+00
1.357772879948425215e+00
1.080394292468082496e+00
9.066107513003698326e-01
8.379362942178832929e-01
9.376607187837463497e-01
9.895552877328707142e-01
1.011519703833301254e+00
1.036841134614089555e+00
1.104130023232209989e+00
1.144278890818804628e+00
1.239235736707959168e+00
1.406657630944589066e+00
1.564632501750018223e+00
1.655986166116430569e+00
1.631577731139245646e+00
1.615957072888031920e+00
1.624305716177024017e+00
1.486471153775472676e+00
1.358631953599797715e+00
1.422134233831683803e+00
1.519543775485234782e+00
1.572700082283932543e+00
1.635372053724067243e+00
1.738375066693826243e+00
1.917033435314077217e+00
2.145526657382284430e+00
2.315246488884152409e+00
2.263320741589962548e+00
2.069297120503232001e+00
2.094576807651086892e+00
2.125817091191566810e+00
2.136874756464553826e+00
2.176583356528593693e+00
2.284156602877415843e+00
2.476207369427321225e+00
2.716646629830105297e+00
2.906869645159510629e+00
2.963138913487541437e+00
2.849687551074416625e+00
2.626046733943931955e+00
2.734400987679830308e+00
2.809601152677519753e+00
2.566002443982788872e+00
2.352279267194775425e+00
2.346911978765481965e+00
2.340373434078114379e+00
2.354254363700851282e+00
2.395727285893877401e+00
2.493238175357046504e+00
2.623846567749665848e+00
2.748560491053753996e+00
2.831715372877545711e+00
2.846130395869420404e+00
3.105876533476213286e+00
3.282209800414811696e+00
3.262404526209031541e+00
3.180934622677830337e+00
3.326663975658105787e+00
3.257331753050387579e+00
3.231175441454620323e+00
3.080786496344913417e+00
2.873023427429028054e+00
2.636342835516249039e+00
2.436803159688688769e+00
2.215422075056794338e+00
1.991477626138182355e+00
1.713573908970169812e+00
1.433081392033124235e+00
1.206511785490435251e+00
1.069821347771152897e+00
1.015070037259309776e+00
1.002066881341401539e+00
9.902424830158689240e-01
9.594677992167600644e-01
9.070969119470700948e-01
8.549663301301132501e-01
8.090444973109811588e-01
7.578153188055883893e-01
7.028787833765368642e-01
6.842930795451881432e-01
6.666067888216794524e-01
6.288365717690066470e-01
6.674601139325955224e-01
7.230524454774295284e-01
7.496163454356692402e-01
7.594873340593208955e-01
7.646756017770566238e-01
7.679131502516159946e-01
7.599537582661674007e-01
7.536057012578896153e-01
7.330996022967252168e-01
6.833877201952942571e-01
6.096547515749274337e-01
5.455193899781749511e-01
5.236039557251799259e-01
4.931717027487280691e-01
4.809345763010169361e-01
4.703429477985409668e-01
4.583906198400812260e-01
4.443910192882987165e-01
4.280290974281129590e-01
4.280829256387457815e-01
4.264405857396322830e-01
4.219985377916644076e-01
4.146109680073286619e-01
4.043257383233164748e-01
3.914219376298152531e-01
3.763711914047372376e-01
3.595195545716025620e-01
3.414085813062490704e-01
3.229160183164692111e-01
3.047871772443788152e-01
2.909416419011336408e-01
2.771402061767373470e-01
2.640868180100079399e-01
2.523490437936027342e-01
2.453737312142383331e-01
2.429631009076094195e-01
2.440001220366307400e-01
2.463130386863496279e-01
2.501596099976797216e-01
2.554235444400617672e-01
2.617845112150109510e-01
2.679727849668475659e-01
2.731647476873560465e-01
2.759574136236208064e-01
2.753373073657753856e-01
2.705751258022591199e-01
2.657126865523593562e-01
2.640828629819940709e-01
2.698426343499090718e-01
2.717115916803839459e-01
2.693872866830492319e-01
2.627517828117785781e-01
2.522957003868635528e-01
2.384493223310946985e-01
2.221070919228869678e-01
2.101999729465203748e-01
2.040164863015522523e-01
1.959650975611580137e-01
1.863413198790704328e-01
1.768562528702734005e-01
1.776115991020373597e-01
1.778038456657081157e-01
1.775988950410069267e-01
1.768129854045852600e-01
1.756409354815565704e-01
1.739805576817092247e-01
1.718935655507390914e-01
1.694517339152568913e-01
1.665585723733951917e-01
1.634463836569954864e-01
1.599486473187498037e-01
1.562068651942399578e-01
1.522320682020267824e-01
1.479865988900718743e-01
1.436565352126858430e-01
1.391308337902713854e-01
1.363969816287101677e-01
1.412841071714490693e-01
1.451277893104901129e-01
1.476512032576483835e-01
1.488598218184426780e-01
1.493111188295488112e-01
1.512079507738351702e-01
1.520792540362095047e-01
1.520220536813629009e-01
1.509169370116553444e-01
1.489672032313963390e-01
1.460743573821299823e-01
1.424438478743816072e-01
1.380342175080855049e-01
1.330928336630261555e-01
1.275747943329606227e-01
1.216876809122611897e-01
1.155280620011898962e-01
1.137366056182963076e-01
1.140260571636465409e-01
1.141093200347956804e-01
1.139827570736957618e-01
1.136613024919349846e-01
1.131745814000605505e-01
1.125786905608364835e-01
1.118307596014493643e-01
1.109458941090073480e-01
1.099389256650027680e-01
1.088242871699268699e-01
1.076671556131551938e-01
1.064297318700392209e-01
1.051208903906184072e-01
1.037526592418665794e-01
1.023363412148107082e-01
1.008824849746685209e-01
9.940086821287835717e-02
9.792795880700926048e-02
9.644824116540029468e-02
9.496250438041564657e-02
9.347762171142059984e-02
9.199974938788767209e-02
9.053435303614625063e-02
8.908623807373493297e-02
8.765958318748928724e-02
8.625797609262755850e-02
8.488445085949559987e-02
8.354152616668671094e-02
8.223124392433431296e-02
8.098115361607680085e-02
8.055247403208887214e-02
8.006075331731964118e-02
7.953430846734330095e-02
7.897114400084945252e-02
7.836563615095025470e-02
7.772418230634073333e-02
7.705262493381834221e-02
7.635625692789291263e-02
7.563983398169678296e-02
7.490759272708658045e-02
7.418497012999300533e-02
7.345309668587171603e-02
7.271405003045525173e-02
7.197032311664483539e-02
7.122402901571792122e-02
7.047693249703045060e-02
6.973048164669867766e-02
6.898583905883730327e-02
6.824391221214935743e-02
6.750538272268107043e-02
6.677985622939647259e-02
6.606349392059406023e-02
6.553680511491899452e-02
6.522049839693201678e-02
6.486267854132928001e-02
6.446502222557352890e-02
6.402907732848039934e-02
6.355627637382717243e-02
6.304812850564013582e-02
6.252757983159965005e-02
6.197337418165640988e-02
6.138661660811520898e-02
6.076837252813950541e-02
6.011968139488411966e-02
5.944156936751576747e-02
5.873506082835602826e-02
5.800118864170635685e-02
5.724100309621726890e-02
5.645557950375793693e-02
5.565981084762708364e-02
5.484411091296263752e-02
5.400587209586225901e-02
5.314630692563659248e-02
5.226667273427296201e-02
5.136827214079479897e-02
5.056181015764970449e-02
5.018574992208375135e-02
4.981232360795876529e-02
4.944129806951322315e-02
4.907245919674520923e-02
4.870561082189210633e-02
4.834057368691226791e-02
4.797718447131161384e-02
4.761529487881916572e-02
4.725477078104606959e-02
4.689549141695791706e-02
4.653734864352448292e-02
4.636152107692410179e-02
4.624432652329230065e-02
4.607278916754704162e-02
4.583168634882502784e-02
4.551775013965815575e-02
4.513297601509102391e-02
4.469576151364620248e-02
4.420057339198178031e-02
4.364155188664857465e-02
4.302177466189987393e-02
4.265261130709271237e-02
4.233146593095838545e-02
4.274953649697778996e-02
4.321794942072739593e-02
4.356690978070703463e-02
4.378208400330593081e-02
4.386371330184300754e-02
4.384176974147604294e-02
4.369303337460926639e-02
4.341802953835256773e-02
4.303945169822474132e-02
4.255597074961801896e-02
4.196146530375399059e-02
4.127594350279420454e-02
4.050712398862152397e-02
3.964837326165357445e-02
3.871780874347740403e-02
3.772710514756637962e-02
3.667110126643593343e-02
3.645574178292195627e-02
3.657395446218655866e-02
3.663961033002160333e-02
3.692016764076111457e-02
3.716783302821282525e-02
3.739194905533329422e-02
3.758360192377714626e-02
3.774256553650243151e-02
3.786908690555296914e-02
3.796352682016297664e-02
3.802635446631467964e-02
3.805814175431949942e-02
3.805955739642702396e-02
3.803136077050033731e-02
3.797439560816364551e-02
3.788958354324626493e-02
3.777791755867045131e-02
3.764045536411598364e-02
3.748218515758907493e-02
3.730563125998039714e-02
3.710648143179907932e-02
3.688596999477769534e-02
3.664536487720160968e-02
3.638596123290600143e-02
3.610907519425448492e-02
3.581603778413929712e-02
3.550818900689091395e-02
3.518687213845294454e-02
3.485342823495046066e-02
3.450919087361233040e-02
3.415548114195199325e-02
3.379360288655201133e-02
3.342483823128384463e-02
3.305044337518712322e-02
3.267164467445624054e-02
3.228963501529146657e-02
3.190672343399407473e-02
3.152520646171230734e-02
3.114348423758381279e-02
3.076259477144948837e-02
3.038352965932548250e-02
3.000723213613767926e-02
2.963459541395081775e-02
2.926646129618772074e-02
2.890361906296069067e-02
2.854680461988023596e-02
2.819669990038664933e-02
2.785393251301552728e-02
2.751907562318839026e-02
2.719264805968109322e-02
2.687511463370884437e-02
2.656688665877206604e-02
2.626832266139030730e-02
2.597972926829772086e-02
2.570136225926256124e-02
2.543342777306245930e-02
2.517608365298355452e-02
2.492944092173244447e-02
2.469356537091385237e-02
2.446847925502932883e-02
2.425416307713183436e-02
2.405055745414953414e-02
2.385756505055654925e-02
2.367505257068512614e-02
2.350285279618668371e-02
2.334076666088646251e-02
2.318856535184629641e-02
2.304599242613161389e-02
2.291276593659682947e-02
2.278858055571994501e-02
2.267310969053834904e-02
2.256600758033803014e-02
