4.162795185334113857e-01
4.171119121824702347e-01
4.244276162255438134e-01
4.214537230735830864e-01
4.192223228156126136e-01
4.221788905236709688e-01
4.274106384555068638e-01
4.288180145263019161e-01
4.415621027500879481e-01
4.763968734755911205e-01
5.991141266300958890e-01
7.372429503444247745e-01
6.742723937998872374e-01
9.789570203977693286e-01
9.543869759228986727e-01
9.091593568851301654e-01
8.968210978759377783e-01
1.004900472888896612e+00
8.767170291865620246e-01
1.054096076163039797e+00
1.169246462610232351e+00
1.185546930122165721e+00
1.643018137687682678e+00
1.374434147274098850e+00
1.430141161818348827e+00
1.474117450614654601e+00
2.182360161744315352e+00
2.211077855349125265e+00
1.679344383901891780e+00
1.763253447199847335e+00
1.825689094581160798e+00
1.828936283983804367e+00
2.004973717124875598e+00
2.096244041223014776e+00
1.760848915875922405e+00
2.225872527828668179e+00
2.456519321937630895e+00
1.965452551492748778e+00
1.259575416562157546e+00
9.024757945369112910e-01
7.048892907378481176e-01
7.233690863452971742e-01
7.854099021764423538e-01
7.664351291022868384e-01
8.966738127612753351e-01
9.497501443475311333e-01
9.062533762766767920e-01
9.621210697847552007e-01
9.889748134562642568e-01
1.008241765829030800e+00
1.150102728474325708e+00
1.275463806982799042e+00
1.277107229187076642e+00
1.228494730841667604e+00
1.292553089288946078e+00
1.303101748934251569e+00
1.221994508544093749e+00
1.136814207914122354e+00
1.169299258203361669e+00
1.306507575538150112e+00
1.441942805864420141e+00
1.476255635417544898e+00
1.360733083958201028e+00
1.365816175709070102e+00
1.349776513432419778e+00
1.431140302044348056e+00
1.626974965575832988e+00
1.924728500514006235e+00
2.178844931465544033e+00
2.392326425606114526e+00
2.551437127740365796e+00
2.631320275055386126e+00
2.566267335659139892e+00
2.351750302558644812e+00
2.124787067069856761e+00
2.069535379128014441e+00
2.075650487017182577e+00
2.067898220871833725e+00
2.050404869403692487e+00
2.027550124106986651e+00
2.001684343088404372e+00
1.972153463349706870e+00
1.940867186353607776e+00
1.910768511442784146e+00
1.885907540077368383e+00
1.872212014660351809e+00
1.874508585439605080e+00
1.897498238765809031e+00
1.942329397674288360e+00
1.999975666268033470e+00
2.063092728592776481e+00
2.125524774529599981e+00
2.208308087261631414e+00
2.369217755036348905e+00
2.493732815913078049e+00
2.576517990470633013e+00
2.613429872004745302e+00
2.649695481031602462e+00
2.647590938153222329e+00
2.604784271447128763e+00
2.522013137559376172e+00
2.404671896880248738e+00
2.258036673683629036e+00
2.116934382449760399e+00
1.961112015401174302e+00
1.796878275585426010e+00
1.631012057224492606e+00
1.471146036738385288e+00
1.335252531686323962e+00
1.207157660531021692e+00
1.089650584075047002e+00
9.851706196295755280e-01
8.949811978600913376e-01
8.200360796035754962e-01
7.592210261538869798e-01
7.118083432419702872e-01
6.740538323212090788e-01
6.459656803450100071e-01
6.244875762220932769e-01
6.077707459731055417e-01
5.943232509094290572e-01
5.830245409582158755e-01
5.730916751030823431e-01
5.640167645580513867e-01
5.558252798557292707e-01
5.481005807149910147e-01
5.406647421810460985e-01
5.334093909104460352e-01
5.317775692291785150e-01
5.443408557169269191e-01
5.506061058173776779e-01
5.513298812842890584e-01
5.482247246533576979e-01
5.430119026107679270e-01
5.362329872171893719e-01
5.254526468215230395e-01
5.213725141195706403e-01
5.243731654822405552e-01
5.167239014471775027e-01
5.051591769181450475e-01
5.160152033047141762e-01
5.168922602220866747e-01
5.082777141940836296e-01
4.921141602361045475e-01
4.754275948675260044e-01
4.651271660703913402e-01
4.485203208597418612e-01
4.323712300652644558e-01
4.225175793966213789e-01
4.120551376797732535e-01
4.018874762270880363e-01
3.917008563721833814e-01
3.808162493852944031e-01
3.678850256791726392e-01
3.547557093023452346e-01
3.550922265098068187e-01
3.533248567199676615e-01
3.487827499155400357e-01
3.412067714680545594e-01
3.302989676655220808e-01
3.167296198236095872e-01
3.023122384497115012e-01
2.895807405510155697e-01
2.748461512231956672e-01
2.589843966221458404e-01
2.429414264580188332e-01
2.278985318690930073e-01
2.210249304659971659e-01
2.197391561063472554e-01
2.180338890951243891e-01
2.160400294968395085e-01
2.136101183549896643e-01
2.108069542547645892e-01
2.078036926544557239e-01
2.044432320278945225e-01
2.034183492023604600e-01
2.056962302042672219e-01
2.065041245598021047e-01
2.054892840910567398e-01
2.025182568508648584e-01
1.976252073203037807e-01
1.909972127315512913e-01
1.829467448916373418e-01
1.738783226422200290e-01
1.642764644634245597e-01
1.554126025745092288e-01
1.510723512480696418e-01
1.511735397543751136e-01
1.510917162263525348e-01
1.515598820940392277e-01
1.524262453685258367e-01
1.533600337538212344e-01
1.547715500180361914e-01
1.569217624917102760e-01
1.599473757080116521e-01
1.637183369766495311e-01
1.679752901999371217e-01
1.723472450772722542e-01
1.764327809089568655e-01
1.798765832343280635e-01
1.824980008596429615e-01
1.842997846868903444e-01
1.863600315891976167e-01
1.894151116181380656e-01
1.912609603479225040e-01
1.918020925401527355e-01
1.907627338915186821e-01
1.878031730813922440e-01
1.828232207870726933e-01
1.798620571912107335e-01
1.782917931405477718e-01
1.753127736352526611e-01
1.711379453309459786e-01
1.660247200052357153e-01
1.601039331716407055e-01
1.535697331879490313e-01
1.497061896934825109e-01
1.455307860826794142e-01
1.410485811118907529e-01
1.363643973562753964e-01
1.315785097798242709e-01
1.267369124184388463e-01
1.220109455734262049e-01
1.174161323121580697e-01
1.130490178223365200e-01
1.090181905051159361e-01
1.053437759586537958e-01
1.020729031310758650e-01
9.923544980085965972e-02
9.684485276559447187e-02
9.489933081681899141e-02
9.338342489804227209e-02
9.226977068961825235e-02
9.152467103036543428e-02
9.109866046932657557e-02
9.093528484359754416e-02
9.098307872585863210e-02
9.119071905051429061e-02
9.149602924303276708e-02
9.184227707061094759e-02
9.217522866950185467e-02
9.245350774831063989e-02
9.266448061787571633e-02
9.273042899461879374e-02
9.264233987101419543e-02
9.238451447424531060e-02
9.190075932305398487e-02
9.123770531702565800e-02
9.031580080364727536e-02
8.919440485699070553e-02
8.781613754163072882e-02
8.632094736692132175e-02
8.583672047223299406e-02
8.516269424845976377e-02
8.432113347793407376e-02
8.333512097718380474e-02
8.223984173358066252e-02
8.124907383755157475e-02
8.026651290051779741e-02
7.920452340826998616e-02
7.805579311742502635e-02
7.681298465442554235e-02
7.548644896698127049e-02
7.485818739245618525e-02
7.453019195394511298e-02
7.404934343482225123e-02
7.341926790637741396e-02
7.356875531909803922e-02
7.415870966322032909e-02
7.461825634613053482e-02
7.493919970034675082e-02
7.512445934020499372e-02
7.519019155133203902e-02
7.516083274791451885e-02
7.500934791307409255e-02
7.474180078675572714e-02
7.436479384525504499e-02
7.391740030514934445e-02
7.338232430337103540e-02
7.275807748402671193e-02
7.205221973170028438e-02
7.127235399314256481e-02
7.045701751170886651e-02
6.958419961542611221e-02
6.865784237457339678e-02
6.768500683673264740e-02
6.667249754380975835e-02
6.562807549179822120e-02
6.458044944225607709e-02
6.350991618998584609e-02
6.242197821937543051e-02
6.132176025714260181e-02
6.021400084913908213e-02
5.910304893983146096e-02
5.799286493050578861e-02
5.688702569469834824e-02
5.579769842691675863e-02
5.472277812971251820e-02
5.365954503244450141e-02
5.261022607939107310e-02
5.157673115513931872e-02
5.056067144689845722e-02
4.956337878357747889e-02
4.858592562038663992e-02
4.762914537590925979e-02
4.669365285926861675e-02
4.577986455177089631e-02
4.488801854204143432e-02
4.401819393652378620e-02
4.317032960146011122e-02
4.234424210769419800e-02
4.153964278345848721e-02
4.075615379673065003e-02
3.999332320811773561e-02
3.935073562569761652e-02
3.903104742231152530e-02
3.871558938385673276e-02
3.840462033977706108e-02
3.809835518968001516e-02
3.779696783887244449e-02
3.750059409488925438e-02
3.720933451170337081e-02
3.692325716777486444e-02
3.664240036857543265e-02
3.636677526347713296e-02
3.609636836902500867e-02
3.583114399412933027e-02
3.557104655990595693e-02
3.531600281241643879e-02
3.506592392389576429e-02
3.482070748240632257e-02
3.458023936768537393e-02
3.434439551449160188e-02
3.411304356238732682e-02
3.388604439586508782e-02
3.366325357345997110e-02
3.344452265096449495e-02
3.322970040040957446e-02
3.301863392768137478e-02
3.281116969233292130e-02
3.260715443397291941e-02
3.240643600780857697e-02
3.220886413445852442e-02
3.201429106763220567e-02
3.182257218389762665e-02
3.163356649816907729e-02
3.144713711133208939e-02
3.126315159049020131e-02
3.108148228956309628e-02
3.090200661261265080e-02
3.072460722306547334e-02
3.054917220626466104e-02
3.037559518310571291e-02
3.020377538622718086e-02
3.003361769406755200e-02
2.986503263355374388e-02
2.969793634953442688e-02
2.953225054625215756e-02
2.936790240413501146e-02
2.920592004513568318e-02
2.904521765130067476e-02
2.888564926561219479e-02
2.872716254330489119e-02
2.856970989120712762e-02
2.841324829298768825e-02
2.825773912471180732e-02
2.810314796228563505e-02
2.794944438457012958e-02
2.779660177114269201e-02
2.764459709832784925e-02
2.749341073230861590e-02
2.734302622457625634e-02
2.719343010531473023e-02
2.704461168031117510e-02
2.689656283064323361e-02
2.674927781470399710e-02
2.660275307594121841e-02
2.645698705378219870e-02
2.631198000096622580e-02
2.616773380609115768e-02
2.602425182263559678e-02
2.588153870412541330e-02
2.573960024604724298e-02
2.559844323478654635e-02
2.545807530344087327e-02
2.531850479505180773e-02
2.517974063266345541e-02
2.504179219687975577e-02
2.490466921053465996e-02
2.476838163045090233e-02
2.463293954640441430e-02
2.449835308700192352e-02
2.436463233223942759e-02
2.423178723310261476e-02
2.409982753727148846e-02
2.396876272135551114e-02
2.383860192952808391e-02
2.370935391763888053e-02
2.358102700320514888e-02
2.345362902130760166e-02
