7.637116440075756296e-01
7.681980962777654742e-01
7.775832899008294774e-01
7.770196838509118020e-01
7.952586129871412890e-01
8.205262809408802038e-01
8.424024839241720519e-01
8.783498576689034998e-01
8.479794186473863515e-01
8.837748768998993087e-01
1.424084766890682197e+00
1.612376877332691194e+00
1.769359723287426078e+00
1.405576374950075147e+00
1.389780915774132986e+00
1.615270077577473096e+00
1.717525298669456912e+00
1.431895656569997843e+00
1.314076684945444606e+00
1.754508002165253489e+00
2.083003426759588717e+00
1.802068108944791414e+00
1.872719077157755763e+00
2.708367426686595802e+00
3.395805486181403765e+00
2.450605020657724786e+00
3.026458712489603187e+00
3.300033154730007023e+00
4.009009320364020468e+00
3.407344880012493693e+00
3.286450185074659025e+00
4.166696221733204197e+00
5.059575934774430017e+00
5.250027824553090916e+00
4.666952937869758067e+00
4.424276666223460275e+00
4.240930223702400248e+00
3.977192928063247646e+00
3.952103805839182638e+00
5.022856312549874858e+00
5.116950610317001491e+00
4.595353088237049022e+00
4.302237347204340701e+00
4.477218443686609817e+00
4.510352582842298119e+00
4.366940840152672365e+00
5.090312789252843473e+00
4.921378625075340629e+00
4.119123238318711522e+00
3.044781106221101208e+00
2.407459820257359162e+00
2.056956029190081470e+00
1.718338962958358751e+00
1.477174621728223336e+00
1.254825222214726921e+00
1.135513164050049983e+00
1.050098131832741810e+00
9.779456595912578987e-01
9.225289174328729080e-01
8.828775078812687305e-01
8.455547202405625518e-01
8.342322971729940750e-01
7.972130775130911173e-01
7.278387594803781280e-01
6.988145854681955260e-01
6.748470387228150402e-01
6.414869592446894586e-01
6.020666732929897957e-01
5.593006003993181707e-01
5.131931937266628330e-01
5.077159268870045095e-01
5.310378728773276213e-01
5.631981730017467935e-01
5.719273386385033131e-01
5.420420836271114817e-01
5.356943865413913430e-01
4.779177810861849340e-01
4.744167252800124968e-01
4.637140867851100579e-01
4.424748277499633842e-01
4.167773127734337169e-01
3.871540051625391721e-01
3.560272815524492263e-01
3.257225680309409621e-01
2.973261474818259531e-01
2.871035639618366164e-01
2.768733018834692583e-01
2.683278892798826032e-01
2.648501838435206035e-01
2.690266718237792065e-01
2.721885971871603749e-01
2.737916787827937570e-01
2.739979852008156413e-01
2.723114634235322407e-01
2.681732199997239885e-01
2.617231203834586295e-01
2.538223667815965867e-01
2.438192898031117661e-01
2.320897270001754942e-01
2.195721854131921225e-01
2.063179154258866499e-01
1.926055255204693617e-01
1.916784540703829476e-01
1.953191408890812553e-01
1.958562834960534127e-01
1.936260225659543199e-01
1.893455524087535868e-01
1.836831763508982585e-01
1.768513270335067833e-01
1.694433183526262154e-01
1.619906951673956708e-01
1.549308016536998789e-01
1.485877056989087786e-01
1.431654461496848774e-01
1.387517647765007800e-01
1.353300258638354681e-01
1.327968658372382926e-01
1.309831913070484688e-01
1.296763902153277581e-01
1.286419744911512508e-01
1.276432788484076764e-01
1.264582546766549187e-01
1.248927872394568900e-01
1.227903062569298681e-01
1.201630808648818244e-01
1.228651399701180674e-01
1.253536838437565859e-01
1.263557736657454633e-01
1.261427832473681621e-01
1.242015395937378641e-01
1.205549744936646600e-01
1.155250162488336285e-01
1.092883657762989680e-01
1.110743317114322448e-01
1.122247185221346283e-01
1.126757373915317634e-01
1.123984851841403065e-01
1.113862024523880057e-01
1.104067310790071976e-01
1.144234999304258038e-01
1.153471983141568236e-01
1.136175894287554666e-01
1.100028112420116944e-01
1.049066601774601565e-01
9.913405646730531762e-02
9.344143045669472958e-02
8.845031690377412603e-02
8.458869052806668176e-02
8.206312088071344990e-02
8.086062385361038329e-02
8.077577109148428858e-02
8.145641759896912748e-02
8.246036488980031109e-02
8.341202419303238302e-02
8.383377995540641781e-02
8.331931419421312324e-02
8.159040790287960809e-02
7.876707040222184764e-02
7.879901921924056807e-02
8.118134779100102949e-02
8.426451100203469213e-02
8.671485580010863947e-02
8.852881185150938970e-02
8.945367524482131238e-02
8.961849023839019157e-02
8.884280674615685491e-02
8.732603779643324793e-02
8.493904213268009540e-02
8.187545866998244271e-02
7.811673446375820562e-02
7.382349860289627586e-02
7.089507750064710789e-02
6.984740817216997244e-02
6.900151391887399122e-02
6.904904389313668012e-02
6.862626158288277767e-02
6.775843045481048932e-02
6.856250051884811569e-02
6.901798746771597992e-02
6.887155344979546678e-02
6.813825385792349199e-02
6.687775322745462270e-02
6.515950163373623871e-02
6.305987955767555775e-02
6.134615685610048108e-02
6.155735606686984357e-02
6.113762606521195436e-02
6.018979621983276684e-02
5.883055613208229562e-02
5.718363727963388099e-02
5.674988902648378519e-02
5.699029121595969999e-02
5.713434961797134864e-02
5.713731485129827647e-02
5.699770465496122734e-02
5.672094753375747644e-02
5.631315942958308590e-02
5.578103491621996118e-02
5.513174374407570771e-02
5.437283319678805349e-02
5.351213659520469290e-02
5.255768817705704088e-02
5.151764447739921177e-02
5.103130796672523950e-02
5.250438286375570807e-02
5.402077217311420515e-02
5.551443560014778650e-02
5.692179148950519962e-02
5.822222867691472653e-02
5.934472576881441586e-02
6.022955004139268764e-02
6.083752254025039802e-02
6.113810988438868332e-02
6.110975498666364886e-02
6.073991643900729376e-02
6.005526117826316679e-02
5.908239192172817789e-02
5.777797353611170000e-02
5.615995762974056171e-02
5.656205641327850114e-02
5.678348590305354326e-02
5.649500121122646296e-02
5.570481384892461002e-02
5.439597425910849132e-02
5.272207640847396959e-02
5.187063214725808752e-02
5.096893197044664869e-02
4.992300873842066278e-02
4.879031018598484204e-02
4.753687071951427645e-02
4.617241834330541861e-02
4.483418969300140972e-02
4.499503622177207507e-02
4.506982309975545581e-02
4.508751581912309042e-02
4.503063547784617870e-02
4.489603801456878984e-02
4.468730500139057177e-02
4.440829539389430647e-02
4.406309427573394666e-02
4.365596425663214458e-02
4.319129970080809455e-02
4.267358391857133115e-02
4.210734940759614658e-02
4.149714119276074614e-02
4.084748327813150781e-02
4.016539700012524555e-02
3.947162957345483336e-02
3.875013871530270937e-02
3.800509828582025740e-02
3.724054627573129134e-02
3.646036800904896985e-02
3.566828190582605612e-02
3.486782767183959492e-02
3.406235677597801992e-02
3.325502507155667087e-02
3.244878741451615034e-02
3.164639412986087336e-02
3.086848797485902338e-02
3.060493772179139274e-02
3.031296379578082845e-02
2.999559337894618788e-02
2.965577900386386426e-02
2.929638527532445191e-02
2.892017731516955542e-02
2.854081999074508172e-02
2.815139111335784872e-02
2.775190998855099622e-02
2.734468346910920791e-02
2.721620274594967540e-02
2.712141065590240041e-02
2.692909770155809540e-02
2.665535632656987688e-02
2.663958732269438093e-02
2.670883365438669887e-02
2.670488062138446847e-02
2.662704143656565575e-02
2.647963159761295218e-02
2.626730573981492928e-02
2.600332020250957846e-02
2.569577245151496991e-02
2.533733179794443388e-02
2.493293571318237756e-02
2.456370358581100657e-02
2.428845604387462956e-02
2.399949312093261830e-02
2.369584830019505831e-02
2.337975721219186578e-02
2.305323833560950567e-02
2.271809131499773204e-02
2.237589846272680649e-02
2.213098098372641431e-02
2.213614093015198875e-02
2.212480204089067523e-02
2.210676002690013450e-02
2.207543849177314929e-02
2.203112336350866035e-02
2.197478235041173261e-02
2.190724560499101095e-02
2.182920720845331342e-02
2.174122865486040335e-02
2.164374409321193765e-02
2.153706708939824924e-02
2.142139867309234003e-02
2.129683644355873789e-02
2.116338451802856485e-02
2.102096411506913440e-02
2.086977167279494005e-02
2.071690418130370248e-02
2.055434838739138639e-02
2.038180725951111230e-02
2.019895552721426638e-02
2.000545051066928912e-02
1.991598794410413473e-02
2.001988187719037221e-02
2.011916831724019569e-02
2.021340689582809547e-02
2.030211986566457516e-02
2.038479847120801616e-02
2.046090930961223450e-02
2.052990062398859020e-02
2.059120847667129245e-02
2.064426275518516443e-02
2.068849297187364336e-02
2.072891898031618135e-02
2.076011188562165016e-02
2.078090329352826754e-02
2.079076562551007701e-02
2.078919488389872200e-02
2.077571467551571002e-02
2.074987987662382447e-02
2.071127993135287934e-02
2.065954178160677931e-02
2.059433242745871070e-02
2.051536112180563781e-02
2.042238120292047890e-02
2.031519157376730431e-02
2.019363783772933421e-02
2.005761310077356502e-02
1.990705845383614753e-02
1.974196315015506326e-02
1.956613236751572268e-02
1.937901534794011019e-02
1.917748894036077137e-02
1.896171867620042445e-02
1.873191544309663059e-02
1.848833422300166091e-02
1.823127264302151426e-02
1.796106935214136779e-02
1.767810224569820940e-02
1.738278655228673100e-02
1.707557280248513457e-02
1.675694469466844361e-02
1.642741687503491976e-02
1.629734962955017852e-02
1.625611833987070098e-02
1.623058301359197111e-02
1.619448839228928780e-02
1.614659260474324287e-02
1.608693401033486556e-02
1.604754714477093364e-02
1.608278055945528209e-02
1.611709696863957222e-02
1.615041798197323908e-02
1.618266870044657649e-02
1.621377767548771998e-02
1.624367686450665579e-02
1.627230158391866285e-02
1.629959045862325318e-02
1.632548536950617635e-02
1.634993139891735905e-02
1.637287677351792134e-02
1.639427280578119664e-02
1.641407383389588415e-02
1.643223715981144070e-02
1.644872298662267834e-02
1.646349435450586776e-02
1.647651707607349081e-02
1.648775967025150474e-02
1.652783004712177900e-02
1.660402332685095156e-02
1.667251694438563747e-02
1.673325563660397683e-02
1.678619659623427351e-02
1.683130922227174184e-02
1.686857485112158370e-02
1.689798647233294385e-02
1.691954842941449655e-02
1.693327610711212183e-02
1.693919560751414727e-02
1.693734341554435988e-02
1.692776605513265920e-02
1.691051973822438326e-02
1.688567000689829289e-02
1.685329137012153006e-02
1.681346693657404315e-02
1.676628804423709387e-02
1.671185388756023238e-02
1.665027114409383530e-02
1.658165360032752902e-02
