5.727284996732843192e-01
5.748005852521024250e-01
5.837547874113535595e-01
5.799487525013889977e-01
5.848012735557247543e-01
5.913980624137386011e-01
5.973377483933095533e-01
6.089002804530840862e-01
6.265804850299855344e-01
6.873725422258945006e-01
9.105078300794675616e-01
8.589742356351071084e-01
9.836059394834465452e-01
8.386188645252153906e-01
7.841280073011647200e-01
1.055878995249560637e+00
1.249596598953474746e+00
1.254528099224241799e+00
1.174183161097757333e+00
1.484900423911869494e+00
1.466847169403727502e+00
1.961607317299782771e+00
1.835381996118048420e+00
1.471100597226681073e+00
1.420532065133520705e+00
1.584453127208914625e+00
1.764285809412444062e+00
1.764387657041789792e+00
1.515582643716537614e+00
2.146645933498549930e+00
1.826963307648453938e+00
1.280125589809581577e+00
1.029606478267310887e+00
9.809749352380603415e-01
1.307438534572189059e+00
1.270694621379892641e+00
1.183229004538002060e+00
1.327835163499463844e+00
1.210193197622448258e+00
1.156564267432856674e+00
1.542883018505570636e+00
1.716760119888913971e+00
1.756662257942125160e+00
1.592317809474586232e+00
1.582384587449611635e+00
1.598277978530097787e+00
1.865731927478395002e+00
1.889121941431776808e+00
1.898914737785420082e+00
2.058572819015627164e+00
2.220649929414126422e+00
2.118056334305874255e+00
2.224731086853979356e+00
2.400663000001320047e+00
2.399097482661695757e+00
2.726893250561512883e+00
2.736076711181014698e+00
2.701868162263783013e+00
3.428317079835052184e+00
3.675094579336128930e+00
3.656130237995872001e+00
3.083802590600433824e+00
2.936626522043725096e+00
3.103375946620265502e+00
3.093566657330099723e+00
2.911706407537460795e+00
2.675958798282070727e+00
2.523905867274339965e+00
2.510262373639675637e+00
2.615862959562304191e+00
2.758596771889849641e+00
2.815422616900416841e+00
2.680688199660679061e+00
2.361753989896056893e+00
2.049337074961569360e+00
1.995582914825737131e+00
2.268607354036066948e+00
2.682639038371356310e+00
3.017686944122312642e+00
3.239098560119981762e+00
3.250346010454915113e+00
3.101266579759585973e+00
2.898198574420418616e+00
2.734252683343085799e+00
2.590344273512266149e+00
2.464111873903045424e+00
2.300036048351786988e+00
2.138979139030721122e+00
1.961535157219732151e+00
1.765427369748822084e+00
1.575052782627026415e+00
1.434267699086241077e+00
1.324479126072549917e+00
1.238734575618267719e+00
1.167812311157998773e+00
1.105325578359687144e+00
1.064844740450869631e+00
1.008685299371062438e+00
9.323352788908095823e-01
8.703297178426735448e-01
8.051794558042422167e-01
7.270852252015638228e-01
6.660700142541212676e-01
6.449381407871705996e-01
6.640300220456962776e-01
7.025270052910529417e-01
7.328654003081539470e-01
7.361835808769937595e-01
7.043095121024146588e-01
6.413205733871416570e-01
6.116416492877335687e-01
6.273068568728157324e-01
6.256254077999624519e-01
6.078986802503799636e-01
5.767771646679603625e-01
5.360767936556686264e-01
4.896053827458309859e-01
4.896224100883202479e-01
5.119891446885627140e-01
5.190978914316266568e-01
5.120317305233480498e-01
4.940892224794248833e-01
4.697007717879562172e-01
4.425736268349448332e-01
4.340585119723143759e-01
4.268139467692927402e-01
4.187839901245907770e-01
4.104009663314147072e-01
4.005201963317039371e-01
3.880800646824931199e-01
3.725990165131271570e-01
3.532654743983676404e-01
3.312965912022866055e-01
3.073896941304771202e-01
2.836812034278078376e-01
2.624493347602389060e-01
2.496253241956696844e-01
2.470303600668930788e-01
2.459638664906592109e-01
2.450148132578789661e-01
2.417115808566843160e-01
2.448267412245885288e-01
2.528942925640013106e-01
2.594154092035681480e-01
2.628430633495982272e-01
2.625826934375040111e-01
2.583170303868895235e-01
2.503669752502119539e-01
2.393708815824882874e-01
2.261780024065247752e-01
2.122524560097140967e-01
1.985686186644292917e-01
1.862730672549273991e-01
1.763887586301573496e-01
1.695151027568719826e-01
1.661322229683157570e-01
1.671356129463054119e-01
1.696263752148745863e-01
1.726323326257476476e-01
1.754678892459343442e-01
1.806492704582210451e-01
1.855224897627952563e-01
1.895411420660808588e-01
1.923127603794134444e-01
1.937123682792999679e-01
1.937327216807526176e-01
1.922915606065006833e-01
1.896124464833361667e-01
1.860825951590342198e-01
1.817994894953963159e-01
1.770784898547486663e-01
1.722214031455155114e-01
1.675526067999798530e-01
1.632268951699268611e-01
1.593659056864792645e-01
1.560577922578388066e-01
1.533273116121736113e-01
1.511427856172014028e-01
1.494263635462411977e-01
1.480662235852479025e-01
1.469294590274170809e-01
1.458745783591156031e-01
1.447627778122851094e-01
1.434676565873636844e-01
1.419925768513352893e-01
1.401507161133683232e-01
1.378828249423298957e-01
1.351571982892590951e-01
1.320063215078332297e-01
1.284947781596446070e-01
1.245701279790773497e-01
1.202866704635277423e-01
1.157114487558119631e-01
1.109578830362636520e-01
1.079070511060617049e-01
1.069034742222081114e-01
1.057618283020442668e-01
1.044778141303701058e-01
1.030588639204091800e-01
1.015289043437847122e-01
9.991230162240898049e-02
9.823317761057065445e-02
9.651482916229281450e-02
9.477925147086173341e-02
9.304676272832031192e-02
9.133572483284471688e-02
8.966235290316688922e-02
8.804060498627658271e-02
8.648214249394974018e-02
8.560232327301466049e-02
8.501308462834877844e-02
8.437466568556326041e-02
8.370792611327958210e-02
8.305670945729969057e-02
8.241314710582847702e-02
8.178584382127200569e-02
8.118554765984471733e-02
8.062035388780615375e-02
8.009583183550758601e-02
7.961520633547836123e-02
7.917957992158614067e-02
7.878818295249623294e-02
7.843864007394441007e-02
7.812724283291998251e-02
7.784921974578185022e-02
7.759899662532900033e-02
7.737044143894410142e-02
7.715708935716239503e-02
7.695234493449212843e-02
7.674965951335109560e-02
7.654268295037264247e-02
7.633345025752623358e-02
7.612342734305441172e-02
7.589293508463386406e-02
7.563735985012932928e-02
7.535266871713257320e-02
7.503542970649600130e-02
7.468281617102821845e-02
7.429259765294422835e-02
7.386311949202020721e-02
7.339327338727193173e-02
7.288246098047085342e-02
7.233055237411349647e-02
7.173784130614757615e-02
7.111092272499734690e-02
7.046496470385520128e-02
6.978050213708784921e-02
6.905899318236599638e-02
6.830209913654394782e-02
6.751164454836609818e-02
6.668958046156248098e-02
6.583795106578421708e-02
6.495886391208009758e-02
6.405446373367955359e-02
6.312690982756392899e-02
6.217835686818626306e-02
6.122613029932039153e-02
6.073877499093482957e-02
6.024688897236521457e-02
5.974959387450635984e-02
5.924736234783258004e-02
5.874063657107627540e-02
5.822982866821600073e-02
5.771532172401717953e-02
5.719747129161444760e-02
5.667660728637050754e-02
5.615303617349034354e-02
5.562704336318293613e-02
5.509889573525793977e-02
5.456884422561026488e-02
5.403712641310747661e-02
5.350396905709235013e-02
5.296959053779348725e-02
5.243420316730766639e-02
5.189801533829175445e-02
5.136123348865958421e-02
5.082406386480711052e-02
5.028671407198958415e-02
4.974939440443851280e-02
4.921231895302076442e-02
4.867570649169666169e-02
4.813978114720240953e-02
4.760477285966597388e-02
4.707091764329913303e-02
4.653845765938959683e-02
4.600764111450540705e-02
4.547872199801650944e-02
4.541125644347181883e-02
4.542299138290560589e-02
4.540242598973345811e-02
4.535018005034394811e-02
4.527189750274862590e-02
4.517149764427602632e-02
4.504156285007008403e-02
4.488300131780655067e-02
4.469679046068544132e-02
4.448397139081902707e-02
4.424564319118260564e-02
4.398295701470604502e-02
4.369711004818106759e-02
4.338933938100730803e-02
4.306091581911814653e-02
4.271313768518768261e-02
4.234732464444036087e-02
4.196481159506391251e-02
4.156694266091265355e-02
4.115506532103580667e-02
4.073052470995088686e-02
4.030225664559557858e-02
3.986429762544448085e-02
3.941718120457445712e-02
3.896219329953250904e-02
3.850059401779973994e-02
3.803361342940021067e-02
3.756244765967933080e-02
3.708825530947065796e-02
3.661215421353995747e-02
3.613521853909806847e-02
3.565847622795692562e-02
3.518290677937518929e-02
3.470943937179282041e-02
3.423895131738555891e-02
3.377226684306693788e-02
3.331015618414151502e-02
3.285333498724374995e-02
3.240246400232264790e-02
3.195814905492819907e-02
3.152094128236489212e-02
3.109133761814875108e-02
3.066978150846787210e-02
3.025666384493604436e-02
2.985232409434920853e-02
2.945705161108555861e-02
2.907108711148029961e-02
2.869462429602694098e-02
2.832781160043830807e-02
2.805379255054130799e-02
2.781509124512299841e-02
2.757974820966396096e-02
2.734793879546950496e-02
2.711982471227097555e-02
2.689555415794336185e-02
2.667526198460352244e-02
2.645906989763112740e-02
2.624708668623906491e-02
2.603940848112983736e-02
2.583611903941724491e-02
2.563729005185313992e-02
2.544298147154812686e-02
2.525324186111399874e-02
2.506810875617223114e-02
2.488760904335075852e-02
2.471175934999310028e-02
2.454056644388442551e-02
2.437402764135097530e-02
2.421213122188803010e-02
2.405485684645398275e-02
2.390217597942456695e-02
2.375405231180205412e-02
2.361044218372141887e-02
2.347129500614440756e-02
2.333655367976721420e-02
2.320615500899782246e-02
2.308003011280451364e-02
2.298937529650471254e-02
2.291930510274485869e-02
2.285104835148292490e-02
2.278446256448676821e-02
2.271940936452144025e-02
2.265575454105639777e-02
2.259336810346233154e-02
2.253212432234492565e-02
2.247190175998541040e-02
2.241258329006136363e-02
2.235405610687183145e-02
2.229621172528561956e-02
2.223894597198448203e-02
2.218215896790835459e-02
2.212575510260743686e-02
2.206964300184509689e-02
2.201373548767576738e-02
2.195794953222738460e-02
2.190220620625348003e-02
2.184643062117166273e-02
2.179055186697187452e-02
2.173450294516516418e-02
2.167822069749126765e-02
2.162164573195483538e-02
2.156472234363843860e-02
2.150739843419984670e-02
2.144962542847244844e-02
2.139135818798221580e-02
2.133255492376281981e-02
2.127317710620616614e-02
2.121318937514719491e-02
2.115255944741769450e-02
2.109125802451111004e-02
2.102925869949352419e-02
2.096653786358626190e-02
2.090307461273152589e-02
