5.921528958857834590e-01
5.934332580599943618e-01
5.951584405477934325e-01
5.974891771821018160e-01
5.987742567692970752e-01
6.039755323691511357e-01
6.073238219438947816e-01
6.134117178947360305e-01
6.205816344503386484e-01
6.357376440450499544e-01
6.125821404567464157e-01
6.191805049020414620e-01
7.902358299848195600e-01
8.215251491989182808e-01
7.623433949023844525e-01
8.988430804279541331e-01
1.034276212721112254e+00
1.065981197233122346e+00
1.042455183853268741e+00
1.135177691385182319e+00
1.449936739734742241e+00
1.423993089203382745e+00
1.654190227996416684e+00
2.019688269529515079e+00
1.511077239596282151e+00
1.827370984259823583e+00
1.967548079137849237e+00
2.089287982437384006e+00
1.727203803960764450e+00
1.695400555363643980e+00
1.712606682964086025e+00
1.711213258312370700e+00
1.789124159035526906e+00
2.164565147870632700e+00
1.863565766890349362e+00
1.416604801908581956e+00
1.104605631435293001e+00
1.005502938673182856e+00
9.182865068308502243e-01
8.836743258767658649e-01
8.389304461400646229e-01
9.459071663760537652e-01
1.030368398410808517e+00
9.990957192126366238e-01
1.146874432476417960e+00
1.058887542883258481e+00
1.076101851948187527e+00
1.189155707580621835e+00
1.241629421199970107e+00
1.273951887419993767e+00
1.294201269425314216e+00
1.345092181067584214e+00
1.300720932038375688e+00
1.277119623206272925e+00
1.369792763021310700e+00
1.540234873731597398e+00
1.421492110835627543e+00
1.275472337742658668e+00
1.364841532440342009e+00
1.640411607856735898e+00
1.900638043724298010e+00
2.043067546289895287e+00
2.064296075168499556e+00
2.022018953029416810e+00
2.109809729439832360e+00
2.227751001973980127e+00
2.378445301584406035e+00
2.258267235321999689e+00
2.527284157885357985e+00
2.750460215413022880e+00
2.815294433278227704e+00
2.818030346061416669e+00
2.750833640936691804e+00
2.595181886856188669e+00
2.695460685770477038e+00
2.864941551562490307e+00
2.827431523906686284e+00
2.666494803918049161e+00
2.515574731763264626e+00
2.469704280167131838e+00
2.512522391859428605e+00
2.559839763732624451e+00
2.555537541982250360e+00
2.511339431291397695e+00
2.471910805847283399e+00
2.527700099154022162e+00
2.710017990240307206e+00
2.797779635805679010e+00
2.709856592191487223e+00
2.681263992934093121e+00
2.876855025005225386e+00
3.041765415175481824e+00
3.136114881372865870e+00
3.126084212954984398e+00
3.090679142784238831e+00
2.998574600853979089e+00
3.174116491068738721e+00
3.208866724957699201e+00
2.970259126761289892e+00
2.552944883042070678e+00
2.157502414533287283e+00
1.842579667925997144e+00
1.647585579251638288e+00
1.460945836763622108e+00
1.290066911965834118e+00
1.195544609458762286e+00
1.108395704440728435e+00
1.027732811511503197e+00
9.553311522580317794e-01
8.902169622579948483e-01
8.336932491580465454e-01
7.838275927358321349e-01
7.422338150345337837e-01
7.100096547702995364e-01
6.818049631860555460e-01
6.568021767763481122e-01
6.343578571538611710e-01
6.138394374174640511e-01
6.109347073858254484e-01
6.290001840096699492e-01
6.335837245693780595e-01
6.213663513232079438e-01
5.901324083420679267e-01
5.665614046238500734e-01
5.626095860744275701e-01
5.318000801159810109e-01
4.915670913980406120e-01
4.918891100831516705e-01
4.898991704406741587e-01
4.852783280765061158e-01
4.781349671001412505e-01
4.689324904348471379e-01
4.575281003486535436e-01
4.479303590580314687e-01
4.600091481722736186e-01
4.652673478473747792e-01
4.642660065648812062e-01
4.577514849116489093e-01
4.465755723945525890e-01
4.316272528209931236e-01
4.137739477889224582e-01
3.938185230455264474e-01
3.724727538563541995e-01
3.537626829329865163e-01
3.511677606650823180e-01
3.445189958962927568e-01
3.345769343438098065e-01
3.229843706167323525e-01
3.282794143230877149e-01
3.304226231168801431e-01
3.359627521460638033e-01
3.524958210875832609e-01
3.614504017139035796e-01
3.628945148301404022e-01
3.573219235816920136e-01
3.456635101892010509e-01
3.288244606933294900e-01
3.236522457744430148e-01
3.191786330133088434e-01
3.111114751665998712e-01
3.004551592859089348e-01
2.881989373615572170e-01
2.749058938348527548e-01
2.611340816085466754e-01
2.472413983345121413e-01
2.334079260577693327e-01
2.249603080861408144e-01
2.171374001142735710e-01
2.094836408887574830e-01
2.018013691477614502e-01
1.941360149949559466e-01
1.927548390495111008e-01
1.925176869848143346e-01
1.918481928333779230e-01
1.909007624372776879e-01
1.894427631328717276e-01
1.875704215281711329e-01
1.852661355067692639e-01
1.824730116736443253e-01
1.793725102896953361e-01
1.758091270191566580e-01
1.718970718321027602e-01
1.676038434277884182e-01
1.628671048132921406e-01
1.597375466404626909e-01
1.594185106732505519e-01
1.592336512942469084e-01
1.590924648741045000e-01
1.589274984746790464e-01
1.586743425657951567e-01
1.582631755597282142e-01
1.576216943368707879e-01
1.568176687596375130e-01
1.556543584713898920e-01
1.540655804477464585e-01
1.520478565376901237e-01
1.496256431487323069e-01
1.466483113100554847e-01
1.431405074698398061e-01
1.391781368602097724e-01
1.346372395293587154e-01
1.299226144036402242e-01
1.318684853234251275e-01
1.334681515548273578e-01
1.346417720724416844e-01
1.354259843671548891e-01
1.357678656711530096e-01
1.356308800459743169e-01
1.350388529723221542e-01
1.340039208341267107e-01
1.324890108037220793e-01
1.305112364818502291e-01
1.281253258414644935e-01
1.253422869985056920e-01
1.243569407706116847e-01
1.242260327642530221e-01
1.237685597394365539e-01
1.229577846960756560e-01
1.218035220190926970e-01
1.204282429904337814e-01
1.187436428527463700e-01
1.167593131531719647e-01
1.145193475927960974e-01
1.121016818497993228e-01
1.094458996072649182e-01
1.065774604977548085e-01
1.035489482172847753e-01
1.004122713711597947e-01
9.713570308574658030e-02
9.374636133585088904e-02
9.313057275210726016e-02
9.258742093519646554e-02
9.198534222083545875e-02
9.133209147167746511e-02
9.065943028378442570e-02
8.993405938584932147e-02
8.915858892184085061e-02
8.833570948899621689e-02
8.746817330209624708e-02
8.659234304923689451e-02
8.567881863913930085e-02
8.472772925981487957e-02
8.374189194826035798e-02
8.272411445886007630e-02
8.168387082359122864e-02
8.064071789860481621e-02
7.957246720238329851e-02
7.848178458745094788e-02
7.737128046261716741e-02
7.624350243752882339e-02
7.510092887475049162e-02
7.395943310843089424e-02
7.281706040819463377e-02
7.166554479472257710e-02
7.050706633707964910e-02
6.934371764613340983e-02
6.817750163793584450e-02
6.701032988849799088e-02
6.584402153684247583e-02
6.468030269166413770e-02
6.353426071625059568e-02
6.283595283784132457e-02
6.248099451044143715e-02
6.211893986229083398e-02
6.175018543900792634e-02
6.137512325947537539e-02
6.099414011941352298e-02
6.060793734442947861e-02
6.022511939586093488e-02
5.983727000562982096e-02
5.944474938192690489e-02
5.904791039796754293e-02
5.864709822719167687e-02
5.824265002697977950e-02
5.783489466934554901e-02
5.742415251402380877e-02
5.701073522281857597e-02
5.659494561032336890e-02
5.617707753023132994e-02
5.575741579386183505e-02
5.533623611804039388e-02
5.491380510105832446e-02
5.449038022372766632e-02
5.406620987373929321e-02
5.364153339111110697e-02
5.321658113332846524e-02
5.279157455769476620e-02
5.236672631991017707e-02
5.194224038681804351e-02
5.151831216200611352e-02
5.109512862293971031e-02
5.067286846823131768e-02
5.025170227362255049e-02
4.983179265580926776e-02
4.941329444328156767e-02
4.899635485225033171e-02
4.858111366767391831e-02
4.816770342824025497e-02
4.775624961423240861e-02
4.734687083776447508e-02
4.693967903473724584e-02
4.653477965800128374e-02
4.613227187041699096e-02
4.573224873859295381e-02
4.533479742544269803e-02
4.493999938195424732e-02
4.454793053774668693e-02
4.415866148952841963e-02
4.377225768771708658e-02
4.338877962068566491e-02
4.300828299600883281e-02
4.263081891942158141e-02
4.225643407020217290e-02
4.188517087348256340e-02
4.151706766938043774e-02
4.115215887803944095e-02
4.079047516165116433e-02
4.043204358227932976e-02
4.007688775605180997e-02
3.972502800350733582e-02
3.937648149597703512e-02
3.903126239790313118e-02
3.868938200559127183e-02
3.835084888119920377e-02
3.801566898388288734e-02
3.768384579600726064e-02
3.735538044587865397e-02
3.703027182666301931e-02
3.670851671101735270e-02
3.639010986272230019e-02
3.607504414338718463e-02
3.576331061659084737e-02
3.545489864781210115e-02
3.514979600056510750e-02
3.484863434842158658e-02
3.455114453085494919e-02
3.425686653967239398e-02
3.396578449880797296e-02
3.367788130628990989e-02
3.339313871230934622e-02
3.311153739328025897e-02
3.283305702372608242e-02
3.255767634473282629e-02
3.228537323000212067e-02
3.201612474850305812e-02
3.174990722549980021e-02
3.148669629989439556e-02
3.122646697983115852e-02
3.096919369537728950e-02
3.071485034922266308e-02
3.046341036486162682e-02
3.021484673259158468e-02
2.996913205345472231e-02
2.972623858106657538e-02
2.954545196872301188e-02
2.947179161514257642e-02
2.937117196269551159e-02
2.925915248692756085e-02
2.922541887286770820e-02
2.918330807033798352e-02
2.912729029110407153e-02
2.905793013263653288e-02
2.897579731086958460e-02
2.888146355007609883e-02
2.877549973699300087e-02
2.865847333466372063e-02
2.853094604800937226e-02
2.839347173145501460e-02
2.824659452946041635e-02
2.809172502145617159e-02
2.793302614173744092e-02
2.776633537777095304e-02
2.759214297755344450e-02
2.741092377250036946e-02
2.722313645180415853e-02
2.702922299379652282e-02
2.682960824324274671e-02
2.662469962481919805e-02
2.641488698067204904e-02
2.620054252077468060e-02
2.598202087875305447e-02
2.575965925936239340e-02
2.553603252453080438e-02
2.531081289538088600e-02
2.508252845335882941e-02
2.485145217061083753e-02
2.461784148204585257e-02
2.438193879062175787e-02
2.444345789077402228e-02
2.454786315676835487e-02
2.464447731116838763e-02
2.473344087524992005e-02
2.481489495437442377e-02
2.488898053019118761e-02
2.495583784027017096e-02
2.501560583374756730e-02
2.506842170388396546e-02
2.511442049047658484e-02
2.515373474856570993e-02
2.518649427824786249e-02
