6.646694171087222935e-01
6.641701560325582454e-01
6.684505999034591195e-01
6.735403755864014519e-01
6.750387476450886437e-01
6.801303692312568039e-01
6.916942948285521586e-01
7.030471791005723503e-01
7.291579195310609052e-01
7.818466212042248786e-01
8.424718586819255339e-01
9.311332230682827227e-01
9.160126680256435172e-01
1.015068722239965027e+00
1.070085322367513747e+00
1.210591618519604618e+00
1.285011579383824820e+00
1.785333208992469833e+00
1.799577798859800071e+00
1.846645523717652448e+00
1.607501051715470863e+00
1.734851914417345542e+00
1.860070621419482428e+00
1.830557456744598577e+00
1.557663455141229392e+00
1.741293833729141927e+00
1.755087838835205361e+00
1.581756742607795196e+00
1.544191161798547984e+00
1.516289779796508252e+00
1.525198807970167048e+00
1.615002644458246817e+00
1.784094293420333877e+00
2.046478927294255179e+00
1.860721190825051607e+00
2.104948191067504304e+00
2.407743661805399782e+00
3.032534361964364322e+00
3.127437806309023127e+00
2.855010371888403231e+00
2.892456915139622442e+00
2.827872337085361565e+00
2.936879299526533593e+00
3.115798418286703786e+00
2.897806670828889875e+00
3.448155145415376932e+00
3.711460780456973918e+00
4.118560246718663720e+00
4.505992599193899828e+00
4.449066561378356432e+00
4.422032657665469380e+00
4.233728430654003283e+00
3.651198330529415337e+00
3.855204253636117073e+00
4.105467031549565604e+00
4.346256713810575434e+00
4.595770285897433638e+00
4.564805589532962671e+00
3.858094793622467655e+00
3.949878789843130900e+00
4.035722589745744493e+00
4.250173809139915271e+00
4.412788586859773154e+00
4.749705906022679613e+00
4.707148827878476993e+00
5.037140753681303096e+00
4.809244113708640356e+00
4.918842816553906871e+00
4.865908321816498017e+00
4.830625127833577892e+00
4.775470162200722513e+00
4.584095196544265782e+00
4.149142596244423054e+00
3.589286811881045036e+00
3.071521067413192529e+00
2.500549327752587203e+00
2.037958037944789247e+00
1.746906609469740301e+00
1.513851945231257323e+00
1.340012869418219843e+00
1.212529782597664196e+00
1.115037279446334129e+00
1.036692712008381756e+00
9.732161917855415290e-01
9.238506858828788859e-01
8.879974980266495121e-01
8.634426500705755236e-01
8.463311073764555603e-01
8.321393348572336812e-01
8.178652654548888012e-01
8.004889409216828788e-01
7.777994149715833361e-01
7.509568579464183102e-01
7.214164276177360557e-01
7.272639256650090811e-01
7.178807406329404950e-01
6.994088105606266481e-01
7.036932616768767357e-01
6.984443488146833134e-01
6.842781706779718087e-01
6.635862075622694922e-01
6.400654616828709287e-01
6.141008010405331063e-01
5.892654040839377938e-01
5.654180362967674567e-01
5.436300880618797349e-01
5.244906950357630659e-01
5.067309932051875521e-01
4.898752508238282122e-01
4.734598110047380515e-01
4.558084027992148068e-01
4.486248145371624085e-01
4.540048036732494685e-01
4.550396159598262824e-01
4.514487536871394924e-01
4.432581917930196735e-01
4.310265295955078568e-01
4.152280053149677297e-01
3.966692313192554664e-01
3.771935376426823194e-01
3.630970108114693340e-01
3.533496715308840352e-01
3.468997297273165303e-01
3.402179919194439073e-01
3.339565345087954773e-01
3.282319163597081091e-01
3.233914812089320190e-01
3.193904261277246692e-01
3.159532723299943724e-01
3.128211562550166080e-01
3.097074621568504660e-01
3.062463327541517510e-01
3.146476226523429731e-01
3.254286932985523406e-01
3.311071454577473316e-01
3.314302436217388959e-01
3.264101182675878676e-01
3.163381065665761271e-01
3.020111698723161320e-01
2.840851385445731236e-01
2.687885631159952493e-01
2.663839277187474708e-01
2.616312464149512240e-01
2.547043802344839958e-01
2.477710971398973672e-01
2.439087314460122446e-01
2.384457899031651174e-01
2.321066167006405057e-01
2.251885052207083515e-01
2.185766525546788130e-01
2.122456579943199084e-01
2.064662241443109558e-01
2.013951644067268898e-01
1.971483822911921924e-01
1.937403373671558737e-01
1.909935891831546495e-01
1.888073145076992476e-01
1.870604586741508313e-01
1.856233825768167922e-01
1.843653742696229891e-01
1.833079580080216320e-01
1.822428247176527127e-01
1.810027610272171572e-01
1.794761732963822964e-01
1.776712834919683126e-01
1.755340851500394317e-01
1.728265594413106454e-01
1.695197073150000178e-01
1.657491896899095374e-01
1.612254779743599042e-01
1.560252262527177247e-01
1.507609426533139951e-01
1.479317853443274378e-01
1.467229373226838773e-01
1.442542895469445252e-01
1.420927104407303521e-01
1.459632148584272537e-01
1.492464387451830354e-01
1.517511615535403757e-01
1.536929128547541989e-01
1.548244363879607566e-01
1.553330695932107486e-01
1.551322966069586806e-01
1.542952163141753374e-01
1.529223532008356090e-01
1.509434932598362478e-01
1.486077780464526432e-01
1.458648228175552508e-01
1.427695569111372687e-01
1.395032915704835508e-01
1.361193429507553676e-01
1.326365911355182614e-01
1.291340077560499677e-01
1.256810883294293968e-01
1.223662901036464135e-01
1.192411935248686994e-01
1.162962056472334749e-01
1.135572131114859357e-01
1.110391013771711288e-01
1.087466077269315934e-01
1.066754283528478370e-01
1.048135057971828349e-01
1.031424259605232541e-01
1.016388594275689367e-01
1.002759893058788043e-01
9.902487647366539636e-02
9.785572251153308587e-02
9.673900011025596268e-02
9.566879316077520068e-02
9.461490579588574534e-02
9.353712227088255282e-02
9.241475948939952001e-02
9.123053998960406474e-02
8.997077908150227787e-02
8.862543701482199221e-02
8.718805320178128759e-02
8.565558088914025647e-02
8.402814117994415744e-02
8.307466849102251860e-02
8.398299753110638477e-02
8.465640162767511245e-02
8.511936536350855897e-02
8.531015319941467889e-02
8.530517927531403033e-02
8.505753427009501988e-02
8.456579979377434886e-02
8.391519326858357108e-02
8.303941016304425271e-02
8.196162729022402060e-02
8.077019661298701081e-02
7.940888461374588647e-02
7.789959331614734750e-02
7.628901966654583200e-02
7.481925720431059634e-02
7.355537563066828766e-02
7.222031671991449575e-02
7.082859713913407240e-02
6.942007409199084378e-02
6.865698528346225737e-02
6.784076054052913529e-02
6.698038600249103802e-02
6.608444749365523230e-02
6.516105665000344882e-02
6.421779509557612453e-02
6.326167526014836451e-02
6.229944620663821486e-02
6.135678758614404593e-02
6.041675887625706787e-02
5.948409412950538683e-02
5.856295600693775527e-02
5.765695922645702742e-02
5.676919920595027702e-02
5.590228450586211956e-02
5.505837181813512393e-02
5.423920239420441242e-02
5.344613895761213956e-02
5.268020229366118107e-02
5.194210685463761246e-02
5.123229485145816553e-02
5.055096843244367977e-02
4.989811965718149445e-02
4.927355808495503114e-02
4.867693587351273887e-02
4.810777037078328017e-02
4.773886315426322663e-02
4.741305710660126405e-02
4.708316081447644352e-02
4.674950576322021989e-02
4.641239617346512580e-02
4.607211006078042875e-02
4.572890057586110474e-02
4.538299756521690931e-02
4.503460929947453173e-02
4.468392432195378988e-02
4.433111337284097869e-02
4.397633135205445548e-02
4.361971928645543700e-02
4.326140627152406243e-02
4.290151136304899693e-02
4.254014539801672518e-02
4.217741272624656035e-02
4.181341284001447584e-02
4.144824188893650452e-02
4.114674106866936243e-02
4.093953419064575577e-02
4.073776459558230145e-02
4.054038323207391492e-02
4.034636104918779692e-02
4.015469197314460587e-02
3.996439591764662513e-02
3.977452179991294856e-02
3.958415053437310677e-02
3.939239797146739525e-02
3.919841775328177652e-02
3.900140405256917464e-02
3.880059416791802746e-02
3.859527094689149673e-02
3.838476500968146521e-02
3.816845675494450613e-02
3.794623226986288539e-02
3.772275883478280745e-02
3.749196965486910338e-02
3.725344512528110108e-02
3.700682132835397126e-02
3.675179050103407480e-02
3.648810121155829367e-02
3.621555824553756436e-02
3.593402220692393928e-02
3.564340884234255130e-02
3.534368809651353138e-02
3.503488291311009084e-02
3.471706779387880720e-02
3.439036713057923994e-02
3.405495332704143452e-02
3.371104473036833082e-02
3.335890338757983853e-02
3.299883264883846090e-02
3.263117463472998969e-02
3.225630759076730109e-02
3.187464314434194923e-02
3.148662348685645623e-02
3.109271849908095894e-02
3.069342283848262160e-02
3.028925300524309278e-02
2.988074440705817264e-02
2.946844843516364595e-02
2.905292957074848137e-02
2.863476253343259087e-02
2.821452948695002405e-02
2.779281731339586226e-02
2.737021496773934387e-02
2.694731092264420966e-02
2.652469071329519382e-02
2.610293458817640813e-02
2.568261527579556239e-02
2.526429587045495723e-02
2.484852784315208854e-02
2.469194582997411708e-02
2.456327561660428052e-02
2.442738971975452755e-02
2.428448609563760643e-02
2.413478044949899856e-02
2.397850497446811155e-02
2.381590708112792457e-02
2.364724812349146971e-02
2.347280212591154949e-02
2.329285451765547924e-02
2.310838152529302164e-02
2.292195284629293048e-02
2.273080255425851542e-02
2.253524701214634426e-02
2.233560828077904570e-02
2.213221297424641798e-02
2.203715027609652599e-02
2.198817651247148008e-02
2.193959436796110926e-02
2.189139147220596146e-02
2.184355584073438897e-02
2.179607586640525466e-02
2.174894031139212175e-02
2.170213829886681947e-02
2.165565930478587434e-02
2.160949314974465810e-02
2.156362999105220987e-02
2.151806031444618295e-02
2.147277492643360694e-02
2.142776494613734053e-02
2.138302179792678226e-02
2.133853720337123422e-02
2.129430317397102909e-02
2.125031200350316687e-02
2.120655626076164632e-02
2.116302878232906998e-02
2.111972266550682722e-02
2.107663126131055845e-02
2.103374816737528866e-02
2.099106722168530767e-02
2.094858249547898801e-02
2.090628828687209062e-02
2.086417911476490944e-02
2.082224971221632512e-02
2.078049502052487299e-02
2.073891018317821494e-02
2.069749053995549593e-02
2.065623162122872877e-02
2.061512914229646914e-02
2.057417899788674051e-02
2.053337725682354703e-02
2.049272015663026331e-02
2.045220409853041113e-02
2.041182564228958760e-02
2.037158150142634114e-02
2.033146853833431994e-02
2.029148375956461858e-02
2.025162431136809035e-02
2.021188747508278691e-02
2.017227066290843557e-02
2.013277141353439145e-02
2.009338738809507072e-02
2.005411636601863931e-02
