2.813134781623845004e-01
2.813580147191633296e-01
2.805775938680222237e-01
2.849071846528604679e-01
2.850522641456837980e-01
2.872245251132264365e-01
2.917919090265185811e-01
2.912967572187292742e-01
3.454021747492402872e-01
3.772865148502863031e-01
3.432277733140034481e-01
4.289399097784905024e-01
6.047081797081488297e-01
4.720718350844076427e-01
4.512953781319544722e-01
6.583546012731277264e-01
6.139653173731621782e-01
7.205713211220604597e-01
7.733229888200031654e-01
7.007176789223364954e-01
8.718620829434124975e-01
6.683721379609940394e-01
8.878460255899213172e-01
1.243756329906584357e+00
1.187361809044447547e+00
1.041088850299235702e+00
1.018578491952202514e+00
9.542933327636756724e-01
9.432746434369394528e-01
1.177436184689429677e+00
1.408017743671576172e+00
7.722448024775759867e-01
5.049129541843428992e-01
4.315470176742534636e-01
4.431916818556989046e-01
4.845161231558296477e-01
4.778738287943232188e-01
4.983727865879335472e-01
5.217017070545370006e-01
4.685026391774398946e-01
4.849654652666406385e-01
4.959370391957043656e-01
6.435115126510665418e-01
6.162017770959478113e-01
5.498318560049028081e-01
5.636797244132424334e-01
6.425180810809070220e-01
6.804528393368505235e-01
7.248464820785428531e-01
7.385249281713356373e-01
6.800449389919376308e-01
7.293132165526210464e-01
8.869983769496222470e-01
9.915331677735591542e-01
9.705039430804276446e-01
8.978884415073974390e-01
8.749593423698255323e-01
8.511465704763518936e-01
9.160622857076583525e-01
9.435002215572217965e-01
9.423056988739331175e-01
1.054702976341904241e+00
1.194314248300491821e+00
1.161129690997612984e+00
1.042749643384628611e+00
1.095637176034953253e+00
1.336595725329022155e+00
1.530728608987906414e+00
1.634128953793761774e+00
1.538850217812646637e+00
1.404771703459849919e+00
1.441189905286293094e+00
1.471536612147905876e+00
1.241943681133140132e+00
1.265720761450990883e+00
1.315363693091895492e+00
1.271382188853240169e+00
1.259437861793440083e+00
1.318589291700352106e+00
1.335473790569191799e+00
1.421159239769328897e+00
1.596495833523841057e+00
1.675812230505360434e+00
1.689608954439764998e+00
1.615701438718427196e+00
1.519998858839376910e+00
1.372097804067767823e+00
1.189120839167313148e+00
1.029235217956579129e+00
9.054472978505425651e-01
7.904731662672374037e-01
6.871363854160894569e-01
6.017155338739040848e-01
5.362299364149469838e-01
4.910692232929033674e-01
4.582738548907717702e-01
4.346412490131139061e-01
4.157235051600335907e-01
3.991440269409869956e-01
3.871494944035476227e-01
3.769642171602855529e-01
3.689704668949040367e-01
3.614793534115684492e-01
3.530912298897479484e-01
3.438650870861809650e-01
3.341043169945940861e-01
3.234499200608520475e-01
3.121105920955584700e-01
3.003340790576064512e-01
2.878681636200419169e-01
2.752382620727730211e-01
2.685252438147587295e-01
2.589542825594786102e-01
2.466413608960939530e-01
2.385354631628041344e-01
2.362946700072048878e-01
2.554107449114030315e-01
2.734106222817003218e-01
2.835788978135969640e-01
2.858838388542160880e-01
2.803707507573565683e-01
2.677644181902595344e-01
2.489301635444090555e-01
2.417463091649666440e-01
2.339547021528739501e-01
2.211524060676087200e-01
2.038803060060727923e-01
1.830982352714713435e-01
1.672143473445563133e-01
1.655095867539286003e-01
1.636350991488970674e-01
1.615567220712619545e-01
1.593400885911741005e-01
1.568070675484248000e-01
1.539505190587689976e-01
1.509395347228916773e-01
1.476713496373960877e-01
1.441425230717667538e-01
1.404979585569293143e-01
1.367416587742145140e-01
1.328468490675428215e-01
1.288822077353777018e-01
1.249754695836000212e-01
1.210411103196260552e-01
1.171109056875360710e-01
1.143941472602812981e-01
1.130879282082943027e-01
1.117346873859169781e-01
1.103497804822762829e-01
1.089464967543631313e-01
1.075460061959027658e-01
1.062118408951518156e-01
1.048750599639887704e-01
1.035357252837584285e-01
1.021911030187260122e-01
1.008604286022974222e-01
9.956553173957226333e-02
9.824403943871019840e-02
9.688706954760430146e-02
9.548536067602281241e-02
9.409209778020727333e-02
9.265228649834218733e-02
9.126168255852075417e-02
8.955026527153639448e-02
8.790911572768783655e-02
8.622354978105629952e-02
8.444452494898040118e-02
8.257095716415528697e-02
8.180922267790782798e-02
8.212369652311224399e-02
8.181060874934022176e-02
8.120030526488145051e-02
8.069009466116153217e-02
8.040294681064737159e-02
8.053902631245377086e-02
8.103126075870474565e-02
8.178910386413465461e-02
8.261439886642645003e-02
8.329435542158158956e-02
8.357202601554286625e-02
8.327017950084064646e-02
8.225902470720071469e-02
8.047030274702320074e-02
7.790376414285367368e-02
7.462542270814714884e-02
7.075896167287566707e-02
6.813203746150327256e-02
6.524899200903505614e-02
6.197292246808883132e-02
5.852578302335736948e-02
5.514096157652133290e-02
5.338409941509739132e-02
5.218415992773241252e-02
5.094346161416734436e-02
4.968951816530429999e-02
4.839538902515576335e-02
4.717472851266567291e-02
4.809116860535014165e-02
4.917780659463998755e-02
5.026051145434734524e-02
5.111572454205822597e-02
5.153715335088775162e-02
5.136803486654312884e-02
5.190573368840638302e-02
5.296716472543751275e-02
5.411065390073026282e-02
5.478846077722391433e-02
5.492567060169013804e-02
5.447405037006824297e-02
5.341284480394160872e-02
5.175711898565794888e-02
4.953953914880145082e-02
4.846494214399280770e-02
4.780756887810648503e-02
4.704894777447308357e-02
4.617365493824437256e-02
4.536952459330288734e-02
4.669687711333451313e-02
4.770628291952172528e-02
4.840351487793004281e-02
4.877265794949401517e-02
4.882801303724304542e-02
4.857886993765868355e-02
4.803209157664412726e-02
4.723504368967026967e-02
4.616844871741878492e-02
4.492522337315793535e-02
4.347933940112635315e-02
4.187805254873571553e-02
4.018016790654271170e-02
3.838406883739928915e-02
3.652608101990918732e-02
3.465494992301465516e-02
3.371657940699219341e-02
3.319324107135369906e-02
3.265392679190178005e-02
3.210112181645886215e-02
3.153721372515472937e-02
3.096448667692560525e-02
3.038913319656945389e-02
3.004536188881005640e-02
2.978791310826752609e-02
2.952836327012239165e-02
2.926697067171200525e-02
2.900398532757062289e-02
2.873964887942084823e-02
2.847419453915804935e-02
2.820784706219102433e-02
2.794082274840504684e-02
2.767332946846003117e-02
2.740556671266179342e-02
2.713772566080344811e-02
2.686998927035632798e-02
2.660253238133328604e-02
2.633552183596332349e-02
2.606911661160242130e-02
2.580346796488749289e-02
2.553871958620548485e-02
2.527500776272126673e-02
2.501246154876190717e-02
2.475120294249907871e-02
2.449134706778730713e-02
2.423300236008378572e-02
2.397627075541773969e-02
2.372124788209145629e-02
2.346802325361524097e-02
2.321668046275152802e-02
2.296729737554978681e-02
2.271994632524309762e-02
2.247469430518234459e-02
2.223160316040321410e-02
2.199072977732056608e-02
2.175212627129530230e-02
2.151584017188569106e-02
2.128191460483131944e-02
2.105038847138917049e-02
2.082129662408291684e-02
2.059467003898805826e-02
2.037053598445405858e-02
2.014891818576803120e-02
1.992983698611973387e-02
1.971330950317476752e-02
1.949934978194847388e-02
1.928796894304471085e-02
1.907917532719197173e-02
1.887297463487593377e-02
1.866937006232248161e-02
1.846836243291832130e-02
1.826995032441552924e-02
1.807413019205323865e-02
1.794475690918770003e-02
1.785050566099075781e-02
1.773257092386024136e-02
1.759250614858402437e-02
1.743204115722466960e-02
1.725304649863776407e-02
1.705777212115351313e-02
1.685330517133052861e-02
1.663600971920782198e-02
1.640797379322596686e-02
1.617127216254627201e-02
1.592794059873349488e-02
1.575954784545566950e-02
1.559871260672524539e-02
1.544023284505626620e-02
1.528408456634671418e-02
1.513024315972747585e-02
1.497868345606407497e-02
1.482937978396698699e-02
1.468230602303061474e-02
1.453743565436532020e-02
1.439474180879555219e-02
1.425419731259890480e-02
1.411577473079947929e-02
1.397944640844634573e-02
1.384518450944973063e-02
1.371296105360692193e-02
1.364133711898475945e-02
1.358295859617607987e-02
1.352194610106590908e-02
1.345840964920682128e-02
1.339246502335919402e-02
1.332423283178081445e-02
1.325383761951547112e-02
1.318140703269970494e-02
1.310707103547304950e-02
1.303096117830286615e-02
1.295320991789475698e-02
1.287394998602369063e-02
1.279331380776336374e-02
1.271143296616333157e-02
1.262843771291815263e-02
1.254445652296763518e-02
1.245961569159369578e-02
1.237403897182993290e-02
1.228784725101968005e-02
1.220115826404685223e-02
1.211408634240451407e-02
1.202674219566190160e-02
1.193923272548063665e-02
1.185166086859319907e-02
1.176412546805549394e-02
1.167672117065642577e-02
1.158953834870132642e-02
1.150266304471338902e-02
1.141617693690611009e-02
1.133015732449584034e-02
1.124467713106328502e-02
1.115980492400881277e-02
1.107560494965442038e-02
1.099213718163290394e-02
1.090945738176456875e-02
1.082761717238317142e-02
1.074666411837881495e-02
1.066664181790822827e-02
1.058759000157350090e-02
1.050954463770521763e-02
1.043253804371779489e-02
1.035659900261791735e-02
1.028175288331270414e-02
1.020802176446803343e-02
1.013542456083189533e-02
1.006397715167616815e-02
9.993692510351048081e-03
9.924580834733503359e-03
9.856649677642237775e-03
9.789904077341518920e-03
9.724346686981216736e-03
9.659977902982539583e-03
9.596795992081004131e-03
9.540280114242004686e-03
9.493750445315005809e-03
9.447240609126501820e-03
9.400767335136211295e-03
9.354346893333602767e-03
9.307995084496353821e-03
9.261727232406641655e-03
9.215558177373999599e-03
9.169502271486797834e-03
9.123573375046753475e-03
9.077784854527971153e-03
9.032149581629749305e-03
8.986679933399650128e-03
8.941387793585286320e-03
8.896284554759787550e-03
8.851381121516604250e-03
8.806687914340147541e-03
8.762214874371480541e-03
8.717971468709517086e-03
8.673966696572618998e-03
8.630209095792878635e-03
8.586706750004571842e-03
8.543467296158516883e-03
8.500497932694316833e-03
8.457805427757045594e-03
8.415396128037237397e-03
8.373275967731439590e-03
8.331450477861865322e-03
8.289924795661120921e-03
8.248703674328431226e-03
