2.399983467500715895e-01
2.397916969467770443e-01
2.421194543970662250e-01
2.403874949606238931e-01
2.417297646551099521e-01
2.421139794535704937e-01
2.421114147931056060e-01
2.444656482874452141e-01
2.492346338565167296e-01
2.884269241975916387e-01
3.787134788601174140e-01
2.921057460926019811e-01
3.542057815198892956e-01
4.670313727149444927e-01
5.435741497830119950e-01
5.610264225504143498e-01
5.353874266151543715e-01
5.252204662803739987e-01
6.052571463983138500e-01
5.013779941583796917e-01
5.118031485739760189e-01
5.484900591681646231e-01
6.002650983011660335e-01
7.970739626522439503e-01
7.900613566837244583e-01
8.322626383045508280e-01
7.526153359316899438e-01
8.738152609557722217e-01
8.803438670450363102e-01
9.489688384671851606e-01
1.096764254935339133e+00
7.503271809034633977e-01
7.972387019920514906e-01
9.202598831331986196e-01
1.097805515964232148e+00
1.133729791856102898e+00
6.372212563360498683e-01
4.705322264622397999e-01
4.018408049983023811e-01
3.941901856711079732e-01
3.858490544581588133e-01
4.246434749692617472e-01
5.170338336946672664e-01
5.619244072587830097e-01
5.724669900040965098e-01
5.613035423692176451e-01
5.743788303057704159e-01
6.007023679028753449e-01
7.017362115371185149e-01
6.645626352927783698e-01
6.262413634615755509e-01
6.436787907592760316e-01
6.971596902766226123e-01
6.840428659074671014e-01
6.450234198472390990e-01
6.420359483300031034e-01
6.976931943061843722e-01
7.531914398186483339e-01
8.189342191605061272e-01
8.468929509113820586e-01
8.446958145277065899e-01
7.866092368246108135e-01
8.096938293130390152e-01
8.148205023707267847e-01
8.211540472982468142e-01
8.571923269229028142e-01
9.191623534748213364e-01
9.738875529384596330e-01
1.015241646320839575e+00
1.132398008569984293e+00
1.165302533892098147e+00
1.134006770646087681e+00
1.273953272326561637e+00
1.431610004111083301e+00
1.443639513036351740e+00
1.344507438452656078e+00
1.224573773944303889e+00
1.405217866985744024e+00
1.526620468791647367e+00
1.587198897675364595e+00
1.551146578240595097e+00
1.653352525844450360e+00
1.675144883059950240e+00
1.583014722203190727e+00
1.424410443541488158e+00
1.269089966936398861e+00
1.178549528888372500e+00
1.169543634085960182e+00
1.208144401352322372e+00
1.255455869991640938e+00
1.290814574880615684e+00
1.318099767281970536e+00
1.397108339329904414e+00
1.509917146210282279e+00
1.606505866157645679e+00
1.675547581665608687e+00
1.736110815198121049e+00
1.863694739289748936e+00
1.893529081597666641e+00
1.792915550410917325e+00
1.588292982321168889e+00
1.346821836400855288e+00
1.106610956462145356e+00
9.341732828182696124e-01
8.402389348645383782e-01
7.495327564968142786e-01
6.663756695177311951e-01
6.158440970398069148e-01
5.809753638057011393e-01
5.427847134880032787e-01
5.049715658888901393e-01
4.716292460668539688e-01
4.470398389555393370e-01
4.452351925026699075e-01
4.369805032518629950e-01
4.206995355833385575e-01
4.135961459258933881e-01
4.120754131537360254e-01
4.126304330590118696e-01
4.154104289082376500e-01
4.185994814772955319e-01
4.184149360145086871e-01
4.102030893720843285e-01
3.992496041865056799e-01
3.864824379847456304e-01
3.602018476685118764e-01
3.222928724532130307e-01
3.086136138409232288e-01
3.015783678413423985e-01
2.947864200518122146e-01
2.851758438414347951e-01
2.765042586621593856e-01
2.876393243152359780e-01
2.952112378432643069e-01
2.946720725184838741e-01
2.792753435826353936e-01
2.738033939798303340e-01
2.724681123471308641e-01
2.654495172831671246e-01
2.549850704056436101e-01
2.431357814301215170e-01
2.313568912092734964e-01
2.207169775359806574e-01
2.108700428220573742e-01
2.014680368486220230e-01
1.958040864608353582e-01
1.903793670169464658e-01
1.840758827062175806e-01
1.768447256957887126e-01
1.693369698948425095e-01
1.623831195444371822e-01
1.569910291175957984e-01
1.540894682640786828e-01
1.555931923135255857e-01
1.573838582449041124e-01
1.623184507646776853e-01
1.685055948881262478e-01
1.746225797395902501e-01
1.794351117866554157e-01
1.821494673690126076e-01
1.820459434659398579e-01
1.789253809847733412e-01
1.725839246517430481e-01
1.704368339486078410e-01
1.691343811084209392e-01
1.651056152256392129e-01
1.584309950702813830e-01
1.492973269054338747e-01
1.446639379535432091e-01
1.391552271383506290e-01
1.341598431865307639e-01
1.328591660715554568e-01
1.312518216275939675e-01
1.293181726885797023e-01
1.270910304408968405e-01
1.246034502251716219e-01
1.219370186582037496e-01
1.190834696244524454e-01
1.160461993335314690e-01
1.129078622306930735e-01
1.096587995387582476e-01
1.063132483510062370e-01
1.029389911672850128e-01
9.949740110025860618e-02
1.005564826423935715e-01
1.018533235287579775e-01
1.025670157314395314e-01
1.027360028633300670e-01
1.036462265534014160e-01
1.059870460214646232e-01
1.072920400513446837e-01
1.075078122825690041e-01
1.066215809020979594e-01
1.046508705626299079e-01
1.016416029399411086e-01
9.766548976140095040e-02
9.313840473144713306e-02
9.242973047556732324e-02
9.487867693097067068e-02
9.652288106276732393e-02
9.735983264330463904e-02
9.740388128611963958e-02
9.668454200046566749e-02
9.524406674214377921e-02
9.313362783371387232e-02
9.044120602277201659e-02
8.723216323758267721e-02
8.354398592817101343e-02
8.293494063584468112e-02
8.216545173048553363e-02
8.122575763732418908e-02
8.017312765564220400e-02
7.900744053550021184e-02
7.771208520603066494e-02
7.630167464335942118e-02
7.481623069972938300e-02
7.327408157354547980e-02
7.165452907219460599e-02
6.997080571506278379e-02
6.823563357469215884e-02
6.647173549039132878e-02
6.470708194422490622e-02
6.292145652023127533e-02
6.112513245143941232e-02
5.932765060554498482e-02
5.753779490153266424e-02
5.576357660761366991e-02
5.401222731100190771e-02
5.229020021245700534e-02
5.060699928167374656e-02
4.897079403094088679e-02
4.741997944923939667e-02
4.671000256410175883e-02
4.596720685223963654e-02
4.516696642598313355e-02
4.473152934910453599e-02
4.452141679470494884e-02
4.426925996660107526e-02
4.397791882183425122e-02
4.365164074218963464e-02
4.329448560606422025e-02
4.291030912873818048e-02
4.250275014896664344e-02
4.208290949074039444e-02
4.165473469424851166e-02
4.121166678499190578e-02
4.075645679580158776e-02
4.029162808283497793e-02
3.981948091169376647e-02
3.934209903285305204e-02
3.886135793940892480e-02
3.837893450890102892e-02
3.789631774502139755e-02
3.741482035065470113e-02
3.693559088361603182e-02
3.646720810647378214e-02
3.600287809901377145e-02
3.554281869839738539e-02
3.508768287703420419e-02
3.492187331906049935e-02
3.505975045593089784e-02
3.511989494103563703e-02
3.509646397042968935e-02
3.497397564427725397e-02
3.475456013357183793e-02
3.449565911919163369e-02
3.503240817999827422e-02
3.546499402677058543e-02
3.578823715185400212e-02
3.600038550401138404e-02
3.609898054802680029e-02
3.608090231614300564e-02
3.594244703064906898e-02
3.568962917354270847e-02
3.532381172262916841e-02
3.483455393410998108e-02
3.425212687895371616e-02
3.355157701734974574e-02
3.277043265526020238e-02
3.188671744390386698e-02
3.093293588828383012e-02
3.009610552845866371e-02
2.969109783050376955e-02
2.913493306910428654e-02
2.848813402661137806e-02
2.850986298033104591e-02
2.873879152142042384e-02
2.891819560653208568e-02
2.904596541164754936e-02
2.912412303365616295e-02
2.916745473224818114e-02
2.917098326757816551e-02
2.913091744685306420e-02
2.904931241048255147e-02
2.893355746106375526e-02
2.879195885736930000e-02
2.861405254710492133e-02
2.840150531692945887e-02
2.815586985704470607e-02
2.788839712578223759e-02
2.759619741464787446e-02
2.727440406014119967e-02
2.692416438041897800e-02
2.654656245523152186e-02
2.615086869224355140e-02
2.573498203058376121e-02
2.529423008444198553e-02
2.482963119981203975e-02
2.435175807708608170e-02
2.412969514387242748e-02
2.390072211770763802e-02
2.366443552960001417e-02
2.342045064169338484e-02
2.316841168823127392e-02
2.290800132846903051e-02
2.263894921145696501e-02
2.236103957038231352e-02
2.207411778354163509e-02
2.177974095410395786e-02
2.148012479646954631e-02
2.117126617878371808e-02
2.085328630055551663e-02
2.052638384242288019e-02
2.034154571688124094e-02
2.028211256671905854e-02
2.022334204302896760e-02
2.016500846174973036e-02
2.010689375705789622e-02
2.004878798884248553e-02
1.999048980139990841e-02
1.993180683155478319e-02
1.987255606768358052e-02
1.981256415864305828e-02
1.975166767488228253e-02
1.968971332059783058e-02
1.962655809979380397e-02
1.956206943663577058e-02
1.949612525140187111e-02
1.942861399489942756e-02
1.935943464139515402e-02
1.928849664359289992e-02
1.921614902907055680e-02
1.914290442071495471e-02
1.906770077936046498e-02
1.899048533542629230e-02
1.891121510235804770e-02
1.882985665211902790e-02
1.874638586670884788e-02
1.866078766739284397e-02
1.857305572444574102e-02
1.848319214858690565e-02
1.839120716743719575e-02
1.829711878769790107e-02
1.820095244611227153e-02
1.810274065075201735e-02
1.800252261411593863e-02
1.790034388053486983e-02
1.779625594883570833e-02
1.769031589272767463e-02
1.758258597927897168e-02
1.747313328837764301e-02
1.736202933305857829e-02
1.724934968289804776e-02
1.713517359209093191e-02
1.701958363119695714e-02
1.690266532667430641e-02
1.678450680629470226e-02
1.666519845281273088e-02
1.654483256660364138e-02
1.642350303707397138e-02
1.630130502466517819e-02
1.617833465266279094e-02
1.605468871071821443e-02
1.593046436900693447e-02
1.580575890447836682e-02
1.568066943894052406e-02
1.555529268936774699e-02
1.542972473012809397e-02
1.530406076844961251e-02
1.517839493127716606e-02
1.505282006536267161e-02
1.492742754960455984e-02
1.480230711933092948e-02
1.467754670339358955e-02
1.455323227279282580e-02
1.442944770166400444e-02
1.430627463941220624e-02
1.418379239482885253e-02
1.406207783076906387e-02
1.394120527056825001e-02
1.382124641394962862e-02
1.370227026431782708e-02
1.358434306523709917e-02
1.346752824673138303e-02
1.335188638105833797e-02
1.323747514716261918e-02
1.312434930351596106e-02
1.301256066975983033e-02
1.290215811522818327e-02
1.279318755581775220e-02
