3.570210477342356525e-01
3.570156784286372953e-01
3.569640454136454588e-01
3.590550987076563394e-01
3.625494276862084586e-01
3.666152627609456927e-01
3.696522778511835972e-01
3.789614358212818335e-01
4.358913395190418538e-01
4.906662317022383868e-01
4.383545976789437471e-01
5.816724922413974985e-01
7.637727889377650126e-01
6.855530241220854082e-01
5.040935867393592229e-01
7.732846857690797160e-01
8.578568871410805485e-01
1.059232552927855897e+00
1.042266991044341395e+00
9.148680974386798059e-01
9.480339969916041776e-01
9.524798869179870175e-01
9.493471569013196554e-01
7.313331695056837223e-01
5.224441857211475915e-01
6.513203610681651545e-01
7.607354973929052466e-01
7.611479138450440995e-01
7.015668233972859325e-01
8.753222607112772780e-01
1.068834518086498209e+00
1.287196050065997133e+00
1.136040062082507962e+00
1.011792900807770401e+00
1.256711108663871368e+00
1.375845832560402604e+00
1.389242722104737870e+00
1.471971406866594778e+00
1.851046645148462844e+00
1.658428181512352495e+00
1.525494144042884415e+00
1.763704657980549095e+00
1.757084201439306215e+00
1.495416299210428734e+00
1.708540014701102061e+00
1.968398105200829251e+00
2.162181725460205151e+00
2.174053542045650822e+00
1.849611887712771185e+00
2.103037843170853627e+00
2.106382941351934601e+00
2.211825554979834241e+00
2.275374598467714726e+00
2.665399225640420422e+00
2.717231172844229992e+00
2.438327928107950182e+00
2.066069186405009361e+00
2.428593048223034234e+00
2.309095028063377963e+00
2.149501955961169219e+00
2.043797121545770867e+00
2.250298658192688706e+00
2.783888538751367658e+00
2.949656338306396286e+00
2.469725791766155254e+00
1.862291487609157636e+00
1.593637432190488701e+00
1.310286651865616214e+00
1.057551260455132480e+00
8.688326231608703987e-01
7.440475700796697067e-01
6.666398670116228109e-01
6.242891399009029563e-01
6.126372264941186696e-01
6.200804503431891490e-01
6.312131424647102751e-01
6.289846045682830900e-01
6.044149434440516666e-01
5.686926813387136459e-01
5.348543690581547549e-01
5.313248149778043716e-01
5.413624636170227822e-01
5.504809853844392364e-01
5.295176512164581073e-01
4.834396271125453448e-01
4.351656381778972182e-01
3.722753277721055354e-01
3.702105541271913380e-01
3.734312793163608868e-01
3.676274364657066696e-01
3.585837600076003939e-01
3.620794185844913304e-01
3.582895473783163087e-01
3.480583981812572780e-01
3.337872350341658523e-01
3.158854387246286533e-01
2.963809027790375583e-01
2.758797082525643041e-01
2.597151818432849590e-01
2.546481653116471344e-01
2.593647592249407330e-01
2.526039953177060537e-01
2.357926765673695468e-01
2.228474086505728424e-01
2.156460105149806961e-01
2.088158385775563120e-01
2.025063439649588681e-01
1.967923069577513229e-01
1.917767394335912756e-01
1.874417290436112271e-01
1.834400157220237026e-01
1.888177096206803685e-01
1.966645680976032706e-01
1.981952883526085230e-01
1.921072982223087089e-01
1.780374560084532765e-01
1.737501599135352348e-01
1.728260849668792343e-01
1.635585982083124501e-01
1.563251291761968975e-01
1.574681648237227227e-01
1.533167860946557659e-01
1.493214318179113820e-01
1.452556497409673020e-01
1.398119619863906760e-01
1.330611284145248596e-01
1.254654647282765212e-01
1.313027284506322889e-01
1.338108895390972830e-01
1.313252191901674859e-01
1.252631501079803922e-01
1.167285380148432444e-01
1.128769605710863294e-01
1.096575350063290072e-01
1.056591903205149618e-01
1.013031161721950346e-01
9.651320924701223269e-02
9.146614511994018148e-02
8.632648830487239799e-02
8.614031754996843981e-02
8.584837494576358363e-02
8.467239522401447116e-02
8.233131819527853001e-02
8.347012608861564820e-02
8.468683178634123232e-02
8.513790983400287837e-02
8.458859435239564351e-02
8.304130671855028401e-02
8.062806599292242360e-02
7.759565145376823292e-02
7.424785635431307984e-02
7.077715585093034834e-02
6.744139343202550096e-02
6.445035194330543671e-02
6.195050549735620776e-02
6.001979093740809901e-02
5.868389055149888373e-02
5.792378893979982513e-02
5.760848827278793743e-02
5.762210549869834636e-02
5.783848871022460869e-02
5.813439206307450396e-02
5.839993750376303722e-02
5.854594470140299378e-02
5.850810217068171809e-02
5.824824888708565046e-02
5.775323369533318790e-02
5.706365281322205163e-02
5.617797615153317936e-02
5.512741859808478750e-02
5.395821160393059202e-02
5.272026608328703179e-02
5.146292315237815246e-02
5.023145777988710647e-02
4.906445580869833040e-02
4.799209836984405508e-02
4.703531655137481449e-02
4.620572485906557919e-02
4.550620457959709403e-02
4.493198662812499661e-02
4.447207604035636336e-02
4.411086468089848306e-02
4.382979245179904199e-02
4.360893769749903115e-02
4.342844211274571320e-02
4.326970196899360133e-02
4.311628389929213906e-02
4.295454817627867433e-02
4.277398415451614394e-02
4.256728046432876195e-02
4.233016617332779896e-02
4.206106833189819649e-02
4.176063625334343332e-02
4.143118392184077375e-02
4.107609963982778584e-02
4.069926707669629939e-02
4.030453497864214946e-02
3.989526466072761124e-02
3.947397569654128441e-02
3.904210153949584650e-02
3.859985866210503824e-02
3.814622555952077582e-02
3.767902191818167656e-02
3.719507355665584852e-02
3.669044546556188974e-02
3.616072338711205647e-02
3.560132377760615030e-02
3.500781254344739052e-02
3.437939323316801382e-02
3.372036304384928851e-02
3.301720401993971793e-02
3.226865067103862339e-02
3.147475575109857926e-02
3.063698215915219153e-02
2.975823541567985606e-02
2.956028531683396049e-02
2.940582479392695944e-02
2.924543081014777113e-02
2.907823699563371125e-02
2.890349223203786747e-02
2.872056028637501660e-02
2.852891832288444521e-02
2.832815441038231269e-02
2.811796414288121604e-02
2.789814648919346218e-02
2.766859898589591263e-02
2.742931238186171669e-02
2.718036484034771355e-02
2.692191579661348463e-02
2.665419956430662568e-02
2.637751877660417590e-02
2.609223774107803651e-02
2.579877578004789035e-02
2.550074334158958581e-02
2.519814756904405553e-02
2.488864690512631803e-02
2.457280488036419491e-02
2.425121032067708779e-02
2.426416836352066411e-02
2.421204087511529338e-02
2.408508923895379128e-02
2.389952369997895912e-02
2.364806031999844294e-02
2.333032026040950460e-02
2.295086872212279139e-02
2.251491243575818452e-02
2.202817911028858919e-02
2.149679631451320225e-02
2.092717222614343467e-02
2.032588040612287941e-02
2.018615244874854761e-02
2.046907287072738391e-02
2.083280649772985618e-02
2.116580975619066288e-02
2.146490013465150726e-02
2.172751606928266521e-02
2.195170624502161549e-02
2.213611060747718712e-02
2.227993416397001242e-02
2.238810593599283028e-02
2.245976212353142237e-02
2.249157853211074601e-02
2.248455203771511715e-02
2.244005144032316934e-02
2.235977073448725677e-02
2.224568198572347832e-02
2.209998856246547794e-02
2.192507938885223176e-02
2.172348479487621817e-02
2.149783445392756606e-02
2.125081781141141893e-02
2.098514732556961901e-02
2.070352476308615075e-02
2.040861071933807239e-02
2.010299746491792799e-02
1.978918515904260628e-02
1.946956141651669248e-02
1.914638416609419289e-02
1.882176769691122631e-02
1.849767175543801101e-02
1.817589352589002449e-02
1.785806230543187170e-02
1.754563666790794063e-02
1.723990389827639858e-02
1.694198147143483393e-02
1.665282034872432593e-02
1.637320986356922622e-02
1.610378397211344181e-02
1.584502865335595326e-02
1.559729024890906500e-02
1.536078454632504135e-02
1.513560642056158839e-02
1.492173986245202803e-02
1.471906823613982826e-02
1.452738462355173017e-02
1.434640212733999387e-02
1.417576401911494269e-02
1.401505363512212804e-02
1.386380393350303795e-02
1.372431457728819255e-02
1.359768067649492519e-02
1.347157115210777766e-02
1.334606566110311567e-02
1.323070465230368441e-02
1.312468036612337782e-02
1.302414158094492881e-02
1.292850384112209303e-02
1.283719524104505981e-02
1.274966052923141684e-02
1.266536465500745119e-02
1.258379578084331193e-02
1.250446778540114864e-02
1.242692228464034598e-02
1.235073020211036911e-02
1.227549291975209289e-02
1.220084304131097142e-02
1.212644480181761242e-02
1.205199415566665308e-02
1.197721857622899636e-02
1.190187659884093911e-02
1.182575713787229442e-02
1.174867860817506438e-02
1.167048787886623522e-02
1.159105908702339274e-02
1.151029233558493146e-02
1.142811230070960200e-02
1.134446676856546224e-02
1.125932512342811380e-02
1.117267680451076474e-02
1.108452974806355129e-02
1.099490883047620458e-02
1.090385432466090855e-02
1.081142038203868408e-02
1.071767355012916666e-02
1.062269133376076216e-02
1.052656080860375938e-02
1.042937729127337704e-02
1.033124307245816657e-02
1.023226621569114751e-02
1.013255942504558312e-02
1.003223898329902095e-02
9.931423761922455670e-03
9.830234302912934513e-03
9.728791971764049959e-03
9.627218181537481115e-03
9.530481415296805994e-03
9.479037063500690002e-03
9.428206901466989337e-03
9.377983711255352683e-03
9.328360223653575645e-03
9.279329126676070030e-03
9.230883073798207619e-03
9.183014691739979293e-03
9.135716587905054822e-03
9.088981357510279510e-03
9.042801590090967026e-03
8.997169876144014283e-03
8.952078812913478317e-03
8.907521010251219853e-03
8.863489095936327028e-03
8.819975720772263786e-03
8.776973563455171823e-03
8.734475334945828243e-03
8.692473782937699955e-03
8.650961695689147329e-03
8.609931905738924321e-03
8.569377293563771800e-03
8.529290790671070419e-03
8.489665382792097037e-03
8.450494112601831739e-03
8.411770082384665767e-03
8.373486456477443815e-03
8.335636463492003892e-03
8.298213398344576539e-03
8.261210624208181405e-03
8.224621574175645933e-03
8.188439752846951927e-03
8.152658737746964340e-03
8.117272180553124564e-03
8.082273808305421789e-03
8.047657424292810682e-03
8.013416909055192869e-03
7.979546221046088239e-03
7.946039397300347362e-03
7.912890553997938350e-03
7.880093886893277041e-03
7.847643671609165483e-03
7.815534263963117706e-03
7.783760100066741162e-03
7.752315696412665456e-03
7.721195649935296695e-03
7.690394637868867671e-03
7.659907417642991025e-03
7.629728826716495292e-03
7.599853782224335816e-03
7.570277280757920640e-03
7.540994397948398709e-03
7.512000287988569204e-03
7.483290183310193494e-03
7.454859393901977320e-03
