3.900198537078617966e-01
3.907909135048603932e-01
3.943729732010155531e-01
3.918463501559696360e-01
3.935649580036136297e-01
3.952149306156135800e-01
3.957434949973221427e-01
3.974024202230658220e-01
4.113612297883919022e-01
4.849191160638363640e-01
5.106084505638474047e-01
5.279605411353195388e-01
5.729268441086863284e-01
5.878685907399402444e-01
5.767984190133709221e-01
5.944603316257569547e-01
6.259841099525673691e-01
7.928138484439540834e-01
9.869587987634039772e-01
1.049603118228071175e+00
1.028556424248880496e+00
1.179409910659514837e+00
1.032908233106148987e+00
1.188684334878917337e+00
1.104807542940682508e+00
1.186201298757060929e+00
7.803369475695899338e-01
6.215420221524422528e-01
6.334463194650770124e-01
7.042950431946645162e-01
5.965790963397065161e-01
6.680125161735036565e-01
7.204602654043513743e-01
7.457792888616394666e-01
7.188409372814779097e-01
9.328224172690974259e-01
8.855149402893497390e-01
8.835193071176171697e-01
1.012910127108820557e+00
1.183296548750840227e+00
1.270311536115139806e+00
1.229032161291282899e+00
1.226811568930663565e+00
1.163082587527349387e+00
1.279165951829778214e+00
1.505337422304918071e+00
1.615969789713050053e+00
1.682373676755725800e+00
1.661330942004199063e+00
1.550105198019495090e+00
1.332348342364610971e+00
1.154448050348603649e+00
1.520623147310611989e+00
1.656837310022117649e+00
1.738423902139022204e+00
1.686335132754871236e+00
1.805577471953689228e+00
2.032823365555961104e+00
1.965183629165226042e+00
1.626749291167212341e+00
1.589337326775210668e+00
1.687259549174307427e+00
1.683314645930252818e+00
1.807641287080039350e+00
2.028682412738584961e+00
2.152380615931335672e+00
2.227397252762727931e+00
2.298443993160176557e+00
2.279277204355751874e+00
2.056917686196169548e+00
1.706701509448430798e+00
1.338725958928284054e+00
9.817326942236563880e-01
7.944749800041690513e-01
7.813292613175879531e-01
7.327811658682492624e-01
7.294009262474068223e-01
6.828771320245772269e-01
6.071872252351175892e-01
6.524332200246544256e-01
6.797953310675989291e-01
7.459226829297027628e-01
7.566438187142496830e-01
7.127152700744545655e-01
6.732793702188939466e-01
6.544026415538477526e-01
6.177458856181868851e-01
5.767680261429025679e-01
5.346147047790386075e-01
5.239895690930983507e-01
5.126925169150834405e-01
4.812359856602020369e-01
4.394593241044066900e-01
4.141375348904925424e-01
4.035646263154419322e-01
4.020411660035784762e-01
4.031011443690212803e-01
3.943914046529191086e-01
3.775371275158320716e-01
3.539902236191502238e-01
3.360203056940120891e-01
3.234343752813591544e-01
3.087883845762043888e-01
2.923470150648123655e-01
2.833324466942623854e-01
2.908255921985822279e-01
3.014317296496499821e-01
3.018414819296393325e-01
2.919138625645059659e-01
2.939660059318735530e-01
2.996384832925001462e-01
2.931117841134930901e-01
2.754999073701479562e-01
2.656404705785495590e-01
2.567683057494543619e-01
2.394842998576756365e-01
2.162369537225831695e-01
1.894882768749011348e-01
1.808351136208615761e-01
1.814021884777811122e-01
1.812174048556557948e-01
1.803330584447044305e-01
1.785553509518105764e-01
1.761745880448609136e-01
1.729916670958235869e-01
1.691714529235927300e-01
1.647590807585852801e-01
1.597827881218141510e-01
1.584551067457563300e-01
1.543642165631940177e-01
1.518031660095853219e-01
1.581037448718120852e-01
1.604381025827979479e-01
1.591278221407717297e-01
1.542703045214439406e-01
1.466750900310122008e-01
1.368892448684404517e-01
1.261833557857986454e-01
1.151342436476120862e-01
1.046096977793932181e-01
9.529124768626336117e-02
8.764056959831224847e-02
8.211494744630455644e-02
8.015041524707280929e-02
7.777235279050499772e-02
7.630935653700905708e-02
7.726415337454524412e-02
7.910597469664652770e-02
8.144294849024177885e-02
8.390079446743675673e-02
8.622656450717756937e-02
8.823232045695261760e-02
8.979466367661059767e-02
9.092637358364857869e-02
9.155817184809125764e-02
9.169172712275698578e-02
9.136908930575693422e-02
9.064802412520769903e-02
8.959252491139321761e-02
8.826529746159510192e-02
8.676708392832156724e-02
8.514511615793020349e-02
8.338197076267392371e-02
8.150165001021367206e-02
7.951808688761950739e-02
7.743698850860837590e-02
7.525811169765533881e-02
7.297766823806331460e-02
7.059062013781698675e-02
6.812890591388991168e-02
6.557445866720816585e-02
6.349542879198800949e-02
6.453302732263842267e-02
6.548261007783409693e-02
6.632316554777965834e-02
6.703364270438727512e-02
6.759392632593380634e-02
6.798568226557449856e-02
6.821458066020757993e-02
6.830528597251908640e-02
6.819022092898316401e-02
6.786254747322394143e-02
6.731903386707095704e-02
6.656001390748812752e-02
6.563223104571012934e-02
6.453670153381377284e-02
6.324246754720180830e-02
6.176131910400338432e-02
6.010734623243178115e-02
5.829657339703160635e-02
5.637716152950204146e-02
5.436274085541140805e-02
5.224115318178575856e-02
5.003239863257752384e-02
4.775676495415120265e-02
4.543453647953264035e-02
4.582893138783231124e-02
4.662969861653044196e-02
4.726177160237320790e-02
4.768832489981068845e-02
4.793937749395055931e-02
4.802066545896974820e-02
4.790608548081477097e-02
4.764229295410692122e-02
4.721699565629671608e-02
4.662086981742634417e-02
4.590510283986578427e-02
4.505476682696293173e-02
4.406928337643149785e-02
4.298235096748134754e-02
4.181263199822583126e-02
4.054918961173396841e-02
3.920772386022190054e-02
3.780761247959515264e-02
3.638396240412188759e-02
3.492437485385520290e-02
3.454564630098414663e-02
3.518020138235708472e-02
3.571010935211018505e-02
3.613409868175016665e-02
3.645207461497689677e-02
3.666504198851595203e-02
3.677502043934759157e-02
3.680219595049637887e-02
3.674326014897649068e-02
3.659185438676648694e-02
3.635289940737377462e-02
3.603187373391892462e-02
3.563471591923082077e-02
3.516772896005598836e-02
3.463748791444379999e-02
3.405075162349440604e-02
3.341437930567513204e-02
3.273525265351412417e-02
3.202020393158084427e-02
3.127595044401668828e-02
3.050903562317304474e-02
2.972577687125492474e-02
2.893222018979063961e-02
2.814184258647485851e-02
2.735096928376597528e-02
2.656440297818566526e-02
2.578686019974964563e-02
2.502266302898062747e-02
2.427572917848796336e-02
2.354956711833511643e-02
2.284727582543390895e-02
2.245678449863965087e-02
2.249414036927289279e-02
2.249268588539835370e-02
2.245376237433379177e-02
2.237891376037043009e-02
2.226985714329049806e-02
2.212845440004231751e-02
2.195668499835197809e-02
2.175662017808317403e-02
2.153856546597459828e-02
2.129730751016005452e-02
2.103378007284779222e-02
2.075017261489208245e-02
2.044866668547211386e-02
2.013141960952766554e-02
1.980054986352615398e-02
1.945812410927416636e-02
1.910614584294636695e-02
1.881402165398634446e-02
1.884092346934268178e-02
1.884951235708266781e-02
1.883838010932804147e-02
1.880599525051846257e-02
1.875305648336560507e-02
1.868036400957723275e-02
1.858880472193155664e-02
1.847933804219243845e-02
1.835298247163003396e-02
1.821080290452873826e-02
1.805389874307900336e-02
1.788339284027171822e-02
1.770042128417636043e-02
1.750612402965631698e-02
1.730163637299931764e-02
1.709073864277692312e-02
1.687343719209061926e-02
1.664896183538961544e-02
1.641835982100255109e-02
1.628243395289996620e-02
1.634501758120837644e-02
1.640392406131854774e-02
1.645864587957336991e-02
1.650874029290660960e-02
1.655382655474835207e-02
1.659358297653100792e-02
1.662774386310267999e-02
1.665609635795818610e-02
1.667847722960445409e-02
1.669476962944380430e-02
1.670489984661031532e-02
1.670883408399564951e-02
1.670657527541452927e-02
1.669815996349964873e-02
1.668365525221376586e-02
1.666315584990155779e-02
1.663678121202900179e-02
1.660467279447293276e-02
1.656699142459060886e-02
1.652391479589316453e-02
1.647563509038593374e-02
1.642235673254865275e-02
1.636429427543473550e-02
1.630167042035032821e-02
1.623471416953913699e-02
1.616365911004107730e-02
1.608874182746943340e-02
1.601020044614559143e-02
1.592827329291461591e-02
1.584319768040834756e-02
1.575520880546419852e-02
1.566453875869377663e-02
1.557141563979521498e-02
1.547606277367663020e-02
1.537869802288850674e-02
1.527953319020905129e-02
1.517877350667735936e-02
1.507661720001328073e-02
1.497325513756083727e-02
1.486887053906862238e-02
1.476363875426213272e-02
1.465772710006697267e-02
1.455129475280771481e-02
1.444449269081319112e-02
1.433746368289886934e-02
1.423034231843685674e-02
1.412325507486483951e-02
1.401632041918796784e-02
1.390964893878069049e-02
1.380334349948558574e-02
1.369749942598401035e-02
1.359220470295723592e-02
1.348754019304389783e-02
1.338357986921119916e-02
1.328039105943787553e-02
1.317803470060044217e-02
1.307656560005126048e-02
1.297603270277174550e-02
1.287647936188327305e-02
1.277794361158428836e-02
1.268045844021023841e-02
1.258405206280175867e-02
1.248874819129770948e-02
1.239456630186083590e-02
1.230152189770954661e-02
1.220962676733079039e-02
1.211888923676847883e-02
1.202931441543902448e-02
1.194090443516237013e-02
1.185365868171144033e-02
1.176757401846093530e-02
1.168264500207257320e-02
1.159886408975341517e-02
1.151622183795786118e-02
1.143470709224247636e-02
1.135430716867400283e-02
1.127500802641281247e-02
1.119679443120606688e-02
1.111965011049337489e-02
1.104355789997103245e-02
1.096849988132686873e-02
1.089445751188911939e-02
1.082141174593241779e-02
1.074934314827451567e-02
1.067823199967629991e-02
1.060805839505527329e-02
1.053880233419162218e-02
1.047044380545710147e-02
1.040296286266715817e-02
1.033633969537185032e-02
1.027055469285482678e-02
1.020558850219105765e-02
1.014142208052497274e-02
1.007803674155528101e-02
1.001541419745672658e-02
9.953536595152863431e-03
9.892386548265600862e-03
9.831947164705649028e-03
9.772202069668571925e-03
9.713135425277392640e-03
9.654731945978630228e-03
9.596976910747500103e-03
9.539856172204741122e-03
9.483356162483932636e-03
9.427463896333962423e-03
9.372166971829590243e-03
9.317453568472893605e-03
9.263312443305658783e-03
9.209732924888769726e-03
9.156704905405908118e-03
9.104218831356470504e-03
9.052265692563888494e-03
9.000837009701960836e-03
8.949924820986452159e-03
