5.220476412416523715e-01
5.249452150892890412e-01
5.354747105158824683e-01
5.345122977994940516e-01
5.372640955272017793e-01
5.433266015578500641e-01
5.581282107577691942e-01
6.125568935837653051e-01
6.660442251636048416e-01
6.200832253465375921e-01
7.917629188573001020e-01
1.080627860326824230e+00
9.945489291013265287e-01
1.144827919797680948e+00
7.566163196018614867e-01
8.803929131287404619e-01
8.425135330885833440e-01
1.081273647064480592e+00
1.069625997764351188e+00
1.138238959968210340e+00
1.274788423411445049e+00
1.558386204685394683e+00
1.387234866448763704e+00
1.370663329006599707e+00
1.770083912441696938e+00
2.323816126652927583e+00
2.375489699101331009e+00
2.521939061828401218e+00
2.689402169691538003e+00
2.709173747598921267e+00
2.328596240820678176e+00
2.315420947331250812e+00
2.966558810153052672e+00
3.609467681655103899e+00
3.254621214738197210e+00
3.883890484485516659e+00
3.892755076965226824e+00
3.205064237907295777e+00
3.222708617906998363e+00
3.177120269232489580e+00
3.905184902013429049e+00
4.126453937327269728e+00
2.845413170432301797e+00
1.818028013324502368e+00
1.342848392394059953e+00
1.093080646543165946e+00
9.478047366514626981e-01
8.883166024129767191e-01
8.765555634139290397e-01
8.732739859717292275e-01
8.897305594560981357e-01
8.263997240780114328e-01
7.285294259296511976e-01
6.512831413575436157e-01
5.847592060281954218e-01
5.381994303797082990e-01
5.333009870308992317e-01
5.439011089483194450e-01
5.258804777651931994e-01
4.861392693218224426e-01
4.461852500206678340e-01
4.104157844313807146e-01
3.773210489882432017e-01
3.886431263824332016e-01
4.018295237898961703e-01
3.824282695024524559e-01
3.494384591689602693e-01
3.273469101727102815e-01
3.004185659830655442e-01
2.859337451913795403e-01
2.623722338242997498e-01
2.356326765156888936e-01
2.333550974992334714e-01
2.293982067532241154e-01
2.268222423247835129e-01
2.226362147456994178e-01
2.136996671570328965e-01
1.965372844970047495e-01
2.017470458128077515e-01
2.017846178711754368e-01
1.953473501874197216e-01
1.860576554137718941e-01
1.755641458190819182e-01
1.654911840813367563e-01
1.563440561653864080e-01
1.476593068324265901e-01
1.413109894529763211e-01
1.383555080575170904e-01
1.440076268502628876e-01
1.452008302499848136e-01
1.417269790123625306e-01
1.335841002703647695e-01
1.228529771550165156e-01
1.118604800262420901e-01
1.018414214425359815e-01
9.858632531727683224e-02
9.629393181158887871e-02
9.480844642164171221e-02
9.391990767803357065e-02
9.314507986551441576e-02
9.192972241750486939e-02
8.983114788319575272e-02
8.685360477637896204e-02
8.286474620820449832e-02
8.398205293004408489e-02
8.589563608548839158e-02
8.614808404782907381e-02
8.740872770340971099e-02
8.673282913530191984e-02
8.447947021754077801e-02
8.066567235654453771e-02
7.568647248881038569e-02
6.995890078094930964e-02
6.399640665309644372e-02
6.417375772021050029e-02
6.441199422956622733e-02
6.368813434669914897e-02
6.208803629311396288e-02
5.979749499898406873e-02
5.703143648295133650e-02
5.402112523500379737e-02
5.216981143104051921e-02
5.065826995267110056e-02
5.070524137257099995e-02
5.076337989261341804e-02
5.059772352930032996e-02
5.024809349483669307e-02
4.977416212918005234e-02
4.922039962547827829e-02
4.861499320381794387e-02
4.797185277001606019e-02
4.729453978632881805e-02
4.658091162676224889e-02
4.582746340667095963e-02
4.503267158028648881e-02
4.419900102565292588e-02
4.333355501387891467e-02
4.244758068005409501e-02
4.155517573229392664e-02
4.067158210011895952e-02
3.981141997447632669e-02
3.898713785526378151e-02
3.820785660309423265e-02
3.747868895431782227e-02
3.680053457635307917e-02
3.617029176205244917e-02
3.558139182985063653e-02
3.502454871999404612e-02
3.448861937141593087e-02
3.396148465365920327e-02
3.343088063893182027e-02
3.288513152097638503e-02
3.231375546849402092e-02
3.170793132856167262e-02
3.106082662975044942e-02
3.036779581712817366e-02
2.962646263228339155e-02
2.883670281613759726e-02
2.802531078257404842e-02
2.824719237932211621e-02
2.847916834292219673e-02
2.871110753043119163e-02
2.893282963873578667e-02
2.913440312728248285e-02
2.930641613634939538e-02
2.944021575145470276e-02
2.952811184799399025e-02
2.956354266357371502e-02
2.954120022329448023e-02
2.945711479072609523e-02
2.930869861038264482e-02
2.909475030216001831e-02
2.881542231578724730e-02
2.847215480088839332e-02
2.806758005057892122e-02
2.764988041279860947e-02
2.732353999343041517e-02
2.693455857034287096e-02
2.647351550944954113e-02
2.594777510476321825e-02
2.536561405056161553e-02
2.473595851851830701e-02
2.406812534756051086e-02
2.337157498248451648e-02
2.265568258268506677e-02
2.192953240569582574e-02
2.120173922354774698e-02
2.048029920597601791e-02
1.994736279316880814e-02
1.950502992412784728e-02
1.940887345706650280e-02
1.930244632256730708e-02
1.918611430652397004e-02
1.906032363931619775e-02
1.892558915006477271e-02
1.878248261663421556e-02
1.863162145957826879e-02
1.847365790650772749e-02
1.830926873232231744e-02
1.813914566003507756e-02
1.796398648776287646e-02
1.778448698857187926e-02
1.760133361301640179e-02
1.741519700904871695e-02
1.722672636006675195e-02
1.703654452951294460e-02
1.684524399050118387e-02
1.665338351008177273e-02
1.646148554998855609e-02
1.627003434088853881e-02
1.607947458229768561e-02
1.589021071704410648e-02
1.570260672776064431e-02
1.551698640177895383e-02
1.533363401028713970e-02
1.515782641961892913e-02
1.501422640447027529e-02
1.486647206519133707e-02
1.471539471934752916e-02
1.456173354122377618e-02
1.440613801852785175e-02
1.424917190323385374e-02
1.409131834644349567e-02
1.393298592873873538e-02
1.377451531865936558e-02
1.361618631933088526e-02
1.345822508895516863e-02
1.330081135045402436e-02
1.314408543242016197e-02
1.298815501018016523e-02
1.283310144302688555e-02
1.268045449496611396e-02
1.255166744533195433e-02
1.242542978065236739e-02
1.230162950834358566e-02
1.218015395735697060e-02
1.206089088330910761e-02
1.194372945047478783e-02
1.182856109500909046e-02
1.171528027351670560e-02
1.160378510174641525e-02
1.149397788960976503e-02
1.138603159304770948e-02
1.130305934895103372e-02
1.124786107121141313e-02
1.119057020378966955e-02
1.113114572417837900e-02
1.106955520827200730e-02
1.100577611113918129e-02
1.093979683077452025e-02
1.087161754424923778e-02
1.080125081101955542e-02
1.072872194419645896e-02
1.065406915680733660e-02
1.057734349364373300e-02
1.049860856269395175e-02
1.041794008393815210e-02
1.033542527393291506e-02
1.025116208743277052e-02
1.016525833708115632e-02
1.007783071303632906e-02
9.989003724113936986e-03
9.898908581071027765e-03
9.807682042416865018e-03
9.715465241830523874e-03
9.622402513836303753e-03
9.528640234684027099e-03
9.434325692431579438e-03
9.376074293551153738e-03
9.326129468382566082e-03
9.274194644478653965e-03
9.220363917520025751e-03
9.164738971688870389e-03
9.107427944103596920e-03
9.048544299238474656e-03
8.988205724533697774e-03
8.926533058421308106e-03
8.863649258269086159e-03
8.799678417766689312e-03
8.734744839212020204e-03
8.668972166134970847e-03
8.602482580536493714e-03
8.535396067939888740e-03
8.467829751696336754e-03
8.399897297862441228e-03
8.331708390956427124e-03
8.263368279456366136e-03
8.194977390169486120e-03
8.127287224275513491e-03
8.059710431898356800e-03
7.992313679063136472e-03
7.925176805462749371e-03
7.858373910650336483e-03
7.791973309672669233e-03
7.726037535781391311e-03
7.660623386350514166e-03
7.595782008155150741e-03
7.531559017464094577e-03
7.467994651313642276e-03
7.405123945908125699e-03
7.342976938382879404e-03
7.281578887893070187e-03
7.220950512995998397e-03
7.161108241842991176e-03
7.102064471676089626e-03
7.043827835396133247e-03
6.986403471548635613e-03
6.929793296536907940e-03
6.873996275395572939e-03
6.819008690042202732e-03
6.764824402822384834e-03
6.711435113900558226e-03
6.658830611031791268e-03
6.606999010103287683e-03
6.555926986432900755e-03
6.505599994646496173e-03
6.456002477887731739e-03
6.407118064602903597e-03
6.358929753319903129e-03
6.311420084925490129e-03
6.264571302164754184e-03
6.218365496813332664e-03
6.172784744066157382e-03
6.127811224720663454e-03
6.083427335267491479e-03
6.039615786307134769e-03
5.996359689370922910e-03
5.953642633016037466e-03
5.911448748505711108e-03
5.869762765339184112e-03
5.828570057333454756e-03
5.787856680299142617e-03
5.747609400598614054e-03
5.707815716618643530e-03
5.668463872912668684e-03
5.629542867315720511e-03
5.591042452615372325e-03
5.552953132280212187e-03
5.515266151154610968e-03
5.477973482184982611e-03
5.441067808368190047e-03
5.404542501998870450e-03
5.368391600559414834e-03
5.332609779454638294e-03
5.297192323663552603e-03
5.265886539565683803e-03
5.242919735475116104e-03
5.220186661153925801e-03
5.197687882162758954e-03
5.175423626037997660e-03
5.153393787315135866e-03
5.131597933979229788e-03
5.110035315232690396e-03
5.088704870563014356e-03
5.067605239961760731e-03
5.046734774764924727e-03
5.026091549506341363e-03
5.005673374570456663e-03
4.985477808863991722e-03
4.965502173592509401e-03
4.945743565861582258e-03
4.926198872849786928e-03
4.906864785663283060e-03
4.887737814043303756e-03
4.868814300298234150e-03
4.850090433552969177e-03
4.831562263917009090e-03
4.813225716236767780e-03
4.795076603752028085e-03
4.777110641593713264e-03
4.759323459641744136e-03
4.741710615408810392e-03
4.724267606280919442e-03
4.706989881585793914e-03
4.689872853842283647e-03
4.672911910054234307e-03
4.656102422344673628e-03
4.639439757966217111e-03
4.622919289069048719e-03
4.606536401873831572e-03
4.590286505499687093e-03
4.574165040136553631e-03
4.558167484731731438e-03
4.542289364460641056e-03
4.526526257502759901e-03
4.510873801334689022e-03
4.495327698750266332e-03
4.479883723284562927e-03
4.464537724294164768e-03
4.449285631440220296e-03
4.434123459105308342e-03
4.419047310072926268e-03
4.404053378943840504e-03
4.389137955319429886e-03
4.374297426260350015e-03
4.359528278952644505e-03
4.344827102407028060e-03
4.330190589454625989e-03
4.315615537997559772e-03
4.301098852148221505e-03
