2.896695284120416325e-01
2.908052871112652427e-01
2.892665702086424373e-01
2.943606309682203492e-01
2.957730381785769747e-01
2.988670900535350117e-01
3.016587909317505201e-01
3.039846071724898180e-01
3.362170184237018855e-01
3.656367277849658648e-01
4.607168798733441983e-01
4.097261340970780874e-01
5.049953277588498102e-01
5.574073430719855837e-01
5.664001004726111344e-01
6.973104566807450944e-01
6.547517259183815996e-01
6.267567849019778370e-01
7.240643760778667781e-01
9.878239802412216441e-01
9.846760052617126169e-01
9.587323949877711859e-01
1.043478749260302596e+00
9.007479059547336409e-01
9.769988015917240309e-01
1.100204954964470572e+00
1.061389998187313832e+00
1.022451462617456119e+00
6.776735152307514776e-01
5.872616999486008904e-01
5.460269775629612576e-01
5.653036622141843770e-01
6.176499832582188487e-01
6.643276153680487406e-01
7.495751688779758171e-01
7.354523946318862748e-01
6.902477397725476083e-01
7.627865083309294247e-01
8.214323833054882895e-01
8.586625406851094988e-01
9.128145222066149644e-01
9.125695308027645947e-01
1.041103074802942396e+00
1.078130687031129575e+00
1.083047575175275057e+00
1.032039243266539952e+00
1.049103191489988651e+00
1.149661225102963202e+00
1.044742197755150315e+00
1.155300749382987657e+00
1.318147489379114079e+00
1.203064671083085013e+00
1.178212018709692943e+00
1.158046812917407076e+00
1.187613871480405647e+00
1.261608425518093934e+00
1.438965359029386049e+00
1.640057324327054866e+00
1.743234214327762155e+00
1.689691682804518535e+00
1.422964971468577033e+00
1.391169655513184056e+00
1.551134355018539690e+00
1.589846654794428993e+00
1.575181806693226383e+00
1.505809281749055595e+00
1.494551005190215109e+00
1.557402517300405798e+00
1.629782801942595949e+00
1.696263985926844020e+00
1.767981412524458840e+00
1.833615023431972579e+00
1.849787586367960479e+00
1.785231445755566027e+00
1.710732159437211575e+00
1.589109660900397625e+00
1.464061332721374287e+00
1.301079088184917909e+00
1.128156389142535465e+00
9.708568661111497411e-01
8.471776608268157815e-01
7.584085501117672212e-01
6.937564486230133332e-01
6.464929248106775495e-01
6.119960717379605564e-01
5.869319015441604170e-01
5.687734550062292227e-01
5.521183840519394703e-01
5.339890411789912639e-01
5.098049959747361637e-01
4.789271767724437301e-01
4.447472242301698242e-01
4.108097438373776722e-01
3.837480857773478138e-01
3.660070988497902689e-01
3.565872055766493021e-01
3.617969806889181350e-01
3.874657870266546844e-01
4.096893875628180859e-01
4.204389423099545997e-01
4.145556842014392340e-01
3.910433480033312370e-01
3.527632019710643108e-01
3.203896500055125607e-01
3.062999971111579067e-01
2.939782908781978787e-01
2.784907706813043449e-01
2.671385042478474636e-01
2.645080326683966199e-01
2.696749041769002653e-01
2.790504101667559689e-01
2.872449164299588631e-01
2.905701594238797036e-01
2.873411966390587158e-01
2.771551036211962193e-01
2.614153157732292398e-01
2.422034741689885473e-01
2.238214553100335014e-01
2.137730987007969430e-01
2.029729498483951178e-01
1.922977167678322774e-01
1.822708852183347883e-01
1.731538720237604800e-01
1.652670873691393927e-01
1.586668546151968062e-01
1.536457498192129734e-01
1.501044571196331057e-01
1.479980051951318709e-01
1.471539763959415492e-01
1.473612968132468060e-01
1.482099570592790294e-01
1.491775309739278299e-01
1.499418074653021682e-01
1.500120228759065921e-01
1.490038259600765802e-01
1.466652045511333546e-01
1.428245371578482081e-01
1.375838297803623766e-01
1.380723299265912418e-01
1.371378108615511349e-01
1.347229366463399691e-01
1.308323121986770532e-01
1.255298135485432010e-01
1.189329179298836831e-01
1.112048514191531223e-01
1.074688177324986393e-01
1.059479616639939364e-01
1.035590393211651139e-01
1.015549726103788380e-01
1.012457901763361284e-01
1.032873808821922201e-01
1.046113954105796079e-01
1.052078154115207442e-01
1.051791975563902970e-01
1.045299865591807764e-01
1.032530568265526971e-01
1.015510266891454655e-01
9.932942139888677191e-02
9.678672432596874264e-02
9.386899412254079422e-02
9.078795159968833239e-02
8.747242923986861540e-02
8.406239466083824385e-02
8.060667761012170474e-02
7.710468383563159889e-02
7.360577497850499806e-02
7.052686764213653148e-02
6.964256180928105056e-02
6.868392219996261039e-02
6.764709911938630860e-02
6.654993522800674299e-02
6.540634351685667425e-02
6.422653052630745985e-02
6.303813973306439389e-02
6.293972025789622282e-02
6.292169655214109592e-02
6.265049780154027803e-02
6.212857171900816600e-02
6.137854459840600546e-02
6.039679373129817896e-02
5.921359280589381935e-02
5.781625514745820232e-02
5.625619131639222198e-02
5.449966082171784493e-02
5.263291690840109227e-02
5.062410387187791377e-02
4.850423138153832359e-02
4.634661678806414192e-02
4.578280007419912451e-02
4.522029098093757749e-02
4.465043401797587352e-02
4.403940038440028876e-02
4.338439627730044518e-02
4.268415239649725468e-02
4.193807681363104917e-02
4.114624451945573386e-02
4.030937539976577749e-02
3.986158261596695063e-02
3.952895826645490274e-02
3.912532960556745071e-02
3.863159901120217371e-02
3.805050611563896845e-02
3.739272150789640925e-02
3.668402593898729969e-02
3.589925086197656712e-02
3.504404076538174262e-02
3.412460640443754772e-02
3.315750913992682875e-02
3.309455788325978837e-02
3.369815323335105528e-02
3.421140212572500172e-02
3.462695560849076565e-02
3.493963226769191549e-02
3.514589055176704779e-02
3.524879658495815027e-02
3.526945345283642730e-02
3.518237502370219483e-02
3.498954563679778501e-02
3.480534866962071289e-02
3.469473252986092493e-02
3.447137471761127503e-02
3.410532275806961444e-02
3.360891559326852768e-02
3.300157812778824890e-02
3.226485826352792213e-02
3.143176959793823194e-02
3.049823806114339980e-02
2.946532782304896875e-02
2.877392698105064872e-02
2.824933737386079238e-02
2.872115026729985671e-02
2.916670378021908247e-02
2.955924749604043125e-02
2.991120299174720998e-02
3.021047651088028252e-02
3.045557523877827702e-02
3.064690759461363365e-02
3.078535039883088451e-02
3.087219883442754789e-02
3.090911610986600902e-02
3.089808354284781511e-02
3.084135169800523296e-02
3.074139312350225584e-02
3.060085714474501672e-02
3.042252709090476070e-02
3.021018779621585312e-02
2.997945202099729090e-02
2.971899819842343041e-02
2.943174832513332367e-02
2.912059707056223468e-02
2.878838681821560552e-02
2.843788585523645066e-02
2.807176962795024724e-02
2.769260494675669301e-02
2.730283699985880386e-02
2.690477901291632445e-02
2.650060437750009074e-02
2.609234105832518996e-02
2.568186808489280465e-02
2.527091392720377458e-02
2.486105655714140883e-02
2.445372499966126656e-02
2.405020218204680441e-02
2.365162889857120448e-02
2.325900871467918504e-02
2.287321364712871508e-02
2.249499046501179586e-02
2.212496747081752271e-02
2.176366163019730418e-02
2.141148593404916534e-02
2.106875688554917664e-02
2.073597586012724744e-02
2.041413348480655698e-02
2.010196196844059660e-02
1.979948983782458052e-02
1.950668419353305053e-02
1.924384209270029594e-02
1.902283380779344960e-02
1.880534414879916905e-02
1.859164201668198763e-02
1.838195476313398205e-02
1.817647096293686579e-02
1.797534315230644997e-02
1.777869051332000780e-02
1.758660148732965264e-02
1.739913630409663584e-02
1.721632941514282186e-02
1.703819182249473665e-02
1.686471329658367421e-02
1.669586447836040807e-02
1.653159886306279636e-02
1.637185466430996286e-02
1.621655655855336331e-02
1.606561731139267979e-02
1.591893928749897602e-02
1.577641584819473169e-02
1.563793263952796206e-02
1.550336877578267769e-02
1.537259792318941033e-02
1.524548928876135953e-02
1.512190851969129855e-02
1.500171851895485894e-02
1.488478018213480400e-02
1.477095306177722556e-02
1.466009596379913224e-02
1.455206748196776964e-02
1.444672647514872073e-02
1.434393249260268802e-02
1.424354615156295245e-02
1.414542947217760013e-02
1.404944617336518521e-02
1.395546193411509317e-02
1.386334462335384737e-02
1.377296450203074549e-02
1.368419440068050809e-02
1.359690987480074997e-02
1.351098934090382182e-02
1.342631419593477357e-02
1.334276892112121193e-02
1.326024117303806031e-02
1.317862186320208594e-02
1.309780522724427951e-02
1.301768888552655434e-02
1.293817389573305617e-02
1.285916479852653241e-02
1.278056965706618996e-02
1.270230009096045241e-02
1.262427130506689824e-02
1.254640211362565913e-02
1.246861496000877673e-02
1.239083593241036702e-02
1.231299477535146430e-02
1.223502489753613282e-02
1.215686337565041741e-02
1.207845095442634797e-02
1.199973204306690674e-02
1.192065470729579239e-02
1.184117065819551354e-02
1.176123523644149842e-02
1.168080739295237341e-02
1.159984966512724383e-02
1.151832814921578858e-02
1.143621246822953616e-02
1.135347573582138822e-02
1.127009451579526894e-02
1.118604877737468077e-02
1.110132184622121890e-02
1.101590035115707425e-02
1.092977416689241803e-02
1.084293635232768532e-02
1.075538308504759080e-02
1.066711359176571693e-02
1.057813007496075791e-02
1.048843763575014326e-02
1.039804419344475886e-02
1.030745876729081099e-02
1.021650448122891561e-02
1.012487024309443803e-02
1.003257363005664871e-02
9.939634620134106535e-03
9.846075495183313764e-03
9.751920741805744294e-03
9.657196950265069593e-03
9.561932711232420598e-03
9.466158511654243837e-03
9.425558332037941092e-03
9.392907692266418487e-03
9.359574310610616066e-03
9.325543627518020559e-03
9.290802650813142008e-03
9.255339940267131096e-03
9.219680717414021481e-03
9.183385881256531796e-03
9.146342468870563916e-03
9.108544454784131897e-03
9.069987267876769219e-03
9.030667765772146249e-03
8.990584207199003863e-03
8.949736223047758885e-03
8.908124786012074775e-03
8.865752178750106044e-03
8.822621960929304119e-03
8.778738935109282882e-03
8.734109111378809270e-03
8.688739671221473379e-03
8.642638930428849647e-03
8.595816301089180544e-03
8.548282253084092674e-03
8.500048274725629030e-03
8.451126833150801598e-03
8.401531333871338839e-03
8.351276080425244080e-03
8.300376233347842719e-03
8.248847769186185355e-03
8.196707439371059625e-03
8.143972728852913109e-03
8.090661815030722459e-03
8.036793526684325034e-03
7.982387302946494789e-03
7.927463152743242578e-03
