3.540452672077656349e-01
3.543556190838859088e-01
3.560638247174854887e-01
3.536710608472971029e-01
3.567477249677217799e-01
3.586528397547862346e-01
3.604544932847180694e-01
3.685559013368318593e-01
4.309350025462138634e-01
5.188754854263839533e-01
5.261556441752620605e-01
5.429150042704036228e-01
5.186023056621581473e-01
6.044944414381924203e-01
6.588316185862490570e-01
7.962524397536504539e-01
1.055611734271792779e+00
1.037058299425175134e+00
1.017697361962424552e+00
9.776006102643453044e-01
1.021468111226722097e+00
1.091776316053485241e+00
1.148837809006527433e+00
8.978723047820011960e-01
8.380564387415225802e-01
7.282527108325878018e-01
7.645332411824788954e-01
8.281873396188962344e-01
7.612869307729059898e-01
9.400505438215135401e-01
1.079029120807986297e+00
1.021025614505935541e+00
9.792003396253886605e-01
1.032249016886022108e+00
1.025965790673448064e+00
1.266305549307600753e+00
1.360797546115227963e+00
1.473394889624426662e+00
1.537398353931838324e+00
1.658829574564453457e+00
1.552010256204382044e+00
1.600054118306779571e+00
1.744135823868287583e+00
1.787467746548301983e+00
1.784723359394579045e+00
1.763650566079104642e+00
1.704011745769679065e+00
1.698161339717798146e+00
2.156255525576079801e+00
2.503665930257486849e+00
2.530289806067302472e+00
2.816511407039098636e+00
2.855087693853538333e+00
2.615902884539408113e+00
2.300234894054866697e+00
2.610502794900868118e+00
2.494371603703350093e+00
2.553505380590895157e+00
2.270373409466554193e+00
2.205806249009957920e+00
2.421127808843660745e+00
2.585978418757085340e+00
2.512842072036244989e+00
2.300854445122020309e+00
1.964282266472897831e+00
1.567008702432120648e+00
1.211715802756019089e+00
9.701066395691476663e-01
8.490232607275141063e-01
8.030783515354215085e-01
7.758691035970556316e-01
7.415347300473803527e-01
7.206573781520645428e-01
6.789228215283898971e-01
6.346105124164868050e-01
5.919261261623828263e-01
5.463942265499347473e-01
6.025553781772122752e-01
6.254302300043456109e-01
5.896568739632568334e-01
5.369635011588462792e-01
4.792287657477529161e-01
4.432211387910910405e-01
4.439541392049694557e-01
4.528463316492690738e-01
4.521775827767768874e-01
4.662563469040815756e-01
4.499183175938890056e-01
4.082596080896164770e-01
3.867586887666417117e-01
3.544616023883865874e-01
3.317925442246449919e-01
2.980035386832321498e-01
2.723589695367392705e-01
2.665856122373269077e-01
2.738293492054062472e-01
2.814068486067963781e-01
2.851276515698802361e-01
2.841221129405928081e-01
2.781136968624474681e-01
2.674059898499749344e-01
2.525659949409978511e-01
2.414902477712721485e-01
2.430231476998909734e-01
2.416534828346716679e-01
2.377450433586174861e-01
2.317756795223664124e-01
2.238601238995192033e-01
2.142503125336726599e-01
2.049893460734541206e-01
1.984713238517566425e-01
1.917885298550560114e-01
1.852862051029920964e-01
1.872011910320348915e-01
1.875706891073599114e-01
1.851596066958510756e-01
1.808837032508783804e-01
1.877146837428102233e-01
1.885633499053327444e-01
1.836569501618399713e-01
1.742905684002427902e-01
1.613631176640452636e-01
1.512585407570908869e-01
1.493662580271953033e-01
1.463817450196622516e-01
1.408340606026495245e-01
1.332315821407765721e-01
1.251065583725814445e-01
1.174765911734090423e-01
1.113643394861359576e-01
1.070355710134819061e-01
1.043805194432791267e-01
1.029376012609327512e-01
1.020151559804720193e-01
1.008609433472724137e-01
1.012341328444449906e-01
1.016734653022269286e-01
1.014098649715721168e-01
9.988936598717289284e-02
9.703332380364623755e-02
9.292119456302880276e-02
9.032859018198198531e-02
8.968701548022620096e-02
8.737769070905615498e-02
8.589609815265671078e-02
8.635466167910239854e-02
8.637580848869422234e-02
8.599594119401689218e-02
8.536174457439081598e-02
8.442456914506732413e-02
8.321080871960030712e-02
8.176263633920356766e-02
8.011927284873579524e-02
7.831604377338613476e-02
7.638389479897646217e-02
7.441746129848590685e-02
7.237373919267872657e-02
7.026055047082005456e-02
6.809318547210521655e-02
6.588417769513657540e-02
6.483892013431910573e-02
6.604608794156781315e-02
6.654510069162229702e-02
6.619346545383918146e-02
6.520102840123719046e-02
6.345311033010116175e-02
6.113672172603445282e-02
5.824392252463431174e-02
5.801291194778609300e-02
6.019022787051758749e-02
6.191893819455607240e-02
6.318675078545483992e-02
6.403626592245839633e-02
6.450574246855678151e-02
6.454629452012101976e-02
6.420581067166007683e-02
6.407643669610650627e-02
6.351540730560489845e-02
6.266876235297169639e-02
6.150381430041854114e-02
6.007044902365331340e-02
5.843230739313215460e-02
5.671480858394767344e-02
5.491036597418970377e-02
5.306885383133556899e-02
5.124013392325692945e-02
4.946688571382257954e-02
4.778382041062907010e-02
4.621728249421273166e-02
4.478521169677479596e-02
4.349742626505445631e-02
4.235617960841037838e-02
4.135693702108097364e-02
4.048931686409251718e-02
3.973814103516319640e-02
3.908454230462014151e-02
3.851115167065995853e-02
3.817675560731505907e-02
3.792132898497964366e-02
3.769910960349332624e-02
3.749054113132926913e-02
3.727701994219605186e-02
3.704133556300397839e-02
3.676802561444072331e-02
3.644679254949675234e-02
3.608322729634776127e-02
3.564947392729789916e-02
3.513855229074584752e-02
3.454580285676860790e-02
3.386881727139572779e-02
3.310732105477686565e-02
3.226301721016822804e-02
3.133939937142827398e-02
3.034154275150252947e-02
3.100041119639919060e-02
3.164653649760156701e-02
3.221932849193670512e-02
3.271011582677998270e-02
3.311179760675989070e-02
3.342970305095627898e-02
3.367130691605182968e-02
3.381252616130876049e-02
3.385223039408492840e-02
3.379072430471662114e-02
3.365364813131045685e-02
3.342929940843827191e-02
3.311115808038567199e-02
3.270387715416134267e-02
3.221294425691891006e-02
3.166725147227650305e-02
3.105626290977947512e-02
3.037982426935544392e-02
2.964528487142548130e-02
2.886019125227374388e-02
2.803217372973431862e-02
2.717298069656238005e-02
2.629970244067690935e-02
2.540379934982030588e-02
2.449233713919842653e-02
2.357206874610721925e-02
2.362306503181726969e-02
2.365833084165386985e-02
2.362366758155095073e-02
2.353274824444210114e-02
2.339121099727155956e-02
2.319239834545401557e-02
2.294120598681320330e-02
2.264264808166297285e-02
2.230179210211731197e-02
2.207281296257764328e-02
2.208476136158884356e-02
2.208886520496097447e-02
2.208517113458686315e-02
2.207375678468394276e-02
2.205472753763902324e-02
2.202821346107461387e-02
2.199436642712762971e-02
2.195335741192625326e-02
2.190537397207362527e-02
2.185061789471610255e-02
2.178930301654523685e-02
2.172165320560864865e-02
2.164790050028025936e-02
2.156828339891167512e-02
2.148304529334603419e-02
2.139243303871211574e-02
2.129669565354689459e-02
2.119608314164997745e-02
2.109084542948434435e-02
2.098123141183403859e-02
2.086748809827848952e-02
2.074985985482196912e-02
2.062858773254736683e-02
2.050390887820284502e-02
2.037605602059064033e-02
2.024525702585489723e-02
2.011173451733331424e-02
1.997570555401016398e-02
1.983738136291814808e-02
1.969696712049873871e-02
1.955466177893760635e-02
1.941065793257919225e-02
1.926514172164184649e-02
1.911829276855646700e-02
1.897028414437918961e-02
1.882128236139963065e-02
1.867144739000602821e-02
1.852093269613334231e-02
1.836988529789885041e-02
1.821844583806768100e-02
1.806674867123191086e-02
1.791492196332546832e-02
1.776308780188308803e-02
1.761136231513170045e-02
1.745985579966622195e-02
1.730867285360404920e-02
1.715791251555209146e-02
1.700766840774241631e-02
1.685802888251933945e-02
1.670907717102308038e-02
1.656089153383143511e-02
1.641354541248443016e-02
1.626710758149320715e-02
1.612164230017644473e-02
1.597720946386749566e-02
1.583386475431483240e-02
1.569165978862197344e-02
1.555064226637176486e-02
1.541157552392466261e-02
1.527395110431911500e-02
1.513758596881056677e-02
1.500251540787331771e-02
1.486877146315212540e-02
1.473638305949317127e-02
1.460537613340909605e-02
1.447577375925896380e-02
1.434759627246016446e-02
1.422086138950089812e-02
1.409558432557893488e-02
1.397177790854083231e-02
1.384945269035911010e-02
1.372861705552282964e-02
1.360927732606548660e-02
1.349143786410957925e-02
1.337510117101404876e-02
1.326026798401034636e-02
1.314693736936501517e-02
1.303510681310038680e-02
1.292477230868952290e-02
1.281592844211694102e-02
1.270856847367200781e-02
1.260268441763947103e-02
1.249826711894565408e-02
1.239530632717959595e-02
1.229379076815692237e-02
1.219370821290918089e-02
1.209504554391133482e-02
1.199778881959083499e-02
1.190192333553290530e-02
1.180743368392018350e-02
1.171430381068538397e-02
1.162251707012600978e-02
1.153205627769302369e-02
1.144290376036885548e-02
1.135504140501134365e-02
1.126845070496036195e-02
1.118311280417647220e-02
1.109900853997002057e-02
1.101611848328401533e-02
1.093442297776720841e-02
1.085390217674060860e-02
1.077453607811215339e-02
1.069630455843961249e-02
1.061918740447326780e-02
1.054316434377160910e-02
1.046821507335538200e-02
1.039431928709295093e-02
1.032145670153645188e-02
1.024960708031284751e-02
1.017875025737848514e-02
1.010886615854585981e-02
1.003993482224764186e-02
9.971936418486515227e-03
9.904851267069079632e-03
9.838659854538229707e-03
9.773342849725741993e-03
9.708881118782227912e-03
9.645255738496130715e-03
9.582448009240209646e-03
9.520439466335696085e-03
9.459211891294476079e-03
9.398747321248852871e-03
9.339028058125819348e-03
9.280036676938663298e-03
9.221756032961126240e-03
9.164169268675945862e-03
9.107259819379988700e-03
9.051011418434520839e-03
8.995408102168107184e-03
8.940434213343569081e-03
8.886074404707710803e-03
8.832313641531790854e-03
8.779137204147725859e-03
8.726530689205785896e-03
8.674480011020257661e-03
8.622971402181017764e-03
8.571991413805001708e-03
8.521526915409478875e-03
8.471565094085458519e-03
8.422093453795324522e-03
8.373099813877829881e-03
8.324572307204755259e-03
8.276499378576603755e-03
8.228869782066831201e-03
8.181672578614841013e-03
8.134897133157239016e-03
8.088533111485713203e-03
8.042570477058879133e-03
7.996999487365112971e-03
7.951810690246422647e-03
