2.560065174969906598e-01
2.568491341927923166e-01
2.599007463640746751e-01
2.588785596806149614e-01
2.608648042269470224e-01
2.639663152929278001e-01
2.678170950684686802e-01
2.870668730624835741e-01
3.000633567892284637e-01
3.249068193551051809e-01
3.826924584698912502e-01
4.735273883412862150e-01
4.649213744812371596e-01
5.639906153039854209e-01
7.091675105371064713e-01
5.402708026577115463e-01
5.094579920062695111e-01
6.833967044678553870e-01
7.066356350004009412e-01
6.880244813365857803e-01
8.035233887905111061e-01
1.060305015667918793e+00
1.167039645657783176e+00
1.053357369871805949e+00
9.618419946995234726e-01
1.029314143858204300e+00
1.061828760566021046e+00
1.315005798731889275e+00
1.151356155315438778e+00
7.053584205188245804e-01
5.462011892235835164e-01
4.612485371228790543e-01
4.351615901697255540e-01
4.209865912363510709e-01
4.697948457749467344e-01
4.681975713053740940e-01
5.648739411625492979e-01
5.856929436248970999e-01
5.350879090059879051e-01
5.596876546455401558e-01
6.284246422604367055e-01
6.625106751061157206e-01
6.602206111864222793e-01
6.381598332763588344e-01
6.239029254110382006e-01
7.040312461635087615e-01
7.338109750571816248e-01
7.298637502216197559e-01
7.064377636583374365e-01
6.925187996760062692e-01
7.366528387140438561e-01
8.307578573487163220e-01
8.775134526543286739e-01
9.048678166208879992e-01
8.487318841593676222e-01
8.116934217848169597e-01
8.886440057919694491e-01
1.003120000746697160e+00
1.085302624022707940e+00
1.127327068658644293e+00
1.162838498991932257e+00
1.231061780767221503e+00
1.330024068306383755e+00
1.409978910807160979e+00
1.431689057454032188e+00
1.617519600115915335e+00
1.593888712397549590e+00
1.370402428953491736e+00
1.279434780785800196e+00
1.388204979984122511e+00
1.492308237732733023e+00
1.462010334172256565e+00
1.348647014434623648e+00
1.261085133065430686e+00
1.356868159916855943e+00
1.448917741204734266e+00
1.515628250580450587e+00
1.694580789648240549e+00
1.796420058510721507e+00
1.751903957362723530e+00
1.580938073544715605e+00
1.340415974462487059e+00
1.159172299821163321e+00
9.673136231469323665e-01
8.343956702490671340e-01
7.543106423459201570e-01
6.736385733146926791e-01
6.005392116405851022e-01
5.262225591319333873e-01
4.887919093382616098e-01
5.083831233389847215e-01
5.140304917416700370e-01
5.174756620004719032e-01
5.033462342813562751e-01
4.763197174591611849e-01
4.605611767177290594e-01
4.364337538836436936e-01
4.081763469339228512e-01
3.794837291356615294e-01
3.528466496884999914e-01
3.305376718680916315e-01
3.128581880469648580e-01
2.999387694898246193e-01
2.906539861214466058e-01
2.833997993026615148e-01
2.771885035170955636e-01
2.704463829563232280e-01
2.732162180019738762e-01
2.794910431212193624e-01
2.962599294149746987e-01
3.041492575478486060e-01
3.022733785907275039e-01
2.910137107521216238e-01
2.713904088413810478e-01
2.452219084863693777e-01
2.268657267392872323e-01
2.107404951429454609e-01
1.912948970590079290e-01
1.789034439964743428e-01
1.732062351597885852e-01
1.708299397865253866e-01
1.673129594455850799e-01
1.629036108345856271e-01
1.576325022600974513e-01
1.518858380806100972e-01
1.485531427008320304e-01
1.531949132885253306e-01
1.559200685737529291e-01
1.565290772394840324e-01
1.551067244067275974e-01
1.520194668671346339e-01
1.476954420618482311e-01
1.428467884897988149e-01
1.397876186605710447e-01
1.353877262599437192e-01
1.359711652482423483e-01
1.381905153201162251e-01
1.395341701746596608e-01
1.398007688526286263e-01
1.387837895677688227e-01
1.368862787288155913e-01
1.362461280278912390e-01
1.344467418496989031e-01
1.315687977900173167e-01
1.277278047535417294e-01
1.229155006345504647e-01
1.174227821162043689e-01
1.113562883210145460e-01
1.049435973779262871e-01
9.835429831816452917e-02
9.250698251726216514e-02
8.989647205726365720e-02
8.820727076653513132e-02
8.622011893113623593e-02
8.408997156131386985e-02
8.182810534256755586e-02
7.958899231445104583e-02
7.744501059617739380e-02
7.545503593227266548e-02
7.369628551608768674e-02
7.222660107072136071e-02
7.108163349965250510e-02
7.027433116057688056e-02
6.980940645008683332e-02
6.963863238333400929e-02
6.970960741958021067e-02
6.995255672941366742e-02
7.028477967096802281e-02
7.063635886571512090e-02
7.095199137308329240e-02
7.109447306315240522e-02
7.106399017456210832e-02
7.073015256152635766e-02
7.012367097959947004e-02
6.913249385081805809e-02
6.779219802751246249e-02
6.606025715871996495e-02
6.393726830220886059e-02
6.146872418876300065e-02
5.864151033371343968e-02
5.758800704579825069e-02
5.851933928519312961e-02
5.903922612402384001e-02
5.923603872898505068e-02
5.902609852897600790e-02
5.843763163064517180e-02
5.754909809829179823e-02
5.631286276272393782e-02
5.480177955803869350e-02
5.308800115438494505e-02
5.116418827364604960e-02
5.167717213741351845e-02
5.186376612045240364e-02
5.170040631365155348e-02
5.116493045135753204e-02
5.030907449592974395e-02
4.925726316369173630e-02
4.801727297542133371e-02
4.665253152431420719e-02
4.593942932997188006e-02
4.512086107597858969e-02
4.419949860755176957e-02
4.322644055456279638e-02
4.226009926983297083e-02
4.137208772997812145e-02
4.056683127979581610e-02
3.986627704538663747e-02
3.930005197324461241e-02
3.883873571102116479e-02
3.845707306089972410e-02
3.813555719727976245e-02
3.784863240469667905e-02
3.753383901045715537e-02
3.727295791914252143e-02
3.743053423242805045e-02
3.755120517371832167e-02
3.760631512846427521e-02
3.758442308844978791e-02
3.746904190716327659e-02
3.722567849236524395e-02
3.684094995144223533e-02
3.631494278546391202e-02
3.566422545334136524e-02
3.485881268335300903e-02
3.390252821738608952e-02
3.282737172413225518e-02
3.254025404685576689e-02
3.287481877389746010e-02
3.324327738893179812e-02
3.342106883741177009e-02
3.343087069572431291e-02
3.326752681740188788e-02
3.292588420280850858e-02
3.244025034572552146e-02
3.257920742557438715e-02
3.288690553070720141e-02
3.306489125617415037e-02
3.314080893108465459e-02
3.310119072859235567e-02
3.294161233286335699e-02
3.268824046000338990e-02
3.234172549424921966e-02
3.189650720339939904e-02
3.136570758596669839e-02
3.094595266563816144e-02
3.066471108506003615e-02
3.031448889597548185e-02
2.990191456740552006e-02
2.943834818500001491e-02
2.894186813233214431e-02
2.840233849375937980e-02
2.782662006929628729e-02
2.722140803720059926e-02
2.659315347903311311e-02
2.594799683275090391e-02
2.529171308060728859e-02
2.462966828486172835e-02
2.396678692549150322e-02
2.330752936936549696e-02
2.266187577595820193e-02
2.202734362980029309e-02
2.140589618756863141e-02
2.110034582427782607e-02
2.080072351944484144e-02
2.050430635927082482e-02
2.021160440790033264e-02
1.992307998957077581e-02
1.963914911974393510e-02
1.936018306557694968e-02
1.908651001579943912e-02
1.881841683695229667e-02
1.855615089919492033e-02
1.829992195238768285e-02
1.804990403778839944e-02
1.780623741991150394e-02
1.756903052618020294e-02
1.733836188173007789e-02
1.711428202941062821e-02
1.689681542543966519e-02
1.668596230237456846e-02
1.648170049208970769e-02
1.628398720289747290e-02
1.609276074510809437e-02
1.590794220101421699e-02
1.572943703502063806e-02
1.555713664167896783e-02
1.539091982889179318e-02
1.523065423465114546e-02
1.507619767650773476e-02
1.492739943263956225e-02
1.478410145485771834e-02
1.464613951334465224e-02
1.451334427401020782e-02
1.438554230919897835e-02
1.426255704289432560e-02
1.414420963185701943e-02
1.403031978441433847e-02
1.392070651833720620e-02
1.381518886024622923e-02
1.371358648801944413e-02
1.361572031865020821e-02
1.352141304388160097e-02
1.343048961534303032e-02
1.334277768210538791e-02
1.325810798246386882e-02
1.317631469261109495e-02
1.309723573402918687e-02
1.302071304265766880e-02
1.294659280090889632e-02
1.287472563615590058e-02
1.280496678633855773e-02
1.273717623618057099e-02
1.267121882508511974e-02
1.260696432893488629e-02
1.254428751798342817e-02
1.248306819251971712e-02
1.242319119768682360e-02
1.236454641980821827e-02
1.230702876535692304e-02
1.225053812436468180e-02
1.219497931942197660e-02
1.214026204231456046e-02
1.208630077848266843e-02
1.203301472202451296e-02
1.198032768104257892e-02
1.192816797544900796e-02
1.187646832749153503e-02
1.182516574656450152e-02
1.177420140902323518e-02
1.172352053357028981e-02
1.167307225356001461e-02
1.162280948632606579e-02
1.157268880063241044e-02
1.152267028283948148e-02
1.147271740217025750e-02
1.142279687568103011e-02
1.137287853351226681e-02
1.132293518460810236e-02
1.127294248377818525e-02
1.122287879986153501e-02
1.117272508565493594e-02
1.112246474996582066e-02
1.107208353180828310e-02
1.102156937706307883e-02
1.097091231793577253e-02
1.092010435501800450e-02
1.086913934259417860e-02
1.081801287690172496e-02
1.076672218762079157e-02
1.071526603264630687e-02
1.066364459630250033e-02
1.061185939074176139e-02
1.055991316107890779e-02
1.050780979363967471e-02
1.045555422796915976e-02
1.040315237194674829e-02
1.035061102073358587e-02
1.029793777864593425e-02
1.024514098486536962e-02
1.019222964206372394e-02
1.013921334847159988e-02
1.008610223327783238e-02
1.003290689485448854e-02
9.979638342337057016e-03
9.926307940143852190e-03
9.872927355310295167e-03
9.819508507833299080e-03
9.766063523712033984e-03
9.712604690694478723e-03
9.659144416651719786e-03
9.605695190465253844e-03
9.552269545310507204e-03
9.498880024450801970e-03
9.445539149143934374e-03
9.392259388854387950e-03
9.339053133431800269e-03
9.285932667520580691e-03
9.232910146650350272e-03
9.179997575506840604e-03
9.127206787676440253e-03
9.074549427224553808e-03
9.022036931947866739e-03
8.969680518116524351e-03
8.917491166700312888e-03
8.865479610895945703e-03
8.813656325266160801e-03
8.762031515812536767e-03
8.710615111460314614e-03
8.659416756658166320e-03
8.608445804924464914e-03
8.557711313558896693e-03
8.507222039187228163e-03
8.456986434328564103e-03
8.407012644644426547e-03
8.357308507125840377e-03
8.307881549046883946e-03
8.258738987328942405e-03
8.209887728934554124e-03
8.161334371544698776e-03
8.113085205116327484e-03
