5.194870851859604288e-01
5.228420893634734279e-01
5.266260276123551076e-01
5.341592078933785626e-01
5.394919125360139178e-01
5.460973853710076042e-01
5.683895192491404957e-01
6.664484832448120954e-01
7.733789697187491985e-01
7.045361070533745496e-01
8.329552749557277425e-01
9.737614255022940535e-01
9.925538839744983965e-01
9.749296561197647870e-01
1.282067447915623104e+00
8.624127225537687735e-01
1.015799974900480906e+00
1.121640192703236671e+00
1.139421424405713701e+00
1.392150819162342179e+00
1.438196731139968376e+00
1.449416809643598647e+00
1.562701410780503286e+00
1.433699719364644354e+00
1.703584168447476399e+00
2.210837949991532714e+00
2.790024688210877457e+00
2.294084893811821679e+00
1.922516908273785186e+00
2.360245560853683866e+00
2.787796000400761365e+00
3.280263622008262381e+00
3.462599818462112733e+00
3.791355907829857319e+00
3.020014435580453238e+00
3.138673537286724713e+00
3.017111390607340127e+00
2.853202481507830957e+00
2.849625173832111003e+00
3.422476708391552158e+00
4.258915707488164060e+00
4.281138031238573838e+00
2.815792965015821547e+00
1.776309327722189968e+00
1.388111777094610533e+00
1.270591672456054866e+00
1.137754263057070281e+00
9.961062948614539669e-01
9.349166823183781005e-01
8.715561975811709772e-01
7.920941616476467884e-01
8.471487966274480197e-01
8.111571343960116698e-01
7.702240980246793933e-01
6.685825643175415944e-01
5.782239470151092631e-01
5.332347143760749475e-01
5.273847747406407160e-01
5.197159953740528859e-01
5.022594557440508423e-01
4.914671796628831135e-01
4.830160773969160437e-01
4.799487322148632273e-01
4.568490423770515951e-01
4.032064398444978881e-01
3.760598938723576090e-01
3.469267874716707722e-01
3.197557740365059575e-01
2.999684840044542500e-01
2.882745689486298502e-01
2.822062366503975128e-01
2.771946829314959615e-01
2.667400939804018267e-01
2.472851039000799611e-01
2.517858975063017035e-01
2.501098501493375648e-01
2.365090785216713842e-01
2.118261636966110029e-01
1.839066275543388418e-01
1.774198171685632819e-01
1.743152259731147458e-01
1.680715162876341706e-01
1.680998674862036468e-01
1.639022323365353084e-01
1.570909098016028682e-01
1.517052597425058158e-01
1.482838275455821697e-01
1.459086965527483792e-01
1.438378235489622403e-01
1.423738109139403851e-01
1.420845163474094563e-01
1.429739557550960549e-01
1.472530789575557664e-01
1.484000068867513955e-01
1.430596689271927124e-01
1.372267053024277816e-01
1.300711146422081077e-01
1.206490564830066392e-01
1.158207037295780895e-01
1.065587767440977218e-01
9.764401013610773949e-02
9.304183660642906251e-02
8.761920574941466089e-02
8.815786559821718604e-02
9.204479449567508353e-02
9.577373366533888099e-02
9.747954145667539483e-02
9.655445600014760099e-02
9.268729694038099765e-02
8.708032492476827646e-02
8.181674475057648666e-02
7.914619097422362359e-02
7.610521687686497283e-02
7.294935658871756767e-02
7.002732666194093347e-02
6.754444152823026182e-02
6.558170660927087336e-02
6.413083597442310879e-02
6.312057896197467710e-02
6.243007947584321843e-02
6.189454196427389421e-02
6.131230698792081157e-02
6.046069628164681825e-02
5.921141241101252062e-02
5.738237177775565995e-02
5.478327957488342975e-02
5.139485908714616635e-02
5.287753753319977129e-02
5.420970959732785560e-02
5.459050193787830935e-02
5.519410176135675083e-02
5.521122556495328820e-02
5.448151130339184967e-02
5.319441724001087307e-02
5.137223321791746511e-02
4.915511994662156298e-02
4.672799749088815680e-02
4.427186284750649764e-02
4.194522833433277087e-02
4.127133457982202352e-02
4.065716898785599193e-02
4.002350057031665159e-02
3.951406897203144086e-02
3.921802934850813355e-02
3.916920150169855147e-02
3.935340571876675547e-02
3.972074859426386051e-02
4.019973080364670770e-02
4.071060806804009669e-02
4.117629192078810230e-02
4.152998700991031994e-02
4.171954225954464801e-02
4.175039839966009081e-02
4.158209458846384710e-02
4.118751205443767910e-02
4.057122239743796849e-02
3.974844475480095174e-02
3.874338938118409431e-02
3.758783133268208537e-02
3.631979344308637614e-02
3.498215872024035972e-02
3.362496077185810756e-02
3.230355025363539079e-02
3.104431292802977208e-02
2.989111513842450385e-02
2.888212008394989982e-02
2.804734654413289924e-02
2.740661859383814250e-02
2.698068040088133154e-02
2.675171617774763783e-02
2.670141611196276063e-02
2.680074171291923005e-02
2.701153528485704045e-02
2.728894066037520355e-02
2.758421271230620045e-02
2.786001079021661886e-02
2.807283466639075645e-02
2.816879574593459529e-02
2.811071782851672085e-02
2.838506730001578299e-02
2.925135226608721259e-02
3.003135598408369564e-02
3.071068557601365490e-02
3.122411286561798532e-02
3.154313671313764555e-02
3.164821711742041299e-02
3.152915745453932495e-02
3.118496586824363176e-02
3.062326079034118770e-02
2.986979455496662980e-02
2.909845078863923171e-02
2.909067254326628410e-02
2.895792033839876892e-02
2.868509702919900747e-02
2.828218615923790147e-02
2.776178323175037405e-02
2.713844696583361110e-02
2.642806071228296499e-02
2.564722729102998991e-02
2.481271555243171750e-02
2.394097198281105662e-02
2.304770593070570861e-02
2.214755270297423528e-02
2.125381501328300546e-02
2.037828012205144049e-02
1.967000195543331179e-02
1.931535286908030169e-02
1.896283629787711561e-02
1.861370578909961326e-02
1.826906923239830088e-02
1.792989320737077216e-02
1.759700870670330777e-02
1.727111795164343669e-02
1.695280203837274888e-02
1.664252917785708288e-02
1.634066331709481054e-02
1.604747295531123649e-02
1.576313999256833201e-02
1.548776847384110769e-02
1.522139311319902107e-02
1.496398750487172233e-02
1.471547194764148518e-02
1.447572082630791020e-02
1.424456951070495261e-02
1.402182074630575238e-02
1.380725052304430586e-02
1.360061341936580868e-02
1.355969388212853455e-02
1.361811245881599727e-02
1.366027805519071103e-02
1.368461214346991701e-02
1.369005241839192817e-02
1.367599623206213096e-02
1.364224253871784351e-02
1.358893440721609461e-02
1.351650370631238968e-02
1.342561915016863248e-02
1.331713852772792132e-02
1.319206562559892097e-02
1.305151209253422630e-02
1.289666428260523648e-02
1.272875494868154315e-02
1.254903953363612976e-02
1.235877672063952736e-02
1.233094332039949212e-02
1.230631790537771789e-02
1.227772988258678255e-02
1.224525036881910292e-02
1.220896113043413653e-02
1.216895016644511419e-02
1.212530811645480544e-02
1.207812540743077000e-02
1.202749005779958635e-02
1.197348606134426320e-02
1.191619227587888477e-02
1.185568174902585162e-02
1.179202141675424198e-02
1.172527211621408362e-02
1.165548886012756497e-02
1.158272132334594098e-02
1.150701449904066934e-02
1.142840948431594547e-02
1.134694436089601563e-02
1.126265513915517338e-02
1.117557673813483060e-02
1.108574397683236706e-02
1.099319255554128717e-02
1.089796000930249621e-02
1.080008661600055132e-02
1.069961624783718167e-02
1.059659715260800016e-02
1.049108265753468001e-02
1.038313178727593572e-02
1.027280979120194157e-02
1.016018857617331968e-02
1.004534704266823140e-02
9.928371323471503127e-03
9.809354925617004214e-03
9.688398777234312476e-03
9.565611182493277340e-03
9.441107688059422604e-03
9.315010865823600619e-03
9.187450017637006222e-03
9.058560807509751997e-03
8.928484828077369248e-03
8.797369108131157869e-03
8.697868682804019147e-03
8.636733792498924728e-03
8.573632863050463862e-03
8.508592048875650640e-03
8.441643567494156244e-03
8.372825590506295310e-03
8.302182095545646012e-03
8.229762682243214889e-03
8.155622355135710294e-03
8.079821276771585736e-03
8.002424494272563152e-03
7.923501642098226480e-03
7.843126625237386781e-03
7.761377284724207612e-03
7.678335050413595715e-03
7.594084581679073909e-03
7.508713401729863977e-03
7.422311526161998532e-03
7.334971090010130451e-03
7.246785974576818064e-03
7.157851437734808267e-03
7.068263748907194916e-03
7.000877762720468349e-03
7.051919225832498778e-03
7.099936753102730619e-03
7.144670213612153674e-03
7.185885449588202967e-03
7.223374463831499538e-03
7.256955440106543052e-03
7.286472604891815891e-03
7.311795939821916744e-03
7.332820755009089413e-03
7.349467133137537606e-03
7.361679255737349145e-03
7.369424622737382781e-03
7.372693176200165177e-03
7.371496340069205386e-03
7.365865986560633620e-03
7.355853340700397452e-03
7.341527833753560585e-03
7.322975915541839187e-03
7.300299836278976301e-03
7.273616407158735656e-03
7.243055748753880058e-03
7.208760035921000370e-03
7.170882247110256687e-03
7.129584925244236704e-03
7.085038957450643174e-03
7.037422378970195277e-03
6.986919207638272317e-03
6.933718313361178325e-03
6.878012326960320118e-03
6.819996592217123475e-03
6.759868164351481683e-03
6.697863365283479760e-03
6.635083193358817626e-03
6.570723709224643959e-03
6.504979517358142581e-03
6.438042929795780023e-03
6.370103268700763252e-03
6.301346224043155760e-03
6.231953265291786948e-03
6.162101107440799003e-03
6.091961229847553221e-03
6.021699446874959061e-03
5.951475529586448820e-03
5.881442875816314184e-03
5.811748228469375624e-03
5.742531438556230765e-03
5.673925272443354137e-03
5.606055260202268999e-03
5.539039583705300182e-03
5.472989001885938606e-03
5.408006811124182502e-03
5.344188838268836873e-03
5.281623464522396290e-03
5.220391677901326660e-03
5.197350290775590992e-03
5.174854840112802674e-03
5.150712635322397120e-03
5.125056507278305529e-03
5.098018583757694261e-03
5.069729827662374649e-03
5.040319607271115908e-03
5.009915297926205609e-03
4.978641915274484471e-03
4.946621778705697151e-03
4.913974205566841100e-03
4.880815234449716739e-03
4.847257377329792193e-03
4.813409399203493443e-03
4.779376124928387190e-03
4.745258271664326913e-03
4.711152306197141128e-03
4.677150325993838405e-03
4.643339963073256360e-03
4.609804308953116894e-03
4.576621860818437700e-03
4.543866485796498218e-03
4.511607404805487685e-03
4.479909192185009027e-03
4.448831792023536479e-03
4.418430549123490703e-03
4.388756253689299336e-03
4.359855198831428039e-03
4.331769249851817258e-03
4.304535924176693465e-03
4.278188480908374364e-03
4.252756019862390276e-03
4.228263587712690480e-03
4.204732291949742247e-03
4.182179420794896602e-03
4.160618568860890293e-03
4.140059767179916569e-03
