6.617096803047781695e-01
6.602606382970034327e-01
6.680501204836977180e-01
6.681170230963412449e-01
6.717421282460848131e-01
6.768122259939611807e-01
6.908233525849364343e-01
6.997380995951015814e-01
7.183296510329633122e-01
7.600356377569312816e-01
1.031502141886432966e+00
1.234926138580745958e+00
1.046349425036575465e+00
1.248072853389849968e+00
1.460984610450134724e+00
1.180953806787580662e+00
1.334877305743029430e+00
1.487127923265769258e+00
1.590947698856804315e+00
1.367175011539640384e+00
1.664091383734084717e+00
2.239944402999007877e+00
2.509717305540038801e+00
2.182516171018868967e+00
2.147872634363840127e+00
2.556365291102344006e+00
2.732054675591973680e+00
2.371423484632598111e+00
2.441777542801263579e+00
2.338961261383559087e+00
1.951958303513976256e+00
1.967688093872811406e+00
2.506328860046189710e+00
2.458800090864127430e+00
2.610669523140425774e+00
2.221165373298659595e+00
1.638476886395795473e+00
1.410261924946035084e+00
1.354791547031303889e+00
1.305802606104219610e+00
1.430229957994118895e+00
1.513552760439597966e+00
1.730610257693709242e+00
2.105905853654645998e+00
2.230294564035629978e+00
2.117247787132335191e+00
2.152813706120444870e+00
2.012826693818734469e+00
1.911453309135045853e+00
2.278299961152973285e+00
2.722466685752373383e+00
2.632632155142368369e+00
2.663942600725893950e+00
2.567343146351059424e+00
2.454909788127880521e+00
2.578873092169655212e+00
2.851558491744992541e+00
3.220695170362426474e+00
3.527822486522790069e+00
3.521386770952967815e+00
3.298707518495502811e+00
2.993609352421596093e+00
3.027317830112141284e+00
3.342896887147765561e+00
3.731164344025814206e+00
3.941179841488530844e+00
4.157059367025968122e+00
4.173798305885192406e+00
3.840504075356279579e+00
3.403391730718485331e+00
3.046773742409286889e+00
3.272202428883447922e+00
3.744069337384980933e+00
4.238604865599664429e+00
4.547242636669051485e+00
4.608310028613562537e+00
4.436047187212733611e+00
4.710788419878917388e+00
5.057077822759109331e+00
4.804590089889987148e+00
4.187489975446633039e+00
3.878908230838071347e+00
3.632009536976594344e+00
3.573196814039410363e+00
3.581027889779118123e+00
3.459468512134990625e+00
3.524499946168627051e+00
3.563200281730735330e+00
3.503039445196863166e+00
3.410005368762893951e+00
3.352160028064580910e+00
3.430203519013487412e+00
3.595608732918298855e+00
3.807278635296108771e+00
3.991819298881135847e+00
4.090289918566473837e+00
4.186704887859939106e+00
4.223822771742131721e+00
4.159985434124061854e+00
3.964066673136677821e+00
3.653847978569982669e+00
3.334247201170339014e+00
2.999582680354168307e+00
2.631111434923698589e+00
2.258711735825762013e+00
1.910121522462852495e+00
1.608468433550030996e+00
1.440871262702960509e+00
1.306037191092134897e+00
1.176796315879810928e+00
1.058137558567660230e+00
1.032909793469580784e+00
1.017796101860895641e+00
1.001343993194103055e+00
9.785370635935574102e-01
9.474292049733642473e-01
9.102263897053696207e-01
8.686603533131239674e-01
8.249778545535351171e-01
7.822891547502405230e-01
7.419760548536807887e-01
7.054154224553058627e-01
6.737078849311404216e-01
6.620577954132335075e-01
6.450086809756339079e-01
6.173926190461329622e-01
6.047123468180746197e-01
6.010666900047730854e-01
6.010484072418432744e-01
6.032748775417745568e-01
6.066232694963171745e-01
6.091028898852998141e-01
6.093446361245725695e-01
6.067099917225458050e-01
5.998905897687506483e-01
5.882705230581174449e-01
5.722512797505230342e-01
5.658441526998296833e-01
5.765832265973082071e-01
5.832402129865446039e-01
5.801720758255842769e-01
5.676694425820068002e-01
5.462662248927668829e-01
5.199818720339804967e-01
5.006259717646500684e-01
4.930800653725687654e-01
4.898568684965485809e-01
4.841260431615425075e-01
4.762614445030399213e-01
4.664242002553476985e-01
4.547126404706726688e-01
4.413027639834140037e-01
4.396722578194433573e-01
4.391309072771111266e-01
4.369130848836570991e-01
4.333160088232443363e-01
4.280698874564580758e-01
4.217884584944143755e-01
4.140963226946755005e-01
4.051506058198323657e-01
3.953259425266472671e-01
3.844165014425203197e-01
3.725002319673080264e-01
3.597370796642626045e-01
3.462429405921469971e-01
3.318886361102721949e-01
3.169993791119183890e-01
3.160009660677445820e-01
3.150185174059502158e-01
3.128571818833453810e-01
3.097730105448186499e-01
3.054579430401590523e-01
3.003824657888462535e-01
2.942990926751193892e-01
2.949759608804278233e-01
3.024847930977103139e-01
3.085107947527739869e-01
3.057586615767611260e-01
2.959387547730166768e-01
2.901233934820776073e-01
2.788891709081944281e-01
2.632139542156040068e-01
2.585057560676055077e-01
2.545081046588941187e-01
2.503949221685493609e-01
2.461539994196852710e-01
2.418090979101417126e-01
2.373832766553425067e-01
2.330287281794752863e-01
2.286342981352320336e-01
2.242116652248717645e-01
2.197793331353123381e-01
2.153542665068975959e-01
2.109524377141327456e-01
2.066806466633009098e-01
2.024493800692190315e-01
1.982695478732248995e-01
1.941504627712178077e-01
1.900998943148048403e-01
1.861241398957946269e-01
1.822281094351785591e-01
1.784154207606407638e-01
1.756067999856837092e-01
1.744918567173004420e-01
1.725059316920052876e-01
1.699825212282830289e-01
1.670407359402891478e-01
1.640474677910779000e-01
1.610866555851059867e-01
1.582814367738717976e-01
1.557921294256972289e-01
1.536293620914553903e-01
1.517221833733429226e-01
1.500190388293698440e-01
1.484979253608225691e-01
1.469057058589520182e-01
1.451723825513243638e-01
1.431004824680078280e-01
1.405733440293283620e-01
1.420225061434347569e-01
1.456716530500439255e-01
1.491598025195102206e-01
1.524438932973316008e-01
1.553623346280864070e-01
1.578074044343750759e-01
1.597020422287273866e-01
1.609802096127309068e-01
1.616611809564219293e-01
1.616933336308915281e-01
1.614487863381756094e-01
1.609509639048842256e-01
1.596384613802302177e-01
1.573638475432874995e-01
1.540627374416535800e-01
1.496598647212151467e-01
1.490669509541579230e-01
1.539905937840056194e-01
1.580710666340421899e-01
1.613031747198387378e-01
1.636875286259815432e-01
1.652269025820786164e-01
1.659668633439780328e-01
1.658748227152137544e-01
1.649319367028029837e-01
1.631449604370950879e-01
1.605315744023003421e-01
1.571199805898269575e-01
1.529471515869343379e-01
1.480563934358890277e-01
1.425326653448737435e-01
1.388530065393859259e-01
1.371414513971261906e-01
1.349239673799220440e-01
1.322017208495531448e-01
1.289830919831655154e-01
1.253963845698171098e-01
1.213701835643991450e-01
1.170786563910886091e-01
1.141069670210277942e-01
1.146051056014248809e-01
1.148116462656041253e-01
1.147908585075123195e-01
1.144786953066779245e-01
1.138907062236065165e-01
1.130482861014999174e-01
1.120501191885789338e-01
1.108254274281783025e-01
1.093932851317184762e-01
1.077731811434339548e-01
1.060135378098766290e-01
1.041469700158986905e-01
1.021463551624520877e-01
1.000308356857202430e-01
9.781909867536275893e-02
9.552924014527219843e-02
9.392842443876664449e-02
9.367700793797600900e-02
9.335748792134604401e-02
9.296621191132260764e-02
9.250744989684572817e-02
9.198552608060361901e-02
9.142249695739267101e-02
9.081790612387727335e-02
9.016192252485880076e-02
8.945880777133027872e-02
8.871276523976795447e-02
8.792792144983231639e-02
8.711519594842603853e-02
8.628920454672636686e-02
8.543488204361698868e-02
8.455591242861662526e-02
8.365584176123926075e-02
8.273806969786173804e-02
8.180584255923095682e-02
8.086224785725598663e-02
7.991021019057573116e-02
7.896048726328518119e-02
7.801493923818760001e-02
7.706766761318124825e-02
7.612096750897058561e-02
7.517696921335519089e-02
7.423764013036331100e-02
7.330478749965314844e-02
7.238006180145310775e-02
7.146496076691181976e-02
7.056083391701592489e-02
6.966888755454758719e-02
6.879019014161120993e-02
6.792567799322908606e-02
6.707616122899723310e-02
6.624232991886896960e-02
6.542476037488968721e-02
6.462392153328166966e-02
6.384018138587894964e-02
6.307381341376391837e-02
6.232500298926236387e-02
6.159385370805364746e-02
6.088281668756586468e-02
6.018971156029265940e-02
5.951385506555507271e-02
5.885511057009906732e-02
5.821328794152126618e-02
5.758814895108621545e-02
5.697941246536516319e-02
5.638675942018403497e-02
5.580983756241952171e-02
5.524826595802578150e-02
5.470163926086227951e-02
5.416953173988375836e-02
5.365150106321797674e-02
5.314709184172349693e-02
5.265583893209904026e-02
5.217727050492719509e-02
5.171091088058476365e-02
5.125628313810522141e-02
5.081291150561073611e-02
5.038032353514455136e-02
4.995805207307701251e-02
4.954563703156814047e-02
4.914262697036878708e-02
4.874858049694151541e-02
4.836306749484983042e-02
4.798567018656689498e-02
4.761598404406015839e-02
4.725361855153022150e-02
4.689819783219897897e-02
4.654936114775163475e-02
4.620676327714841325e-02
4.587007478663243654e-02
4.553898219656984936e-02
4.521318805383924694e-02
4.489241091967316466e-02
4.457638527713636556e-02
4.426486136959609241e-02
4.395760497246867932e-02
4.365439711070673995e-02
4.335503372292741353e-02
4.305932528225351469e-02
4.276709637715397916e-02
4.247818525960087715e-02
4.219244336395133049e-02
4.190973480326190548e-02
4.162993584558060539e-02
4.135293437507686631e-02
4.107862934426614182e-02
4.080693021535089504e-02
4.053775640104675948e-02
4.027103670104289351e-02
4.000670874347911354e-02
3.974471842717933884e-02
3.948501937287550445e-02
3.922757238228861965e-02
3.897234490701451809e-02
3.871931052952368862e-02
3.846844845838476301e-02
3.821974303707158238e-02
3.797318326879781103e-02
3.772876235794261901e-02
3.748647726862093521e-02
3.724632830135170269e-02
3.700831868787486656e-02
3.677245420454706287e-02
3.653874280492093451e-02
3.630719427106253450e-02
3.607781988391742939e-02
3.585063211280185153e-02
3.562564432378542006e-02
3.540287050592554052e-02
3.518232501704500470e-02
3.496402234680540122e-02
3.474797689687345037e-02
3.453420277948567041e-02
3.432271363158904964e-02
3.411352244614906243e-02
3.390664141813257842e-02
3.370208180620325178e-02
3.349985380937283569e-02
3.329996645646607356e-02
3.310242751021624102e-02
3.290724338280436034e-02
