7.131123479072761784e-01
7.142419717148600355e-01
7.153682280288634621e-01
7.173335929770916497e-01
7.190058924393847306e-01
7.205556227613014730e-01
7.226166296429312741e-01
7.232449366529992707e-01
7.268622203169623486e-01
7.305028153980545058e-01
7.346135353620395492e-01
7.391647135200705154e-01
7.440421050923167190e-01
7.513386151119449963e-01
7.675398910995562263e-01
8.507097447577608440e-01
8.643077063581544595e-01
9.681604489215099862e-01
8.895282688455505848e-01
9.299084631828854475e-01
9.054604508322183776e-01
1.055795960101042263e+00
1.192275433619518932e+00
1.431463325549296561e+00
1.722545174318985017e+00
1.261962519486584666e+00
1.272374537626637769e+00
1.453301411869164728e+00
1.677187840098090632e+00
1.967060054813020376e+00
2.555110828098553277e+00
2.371728708083186810e+00
1.885605623306044309e+00
1.866551024989345775e+00
1.661249122286986957e+00
1.656724610581141732e+00
2.320775743670385971e+00
2.398789037433932236e+00
2.092243990552250299e+00
1.855052575962995887e+00
1.676441424802374014e+00
1.714557186910173447e+00
1.742584227829238275e+00
1.918808654970700411e+00
2.168331567486265765e+00
2.557224325002427356e+00
2.416975018495450378e+00
2.213520585962605036e+00
1.626936568942921824e+00
1.411177436161250576e+00
1.342632719983360756e+00
1.310682247276732992e+00
1.317621130640727056e+00
1.344682193328335051e+00
1.381603356094244228e+00
1.510476208894127037e+00
1.583772673971869605e+00
1.574787780205807231e+00
1.758361276863435352e+00
1.903586639874688791e+00
1.943037279658105687e+00
2.077477120809545053e+00
2.199799594410527082e+00
2.222209946721962481e+00
2.013868603567904980e+00
1.777694250601951742e+00
1.730853244784637646e+00
1.815239604246932537e+00
1.879694881557211872e+00
1.922354630431844846e+00
1.944324808216436828e+00
1.949036313565346790e+00
1.941408688614486788e+00
2.123667183698603633e+00
2.223238453539978288e+00
2.168616925763755088e+00
2.038932409678651858e+00
2.102138230806113839e+00
2.173863087604662070e+00
2.253833350621834875e+00
2.341345576609850543e+00
2.434195802419750088e+00
2.530423309235107610e+00
2.624078295517108916e+00
2.710872668722343892e+00
2.786979593579983483e+00
2.850373572594391280e+00
2.898751954608159043e+00
2.969180779840321360e+00
3.024267660472436337e+00
3.058275777091165271e+00
3.074624615685857432e+00
3.292695141430333372e+00
3.877327226298762586e+00
4.194016386318302203e+00
4.217263046531003035e+00
4.017082927691089544e+00
3.697255697940553532e+00
3.245383306523479394e+00
2.954714306618833941e+00
2.947092664526189676e+00
2.932600322721711006e+00
3.169757779052152280e+00
3.555806874220118097e+00
3.891887280783322467e+00
4.111816475499660228e+00
4.156503365304363484e+00
4.021554999989660928e+00
3.718906391000571521e+00
3.522695966872484874e+00
3.497550642489837269e+00
3.386819020799343161e+00
3.195313658644388877e+00
3.186624126002674640e+00
3.228181484557993475e+00
3.265430662363655312e+00
3.297095897873483228e+00
3.320646573941963275e+00
3.334876109319858895e+00
3.342021622853390106e+00
3.338727096382940296e+00
3.325125951334782837e+00
3.303206977935420507e+00
3.270029328288410753e+00
3.229024122527352159e+00
3.283115971874592365e+00
3.569160227502020444e+00
3.795590976956377371e+00
3.958886118210164007e+00
4.058201403735296253e+00
4.098270193360418645e+00
4.305051698343227429e+00
4.431698646327946634e+00
4.455254162001342166e+00
4.380369911618499756e+00
4.263123594810453554e+00
4.065050168100363237e+00
3.798848046090144592e+00
3.511281497305089427e+00
3.310501519053535180e+00
3.093335076551824603e+00
2.914786754867194851e+00
2.728255115064480929e+00
2.535989591664306708e+00
2.341552072590721068e+00
2.148561775605051682e+00
1.968412340651984449e+00
1.813794978807584668e+00
1.663750032096617648e+00
1.519534722292819051e+00
1.383039933329020865e+00
1.272592672462841801e+00
1.234571179430777210e+00
1.197722325740007587e+00
1.160937677880266472e+00
1.124840001439330495e+00
1.089616322105519508e+00
1.054778395505892918e+00
1.021032022431822339e+00
9.881401757224558269e-01
9.558924040774851028e-01
9.246514477960858791e-01
8.945438243025009006e-01
8.760772977291420016e-01
8.698549496378905621e-01
8.673609054604664026e-01
8.675270124378142711e-01
8.691139182164782095e-01
8.712944188376070542e-01
8.723389216130935653e-01
8.720531929497291612e-01
8.692525088816671630e-01
8.636290006518606566e-01
8.554277214747655345e-01
8.442826735279063133e-01
8.304075217758820626e-01
8.143564817963306890e-01
7.965250797216638645e-01
7.771336721642830847e-01
7.569415186978660781e-01
7.384226502179075391e-01
7.295325748880985284e-01
7.174498279103297405e-01
7.028536713361893673e-01
6.860078528914232976e-01
6.671470534426564569e-01
6.469530992017277216e-01
6.389664212026712198e-01
6.322892064462418693e-01
6.249297359492114179e-01
6.168081018765779744e-01
6.078606836504035771e-01
5.981394109420129501e-01
5.874069653431961413e-01
5.756168306093161213e-01
5.627278824362595966e-01
5.523237708601970164e-01
5.489212992744788577e-01
5.454644760213036569e-01
5.413948886497743640e-01
5.368865779790330528e-01
5.316442772248595183e-01
5.255157554089597838e-01
5.186679370172202486e-01
5.108051856791591128e-01
5.018729882265891007e-01
5.005759613924158913e-01
5.057199268456881169e-01
5.103184573736629925e-01
5.140268091370909787e-01
5.170183586505099349e-01
5.190598718963161939e-01
5.200333542384364405e-01
5.201733210876131608e-01
5.191587262752028753e-01
5.169710148712829412e-01
5.138564100600551132e-01
5.095355999267494607e-01
5.040107687791491875e-01
4.975625872606100342e-01
4.899548475489747812e-01
4.812087978999519677e-01
4.716298598013539123e-01
4.610129405988744322e-01
4.494274022789593315e-01
4.371620593354845763e-01
4.240273741993083600e-01
4.102291134809131212e-01
3.958605620763624988e-01
3.808702052421538142e-01
3.655817399439345028e-01
3.564608712604130925e-01
3.558506362419997515e-01
3.545522217019387301e-01
3.525841802620928167e-01
3.499676537425093215e-01
3.467923344685170939e-01
3.430620633863478153e-01
3.387741153096690550e-01
3.339572981883955904e-01
3.293450497177611846e-01
3.256185236828759155e-01
3.217415154378108211e-01
3.177325760843084379e-01
3.135459120431424163e-01
3.092028272699723912e-01
3.047618117407551730e-01
3.002680381699285861e-01
2.956741893615042471e-01
2.942276598532320153e-01
2.970788132954440552e-01
2.992075102391088537e-01
3.005972756548550007e-01
3.013367739649517874e-01
3.015187531622794403e-01
3.011466493007615153e-01
3.003367176433163754e-01
2.991112158554932732e-01
2.975015760647544694e-01
2.956011416095854494e-01
2.934254035694748852e-01
2.910041087468311916e-01
2.886285721665227677e-01
2.880616560512954116e-01
2.871006335527151454e-01
2.857758904177061798e-01
2.841252347476483364e-01
2.822262086850804153e-01
2.800386035058257672e-01
2.776504788932959156e-01
2.750090342885710970e-01
2.745186609393543420e-01
2.747018289525585688e-01
2.744085577762152006e-01
2.736493922881686469e-01
2.724699695100905594e-01
2.708595020284640387e-01
2.688409164744253732e-01
2.664415825017125705e-01
2.636901831070135871e-01
2.606142374509299309e-01
2.572518531212394377e-01
2.536353807238216351e-01
2.497485254455227843e-01
2.456049110812212055e-01
2.412008910248223115e-01
2.364929761362058735e-01
2.314671631727260037e-01
2.261141678922068687e-01
2.204323051336481709e-01
2.144431562701099303e-01
2.088931304338872696e-01
2.091915052654318152e-01
2.091805284220486227e-01
2.088273300745877303e-01
2.081234085337191064e-01
2.070620873289785169e-01
2.056385835690169583e-01
2.038500807063671205e-01
2.017142466600468365e-01
1.992296291569678190e-01
1.963904583729626507e-01
1.932024493568696433e-01
1.896738536716439105e-01
1.858439705061652181e-01
1.817258160914240195e-01
1.773090581872110161e-01
1.726176701017476667e-01
1.723882603428708027e-01
1.723142783423343705e-01
1.722207403954882088e-01
1.721196452491379758e-01
1.719957022659417967e-01
1.718467873108497634e-01
1.716712447236505013e-01
1.714676215559360062e-01
1.712346604295262864e-01
1.709712920420822513e-01
1.706766273757251151e-01
1.703499496742948149e-01
1.699907062446309458e-01
1.695985001313840557e-01
1.691730817204183390e-01
1.687181533869555050e-01
1.682469115735864829e-01
1.677425149953581385e-01
1.672051773894467075e-01
1.666352202111645309e-01
1.660330646329400972e-01
1.653992236994272225e-01
1.647342946662766761e-01
1.640389515354320482e-01
1.633139378100177952e-01
1.625600594816220823e-01
1.617954415811072577e-01
1.610068892193998180e-01
1.601918508657916018e-01
1.593512972721471133e-01
1.584862323046219434e-01
1.575976874655233284e-01
1.566867166943435308e-01
1.557543914416205377e-01
1.548017960215094802e-01
1.538300232356047126e-01
1.528456405118977512e-01
1.518565199972956026e-01
1.508510305269334661e-01
1.498302558289858755e-01
1.487952714591385672e-01
1.477471419123974616e-01
1.466869179724315797e-01
1.456156342910348012e-01
1.445343071888190445e-01
1.434439326701780759e-01
1.423454846434888399e-01
1.412399133392474027e-01
1.401289159123363659e-01
1.390250947832291362e-01
1.379163661743081637e-01
1.368035793964376967e-01
1.356875553570894843e-01
1.345690859302648146e-01
1.334489334620034828e-01
1.323278304060415966e-01
1.312064790829104155e-01
1.300855515524811101e-01
1.289656895920457125e-01
1.278475047730902314e-01
1.267315786310612147e-01
1.256184629159785293e-01
1.245086799240655018e-01
1.234027228967028850e-01
1.223010564846570419e-01
1.212041172712674808e-01
1.201186674669072335e-01
1.190393928144345692e-01
1.179656559103524766e-01
1.168977968112901028e-01
1.158361307221170144e-01
1.147809487308105725e-01
1.137325185728947780e-01
1.126910854118629013e-01
1.116568726357450442e-01
1.106300826681366617e-01
1.096108977846384364e-01
1.085994809360917718e-01
1.075959765764560871e-01
1.066005114862205588e-01
1.056131955973508424e-01
1.046341228105064913e-01
1.036633718045315705e-01
1.027010068399080295e-01
1.017470785464266725e-01
1.008016247030515261e-01
9.986467099940131431e-02
9.893623178466216805e-02
9.801631079827084758e-02
9.710490188325099359e-02
9.620198968111116911e-02
9.530755030705570507e-02
