8.816354015336891337e-01
8.822688366081578026e-01
8.854222962230267058e-01
8.847491270511470551e-01
8.865384679406247415e-01
8.878467101934155448e-01
8.888137001471521081e-01
8.936274422343639667e-01
9.182823646297344489e-01
9.407125525857140680e-01
1.187577927035479597e+00
1.303661487429848886e+00
1.168021620071848066e+00
1.789172936384688439e+00
2.130738202618611243e+00
2.069162414027561070e+00
2.297675414785780301e+00
1.773481662062903252e+00
1.889016387642898476e+00
2.160532115327653102e+00
2.126757422477743020e+00
2.241404492839020435e+00
2.198612704608615687e+00
2.195567179630693921e+00
1.831240895731755414e+00
1.655155240212855317e+00
2.037464054053020224e+00
2.060407004428493227e+00
2.195866554519364744e+00
2.258574417141846258e+00
2.485152624610845074e+00
2.751217753159691526e+00
2.462509908198741826e+00
2.675999550359641876e+00
3.212016139801407988e+00
3.723174688741169192e+00
3.707869619054736887e+00
3.606265512228364667e+00
3.461912662184208678e+00
3.777898275347712165e+00
4.053268686342568650e+00
4.283495468377051196e+00
4.716097317109654519e+00
5.036305645145550791e+00
5.638034408743644477e+00
5.871171496936039347e+00
5.956706580008246377e+00
5.511000298950933463e+00
4.870243924190747364e+00
5.417996734036163886e+00
5.823391192501887303e+00
5.673318526381808447e+00
5.853867409176140235e+00
5.871520213145208444e+00
5.417380192383239645e+00
4.594157070655167097e+00
4.472146468368803696e+00
4.533750076345852698e+00
4.823806747577488174e+00
5.017435384414548061e+00
4.885436964300369667e+00
4.465079192497348970e+00
4.033094915079937337e+00
3.948840450656045498e+00
4.324338869571209720e+00
4.917866502505686022e+00
5.520097293763465807e+00
5.865305995320672316e+00
5.896021900570462826e+00
5.922795849370476873e+00
5.371434227382412274e+00
4.807130904457940446e+00
4.365013769901922913e+00
3.845887345164675342e+00
3.336196533935941400e+00
2.932943048829039334e+00
2.539784203625940595e+00
2.178762074572210938e+00
1.864652317907946388e+00
1.610046582353140243e+00
1.415941478748427462e+00
1.277786506027569491e+00
1.188177410192504446e+00
1.131719707156612298e+00
1.095918257489919556e+00
1.070705173883815364e+00
1.048614980620215187e+00
1.024792506700577643e+00
9.966832739187923007e-01
9.645542899112137247e-01
9.289859528729705884e-01
8.899937419488263002e-01
8.491340395713963263e-01
8.079944162606036429e-01
7.686525212917558747e-01
7.315274212011555477e-01
6.969172995149648386e-01
6.651402889480004799e-01
6.362038698004265358e-01
6.098902316228488329e-01
5.858467935103771618e-01
5.668018977897733013e-01
5.514322314190871488e-01
5.374149012454380037e-01
5.245403290499580651e-01
5.126102945076197459e-01
5.127023448415261031e-01
5.129167344361301728e-01
5.085723947082787522e-01
4.983005056980209790e-01
4.832818462917115032e-01
4.636432892610228840e-01
4.465004881029778772e-01
4.389241215209105373e-01
4.316820126143666725e-01
4.247261211948543669e-01
4.179948059198488886e-01
4.114142982895521161e-01
4.049018721846938673e-01
3.983701315285900768e-01
3.919202151329495565e-01
3.854690590760147528e-01
3.787567084518754790e-01
3.717201038161173088e-01
3.643115295501899720e-01
3.565004884074641223e-01
3.482745184662816573e-01
3.398782119525929346e-01
3.312158553106522851e-01
3.221775953465272901e-01
3.128107333094217735e-01
3.031731949146038718e-01
2.933307032671821357e-01
2.833538980167863985e-01
2.734427845729870965e-01
2.662731325571604524e-01
2.642567068508658856e-01
2.619105793649705860e-01
2.592569849421467731e-01
2.563238389408009632e-01
2.531433750625476375e-01
2.497508093859025502e-01
2.462636906758742528e-01
2.427349002839395975e-01
2.390915630459812258e-01
2.353694502809069722e-01
2.316024004694028637e-01
2.278216805153845947e-01
2.240554946769676148e-01
2.203286350276430217e-01
2.166622638443753968e-01
2.130738157816630396e-01
2.095770059952798414e-01
2.061819294221361731e-01
2.029606958947154927e-01
1.998631194000042022e-01
1.968729883279433102e-01
1.953384756633509134e-01
1.941026607028002726e-01
1.928137004863508253e-01
1.914763431784994308e-01
1.900922388321997503e-01
1.886603816762409125e-01
1.871775761534103799e-01
1.856389096561623375e-01
1.840382173648172637e-01
1.823685270688228111e-01
1.807003470922911859e-01
1.789812558723993252e-01
1.771696138860693326e-01
1.752588215987217479e-01
1.732430829204378020e-01
1.711176098548347346e-01
1.688787810132495737e-01
1.665242558141197815e-01
1.640551478199155644e-01
1.615712089576454291e-01
1.589687970009054652e-01
1.562507473835649252e-01
1.534212091466082006e-01
1.507981564178690059e-01
1.507574764798021438e-01
1.521850546841864160e-01
1.546547801657779664e-01
1.565791882733838514e-01
1.579331475268859197e-01
1.587001926560143994e-01
1.590488122214243627e-01
1.588436718487925281e-01
1.580501062713554616e-01
1.566819845337308337e-01
1.549062288742045490e-01
1.526640715344354526e-01
1.499185920852798282e-01
1.467058272304689603e-01
1.431553919599753144e-01
1.393048428997775423e-01
1.351027300751064253e-01
1.305958278158719510e-01
1.258319146135129518e-01
1.209314839947296105e-01
1.204938108065112118e-01
1.227133270693573919e-01
1.245761571079993246e-01
1.259737388814822778e-01
1.269019940589960760e-01
1.274133618422380876e-01
1.276164519358124472e-01
1.274137847524848544e-01
1.268335264808978791e-01
1.259820626213787043e-01
1.248721614590684176e-01
1.234722597932818439e-01
1.218154571508665296e-01
1.200091865722617418e-01
1.180440785041596968e-01
1.159118431762837659e-01
1.136435991038615839e-01
1.112858386425709528e-01
1.089119643501985646e-01
1.064786941937522907e-01
1.040108313699260045e-01
1.015311357796485348e-01
9.906022745653934869e-02
9.662819588619259159e-02
9.426996750265907721e-02
9.196367960130744090e-02
8.972164289829098749e-02
8.755406363355186516e-02
8.546912248180599248e-02
8.347307205661662344e-02
8.157034964565056112e-02
7.976370197585337662e-02
7.805431900606682460e-02
7.644197396389082466e-02
7.492516707829095790e-02
7.350127070667050733e-02
7.216667379962928008e-02
7.112432391434943268e-02
7.027706280403386851e-02
6.949231481175918712e-02
6.877014757506481890e-02
6.810995357144108975e-02
6.751051609377885232e-02
6.697007486806440257e-02
6.648639067661978042e-02
6.605680843017809611e-02
6.567831821330043229e-02
6.534761390365585731e-02
6.506114903330983967e-02
6.481518962951220153e-02
6.460586383225669360e-02
6.442920814072228275e-02
6.428121019463230168e-02
6.415784803861911134e-02
6.406006119174033342e-02
6.398368216154673438e-02
6.392076495350823562e-02
6.386757529087530583e-02
6.382050568980643379e-02
6.377609531046138369e-02
6.373104682109707875e-02
6.368224042720986577e-02
6.362674522504251085e-02
6.356182804674086195e-02
6.348495997018853421e-02
6.339382066601863264e-02
6.328630075850374959e-02
6.316050237608969442e-02
6.301473805564476727e-02
6.284752817776241562e-02
6.265759708660023630e-02
6.245724097834816357e-02
6.223726458349987389e-02
6.199193984919107447e-02
6.172070116010335006e-02
6.142315407038995839e-02
6.109906681446764659e-02
6.074836140992678074e-02
6.037110445316637430e-02
5.996749770435514520e-02
5.953786854652499266e-02
5.908266039627330102e-02
5.860242314073128150e-02
5.810502408212497860e-02
5.759464151674670990e-02
5.706100469493835536e-02
5.650497273100887896e-02
5.592746799263917379e-02
5.532946775570671966e-02
5.471199617784901215e-02
5.407611661418411375e-02
5.342292429124287367e-02
5.287947169518846663e-02
5.267522836951497173e-02
5.245704177644958804e-02
5.223506289485783244e-02
5.200057123409400350e-02
5.175306097391792204e-02
5.149293498598186275e-02
5.122061767787951941e-02
5.093655204421181082e-02
5.064119686155933026e-02
5.033502402948823035e-02
5.001851605764173064e-02
4.969216369753614443e-02
4.952283728769366067e-02
4.939887959337397466e-02
4.925086443903738120e-02
4.907962986714470288e-02
4.888603608000348377e-02
4.867096117486209572e-02
4.843529709501959157e-02
4.817994579888917883e-02
4.790581564977739598e-02
4.761381802806263774e-02
4.730486416335813460e-02
4.697986218610866044e-02
4.663971439541807207e-02
4.628531473851991984e-02
4.592508565439885893e-02
4.555698016277991841e-02
4.517683267920556689e-02
4.478548399551056380e-02
4.438375770005408005e-02
4.397245875628351397e-02
4.355237225069158447e-02
4.312426230205186617e-02
4.268887112354756430e-02
4.224691822924889206e-02
4.179909977950759664e-02
4.134608805428308803e-02
4.088853104919702025e-02
4.042705218388500943e-02
3.996225011866630372e-02
3.949469866738184592e-02
3.902494680373218977e-02
3.855351875013538626e-02
3.808091414508806699e-02
3.760760828072630402e-02
3.713405240438098776e-02
3.666067407846850673e-02
3.618787759289598255e-02
3.571604442345142211e-02
3.524553373139861084e-02
3.477764115769622910e-02
3.431580675770360550e-02
3.385599057155119079e-02
3.352552457992859225e-02
3.333161885383430223e-02
3.313788215935658393e-02
3.294440732046093057e-02
3.275128296124329291e-02
3.255859356576765173e-02
3.236641954285592732e-02
3.217483729688237065e-02
3.198391930163915764e-02
3.179373417933702844e-02
3.160434678233875472e-02
3.141581827867182680e-02
3.122957698929951231e-02
3.104469648696151635e-02
3.086078202388463365e-02
3.067788243029137205e-02
3.049604329498717750e-02
3.031530705895039979e-02
3.013571310833196293e-02
2.995729786982875495e-02
2.978009490443478749e-02
2.960413500265081377e-02
2.942944627809678318e-02
2.925605426183535904e-02
2.908398199497713721e-02
2.891325012161559058e-02
2.874387698004888733e-02
2.857587869302665243e-02
2.840926925684239546e-02
2.824406062947654866e-02
2.808026281671585286e-02
2.791788395665488129e-02
2.775693040399949962e-02
2.759740681089368694e-02
2.743931620668137172e-02
2.728266007685433911e-02
2.712743843876919830e-02
2.697364991589479288e-02
2.682129181120658512e-02
2.667036017701527456e-02
2.652084988416012271e-02
2.637275468892034611e-02
2.622606729728860220e-02
2.608077942872982780e-02
2.593688187639978104e-02
2.579436456667609859e-02
2.565321661588100891e-02
2.551342638614056274e-02
2.537498153784921440e-02
2.523786908186122571e-02
2.510207542861141519e-02
2.496758643622205842e-02
