8.736729397556474153e-01
8.728353944133506737e-01
8.737448192286524362e-01
8.743733042766258512e-01
8.843241475612920732e-01
8.889633126303249089e-01
8.975658206520579219e-01
9.040108586665557278e-01
9.227136251298021508e-01
9.646681400266454709e-01
1.000888835833758428e+00
9.144862838376690561e-01
9.964441691762114806e-01
1.166854749629270271e+00
1.740894996807054396e+00
1.430912123783874224e+00
1.222813088451930819e+00
1.511223816470682157e+00
2.082212743696913115e+00
1.980667168550970691e+00
2.155158549077055508e+00
1.859423054125566077e+00
1.850317955304097373e+00
2.058074624942136666e+00
2.015318274882654137e+00
1.794739766750909293e+00
1.637664074757005261e+00
1.894355285678360312e+00
2.022481178304246008e+00
1.775045238795089464e+00
2.177876806349078098e+00
1.844178901367413248e+00
1.759185308317468888e+00
1.891210951489654679e+00
2.042323825002477111e+00
2.577135102414242596e+00
2.719786633152194266e+00
2.750038469731007851e+00
2.368182936256932436e+00
2.432540011481236775e+00
2.538836173855175460e+00
2.863946240168758095e+00
3.064616081565204375e+00
3.077827741255050764e+00
3.534874349276078576e+00
3.620237912606502295e+00
3.298930608918677621e+00
3.246601859651792932e+00
3.970555405302846896e+00
4.151819729634789624e+00
4.284380205057320090e+00
5.005085077128812898e+00
4.614120502248874267e+00
4.197888263678402510e+00
4.495465574476614989e+00
4.646217034966207748e+00
4.575002617604270405e+00
5.594968877851712818e+00
5.124351947248691808e+00
4.208528444821451941e+00
4.075736580077606419e+00
3.652260975204829396e+00
3.754770978418378036e+00
3.915574610909295039e+00
4.376914847185084945e+00
4.793841948702286970e+00
5.083655595953050721e+00
5.189633073744054137e+00
5.119374652160819217e+00
4.919663258930281557e+00
5.117719208837240963e+00
5.074031551528581652e+00
4.764553026261863167e+00
4.714159995331066888e+00
4.613830596059676381e+00
4.926380379811706511e+00
5.215485611698627011e+00
4.831236214105028459e+00
4.421382990122562973e+00
4.273919795024390567e+00
4.092910672848019793e+00
3.751791401579635643e+00
3.717184770498056068e+00
4.343857655601904177e+00
5.184063964377549460e+00
5.865319411121112658e+00
5.927732610861974116e+00
5.526162717330590723e+00
4.755920314538094829e+00
3.727396297160338712e+00
2.993958432794489699e+00
2.558957339953715326e+00
2.145579171432968835e+00
1.842286724524915709e+00
1.608690845389569635e+00
1.440123894802202820e+00
1.324721086029009509e+00
1.243109310222620945e+00
1.199407869342721256e+00
1.171954023691209157e+00
1.137991751262154239e+00
1.090457959382311381e+00
1.038114715774765884e+00
9.931279534045585056e-01
9.606522575038335399e-01
9.387308678265990913e-01
9.484830025285505561e-01
9.600724042005177594e-01
9.615786870671676478e-01
9.408839894818180616e-01
8.909665228793602898e-01
8.145976947469548701e-01
7.731599171015033356e-01
7.828827123456640891e-01
7.720378267643741577e-01
7.304027192568446347e-01
7.126777978053554508e-01
7.040917718238552947e-01
6.921845759315594648e-01
6.754375804314657339e-01
6.795716567352015902e-01
6.874676219519718634e-01
6.846505346506461809e-01
6.719275653851366492e-01
6.513985085697063804e-01
6.236629398327666607e-01
5.910039312603783124e-01
5.557369712591305744e-01
5.700240972895442848e-01
5.767763873863772650e-01
5.720823883513920238e-01
5.597059282592534712e-01
5.425350930515563386e-01
5.246191947697549374e-01
5.074464694648631591e-01
4.916613471256057188e-01
4.778052279132831148e-01
4.634598777796314351e-01
4.472337423021428560e-01
4.433096948935338899e-01
4.540149660629598793e-01
4.620452947957027767e-01
4.658241255454015906e-01
4.640247774036249662e-01
4.557300933404639931e-01
4.405268453840913145e-01
4.185332982643510946e-01
3.950735244311526784e-01
3.855623909740898969e-01
3.872128275338620473e-01
3.866157593781814339e-01
3.833191882769885761e-01
3.776860221157144482e-01
3.698278206361481635e-01
3.597010166079583349e-01
3.478325467798694670e-01
3.343184716020269898e-01
3.291138643988105184e-01
3.243153834077069919e-01
3.189134747265421344e-01
3.126468273546649801e-01
3.056323707609310825e-01
2.980590527714762628e-01
2.902048060861691092e-01
2.819225193793792883e-01
2.733241397664017969e-01
2.645161991538897417e-01
2.555985535366838701e-01
2.529626579885065896e-01
2.515055200590242124e-01
2.471255538085495584e-01
2.404646117298974983e-01
2.327539166820372374e-01
2.397034802573631829e-01
2.442019755968604655e-01
2.462665635564060818e-01
2.464296902376670317e-01
2.463209498466982783e-01
2.449483775713030831e-01
2.424918093029923005e-01
2.392145257176152839e-01
2.352684723127468347e-01
2.308430775033049331e-01
2.261223818099855065e-01
2.211139052092060686e-01
2.161117789956502888e-01
2.109690791150967415e-01
2.058719132733260737e-01
2.058648374784683988e-01
2.054603965326489146e-01
2.046690063057909625e-01
2.034926371103564779e-01
2.019614897731906444e-01
2.000030248474106709e-01
1.976694934807734227e-01
1.948478940574264739e-01
1.932655317307222786e-01
1.958775161165336176e-01
1.975760236057680919e-01
1.985675502163529726e-01
1.985943273817886157e-01
1.976260305891465174e-01
1.957143070504973603e-01
1.930638209330846067e-01
1.895026598297556708e-01
1.851059270435378157e-01
1.799736498549633912e-01
1.743947156786354868e-01
1.682887275241869707e-01
1.617908935072039367e-01
1.550424715985413981e-01
1.481863295320321738e-01
1.413626213874325244e-01
1.347047526389737460e-01
1.299589048704008765e-01
1.265970369840307141e-01
1.228780978584635558e-01
1.188576932154259969e-01
1.151394797598581793e-01
1.159864687410681883e-01
1.166717044983339308e-01
1.171842790651757005e-01
1.175205214486582106e-01
1.176785105096092438e-01
1.176579853528623015e-01
1.174602421677762992e-01
1.170880204264417856e-01
1.165453811527115274e-01
1.158658489261933378e-01
1.150687367132964406e-01
1.141179319560708255e-01
1.130212140990760478e-01
1.117870684670834863e-01
1.104245613750992061e-01
1.095578445135826084e-01
1.109176342515077185e-01
1.120307687509885936e-01
1.128587111473781657e-01
1.133991413859596481e-01
1.136470344268324661e-01
1.135486678636729446e-01
1.130978274907562392e-01
1.122958266238884978e-01
1.111508742104751341e-01
1.096773536184615649e-01
1.078950381183896440e-01
1.058282675314873994e-01
1.035633210277077249e-01
1.010740370558633749e-01
9.838611735267983882e-02
9.553351758495208512e-02
9.255089685202755323e-02
8.947294142353406921e-02
8.741523256847527623e-02
8.697762335020926827e-02
8.739561543829370283e-02
8.805359027768797087e-02
8.854053402095167502e-02
8.885550962588247004e-02
8.899968732088653356e-02
8.897614751855459359e-02
8.878967622330044551e-02
8.844655687488781060e-02
8.795436215774486699e-02
8.735376204646697063e-02
8.663135705947291876e-02
8.578644209868709070e-02
8.482957101219412710e-02
8.377167585877529077e-02
8.262390801086419434e-02
8.139749235632706692e-02
8.010359517679162267e-02
7.875320600050396413e-02
7.735703349358591385e-02
7.592541522652562769e-02
7.473561909794571023e-02
7.408504667434538671e-02
7.343408814170374055e-02
7.278338855305881150e-02
7.213355920473740746e-02
7.148965430928855280e-02
7.085180035850845159e-02
7.021604258640051777e-02
6.958287366111622074e-02
6.895275505718817532e-02
6.832611774337583876e-02
6.770336292824605251e-02
6.708486285812431671e-02
6.647096165632247755e-02
6.586197619950827364e-02
6.525819702280805101e-02
6.465988924720418585e-02
6.406729352495807439e-02
6.348062699704004608e-02
6.290008425670631786e-02
6.232583831739694352e-02
6.175804157820214552e-02
6.119682678525645292e-02
6.064230798470724576e-02
6.009458146508477733e-02
5.955372668587129159e-02
5.901980718988139585e-02
5.849287149872871294e-02
5.797295398750717393e-02
5.746007573886177666e-02
5.695424537453776248e-02
5.645545986292436341e-02
5.596370530275495553e-02
5.547895768074492112e-02
5.500118360427667247e-02
5.453034100704368115e-02
5.406637982888705396e-02
5.360924266848522690e-02
5.315886540998094462e-02
5.271517782193052559e-02
5.227810413078752549e-02
5.184756356830197421e-02
5.142347089186971587e-02
5.100573688046314974e-02
5.059426880536659760e-02
5.018897087561801501e-02
4.978974466039251534e-02
4.939648948758902647e-02
4.900910281876787872e-02
4.862748060376661380e-02
4.825151761176611070e-02
4.788110774287164528e-02
4.751614431872201033e-02
4.715652035453102298e-02
4.680285215842449470e-02
4.645444982760376512e-02
4.611102388689752168e-02
4.577247082106739723e-02
4.543868776000525161e-02
4.510957265420557916e-02
4.478502443619645362e-02
4.446494316682271519e-02
4.414923016989522053e-02
4.383778815238646015e-02
4.353052131316040296e-02
4.322733544119750082e-02
4.292813800121195178e-02
4.263283821006783741e-02
4.234134710371524613e-02
4.205357759392974737e-02
4.176944451709085210e-02
4.148886467514940196e-02
4.121175686809591676e-02
4.093804192040300521e-02
4.066764269931783665e-02
4.040048412881494522e-02
4.013649319566879592e-02
3.987559895231815310e-02
3.961773251270322288e-02
3.936282704510453423e-02
3.911081775976588820e-02
3.886164189274014108e-02
3.861523868673300691e-02
3.837154936783689074e-02
3.813051711992285209e-02
3.789208705626721796e-02
3.765620618805597813e-02
3.742282339205128816e-02
3.719188937457443972e-02
3.696335663563740659e-02
3.673717943003221992e-02
3.651331372815228016e-02
3.629171717497173266e-02
3.607234904851036594e-02
3.585517021735849102e-02
3.564014309811332215e-02
3.542723161087782402e-02
3.521640113674873868e-02
3.500761847247870623e-02
3.480085178692015474e-02
3.459607057732615176e-02
3.439324562438019622e-02
3.419234894895169241e-02
3.399335376849071250e-02
3.379623445373160229e-02
3.360096648621232335e-02
3.340752641554412677e-02
3.321589181821415354e-02
3.302604125657754991e-02
3.283795423785600132e-02
3.265161117501799021e-02
3.246699334777423257e-02
3.228408286416655643e-02
3.210286262322201156e-02
3.192331627877828537e-02
3.174542820327942022e-02
3.156918345342181464e-02
3.139456773581983384e-02
3.122156737453905123e-02
3.105016927831545995e-02
3.088036090984512191e-02
3.071213025520629775e-02
3.054546579468999171e-02
3.038035647429820560e-02
3.021679167800190441e-02
