0.000000000000000000e+00
-3.126919958523205109e-07
-1.982660023336058652e-06
-6.367180114082630042e-06
-1.594858253373944719e-05
-2.812842611785138807e-05
-5.078233322263298814e-05
-8.067489559163540565e-05
-1.250447684890793022e-04
-1.973482750956536628e-04
-2.836185985567933436e-04
-4.171371000628885722e-04
-5.527255508424761292e-04
-6.924539001690483428e-04
-7.775202021698033282e-04
-8.352554805076497536e-04
-7.273581257317495536e-04
-5.633837105438378344e-04
-2.872551745319044860e-04
2.865861459084976560e-05
3.644650302690140352e-04
6.148569364665041649e-04
8.255144405149190956e-04
9.567031402651821103e-04
1.115732898220050343e-03
1.288683185277222053e-03
1.748581846888511929e-03
2.328676812640685656e-03
3.149164386674624481e-03
4.037383680134550533e-03
4.959468833307476704e-03
5.522228575245767372e-03
5.856647738542414272e-03
5.734385744555778840e-03
5.191065801879014494e-03
4.437216884857188293e-03
3.430131742887686588e-03
2.476720151684498258e-03
1.630655662013946435e-03
9.907036002638652025e-04
4.538077524740176936e-04
3.094455507315170203e-06
-5.498486887059990478e-04
-1.307251527412547389e-03
-2.372040005785989916e-03
-3.590521303992880511e-03
-4.935343193406204268e-03
-6.133662092323082134e-03
-7.038975010247065615e-03
-7.530955392987483468e-03
-7.816269508136113736e-03
-7.993356978693957546e-03
-8.379469250760737328e-03
-9.183631125845373444e-03
-1.047693115852667105e-02
-1.201480027000629419e-02
-1.343994118324614954e-02
-1.442969886625467511e-02
-1.454869008880056713e-02
-1.342513441189167531e-02
-1.168030528525536640e-02
-8.645666409357086191e-03
-5.635661795547506486e-03
-2.674925705915331270e-03
-5.685589546722213082e-04
1.110623127376363832e-03
1.495287591253373393e-03
1.968910686069829351e-03
2.620451042765173117e-03
4.873017718267813603e-03
7.926097553174122831e-03
1.404578012891785285e-02
2.050310237356240198e-02
2.763570395600846441e-02
3.304327859843942533e-02
3.758833977086284417e-02
3.719767084088283077e-02
3.539009287139565502e-02
3.074869682289424130e-02
2.525944395596572273e-02
1.934626267982365866e-02
1.518407319337242156e-02
1.197637723031295433e-02
1.067766831403696610e-02
1.028437846529795842e-02
1.034379815032743406e-02
8.571829775763116499e-03
5.390443940082615890e-03
-6.097768178303002509e-04
-8.934173650582253115e-03
-1.842065852075370699e-02
-2.781262904102728417e-02
-3.607023248171367658e-02
-4.205910176322575494e-02
-4.559374353906754662e-02
-4.790127156207420883e-02
-4.883967320591935807e-02
-5.003019983953898436e-02
-5.172497645270753008e-02
-5.382875370314999658e-02
-5.613703127222940958e-02
-5.685623564843192423e-02
-5.625304492276753110e-02
-5.300506399336942648e-02
-4.684513093970276570e-02
-3.922922182390192053e-02
-2.967135391516357440e-02
-2.064885020145495673e-02
-1.269707487780577515e-02
-6.603640608150962779e-03
-1.439376865493274728e-03
4.163307916748997667e-03
1.175726912826611029e-02
2.333378319833276371e-02
4.074244951653426677e-02
6.106719195880310619e-02
8.642092648274346534e-02
1.104099724895979129e-01
1.316696414622792743e-01
1.442017329937922698e-01
1.523700358047209436e-01
1.445089149626690994e-01
1.329003215922099357e-01
1.137967831649364658e-01
9.284194611726973023e-02
7.096145975940630624e-02
5.200720099468387342e-02
3.382321601684720735e-02
1.717977861278203663e-02
-1.261866267506423639e-03
-2.060261488590647144e-02
-4.650691982397128776e-02
-7.389955975151102363e-02
-1.042688696580005292e-01
-1.319901485293583643e-01
-1.583874118831504196e-01
-1.709616493068820409e-01
-1.774862167879258934e-01
-1.719114443835946249e-01
-1.571501745025821739e-01
-1.377956558832293399e-01
-1.139736931088429217e-01
-9.094386962812107955e-02
-6.949832473472952743e-02
-4.970606816281800122e-02
-3.074045575164651919e-02
-9.969475342461439626e-03
1.222160802187418835e-02
3.725289729651080906e-02
6.258758575483941433e-02
8.807397380501401363e-02
1.051143235458029540e-01
1.168017418418348663e-01
1.177832972483530416e-01
1.085199131270264683e-01
9.413405924177788153e-02
7.473434372271829662e-02
5.803802825651404457e-02
4.674851289602031251e-02
4.466898389288684323e-02
4.719444806843321044e-02
5.726630493444893194e-02
6.554864885297689847e-02
7.025196687652947303e-02
6.536942104989199032e-02
5.569394329815951367e-02
3.347380586004752856e-02
1.067638678455352236e-02
-1.327559556570609076e-02
-3.102887573000793001e-02
-4.568280480133077998e-02
-4.854106988284163232e-02
-5.008762275319830065e-02
-4.901075120124669809e-02
-5.288098800014574136e-02
-5.922477897447019080e-02
-7.758061529186249805e-02
-9.747824295063954592e-02
-1.204594532921859917e-01
-1.365567455271413100e-01
-1.492120787088012934e-01
-1.400711057307390539e-01
-1.241573570398638166e-01
-9.469805692336302760e-02
-6.149828287939210214e-02
-2.642827187168647618e-02
-3.509807871571693494e-03
1.283663805963988595e-02
1.603904785304550301e-02
1.130539321090117191e-02
2.603706350982219319e-03
-2.286855489539412010e-03
-2.346710652566242911e-03
7.254847539396848399e-03
2.568790921926158294e-02
4.853672264307728329e-02
7.475637409886924656e-02
9.871664880344883930e-02
1.181581700056038020e-01
1.305436352919538689e-01
1.394010726204013839e-01
1.417495642957328772e-01
1.445369100513040350e-01
1.482019639673547995e-01
1.554156638681090663e-01
1.644036867612149178e-01
1.741298377201828673e-01
1.809138768156708654e-01
1.818136921842002651e-01
1.732563594603049595e-01
1.599704526901963575e-01
1.363056280469364945e-01
1.119277858078158439e-01
8.612390837697686541e-02
6.123135563951510874e-02
3.679446524874360053e-02
8.313563167036953222e-03
-2.475286918825439844e-02
-6.699036209071894399e-02
-1.213331604261371488e-01
-1.817286114780350403e-01
-2.520726606752107246e-01
-3.191829095779712966e-01
-3.798255578918927622e-01
-4.201128881627879674e-01
-4.502225594121673224e-01
-4.401231853834879360e-01
-4.187152836863772265e-01
-3.746903266524024279e-01
-3.190590857707960581e-01
-2.576247029653709331e-01
-1.951996914917800141e-01
-1.353963523050358830e-01
-8.083635769198256604e-02
-3.109486072961406555e-02
1.623738740741517000e-02
6.332693100955770482e-02
1.123670556049163882e-01
1.653083421867008185e-01
2.206788707663172033e-01
2.772640203448458740e-01
3.263950823990200423e-01
3.691294327377860895e-01
3.990703596457425562e-01
4.137575700601053841e-01
4.208179222276734466e-01
4.087387746012591805e-01
3.914616386348981347e-01
3.637885259886457501e-01
3.257947915796044480e-01
2.826407462891711853e-01
2.258207352131404166e-01
1.671440928094304612e-01
1.047541877503545410e-01
4.573449968302143592e-02
-1.160007988844393052e-02
-5.795337480275242203e-02
-1.008170137367275648e-01
-1.367013407100380606e-01
-1.679217441214345963e-01
-1.968101857518760600e-01
-2.226679628336354910e-01
-2.486370007637213608e-01
-2.748285603904565555e-01
-3.006136742036136233e-01
-3.261955651099798792e-01
-3.423813294112985073e-01
-3.514148110200417952e-01
-3.461437272436364565e-01
-3.239784679057132744e-01
-2.933661207870307819e-01
-2.474265715167955348e-01
-2.018754210656937276e-01
-1.571010682528648783e-01
-1.202419855860462766e-01
-8.734053799223527592e-02
-6.634421760419494107e-02
-4.688016003110898056e-02
-3.048062808792895498e-02
-1.047768988119312898e-02
1.132695145732231373e-02
4.720926899971126384e-02
8.829770535827247135e-02
1.397983793491797966e-01
1.952636198346722196e-01
2.527111435674610496e-01
3.002386125017145191e-01
3.409826865457439293e-01
3.681599708093196699e-01
3.818947286805907670e-01
3.889082233557086821e-01
3.796837700258337001e-01
3.650043641186759835e-01
3.394150530569516877e-01
3.019066379978553316e-01
2.584386709400712800e-01
2.014689985534563188e-01
1.430885335409761427e-01
8.188648327677323924e-02
2.219817414304674219e-02
-3.673326442543755482e-02
-9.100515213132348569e-02
-1.420977633949862817e-01
-1.868318217742099829e-01
-2.191673367445122755e-01
-2.453035800103557929e-01
-2.477898254968611547e-01
-2.439727176307488199e-01
-2.275489030594040896e-01
-2.043616500230034938e-01
-1.777926777540735359e-01
-1.458636317299235041e-01
-1.129470310229711838e-01
-7.805532095041865792e-02
-4.525011537724267507e-02
-1.348816205375714602e-02
6.948869269093015111e-03
2.268286335863727715e-02
2.901078298157246105e-02
2.863766391313563031e-02
2.491402549901320859e-02
1.545540409395431032e-02
4.221537856150281778e-03
-1.056281804714251892e-02
-2.880685712394868980e-02
-4.878073778751033235e-02
-6.948695920558058126e-02
-8.793795342566598783e-02
-1.018784932497844575e-01
-1.073214185126010051e-01
-1.085155364947668344e-01
-9.473810788654721260e-02
-7.641735097121299392e-02
-4.900993744165383498e-02
-1.591540601497945170e-02
2.002268436025433571e-02
5.582178085333237838e-02
8.867763726087155018e-02
1.156470134973285879e-01
1.346281305326285371e-01
1.496151179673486376e-01
1.563615461820177799e-01
1.619403928877099774e-01
1.651840765754492013e-01
1.651011211931083522e-01
1.633548462757271336e-01
1.491865394828323643e-01
1.291186463083898450e-01
9.725158037085451790e-02
5.614090288345149893e-02
1.040841962111740092e-02
-3.725823727347857273e-02
-8.106575911109793753e-02
-1.171550108347704233e-01
-1.396283847782165410e-01
-1.552938198315509666e-01
-1.501900837994899485e-01
-1.410788623000449327e-01
-1.239526698658346415e-01
-1.074130723999579540e-01
-9.116677241824737432e-02
-8.368146482244291640e-02
-7.810824430122101369e-02
-7.635919792916501248e-02
-7.121732351694812224e-02
-6.437903508465116220e-02
-4.260420841293666161e-02
-1.525748093908616855e-02
2.323304813903922378e-02
6.744724314585923142e-02
1.145232711170288548e-01
1.555842415371372633e-01
1.900850930385931115e-01
2.114657067027392590e-01
2.156849636660150837e-01
2.113235422788554696e-01
1.826731231804891720e-01
1.470366897843334852e-01
9.742822779259512067e-02
3.565653816468445508e-02
-3.219676528131618087e-02
-1.119235358919151158e-01
-1.910567896525944553e-01
-2.690030097134242792e-01
-3.345955072761687688e-01
-3.940111435898728809e-01
-4.234435621712877018e-01
-4.423081436378830666e-01
-4.400370508748367993e-01
-4.208372507867093049e-01
-3.931730970360424182e-01
-3.494137366749026086e-01
-3.022891364779888845e-01
-2.484340566095215586e-01
-1.864215992653749931e-01
-1.203304531833842977e-01
-3.364444184618878286e-02
6.124156207194886986e-02
1.725275511519581695e-01
2.922964273114902478e-01
4.163067470107757462e-01
5.246666079101409697e-01
6.175009025857736145e-01
6.792840648139208959e-01
7.002852411656663723e-01
7.008954245792138327e-01
6.508320924948012287e-01
5.929210759790127794e-01
5.193146906004679764e-01
4.467576168956995386e-01
3.747251990278191447e-01
3.127894567274633331e-01
2.510365695229461180e-01
1.896493925100949940e-01
1.173072191418620402e-01
3.948754759593199604e-02
-6.362829496032643140e-02
-1.718186030718256707e-01
-2.901578422938079216e-01
-4.011740645747368661e-01
-5.085287783851238919e-01
-5.791594572221767656e-01
-6.347854136144593928e-01
-6.604019251171996396e-01
-6.631174691635908225e-01
-6.543825294818100824e-01
-6.264596532504899118e-01
-5.936967499343557275e-01
-5.512537924486037300e-01
-4.940326467462863858e-01
-4.294224069356873397e-01
-3.338813806897757974e-01
-2.294183654134996364e-01
-1.071113720764818866e-01
1.802711732393807997e-02
1.445813547560677592e-01
2.439282908945478723e-01
3.271289094053259072e-01
3.780368926607082236e-01
3.982954403251951492e-01
4.032292701942368218e-01
3.843613368216407533e-01
3.657386881849503668e-01
3.476066090200715109e-01
3.368933475790046872e-01
3.298894949998457671e-01
3.250569840677157152e-01
3.144103240780667941e-01
2.921353659733766372e-01
2.503400273185001912e-01
1.987844983885310168e-01
1.292607706392558398e-01
6.414505368261269602e-02
7.845358311249786554e-03
-2.068559804363867549e-02
-3.533218489029175263e-02
-4.958816890091120172e-03
3.246957697391341519e-02
8.400802256552739045e-02
1.272591473076256641e-01
1.663666116249670757e-01
1.711024572130269428e-01
1.646734504340027216e-01
1.359147389208163748e-01
9.734996949969669522e-02
5.388217112460713665e-02
1.496961927562437400e-02
-2.105621671690279320e-02
-5.130862099651801317e-02
-8.231805586061562152e-02
-1.137060060169503423e-01
-1.539988086644941134e-01
-1.951745860064862392e-01
-2.381163127373791266e-01
-2.717574453168022930e-01
-3.007482808204931524e-01
-3.015328346827121919e-01
-2.924173896895108649e-01
-2.635019469854740781e-01
-2.247397092644299876e-01
-1.810540740348828559e-01
-1.478624958927457211e-01
-1.242846080747222470e-01
-1.199341009049151169e-01
-1.312208835248587224e-01
-1.503263110396781121e-01
-1.666965156889722022e-01
-1.744654911364676986e-01
-1.650320081803705596e-01
-1.392538351426808041e-01
-1.053033170641928251e-01
-6.995821267632218454e-02
-4.202052637524683609e-02
-2.889767624776404253e-02
-3.331103902638637287e-02
-4.649250825806185150e-02
-6.514462405499882314e-02
-7.414301725882399552e-02
-6.383396527642208607e-02
-1.754991580848690863e-02
4.672163240221296338e-02
1.593842875853807572e-01
2.757094073027053782e-01
3.993594560883116928e-01
4.996292432896315971e-01
5.882088996988098506e-01
6.162948590055022935e-01
6.263430951483986986e-01
6.003158849637176830e-01
5.550813908800273921e-01
5.002432548468283002e-01
4.386156072153911123e-01
3.764183833206007912e-01
3.130820068991043703e-01
2.420361371365321590e-01
1.671355207034159462e-01
6.962934479682948707e-02
-3.438007128554483594e-02
-1.513959677194966491e-01
-2.667039038608296497e-01
-3.811578598558377773e-01
-4.640782905573487271e-01
-5.316356272053838206e-01
-5.684667757464666460e-01
-5.821349861906257583e-01
-5.842217275863261783e-01
-5.777725978930978723e-01
-5.740263313920302979e-01
-5.756857912752845197e-01
-5.779243187006888327e-01
-5.804523798971683579e-01
-5.616274467444800633e-01
-5.304570192661054451e-01
-4.745956031363611771e-01
-3.966723327396812770e-01
-3.077181352095259559e-01
-2.044633155289935500e-01
-1.026781691881418906e-01
-3.832369526650919456e-03
8.752623182135212121e-02
1.751412340126194678e-01
2.574587540873484182e-01
3.408249338778530646e-01
4.262884330999092142e-01
5.113534693153796162e-01
5.962192740275457092e-01
6.575426564247917049e-01
7.005753434447680172e-01
7.070266397102007438e-01
6.670071680552248639e-01
6.037523124400480112e-01
4.914795315373295947e-01
3.793079375109190132e-01
2.673387172371539111e-01
1.862157575944890231e-01
1.205159282673722437e-01
1.110125304046548911e-01
1.093975279381197013e-01
1.235593162639429393e-01
1.203942646301231489e-01
1.085657930164770357e-01
4.149392123448761294e-02
-3.946905675354601961e-02
-1.482142471536606609e-01
-2.523894124651649973e-01
-3.542795652323735833e-01
-3.985767451162005592e-01
-4.178442882733984232e-01
-3.870525579773315128e-01
-3.250515881398552964e-01
-2.474459985316805888e-01
-1.763307726369250927e-01
-1.207657238111806419e-01
-9.630102912346018285e-02
-1.042540013128711307e-01
-1.284158069408445346e-01
-1.710802563200410353e-01
-2.082615263689077123e-01
-2.344764377571064151e-01
-2.388294522419524557e-01
-2.322515182751236362e-01
-1.990433236218283886e-01
-1.623036123832598265e-01
-1.185008679741406667e-01
-7.421221806779226826e-02
-2.968061541282500035e-02
1.878729107695779887e-02
7.123999606147690677e-02
1.316622980354664740e-01
1.970938443350719049e-01
2.650300127974909992e-01
3.156860241948475920e-01
3.507516930523169596e-01
3.546366768300077132e-01
3.236388602947897208e-01
2.751996436031192150e-01
2.046479260655703625e-01
1.416949861055346593e-01
9.393960130052302071e-02
7.702503174481035997e-02
7.553086981374301789e-02
1.035036083593210143e-01
1.265384982398680969e-01
1.396976907903486054e-01
1.171287533997863312e-01
7.669575103870508725e-02
-1.942957326532386564e-02
-1.196490548907120227e-01
-2.280568511588334513e-01
-3.018648100792547528e-01
-3.583728503258253872e-01
-3.250724166015096506e-01
-2.691242104685579450e-01
-1.678804595183464865e-01
-6.774120248944336120e-02
3.184580757879242052e-02
6.363361694182298467e-02
6.821295219945934518e-02
1.837533924629999871e-02
-5.438835526480435834e-02
-1.386150905548730050e-01
-1.846077842076919440e-01
-2.030034109404734721e-01
-1.662049038331696038e-01
-8.553097362993879182e-02
1.708066812125423259e-02
1.194904376602843737e-01
2.006070559147658527e-01
2.391373716001340965e-01
2.268616751350518712e-01
1.891829725947478114e-01
1.196307910805344404e-01
5.985161794667991780e-02
1.961846157352552938e-02
1.916433513329508787e-02
3.859972365952928780e-02
9.825137770916231306e-02
1.541058618785088319e-01
2.023660062872843501e-01
2.128046249985779126e-01
2.043324808611341470e-01
1.342074389044885796e-01
5.698161320815199604e-02
-3.444577996756852112e-02
-1.049025246673631478e-01
-1.648739451291840741e-01
-1.736631079612672157e-01
-1.748978346140601103e-01
-1.610236889082691802e-01
-1.630185228948084486e-01
-1.729478467275111231e-01
-2.265973230994488830e-01
-2.871568501088844205e-01
-3.615364783932976112e-01
-4.197311596195344996e-01
-4.698333673166844027e-01
-4.627193473431143178e-01
-4.366078419986618719e-01
-3.725013659124534748e-01
-2.905624035454857923e-01
-1.997071980381322498e-01
-1.170076950651461611e-01
-3.988312464321591699e-02
2.609158067660552471e-02
9.820478338294391651e-02
1.733872347825339555e-01
2.889614149214259631e-01
4.160285943120378138e-01
5.660817722060923485e-01
7.030039215849563927e-01
8.333605567062060127e-01
8.765021947030138261e-01
8.801732128016850343e-01
8.049029911040661567e-01
6.692724086678504269e-01
5.034616458623372148e-01
3.166350288221263520e-01
1.458611038446735453e-01
7.192562992778123165e-03
-8.089289723692767720e-02
-1.436868171555420182e-01
-1.591055608009791511e-01
-1.782073590485337977e-01
-2.046752665003243044e-01
-2.629224530009125482e-01
-3.370592790259067106e-01
-4.404841914894436217e-01
-5.347008390614823581e-01
-6.105009568505298523e-01
-6.366334579451262687e-01
-6.379321506924933161e-01
-5.620655902978088925e-01
-4.727713016032443760e-01
-3.566215563089159546e-01
-2.450803810339243494e-01
-1.358434907686163762e-01
-6.292703418949195660e-02
-1.744576672446577006e-03
3.596988272044095158e-02
6.593083975194873048e-02
9.201504560276883848e-02
1.263720949825178352e-01
1.610189369593442443e-01
1.962453641303161245e-01
2.126058438747598922e-01
2.195333499059408666e-01
1.805213177370640909e-01
1.325062709120261584e-01
6.648519477466387217e-02
1.140440362783093353e-02
-3.820624502373815012e-02
-3.941160786147056977e-02
-2.557191012483152337e-02
1.835790876054241988e-02
7.029634937382830961e-02
1.262391008510599100e-01
1.562589132287786620e-01
1.723455033645803214e-01
1.605656490165440486e-01
1.329699012459521212e-01
9.746620676408497552e-02
7.497459283048309164e-02
6.385567300477304475e-02
7.548214139485069640e-02
9.946273738671948528e-02
1.296203971794835375e-01
1.415385798843550869e-01
1.399335668069019434e-01
1.112821621648033554e-01
6.314729213957068210e-02
5.270689422772246308e-03
-4.731850326260879369e-02
-8.717931953311110205e-02
-1.015833829738720800e-01
-8.418296713822888411e-02
-5.088031166438060360e-02
6.726513661411491485e-03
5.757505949206795370e-02
9.490704633245679311e-02
9.654168706585840309e-02
8.032765474576669673e-02
1.648526101950148481e-02
-5.027178346614504661e-02
-1.228581294705549526e-01
-1.769762164542998395e-01
-2.218601739277038243e-01
-2.330757097685000612e-01
-2.399739504137574087e-01
-2.382376006679356728e-01
-2.428286160468829669e-01
-2.505833139882143179e-01
-2.709978646551732817e-01
-2.893641643480219239e-01
-3.036339620926454264e-01
-2.971407357548374040e-01
-2.802659973758149237e-01
-2.244133324814021058e-01
-1.624646774883845290e-01
-8.832404229815075947e-02
-2.532822767770331884e-02
3.209517665785354551e-02
5.290469080134022062e-02
6.577189515086367955e-02
6.275447991246489721e-02
6.762577924426954601e-02
7.644143586117801981e-02
1.281203158588924140e-01
1.950152548411089315e-01
2.923423117923337200e-01
4.002774329091466354e-01
5.135165861087398476e-01
5.979525522220232592e-01
6.623068228495644361e-01
6.864977025056178128e-01
6.709125208999424661e-01
6.354393086634062549e-01
5.674737104799364440e-01
4.985406085859065972e-01
4.276724992707752748e-01
3.618951749496946424e-01
2.986632431256389664e-01
2.327300708583884270e-01
1.607981082817956098e-01
7.686856508650966036e-02
-2.078241904058292927e-02
-1.252941236335877728e-01
-2.356510628310908850e-01
-3.408351786880345347e-01
-4.356736478638622012e-01
-5.117424521454807529e-01
-5.784264239799848939e-01
-6.192355619997620408e-01
-6.545883081289699534e-01
-6.790282704770403965e-01
-6.949596981298534759e-01
-7.066368584350396498e-01
-6.977957566739244610e-01
-6.781170076523831414e-01
-6.367629641099831206e-01
-5.710287096563086973e-01
-4.931043497469969616e-01
-3.880097984509850439e-01
-2.797114276292826385e-01
-1.650054177562010060e-01
-5.442715807922107740e-02
5.408722649967855067e-02
1.481800324048306861e-01
2.368272281574418381e-01
3.145832036049739378e-01
3.808073233360922405e-01
4.412655152090022015e-01
4.796044684432140270e-01
5.076667866209162439e-01
5.151758346855842552e-01
4.984805267188669453e-01
4.696830407364634419e-01
4.128978833890408762e-01
3.552645189695892713e-01
2.959347404060799214e-01
2.552637018706397365e-01
2.239220333492365766e-01
2.349909667454726514e-01
2.555405328482353577e-01
2.950513643640500505e-01
3.312234010445183063e-01
3.657260403073142041e-01
3.653389463984993424e-01
3.504579702639854522e-01
3.065892296780811654e-01
2.422481256807508809e-01
1.676708399777247227e-01
8.385168850909655025e-02
2.939759995037299206e-03
-7.215772260988563558e-02
-1.349226351123100076e-01
-1.915212625634834798e-01
-2.274798929736942532e-01
-2.578704029968848510e-01
-2.771246722460188328e-01
-2.910107000176838099e-01
-3.022126070506157003e-01
-3.171303363533307662e-01
-3.372637451743812353e-01
-3.678285130320997354e-01
-4.125979438253044584e-01
-4.644697060862542082e-01
-5.279656336702595043e-01
-5.858051027671284938e-01
-6.323316548897504052e-01
-6.432204958331009248e-01
-6.362904811868252963e-01
-5.542113353068857107e-01
-4.508578504590632918e-01
-3.049556876754864199e-01
-1.453040274436731005e-01
2.122238151221596605e-02
1.547938354309673359e-01
2.659517149030267702e-01
3.322824454817143169e-01
3.571741859352063897e-01
3.613464313260952299e-01
3.431975221796906284e-01
3.324171436637753385e-01
3.363738264088445007e-01
3.643189141306077961e-01
4.042582043407117465e-01
4.523219002984070203e-01
4.875067002632740287e-01
4.969337082424912788e-01
4.617889881387083895e-01
4.043584039933996177e-01
2.927431240650358868e-01
1.784265778060554752e-01
5.870749888584325671e-02
-3.370193371271871380e-02
-1.124565431504628427e-01
-1.309700604343025376e-01
-1.368795119767367563e-01
-1.175808320363666976e-01
-1.026330965919389077e-01
-8.986083339548624205e-02
-1.132893710063121312e-01
-1.465536078143633292e-01
-1.994892430168599962e-01
-2.501675775010999692e-01
-2.997172616262112621e-01
-3.143430535574308626e-01
-3.137252698880940716e-01
-2.826203350176446638e-01
-2.291137849192078080e-01
-1.644064272067831955e-01
-9.244083222196136651e-02
-2.677963159251418868e-02
2.627278032618700354e-02
5.938256816730858034e-02
8.252104396963783062e-02
8.334085517327852188e-02
8.080416141780510930e-02
7.155445774410526538e-02
5.701862099703607079e-02
3.983971771328362332e-02
1.176594593421805002e-02
-1.688029581444426205e-02
-4.667147750229973246e-02
-6.217807455508593539e-02
-7.054237929033337073e-02
-4.095796383144418434e-02
-1.732476754927308321e-03
5.677515355683981912e-02
1.138088802316149784e-01
1.701056550878939366e-01
1.908957018126502536e-01
1.948950920519613161e-01
1.653131693203797048e-01
1.129701808539885916e-01
4.924665952019877807e-02
-4.643729721381870124e-03
-4.035149812723586721e-02
-3.969402486164628346e-02
2.764879625987246015e-03
6.612449972466337422e-02
1.508341953131700497e-01
2.221515558145543690e-01
2.666842461417011645e-01
2.612323344116422308e-01
2.307881216529936719e-01
1.406865043765708478e-01
4.743934712014333949e-02
-5.209889009629187218e-02
-1.255669849542432881e-01
-1.860000086329332281e-01
-1.919290569306694449e-01
-1.881922296209414536e-01
-1.651236510962902360e-01
-1.529131709819997187e-01
-1.461317400728910088e-01
-1.836424248545582838e-01
-2.309974083076124229e-01
-2.980409891034150882e-01
-3.516449953869564826e-01
-3.985292144143707804e-01
-3.776300476426249775e-01
-3.315805265964097970e-01
-2.352302970012690453e-01
-1.157755976676500959e-01
1.523133653522967812e-02
1.203076832291904014e-01
2.042524523828493921e-01
2.459340664559161449e-01
2.503544454652609774e-01
2.361442069427547308e-01
2.040552116387185366e-01
1.777721918275673441e-01
1.631011230021830183e-01
1.660332005355823204e-01
1.777668512483726593e-01
1.969620389472047928e-01
2.081831744809036766e-01
2.034562056843402522e-01
1.687878741701874241e-01
1.191488612972358696e-01
3.123350921624247489e-02
-5.911080163279773536e-02
-1.543130300178834347e-01
-2.336277360284854110e-01
-3.049986808518496684e-01
-3.435284561938645731e-01
-3.746317498471864460e-01
-3.908820801231261410e-01
-3.983575380831443913e-01
-4.014455598851979778e-01
-3.860777019016372047e-01
-3.605101691337049830e-01
-3.145432867970352486e-01
-2.459039393303504850e-01
-1.659283592986642297e-01
-6.443234567145258995e-02
3.637928587911062189e-02
1.358221532763773942e-01
2.189041721439188015e-01
2.938057667465753808e-01
3.364190935698321283e-01
3.726407271447783609e-01
3.960789742231070054e-01
4.224999964306940803e-01
4.504124062029107312e-01
4.942112074809619227e-01
5.378325169273002748e-01
5.810988427101898557e-01
6.002664129721149155e-01
6.073846054735642097e-01
5.511679749860743938e-01
4.751256471901508793e-01
3.594319247773708481e-01
2.263747126543142196e-01
8.463575567609443739e-02
-4.249455943977338557e-02
-1.567744320300169247e-01
-2.453534195690187658e-01
-3.095633268691253548e-01
-3.615886940497907709e-01
-3.967859920551904396e-01
-4.328159649419236477e-01
-4.705112875913235460e-01
-5.115347887659049686e-01
-5.542223792030663843e-01
-5.843267569063570477e-01
-6.023297101520094232e-01
-5.961298144823919953e-01
-5.594736244673631509e-01
-5.075892872796247124e-01
-4.236445562312854962e-01
-3.376168063892823201e-01
-2.474230189599969099e-01
-1.656503705576334862e-01
-8.808829166872880756e-02
-2.484042744765412036e-02
3.714687330102987850e-02
9.661304710493316683e-02
1.597011541516309141e-01
2.246002278197383739e-01
2.921356775665194805e-01
3.557215696103600555e-01
4.114083462483215659e-01
4.491568029843168719e-01
4.779360997693338220e-01
4.762872725872844271e-01
4.677430432515812808e-01
4.454080096085742957e-01
4.182224511240250076e-01
3.886116302187118676e-01
3.583336300046008338e-01
3.271883808397756943e-01
2.943086337735227875e-01
2.570741471207302897e-01
2.176622906746673858e-01
1.733746869447807260e-01
1.305097761257349165e-01
9.049025112839370610e-02
6.020060968442472044e-02
3.477591001713924851e-02
2.468637627570696713e-02
1.493608141917068810e-02
5.864264332426229881e-03
-1.692849813785006485e-02
-4.658173329990511480e-02
-1.085766169363144712e-01
-1.779220743383008729e-01
-2.619686792714374102e-01
-3.416636192544107997e-01
-4.191827267623037256e-01
-4.606582122990858230e-01
-4.859660097304610016e-01
-4.789384309510307247e-01
-4.465409858743684124e-01
-4.014586076490986866e-01
-3.420864631858725469e-01
-2.847734953187612827e-01
-2.315788806438787706e-01
-1.868435698492104391e-01
-1.463379109946503775e-01
-1.125382798768362891e-01
-7.783551293851624642e-02
-4.132647435920284995e-02
-5.527202270066630674e-05
4.359701219239465325e-02
9.091340828037022814e-02
1.368552816955074802e-01
1.800481097649688222e-01
2.175445881087693378e-01
2.521928915897438950e-01
2.814968680252357691e-01
3.105755593762043465e-01
3.392036805581264414e-01
3.636498973334860163e-01
3.860051619055654415e-01
3.842067185476438218e-01
3.691631150224027880e-01
3.276291911625298092e-01
2.626910454623506141e-01
1.860507888420355471e-01
1.013011033832142138e-01
2.483386786503614246e-02
-3.506846777185984587e-02
-6.609277647275936529e-02
-8.267807170565678876e-02
-6.178307872006731649e-02
-3.688654998739952784e-02
-3.986949760588394398e-03
1.686853634238162300e-02
3.170196538343429682e-02
1.143599205229947971e-02
-1.858290275234743272e-02
-6.810764050401331426e-02
-1.216957313089701842e-01
-1.773154986405799105e-01
-2.157777946071322006e-01
-2.457008244488572135e-01
-2.585453220409323349e-01
-2.592622699981229073e-01
-2.539154431378744525e-01
-2.427241194885064735e-01
-2.314945672456766024e-01
-2.201885578159230306e-01
-2.064817906821703741e-01
-1.915746446964217975e-01
-1.668705533965061938e-01
-1.386773222411648576e-01
-1.035058113749739994e-01
-6.599459059133333527e-02
-2.731351484896745244e-02
6.010168850209853669e-03
3.648277271292640206e-02
6.125321690270518066e-02
8.300399463874462425e-02
1.032449391479152156e-01
1.241509440421583177e-01
1.450305720381967756e-01
1.658574462378260006e-01
1.817032959469556674e-01
1.950586334108346254e-01
1.932844852760694232e-01
1.863483079984519508e-01
1.690880724351326858e-01
1.475869472208831967e-01
1.239653771811697752e-01
1.068675804542510155e-01
9.399808917547171350e-02
8.958520879296906492e-02
8.845593188439203336e-02
8.896845671277810175e-02
7.664898840640330113e-02
5.556365529800179337e-02
1.694659258555150649e-02
-3.645363616419684122e-02
-9.724544793259619346e-02
-1.581368190956163600e-01
-2.101575322131540580e-01
-2.444369292396991744e-01
-2.513118744763696011e-01
-2.444845938181099410e-01
-2.035893677143508773e-01
-1.597312957881540096e-01
-1.099475322170830605e-01
-7.331928827091470369e-02
-4.326880413720007867e-02
-4.710038426372117198e-02
-5.925335986823730694e-02
-8.804912642873910511e-02
-1.174058793863131112e-01
-1.470431255424230477e-01
-1.551991214441626188e-01
-1.529871039373888464e-01
-1.300390596135939103e-01
-8.751811336098057337e-02
-3.521071614396938110e-02
3.883013196907020292e-02
1.159031984624271372e-01
1.990407017164171899e-01
2.755416849704953042e-01
3.487244082246165888e-01
3.902584069543404977e-01
4.162314234013121950e-01
4.110824752827656470e-01
3.746244038060807524e-01
3.225117706503351500e-01
2.398580400242357746e-01
1.564882526862567680e-01
7.168635192451887350e-02
4.816091385644906409e-03
-5.308834904179775271e-02
-7.010810561727479073e-02
-7.745549048863356600e-02
-6.545813195176100607e-02
-5.555637465034276440e-02
-4.670241796665113715e-02
-7.173735779430766291e-02
-1.103712272355437674e-01
-1.762029559039317572e-01
-2.536933001988847525e-01
-3.370129523070996003e-01
-3.976423717588820073e-01
-4.396101909339134028e-01
-4.442548095554526011e-01
-4.073936938666052887e-01
-3.497797110225590589e-01
-2.548229973461318409e-01
-1.607973606904545827e-01
-6.863387807632727322e-02
1.836716560650486496e-03
6.146086720905923756e-02
8.472531383613497724e-02
1.015759474706788568e-01
1.055989551201624022e-01
1.109459487617625584e-01
1.169549353994247670e-01
1.370703491814840025e-01
1.616314903057956276e-01
1.950840861146097005e-01
2.301016543690550809e-01
2.659017088463156986e-01
2.897056768565589580e-01
3.066818707793896870e-01
3.100025165273996297e-01
3.013717338130588175e-01
2.867652368675460695e-01
2.636521437643629673e-01
2.401380876196181069e-01
2.158221053917498411e-01
1.914212018776239588e-01
1.669778377203692266e-01
1.400519038167515051e-01
1.114450502157384726e-01
7.947635721995001401e-02
4.208573360448204792e-02
1.984144679175776135e-03
-5.032988690494163281e-02
-1.072748565885866673e-01
-1.734817024712844713e-01
-2.448211615394648433e-01
-3.187269272003988019e-01
-3.841777958812614413e-01
-4.397728480705191401e-01
-4.756562672765722311e-01
-4.815910786026716406e-01
-4.725515859888022030e-01
-4.190300598609998928e-01
-3.567336406707461438e-01
-2.768874353555799139e-01
-1.976831863327699612e-01
-1.187999154561308335e-01
-6.311001501251102541e-02
-1.699493716826671469e-02
9.970495477231743064e-03
2.705705342137507130e-02
3.920417401483952680e-02
6.120537250169606758e-02
9.261976063533247649e-02
1.428605280625118712e-01
2.097341459548441589e-01
2.849241890797484245e-01
3.587233718655966075e-01
4.209594686579832268e-01
4.600693934634529358e-01
4.640437801622248615e-01
4.504503978076329629e-01
3.926410294215915697e-01
3.293679503245985907e-01
2.551674498057052154e-01
1.896987236967003498e-01
1.285958847926373660e-01
9.694919922482667096e-02
7.449644839340203994e-02
7.043156703474397207e-02
7.359531372583590081e-02
8.037337444180055190e-02
7.531131622973646911e-02
6.079843711300578213e-02
2.738391618694690360e-02
-2.517547333584675348e-02
-8.730729715701034122e-02
-1.620104196517080375e-01
-2.335395218321522914e-01
-2.987205833840516078e-01
-3.473566676332534575e-01
-3.877202632311109731e-01
-3.996107510648041483e-01
-4.034261386329155430e-01
-3.910913256698677065e-01
-3.673060323263557803e-01
-3.377954987926035102e-01
-2.992446842818471953e-01
-2.605932878411004738e-01
-2.217407275403729672e-01
-1.870691205999234497e-01
-1.544879903396118581e-01
-1.286449804517234841e-01
-1.029970501832361413e-01
-7.773927915354622575e-02
-4.779074482652435896e-02
-1.549682885083550170e-02
2.579908775642565655e-02
6.801827932077227079e-02
1.120840207992893078e-01
1.512427327378134956e-01
1.879479299063405717e-01
2.096674262266565447e-01
2.256365680096755200e-01
2.301050007180919788e-01
2.247368120442330697e-01
2.144503126792390857e-01
1.958502147655790671e-01
1.774794649799502078e-01
1.595674114503835561e-01
1.468746081121226066e-01
1.367914298695148412e-01
1.348317991755044742e-01
1.335870437458851756e-01
1.337720388450476527e-01
1.315312245137102987e-01
1.280775054671236812e-01
1.204737942719017463e-01
1.125869846159509718e-01
1.041339780385412139e-01
9.663863474875407367e-02
8.962212310277724303e-02
8.261096436519367592e-02
7.401105375905560335e-02
6.223363941580939418e-02
4.317928428249796780e-02
2.048645875415297177e-02
-1.718084270956081114e-02
-5.913562999891366911e-02
-1.096653889395223236e-01
-1.626068349451318396e-01
-2.167541244832411340e-01
-2.622827817191956123e-01
-3.017413978616835246e-01
-3.290599318172414134e-01
-3.413013934763282076e-01
-3.460043189871743752e-01
-3.286607793937108557e-01
-3.057425923241743337e-01
-2.716751103024945824e-01
-2.326233600486135589e-01
-1.910794756786332038e-01
-1.515079518722822760e-01
-1.141894712044670274e-01
-8.137707681371605939e-02
-5.221561212587424311e-02
-2.487961228948330425e-02
1.493660070700515707e-03
2.899199823749077851e-02
5.874046801749331637e-02
9.226641231618991357e-02
1.276810938742340418e-01
1.673972631641482134e-01
2.064842306055718058e-01
2.443127943499934784e-01
2.749537969647560809e-01
3.020010190146911189e-01
3.119703264683070798e-01
3.161689198063536987e-01
3.088260849132645758e-01
2.927138025726619408e-01
2.722167965082962771e-01
2.433424858836535642e-01
2.129381985465971794e-01
1.794739577847142276e-01
1.449115347494215333e-01
1.098000205774242177e-01
7.469205187593086492e-02
3.962890616433234481e-02
4.655406432517210369e-03
-2.997879686598105275e-02
-6.444335194782357945e-02
-9.605932301760855552e-02
-1.258545053552314885e-01
-1.520081102285313346e-01
-1.749920236687459718e-01
-1.963910913924175605e-01
-2.172011725548163574e-01
-2.387268096963635067e-01
-2.616835587961958698e-01
-2.837224133710971041e-01
-3.053023206835330794e-01
-3.164818288050632589e-01
-3.212606299796714193e-01
-3.132380172604389834e-01
-2.901726212280708594e-01
-2.595858335391239557e-01
-2.095245593851963184e-01
-1.555190168198596345e-01
-9.362493743170705041e-02
-3.065685617045729033e-02
3.284822602734075586e-02
8.721946155179130522e-02
1.360234624937397552e-01
1.736929942706937069e-01
1.998329673834779441e-01
2.202081611641818204e-01
2.293547962780648486e-01
2.372953890048917214e-01
2.428238969576069217e-01
2.487658331509069176e-01
2.549144834644993529e-01
2.620008806863621253e-01
2.687808310702458070e-01
2.749478877781676989e-01
2.778943912392065618e-01
2.792306180768047708e-01
2.693142789136250825e-01
2.535737972300233234e-01
2.261850305055805865e-01
1.864395219494936196e-01
1.405156424775724500e-01
8.197893345082879479e-02
2.237960788727786157e-02
-3.934495074988705182e-02
-9.787568065459735511e-02
-1.548094961930812086e-01
-2.025951829194229115e-01
-2.468597765849166459e-01
-2.840821841287229366e-01
-3.141451565755918884e-01
-3.406284114739953073e-01
-3.553788165951416445e-01
-3.650786355372853120e-01
-3.646772821214263050e-01
-3.510038712428372731e-01
-3.306944316328814248e-01
-2.887983386837521538e-01
-2.415043845308999237e-01
-1.834147079706269778e-01
-1.220821305794922151e-01
-5.912810277292738365e-02
-2.550886193170454064e-03
5.007823487262828138e-02
9.481116491051269635e-02
1.325486278295993359e-01
1.667883571892912198e-01
1.954596450418654707e-01
2.235354702822106576e-01
2.504203702980979385e-01
2.753091270254705569e-01
2.991998121085863160e-01
3.130183936281984436e-01
3.204312704442717208e-01
3.150327378532696843e-01
2.938812207391445774e-01
2.648532113634582963e-01
2.166434564077617253e-01
1.656388644285401168e-01
1.090445984022699183e-01
5.403657855123810555e-02
-1.783182121743079719e-04
-4.554098712964933099e-02
-8.725315130741434499e-02
-1.216643060057371606e-01
-1.492012553585361778e-01
-1.733011020385751555e-01
-1.889805679406585670e-01
-2.023690914455521517e-01
-2.111757301560673039e-01
-2.154922192057770469e-01
-2.175636334250826420e-01
-2.126233129737913619e-01
-2.057678128409832496e-01
-1.950819533451425558e-01
-1.821985006156772169e-01
-1.682162512694001244e-01
-1.516097977116610540e-01
-1.332269662185041337e-01
-1.112913788545086546e-01
-8.340859946002526781e-02
-5.255222405029590788e-02
-1.246595663507701901e-02
2.918871651721954841e-02
7.398020114367065414e-02
1.171278998679830818e-01
1.594537056412259624e-01
1.930864529030858756e-01
2.228311996904280834e-01
2.447999455287189763e-01
2.591668893801250539e-01
2.697329322380908057e-01
2.705876464217562560e-01
2.685673389918830090e-01
2.607969883349339213e-01
2.471006833250574963e-01
2.304414011387120320e-01
2.042632239988206311e-01
1.752128019948988868e-01
1.404178902629180659e-01
1.023999400193545406e-01
6.277047052000053751e-02
2.434697534129625501e-02
-1.187549598529314548e-02
-4.369591960765958905e-02
-7.016452868022740597e-02
-9.395723047789930615e-02
-1.130014889137106182e-01
-1.321359220037638116e-01
-1.514507044023007121e-01
-1.725726848186117657e-01
-1.945982642438101873e-01
-2.169793451381129001e-01
-2.375149108174312296e-01
-2.543594460667699120e-01
-2.635634934836666998e-01
-2.689472969843446082e-01
-2.602651749723763341e-01
-2.474569754409916000e-01
-2.263966208707762495e-01
-1.997070545065636193e-01
-1.702028822453453827e-01
-1.354120290139230187e-01
-9.936561007364320963e-02
-6.080805971564914175e-02
-2.087665106274920468e-02
1.974168673760331311e-02
5.893970705105854024e-02
9.625727492395808049e-02
1.298139379157532414e-01
1.578698803523654048e-01
1.831754625113890533e-01
2.001536145963026536e-01
2.148797256298031200e-01
2.251017545604785397e-01
2.321560995195221522e-01
2.376266024927494724e-01
2.396363356695825897e-01
2.401764146999536276e-01
2.377771854374002847e-01
2.298452753378900371e-01
2.191470248199027804e-01
1.954508200702357867e-01
1.669545138117411731e-01
1.288580045355938730e-01
8.390403136426924369e-02
3.552132624534601324e-02
-1.542008943798364728e-02
-6.477320542225006861e-02
-1.109497220083908720e-01
-1.512160416716766265e-01
-1.885272628735363831e-01
-2.165279811963609080e-01
-2.419785297768365373e-01
-2.623287388726193159e-01
-2.781811456611537614e-01
-2.917846512960654559e-01
-2.965235836263129809e-01
-2.969670363404573465e-01
-2.888195298223975582e-01
-2.709437165518887580e-01
-2.482037499051541196e-01
-2.141311611783876523e-01
-1.782674857170799543e-01
-1.388216367867089462e-01
-9.876244871950495829e-02
-5.839659108388461223e-02
-1.893558253697099486e-02
1.990219493795203007e-02
5.749351026889416849e-02
9.326071480363223865e-02
1.281158639402737165e-01
1.601176872075589785e-01
1.910264807670638554e-01
2.197492149110085169e-01
2.441250065749057674e-01
2.663273269987804226e-01
2.764251746912712027e-01
2.813287389419588114e-01
2.758437363090419647e-01
2.611835185821176908e-01
2.419356933081902028e-01
2.140205662889746729e-01
1.846061968932907194e-01
1.521933427446707510e-01
1.180622468584895668e-01
8.307203010352752492e-02
4.680353351806546686e-02
1.073343185379086601e-02
-2.493987996812179267e-02
-5.882101773774219000e-02
-9.180606848121691810e-02
-1.201716397614154830e-01
-1.463939234182365379e-01
-1.683296318283037662e-01
-1.852746638052913952e-01
-1.997243575657399461e-01
-2.075255649071849062e-01
-2.139574857366476346e-01
-2.176508335421466211e-01
-2.199669004746733769e-01
-2.215943269707143504e-01
-2.203819424316690589e-01
-2.170163576400337968e-01
-2.093443723432183157e-01
-1.947263007252248990e-01
-1.766351859466416263e-01
-1.468226880323729167e-01
-1.139787943930696268e-01
-7.507210930369884183e-02
-3.383139128079262758e-02
8.576343208881630903e-03
4.808025534072400686e-02
8.493404296959282396e-02
1.164875815925299346e-01
1.413240240618648391e-01
1.628019184544004516e-01
1.754357324667757401e-01
1.862536548243031720e-01
1.934397938721358345e-01
1.990494398198883463e-01
2.038708392176011019e-01
2.068600429998327384e-01
2.084624191507952473e-01
2.072911400392202230e-01
2.011873915892151976e-01
1.926174084699965317e-01
1.751074049632673491e-01
1.549627643182746317e-01
1.295488493967361376e-01
1.002558706087567919e-01
6.902335988754347562e-02
3.334167006639417868e-02
-3.446593784577052164e-03
-4.244800569516677530e-02
-8.178134475462031650e-02
-1.212806473885265496e-01
-1.564906175653817400e-01
-1.887343767091454738e-01
-2.150457137866919055e-01
-2.337013593855992166e-01
-2.485291592451770171e-01
-2.510880935808281755e-01
-2.496695170506971762e-01
-2.402959187890051640e-01
-2.241623154753649982e-01
-2.046487096357593460e-01
-1.781134062460668632e-01
-1.501098127650901948e-01
-1.191696391015168999e-01
-8.574782874826025747e-02
-5.108520005017423704e-02
-1.266998587200750953e-02
2.646691269588859197e-02
6.704718004328436010e-02
1.066760365258911381e-01
1.458291875761250356e-01
1.795586055811742576e-01
2.104674944411466242e-01
2.357353250109412712e-01
2.541875335627831189e-01
2.692319311056620701e-01
2.734983516937277148e-01
2.742065653416073667e-01
2.677983651091142003e-01
2.539811526518906959e-01
2.364594340823093777e-01
2.065726494475418618e-01
1.725883590646435928e-01
1.304090571854988612e-01
8.280951756379334450e-02
3.249985907083279696e-02
-1.784443647456622484e-02
-6.543085896388678435e-02
-1.075015353411040986e-01
-1.410824598967476973e-01
-1.704185085415939882e-01
-1.876434090758240525e-01
-2.021728309455297079e-01
-2.113112954862049198e-01
-2.180796180909659321e-01
-2.236628697277747158e-01
-2.278827219524259540e-01
-2.309818995268493047e-01
-2.318397278008138274e-01
-2.267473937515884774e-01
-2.186799785407686492e-01
-1.962992684296498702e-01
-1.689310326641136062e-01
-1.315877455897715986e-01
-8.796898665116270610e-02
-4.121249178044362332e-02
6.178884293904847447e-03
5.128366158071176462e-02
9.181524129242116250e-02
1.252908084006314204e-01
1.552383692070742616e-01
1.745449897563046415e-01
1.910869902489786276e-01
2.020997506285603373e-01
2.095557472097404061e-01
2.152333618917176283e-01
2.170642169127635912e-01
2.173290900495210010e-01
2.144619994177033584e-01
2.073176585820485918e-01
1.980346926444737365e-01
1.818392324931716042e-01
1.636240254003097916e-01
1.413693244243400815e-01
1.156599968455101074e-01
8.822335596523814272e-02
5.632749545327199459e-02
2.355036786837520074e-02
-1.098929386234794719e-02
-4.508618630643045078e-02
-7.896169410717444881e-02
-1.085897740479605800e-01
-1.358961110331284028e-01
-1.585589621070515043e-01
-1.755127866304034556e-01
-1.896120978784608113e-01
-1.950917340384092369e-01
-1.983752301064096446e-01
-1.972664459905198731e-01
-1.937825360123126839e-01
-1.891110631029483957e-01
-1.822197648002916448e-01
-1.740501871098058539e-01
-1.633240506436545725e-01
-1.482980013450335977e-01
-1.311219956301720446e-01
-1.069043940144812493e-01
-8.111937066955579589e-02
-5.219950386617826232e-02
-2.267857745750563592e-02
7.142878753829947323e-03
3.451378844840137516e-02
6.049333193670564102e-02
8.369014301244785681e-02
1.043066931479867121e-01
1.236331128134190022e-01
1.407232475663039162e-01
1.573955093220709978e-01
1.732320250835845676e-01
1.871500673471958032e-01
2.001088728618484469e-01
2.060502312112458823e-01
2.082548198641696047e-01
2.029858691241522850e-01
1.893390929883090879e-01
1.715034041545592802e-01
1.436826848672702051e-01
1.142876704874887933e-01
8.174406592269309324e-02
4.965607654506325186e-02
1.779589476099900300e-02
-1.002485377399426475e-02
-3.629949038023512486e-02
-5.948190312895139387e-02
-8.042353116764396070e-02
-1.002447668513370138e-01
-1.182436412268282055e-01
-1.357891228298584718e-01
-1.524278188879481799e-01
-1.673625038280400767e-01
-1.814451832091282246e-01
-1.903723536304358643e-01
-1.965949038207062405e-01
-1.974082135488955114e-01
-1.915376496336382017e-01
-1.823251488966607381e-01
-1.631635822115135026e-01
-1.414048447870713265e-01
-1.144517658840188412e-01
-8.488748101209152297e-02
-5.401759315573777254e-02
-2.417963291445593410e-02
3.792704652071862692e-03
2.803379686912337715e-02
4.717080764506142998e-02
6.375577770045566528e-02
7.417361161010903314e-02
8.373331477064259454e-02
9.157675643292913226e-02
9.962646812379039041e-02
1.077793148289431790e-01
1.166423020250639819e-01
1.250809177568000807e-01
1.326707905597578341e-01
1.372680542353082456e-01
1.403690133471510726e-01
1.362273443986732613e-01
1.295659337203787509e-01
1.178650395824579061e-01
1.030471482442168185e-01
8.667075830582350593e-02
6.975417324892500825e-02
5.335787065729217377e-02
3.800213299617263840e-02
2.292995124883014102e-02
7.999547458381477821e-03
-8.860591267253348918e-03
-2.664020260765260009e-02
-4.625875917759866840e-02
-6.661439823120055004e-02
-8.733857852664078658e-02
-1.057227562615121602e-01
-1.219898740553330696e-01
-1.340228719670400193e-01
-1.398778587480886959e-01
-1.426438399638146337e-01
-1.360766347417295408e-01
-1.273958048635044360e-01
-1.144877256730085363e-01
-1.000065068817812403e-01
-8.473871829019063995e-02
-6.973647225683085593e-02
-5.514030708662546326e-02
-4.135630364274436865e-02
-2.862521077428607091e-02
-1.642057319354595438e-02
-5.775272207870291857e-03
4.754973528583927508e-03
1.505510876660661086e-02
2.660216101401292194e-02
3.877267176610672134e-02
5.415087876037535941e-02
7.018474165811561249e-02
8.752991636281549914e-02
1.037082017271288431e-01
1.193030424212581514e-01
1.283755190828113069e-01
1.339394532953596950e-01
1.324863026098920538e-01
1.233213057261239864e-01
1.103003857432049428e-01
8.941735874154374542e-02
6.842454412703878608e-02
4.721215428686873633e-02
3.041517049190161845e-02
1.582588971954269549e-02
9.568115522544445514e-03
4.681733539978136412e-03
2.538135986280922775e-03
-1.202204652760448678e-03
-5.740916834471905192e-03
-1.699291291302477969e-02
-3.039793827224234607e-02
-4.810902219280130399e-02
-6.704270979817339438e-02
-8.658769924594511558e-02
-1.013673444629166337e-01
-1.129756441107379883e-01
-1.182412526202747671e-01
-1.171068960828743344e-01
-1.127725570220081130e-01
-1.024671790679304445e-01
-9.130435553842058960e-02
-7.842664085805370333e-02
-6.416936208675706743e-02
-4.922230126998871497e-02
-3.105713886684079855e-02
-1.189165190556288471e-02
9.274484171954588962e-03
3.057871448070736964e-02
5.195199190507265169e-02
6.942880750412003255e-02
8.448755839880016383e-02
9.471017988472971161e-02
9.946505351795630057e-02
1.014860532248288705e-01
9.754375278675060656e-02
9.306658874108506008e-02
8.751969748024075735e-02
8.318768365015571931e-02
7.946310853545164588e-02
7.736050967895008457e-02
7.468228390168385467e-02
7.085280428288605326e-02
6.371505043850035632e-02
5.492315948131868547e-02
4.073229630669498308e-02
2.547231510550776110e-02
8.074097851203592552e-03
-9.605352627529473858e-03
-2.742541971848625609e-02
-4.389270223535565729e-02
-5.969541172671961188e-02
-7.416897516705583948e-02
-8.698682988858261189e-02
-9.897683025070069807e-02
-1.070155958255528533e-01
-1.128924036239816880e-01
-1.144452958695576089e-01
-1.103644829927276083e-01
-1.034668175546968327e-01
-8.904603264280396002e-02
-7.359304883534449615e-02
-5.607566723673648723e-02
-4.020438765547725002e-02
-2.515615908289772773e-02
-1.556303780846060580e-02
-7.245568374459854591e-03
-1.479402621321629016e-03
5.031086282786825792e-03
1.191373676238346828e-02
2.444272952565001641e-02
3.900023106084735819e-02
5.761475013989739158e-02
7.708234428805633975e-02
9.697647597077967141e-02
1.105218688285579814e-01
1.200229646279375451e-01
1.214354663105094712e-01
1.145692543689079412e-01
1.035636856152168106e-01
8.522267703747396506e-02
6.668245792609962808e-02
4.774381774748208407e-02
3.119929304293665023e-02
1.585182607543609429e-02
4.210798984507786030e-03
-6.937351690836862997e-03
-1.709974953502661071e-02
-2.736651003923764106e-02
-3.768545187345564984e-02
-4.756875630971553470e-02
-5.658333510962410690e-02
-6.386046263684060087e-02
-6.827906824572918532e-02
-7.126841289545771119e-02
-7.045505240630255128e-02
-6.918432859849991956e-02
-6.699887815340296870e-02
-6.537802935131924176e-02
-6.403948137074096103e-02
-6.330428267046346591e-02
-6.186535570769713388e-02
-5.901897221995465459e-02
-5.302240689526734052e-02
-4.545075065210650578e-02
-3.338676656992442537e-02
-2.092368338149546217e-02
-7.662401980586049099e-03
3.777472337312382487e-03
1.430664311369922621e-02
2.029938070109510440e-02
2.521029719774198902e-02
2.795757151289728071e-02
3.068553375726295468e-02
3.340383996623284835e-02
3.884556972264582853e-02
4.523526381632528987e-02
5.352088658454348669e-02
6.178656763171066352e-02
7.004227781835672961e-02
7.445945652874398635e-02
7.700255273809925027e-02
7.579748394538741996e-02
7.180695947520490674e-02
6.642370716628642757e-02
5.990563287409393645e-02
5.360999086359955618e-02
4.775921341650812835e-02
4.171975453858314808e-02
3.558595494524136732e-02
2.648025199713869432e-02
1.582137600512648762e-02
2.056153925306569014e-03
-1.372781777915977816e-02
-3.052116429594093142e-02
-4.564608384741133951e-02
-5.865430456258752256e-02
-6.742912760519138848e-02
-7.114674148334833303e-02
-7.233575077928139363e-02
-6.880306619481066366e-02
-6.514205725571753369e-02
-6.122439960737584286e-02
-5.869097331761687075e-02
-5.684966270714716247e-02
-5.632219485177769602e-02
-5.528567024161996912e-02
-5.323103212188610989e-02
-4.847025700651624164e-02
-4.235641339332726213e-02
-3.203483397415090445e-02
-2.119804678068821710e-02
-9.330844038664413281e-03
1.110881364854007444e-03
1.083986809911618304e-02
1.650372876790243831e-02
2.116823759214780942e-02
2.383404272730644397e-02
2.618627697584637731e-02
2.838172578107570759e-02
3.143191060226005473e-02
3.442589920187927310e-02
3.730749535837147440e-02
3.859881209819047976e-02
3.909498912967271367e-02
3.589524038815389284e-02
3.179212774117313317e-02
2.588228728326508882e-02
2.022538696275262560e-02
1.469495671093480615e-02
1.281762418409117428e-02
1.240812716092083538e-02
1.493430114509841297e-02
1.836423084500632061e-02
2.224603840278073508e-02
2.252113007769603048e-02
2.059066258154015894e-02
1.424907674324401782e-02
4.382334569667549126e-03
-7.246985771548239419e-03
-1.967250473839461666e-02
-3.090740034592474178e-02
-3.976104923481037917e-02
-4.502304303849166689e-02
-4.848920929956797299e-02
-4.753596191901936219e-02
-4.592830127506863924e-02
-4.301181410431266505e-02
-4.024800583047834224e-02
-3.756053700510578880e-02
-3.564064121543356750e-02
-3.355796282978339845e-02
-3.114971925217529386e-02
-2.733782143083222232e-02
-2.282409648762038015e-02
-1.599556047595276226e-02
-8.875797059612715312e-03
-1.173578833932672691e-03
6.034240857222818513e-03
1.299486128112013923e-02
1.879089402183312454e-02
2.436891683216739143e-02
2.951091978173827832e-02
3.431238427593469309e-02
3.894357954244244413e-02
4.212560738196292898e-02
4.432625210348294792e-02
4.456413058899970359e-02
4.223048239038094953e-02
3.861107084969568615e-02
3.171095417190669674e-02
2.445515570576009892e-02
1.648799366289092905e-02
9.752604274820799585e-03
3.633101214152368273e-03
1.173174098861288431e-03
-3.203572943858635147e-04
1.189027564522167238e-04
4.889860794315982993e-04
8.244810384818647853e-04
-1.927769173157468799e-03
-5.875392296330467223e-03
-1.221376124256884008e-02
-1.925713637159554015e-02
-2.665301459201978307e-02
-3.145279338545101111e-02
-3.470617881022607099e-02
-3.486677749768534590e-02
-3.250964140997290169e-02
-2.889363793467418853e-02
-2.419875371194971092e-02
-1.988100850972374795e-02
-1.631754134849942167e-02
-1.359676670979408954e-02
-1.129733833234970557e-02
-8.566036435700336016e-03
-5.065757969166791684e-03
-2.752636286198432286e-05
6.760133141824863252e-03
1.442250659570000829e-02
2.283466349142957569e-02
3.045615220199628798e-02
3.649630454224625509e-02
3.938168075034561427e-02
4.068966889237289608e-02
3.735691765952840054e-02
3.332292044932703978e-02
2.788643128441431820e-02
2.314392908990961506e-02
1.874842038060602414e-02
1.689373411813319473e-02
1.554952861713279795e-02
1.522628463907868893e-02
1.433425125241378183e-02
1.315782316144263088e-02
9.442055403637563890e-03
4.979452289520764664e-03
-9.768215372147432893e-04
-7.166785973544378963e-03
-1.347359571466777949e-02
-1.813050588517008122e-02
-2.194019370532633573e-02
-2.405543682479547099e-02
-2.471399907155360023e-02
-2.464422088195624902e-02
-2.327720237961869790e-02
-2.167453857798156899e-02
-1.960058417774382389e-02
-1.704423342776098180e-02
-1.424668450290448793e-02
-1.056698224353881665e-02
-6.789449001956565470e-03
-2.816253795943765223e-03
2.573482335689071792e-04
2.881153674833632130e-03
2.519770455813711164e-03
1.209006599995715971e-03
-2.000518529417031656e-03
-5.398665894783074432e-03
-8.891124378124027131e-03
-9.093312789004867613e-03
-7.473992056176188316e-03
-2.211653035930199844e-03
6.230241805648480298e-03
1.626191455788900814e-02
2.782074995343492008e-02
3.850280778752496885e-02
4.743131049871560090e-02
5.257339671198844877e-02
5.582227467630125617e-02
5.292921302160461666e-02
4.870630828927263040e-02
4.182371740166684893e-02
3.438436294492858841e-02
2.666662670362041423e-02
2.017796131740196355e-02
1.412522598879068295e-02
8.944350775398356851e-03
3.907239575246645308e-03
-1.057989618287521289e-03
-6.621994948817193187e-03
-1.232567174547503398e-02
-1.830869147438313541e-02
-2.402559631838085616e-02
-2.960944371992194069e-02
-3.410835574081032967e-02
-3.819935018030007345e-02
-4.147450945698814839e-02
-4.406075191878507102e-02
-4.630253597313503666e-02
-4.743404660653003507e-02
-4.794295423862481725e-02
-4.720665586812039516e-02
-4.445950703237994128e-02
-4.070693296402281419e-02
-3.338109869991998102e-02
-2.517871881277704976e-02
-1.522324767954612648e-02
-5.068528450793842455e-03
5.185814825724431934e-03
1.326169631861636583e-02
2.019198055861746999e-02
2.483107029283117273e-02
2.741072117990664414e-02
2.896065264341547013e-02
2.867675304377407738e-02
2.816614343118442262e-02
2.720211379269878507e-02
2.609361428840462072e-02
2.491287985120622939e-02
2.335112292635450892e-02
2.158981241684903435e-02
1.942939473803793199e-02
1.710137229805572257e-02
1.468954747748920341e-02
1.292411399844690598e-02
1.157749095578566867e-02
1.106848878588467117e-02
1.102476968063203187e-02
1.121369210770350316e-02
1.044984848808631558e-02
8.814432366801593088e-03
5.435871242180984574e-03
1.102921284900585525e-05
-6.436953268840456439e-03
-1.464627633723585010e-02
-2.255548652685230443e-02
-2.986447095890504971e-02
-3.477630159046029429e-02
-3.848955532177067429e-02
-3.748867698827267753e-02
-3.529782328180833956e-02
-3.072701882941365065e-02
-2.543362811709980881e-02
-1.977894427482759440e-02
-1.522535722769795263e-02
-1.137259758111209065e-02
-8.921492735617889136e-03
-7.850285387231759060e-03
-7.469026787400234561e-03
-8.424218455703604003e-03
-9.402383890491278207e-03
-1.042649685824857675e-02
-1.059262457477372701e-02
-1.032975966568289682e-02
-8.043460020431793950e-03
-5.134482199318197472e-03
-9.801480264771790865e-04
3.913868523018232924e-03
9.177726260843054387e-03
1.437860526460905952e-02
1.902664537695523961e-02
2.256900770645808157e-02
2.402806708558807847e-02
2.444547498953354020e-02
2.158356177944775398e-02
1.820429283457566244e-02
1.379031242013456157e-02
1.011619390646956336e-02
6.812006343194466559e-03
6.511760312941327483e-03
7.231132672411324895e-03
9.989741811326826801e-03
1.362426816381167270e-02
1.769675312307925422e-02
2.039714852886853613e-02
2.188472038875613132e-02
2.094664515684322229e-02
1.722447522805222939e-02
1.211025795082400734e-02
4.312448037694377977e-03
-3.559433339647051671e-03
-1.157945764542039208e-02
-1.843836512243887671e-02
-2.471671418508420218e-02
-2.844584729832449338e-02
-3.135609655365718951e-02
-3.262857809317205177e-02
-3.259762769100631868e-02
-3.191496131800096447e-02
-2.981102512125060125e-02
-2.732626918365587548e-02
-2.407987376437507876e-02
-2.007686931489352858e-02
-1.569556035031181851e-02
-1.031494992763883761e-02
-4.813198769485512937e-03
9.308338596226350611e-04
6.289999004347143416e-03
1.145673040687697833e-02
1.533669942201242899e-02
1.869421665522084247e-02
2.100683032457931546e-02
2.221026367761721673e-02
2.285910687249460491e-02
2.176606114883957582e-02
2.013076353792231724e-02
1.741096215247944778e-02
1.395128070282576974e-02
1.012165922106523716e-02
6.029218420221076936e-03
2.135632411986402614e-03
-1.360244011026392943e-03
-4.134650011139899030e-03
-6.548320799805622608e-03
-8.020232012635927429e-03
-9.380712313989883824e-03
-1.051833079238969140e-02
-1.172357630448826044e-02
-1.296263533343591789e-02
-1.394198074947135269e-02
-1.447530645938306833e-02
-1.411659275704677842e-02
-1.223407012599386605e-02
-9.589643030583646852e-03
-4.737022625591075925e-03
4.196160980699068389e-04
6.184291459072888825e-03
1.128230465974105687e-02
1.604698678024012518e-02
1.823171203863506798e-02
1.939671031351672403e-02
1.852225462137412418e-02
1.616790968273748921e-02
1.307362012085337179e-02
9.419623274366632076e-03
6.071947267020086011e-03
3.336912937956524987e-03
1.512775508740060552e-03
1.440865294456875707e-04
-4.684617707799594837e-04
-1.119179478221387931e-03
-1.846236000093686358e-03
-2.841851084934323736e-03
-3.971745451259000269e-03
-5.096603494170350371e-03
-6.039950942308533813e-03
-6.620277200899376928e-03
-6.737061718187702802e-03
-6.622075364824706739e-03
-6.030908715345393786e-03
-5.357052806941500767e-03
-4.517818380687817909e-03
-3.506616828279833335e-03
-2.409431712795087350e-03
-8.478324723238703058e-04
9.215255145971350563e-04
3.106400994419382389e-03
5.569323643358037139e-03
8.171269876856060085e-03
1.045145651824739771e-02
1.229297850829510520e-02
1.325717119565393391e-02
1.296656620248872252e-02
1.204856236906200369e-02
9.625207128609012536e-03
7.070128233599213934e-03
4.251602029478517876e-03
1.873852630073878558e-03
-2.835083669718758709e-04
-1.441746438793747908e-03
-2.411544695353446538e-03
-3.004463321387765111e-03
-3.706573447104255428e-03
-4.463279322661457132e-03
-5.774168079295956615e-03
-7.150739363614569584e-03
-8.658675703302805976e-03
-9.653497889829866507e-03
-1.039176299977607847e-02
-9.491957521550162952e-03
-8.037511142046808998e-03
-5.473782959987617130e-03
-2.388446841170383146e-03
9.576932460272379911e-04
3.986957627389688119e-03
6.715239091262675819e-03
8.841554720154586738e-03
1.040069345771747929e-02
1.167624374961699456e-02
1.242355624678020444e-02
1.307468638796159197e-02
1.353345181717864089e-02
1.381151262434123818e-02
1.399922112047635205e-02
1.368983931383998404e-02
1.309879580376261711e-02
1.194442888680388552e-02
1.012630523989293055e-02
7.976303228006834459e-03
5.112760767749502042e-03
2.180607880936969410e-03
-8.887658589890180642e-04
-3.908573647840339789e-03
-6.903598461153263519e-03
-9.849972002959207773e-03
-1.274123415849851351e-02
-1.552227354150767860e-02
-1.777924819787907521e-02
-1.977419049093306902e-02
-2.013160260104419896e-02
-1.980229362693613354e-02
-1.809954248438942065e-02
-1.528793276956619263e-02
-1.192189376860379631e-02
-7.967268937185672389e-03
-4.241317741192388371e-03
-9.727138160527610058e-04
1.246240125750501613e-03
2.940369075884436724e-03
3.047224928988068182e-03
2.924457318599598191e-03
2.342442781227054537e-03
2.085214573578325192e-03
1.990379530791639828e-03
2.941043163515690093e-03
4.093340515243704472e-03
5.648905304980659722e-03
6.938376966410076535e-03
8.094802063685313867e-03
8.074067600910495718e-03
7.645127065345523089e-03
6.399774384200213745e-03
4.775993785148658841e-03
2.962999227143318058e-03
1.501832242330480372e-03
3.567472963422396249e-04
-1.561735719957693365e-04
-8.534736623537275213e-05
2.773523765739534675e-04
9.519031400247337073e-04
1.553378138891440456e-03
2.008701608589359353e-03
2.211662246535688221e-03
2.288441468606043725e-03
2.091709748864991041e-03
1.831462434845440969e-03
1.444183932269174110e-03
8.883166763855686451e-04
2.481550438485900811e-04
-7.875315981027892522e-04
-1.980701554286627090e-03
-3.488838138936485762e-03
-5.190345655241907462e-03
-6.988538637374471646e-03
-8.527818807017856564e-03
-9.751945159513582609e-03
-1.034576387771563022e-02
-1.009867461022630891e-02
-9.431131349891617999e-03
-7.851255484325735459e-03
-6.216241400896820035e-03
-4.470950881742956004e-03
-3.006443097255303339e-03
-1.682326680099826329e-03
-8.861247203065158919e-04
-1.769494133283364308e-04
3.581725880188245219e-04
9.177033904592065989e-04
1.489438593446120200e-03
2.105860072334103748e-03
2.618555404541340805e-03
2.923798443386538878e-03
2.743424429419343783e-03
2.320241889046048382e-03
1.174095664778315078e-03
-1.174386042573092107e-05
-1.276969987503624423e-03
-2.075452007637285969e-03
-2.640561974298630959e-03
-2.074046169275522815e-03
-1.211573663803959360e-03
2.428122425651175337e-04
1.800916363165360693e-03
3.410879590881962190e-03
4.400308275503486688e-03
5.060621687285519685e-03
5.062704553389621789e-03
4.607063306427382383e-03
3.922560002931972656e-03
3.365148883237401717e-03
3.095966598630641928e-03
3.403241984199790668e-03
4.314460904663258364e-03
5.527651592573881202e-03
6.885938235199653458e-03
7.946062275673669920e-03
8.409861111843041151e-03
7.866222736852822653e-03
6.818865756283096387e-03
4.402628222098999358e-03
1.769478085689724089e-03
-1.297497255172481989e-03
-4.238231188581803241e-03
-7.115844418263660327e-03
-9.229800530468942887e-03
-1.103158426488180278e-02
-1.220902324371207076e-02
-1.283861382394585991e-02
-1.319428020488203936e-02
-1.290883375248763100e-02
-1.244824329519832358e-02
-1.163736482811892139e-02
-1.055237254153267197e-02
-9.330323345192568715e-03
-7.945448172759415201e-03
-6.620869457840866494e-03
-5.416883657952934264e-03
-4.446144416419693830e-03
-3.592028454064052564e-03
-2.851727669033782882e-03
-1.976420764370654878e-03
-8.311016204427430776e-04
8.272226290997931625e-04
2.742049431448757672e-03
5.259590880025074265e-03
7.745323966610782006e-03
1.016744032921795479e-02
1.194692737244307419e-02
1.340509975597664605e-02
1.333647392324697339e-02
1.278564645051497375e-02
1.127041569777824728e-02
9.286053584338828035e-03
7.067125790547254885e-03
5.180570521195580411e-03
3.644127609413108562e-03
2.807909412767033153e-03
2.633203976465216169e-03
2.789254920335083009e-03
3.181599477871382455e-03
3.368416243102265260e-03
3.144177423722114856e-03
2.306729067028486478e-03
1.162675941677977949e-03
-4.903777093220333585e-04
-2.070190814172679760e-03
-3.503522826722912584e-03
-4.458003046824399705e-03
-5.173057370701004617e-03
-5.156280608619138658e-03
-5.011466279777387900e-03
-4.610576817415846726e-03
-4.233276560645954367e-03
-3.867770906672017821e-03
-3.785016147969528545e-03
-3.786361371710301234e-03
-3.955906560337509384e-03
-4.134656514103707964e-03
-4.318008850439491314e-03
-4.278854153606940006e-03
-4.147764787098927666e-03
-3.832806081239949030e-03
-3.405679852298394619e-03
-2.922469861815384269e-03
-2.364368218582808476e-03
-1.776289080985755985e-03
-1.128254954660376118e-03
-4.020770482669292238e-04
3.631727481604450397e-04
1.152775024666195499e-03
1.887108648547499963e-03
2.510904967179130188e-03
2.938234562056365497e-03
3.267330795056175990e-03
3.358126798199105242e-03
3.444557768842995780e-03
3.522258674488905599e-03
3.761900100996638449e-03
4.082511787935169841e-03
4.742608580983652400e-03
5.448164995906565680e-03
6.244640654579043833e-03
6.829658462547395087e-03
7.308947345164107899e-03
7.054399574501849998e-03
6.541349443818783062e-03
5.511294593093827437e-03
4.240067335308010665e-03
2.848253873991213846e-03
1.681718665841511499e-03
7.057932149289725381e-04
1.110872784918004235e-04
-1.759963212861537555e-04
-3.092687527343929046e-04
-4.411800038073936375e-04
-7.358988075642563728e-04
-1.356232716688529020e-03
-2.424877691035740111e-03
-3.717678197993850783e-03
-5.392510805181764677e-03
-6.977677739446646980e-03
-8.383513327867249398e-03
-9.170316073948418106e-03
-9.647602398859698655e-03
-8.889177343696747988e-03
-7.777765545081878791e-03
-5.960380259562364155e-03
-3.787065181572203502e-03
-1.435785207345750781e-03
8.320056272565249603e-04
2.911950972832377978e-03
4.616205340357802667e-03
5.814026914008042779e-03
6.758632090721600032e-03
7.071087644779357716e-03
7.291480539777224143e-03
7.327748116655069532e-03
7.427338902223578308e-03
7.558591292137499008e-03
7.936444857357163526e-03
8.334011013744448831e-03
8.771002352466545499e-03
8.955926121547103450e-03
9.014816105806794030e-03
8.276121701663153793e-03
7.231014410774875070e-03
5.573081346396537017e-03
3.490983871173081610e-03
1.196804190527883498e-03
-1.169469530800568667e-03
-3.367103651667321430e-03
-5.227458571613195944e-03
-6.541695204503362310e-03
-7.582872693866665563e-03
-7.910833509070569480e-03
-8.142653280010285488e-03
-8.182190962421972621e-03
-8.288418491045794825e-03
-8.427990942775704514e-03
-8.665798548530952161e-03
-8.799647976461244178e-03
-8.725581048741480952e-03
-8.134593233943880619e-03
-7.285144975607059023e-03
-5.539057998643124800e-03
-3.601840798011454042e-03
-1.282363150046376705e-03
1.044991532034713917e-03
3.376284731172571503e-03
5.220079043367186443e-03
6.824240663593002243e-03
7.949136899883184337e-03
8.635305132590295751e-03
9.102109363505703557e-03
9.104059517829339587e-03
8.985900094392866577e-03
8.627521515436177221e-03
7.990960079406864841e-03
7.215307214841050129e-03
5.958586392757594767e-03
4.585531503437358970e-03
2.979808479642220929e-03
1.364951893827997826e-03
-2.544714729965133590e-04
-1.563268222733900587e-03
-2.741937297472123169e-03
-3.660351022210759329e-03
-4.457370083675522669e-03
-5.193691813503227735e-03
-6.049024223040067386e-03
-6.972974004483468990e-03
-8.034158529739012650e-03
-9.024602641323053315e-03
-9.979676546070815127e-03
-1.025467433243091100e-02
-1.016630806392078597e-02
-9.351213685670510534e-03
-7.911016414656584991e-03
-6.158267697261456293e-03
-4.192063811321063496e-03
-2.439256361766169428e-03
-1.113241784980177488e-03
-4.891509807865257161e-04
-2.160220628883370477e-04
-7.060214143325229709e-04
-1.198451157632944358e-03
-1.695741684646359312e-03
-1.747893150483754076e-03
-1.577475085733120097e-03
-6.079876737396693520e-04
4.688242975272118073e-04
1.760285387339807252e-03
2.786776902264960585e-03
3.680783629745870440e-03
3.750389954204551984e-03
3.605576094229154521e-03
3.031921865385752996e-03
2.459769206827567764e-03
1.888367333412295556e-03
1.932822371481603130e-03
2.222407226103123232e-03
3.002251713829114359e-03
3.970654436880801177e-03
5.033336277594959406e-03
5.690389357902379298e-03
6.060958836315103078e-03
5.858561110939134592e-03
5.115470268352013787e-03
4.102032867159210137e-03
2.738047249424056459e-03
1.432349660082675447e-03
2.432281275273847666e-04
-6.600951025273183153e-04
-1.420519181332245738e-03
-1.856825160241990999e-03
-2.278238549764237311e-03
-2.669866760511035563e-03
-3.167136948041588025e-03
-3.717228123964010436e-03
-4.446125430914773906e-03
-5.200383477086611798e-03
-6.005363001699794492e-03
-6.772742087270880625e-03
-7.521320953320508214e-03
-8.074903909017357509e-03
-8.505190366491839626e-03
-8.688883827522178929e-03
-8.481945509288418145e-03
-8.079691301422751298e-03
-6.915092182634672430e-03
-5.502829150814107610e-03
-3.595238292927330562e-03
-1.418117215398606275e-03
8.937689719521083953e-04
3.011725852080704424e-03
4.874301558466053071e-03
6.226114917367162743e-03
6.934030499606605100e-03
7.319997193515702556e-03
7.053833961915016194e-03
6.777638576263921022e-03
6.481378882512301397e-03
6.494853343405332033e-03
6.663194881620904640e-03
7.296040050693703739e-03
7.910545608480590296e-03
8.488371943695002114e-03
8.578425848274192841e-03
8.424593537535723584e-03
7.207125215105351923e-03
5.729041821669322680e-03
3.729728286220684169e-03
1.694393504749181455e-03
-3.589518997330236392e-04
-1.766929738946118036e-03
-2.878806533952678760e-03
-3.398481240547674299e-03
-3.525561205257217879e-03
-3.456343799024312602e-03
-3.354890474770890266e-03
-3.372858080089254518e-03
-3.629667544551083962e-03
-4.104781471976374704e-03
-4.689047630883514707e-03
-5.222917934396185957e-03
-5.605442843283554508e-03
-5.685276962919909131e-03
-5.387295687519891990e-03
-4.900406714601562332e-03
-4.098713647104437231e-03
-3.324130025747788243e-03
-2.603765296672916341e-03
-2.080063416346706294e-03
-1.654692960395106683e-03
-1.404762843306392971e-03
-1.111120227428375124e-03
-7.300526139714828356e-04
-1.231794031858588390e-04
5.965966062638750587e-04
1.602611452457234319e-03
2.622897098257103311e-03
3.671724343271063826e-03
4.584507330754071519e-03
5.429268189472162033e-03
5.961298112559904397e-03
6.404407364651433163e-03
6.669675274751104589e-03
6.823472555598017811e-03
6.921534521818638666e-03
6.860869473915646652e-03
6.700365667623950708e-03
6.340184344555016907e-03
5.666190422315699540e-03
4.835290200491091511e-03
3.545241385776840351e-03
2.196712762066634593e-03
7.312245203659555569e-04
-5.862498429534216413e-04
-1.829717267081445737e-03
-2.622704299564895900e-03
-3.296594747586257569e-03
-3.732292026684285759e-03
-4.129491837161698362e-03
-4.507442913328669164e-03
-5.047066532669212784e-03
-5.613009521293619783e-03
-6.231591248486330337e-03
-6.660074830797052016e-03
-6.993509340667109289e-03
-6.645593331962683023e-03
-6.025498401219545226e-03
-4.861045626398613137e-03
-3.323242529576960098e-03
-1.598764271754316447e-03
1.531786723033615443e-04
1.740251015363900857e-03
2.997582156428471242e-03
3.770682924680126332e-03
4.301668506524895623e-03
4.258154032131845901e-03
4.148788424290372409e-03
3.907720549552165870e-03
3.743238551000028450e-03
3.617049490541012109e-03
3.660279671137889844e-03
3.703996703260952709e-03
3.748687438436431804e-03
3.657389848410003749e-03
3.498098095782678930e-03
3.042525047941517860e-03
2.502489764936656653e-03
1.793530011603908583e-03
9.950519151623706329e-04
1.518146471660598439e-04
-6.881422778660221690e-04
-1.484611737747795193e-03
-2.194106267329845681e-03
-2.745205340729697623e-03
-3.217106686038714511e-03
-3.366937867764893330e-03
-3.395550293609939096e-03
-3.181725207692687966e-03
-2.767458097046710929e-03
-2.252969974036382432e-03
-1.662427435492076387e-03
-1.154620227193955788e-03
-8.122836793887475322e-04
-7.752049557085078160e-04
-8.907551440907721021e-04
-1.355595169626278105e-03
-1.804026199035437461e-03
-2.219639236192399220e-03
-2.327789242836881059e-03
-2.282207734225138659e-03
-1.645353366017014880e-03
-8.902509174085083011e-04
1.013476920014421551e-04
1.029109955683800816e-03
1.924954046502892237e-03
2.326243459245000075e-03
2.525678431489840770e-03
2.321404522740574787e-03
1.881988985510925708e-03
1.325002634041010270e-03
8.640169133794599592e-04
5.410562261433230803e-04
4.941456057583570828e-04
6.997462370585689605e-04
1.031602494201401543e-03
1.429451130214860798e-03
1.746918736884754686e-03
1.903624284867178702e-03
1.847953714023197825e-03
1.686095083766043883e-03
1.366614319763183316e-03
1.074471577775203352e-03
8.370048798166441519e-04
7.359019477987794157e-04
7.029808987512736751e-04
7.713583800355266855e-04
7.858375813747016944e-04
6.925202228237935589e-04
3.551074602671184860e-04
-1.043530042924899291e-04
-8.834926296597787887e-04
-1.676871552701700947e-03
-2.498729071093720635e-03
-3.153824112638070262e-03
-3.725537915758895917e-03
-3.937681902900301567e-03
-4.061338573896187791e-03
-4.008020612600903324e-03
-3.889104776412524982e-03
-3.737390002777607294e-03
-3.581621210973390777e-03
-3.411691304339698090e-03
-3.213439168047233906e-03
-2.906955144554300950e-03
-2.546355177461297539e-03
-1.946705468323010977e-03
-1.289534148576308541e-03
-5.173196076121344602e-04
2.476213045758108677e-04
1.008925402375371230e-03
1.605435524988030587e-03
2.147777953188138248e-03
2.581784992563779593e-03
2.991389533432461077e-03
3.388792825047894433e-03
3.828237795541403546e-03
4.245704300278087436e-03
4.619213873501587519e-03
4.776950988350933507e-03
4.826801874013208517e-03
4.336407639434089467e-03
3.670146511455482131e-03
2.652151596678608593e-03
1.470847873422826855e-03
2.078897459278327678e-04
-8.823491332512410331e-04
-1.806364445497656967e-03
-2.397932623877772548e-03
-2.622041395033753407e-03
-2.662420462577547858e-03
-2.387946219557998250e-03
-2.124919763343961678e-03
-1.884788880740659528e-03
-1.810912579107838965e-03
-1.820163567960255942e-03
-2.035143057486422848e-03
-2.248317383685528338e-03
-2.457881383230739545e-03
-2.548662354722651575e-03
-2.580051812188026341e-03
-2.429383347828329744e-03
-2.260198848214853545e-03
-2.053982278093657680e-03
-1.887285762920453639e-03
-1.740349275221153352e-03
-1.644661344141777528e-03
-1.525435574193796141e-03
-1.359134126508731565e-03
-1.069201839030393866e-03
-7.174541316553926075e-04
-2.056829161257942582e-04
2.976170036430247044e-04
7.839743318897483219e-04
1.113310097352697902e-03
1.364135081423584932e-03
1.331373302861646847e-03
1.265310300499809240e-03
1.132644850538137892e-03
1.128716029034447033e-03
1.189155521759724735e-03
1.619219620612725140e-03
2.140231958905463531e-03
2.843140776078135860e-03
3.502541606304685785e-03
4.140188443058548558e-03
4.339312878797107684e-03
4.336570478822151728e-03
3.930094407420378980e-03
3.216336424058396232e-03
2.348937484716053913e-03
1.372165258032538755e-03
4.682434459763601940e-04
-2.899775368241820769e-04
-8.221337180772583103e-04
-1.241257498556384278e-03
-1.427548232972092410e-03
-1.603250231963250332e-03
-1.757774760105120480e-03
-1.971632429276575296e-03
-2.215156668962708388e-03
-2.493665347873044984e-03
-2.725254784605592607e-03
-2.863005736982859352e-03
-2.814499575492855881e-03
-2.672864857069267609e-03
-2.278160121705444761e-03
-1.856329168209933491e-03
-1.380245778450625137e-03
-9.671248602613866270e-04
-5.854851778569292262e-04
-3.557369517072960299e-04
-1.543655473803433667e-04
-9.747786698506604374e-06
1.522420178690241555e-04
3.229178443795142103e-04
5.926974949413801918e-04
8.912712359822234660e-04
1.247433157980703004e-03
1.591856428131971065e-03
1.930410372359513908e-03
2.110432933254332514e-03
2.211540701338220692e-03
2.154818883800140895e-03
1.969898721806767877e-03
1.720879387585847126e-03
1.398489826570587955e-03
1.082081772298435851e-03
7.776367315121541883e-04
5.023062778383607149e-04
2.415331177209038729e-04
3.484713211976333148e-05
-1.398864372501524081e-04
-2.507151741578388538e-04
-2.659882017703138241e-04
-2.334833747352422269e-04
-6.391705068440277880e-05
1.241707503697658333e-04
3.493015054307736181e-04
5.286849464183269228e-04
6.851947303692106127e-04
6.663684784145817953e-04
5.799747549539567993e-04
3.584460884814316033e-04
5.833186791342798334e-05
-2.810751297022586869e-04
-5.732476160179493605e-04
-7.986483572620537092e-04
-8.905056083627448235e-04
-8.160037461413823358e-04
-6.583223272590327290e-04
-3.350289846560235651e-04
-1.397160911535600574e-05
3.026138323009726870e-04
5.010883670155139111e-04
6.405074483791117377e-04
5.272946947961294675e-04
3.514395144604716675e-04
5.029948061934219053e-05
-2.649676848380759096e-04
-5.872984161037986478e-04
-7.612155172709201981e-04
-8.580038546578183439e-04
-8.005346644844549709e-04
-6.099461035855150478e-04
-3.527978573237265138e-04
-1.220143084585122465e-05
3.094885316735061808e-04
5.933655662754850485e-04
7.747186186508745387e-04
9.048096799128607301e-04
8.714595334221718771e-04
8.069505850233339933e-04
6.801240328082667867e-04
5.539267527285710382e-04
4.280441087166280767e-04
3.616169136416288662e-04
3.131273236029545040e-04
3.005129436368591481e-04
2.850822709432880749e-04
2.682434518859851060e-04
1.812267921344518800e-04
6.570673762196579688e-05
-1.068201064125186999e-04
-2.921728821814316857e-04
-4.839386238176508022e-04
-5.818828325605530883e-04
-6.230020951014187064e-04
-5.504714652383152886e-04
-3.795403804047150402e-04
-1.594090680858163949e-04
9.280999720932960962e-05
3.083547680266912855e-04
4.505509498882543989e-04
4.611582286286781962e-04
4.059710558084453011e-04
1.771654527802678572e-04
-6.484103612698238512e-05
-3.332492967921202656e-04
-5.132007348694095795e-04
-6.489237616526786784e-04
-5.498188116099212916e-04
-3.847845229632670320e-04
-8.789155710871347999e-05
2.382741630078392850e-04
5.790762602552705510e-04
7.857817960085027552e-04
9.122222013930481477e-04
8.781323460404399017e-04
6.902804290667026704e-04
4.255474812823827318e-04
4.255571743732336444e-05
-3.269220269915342229e-04
-6.693717325883962897e-04
-8.932246397529552268e-04
-1.057779147701459364e-03
-9.811582319650907855e-04
-8.347827464031096255e-04
-5.488981211900596444e-04
-1.991596446752136795e-04
1.825057574904597228e-04
5.084429769277316446e-04
7.728778637850158926e-04
9.143080854820430630e-04
8.983254977546701117e-04
8.036365053151056648e-04
5.215696317256723630e-04
2.206666726262137375e-04
-1.179084574935965646e-04
-3.880373390923666380e-04
-6.239430964305326798e-04
-6.450631554113830631e-04
-5.956339044406347254e-04
-4.051060335667111718e-04
-1.613631301300190175e-04
1.089872895881589321e-04
2.705441502087327170e-04
3.543505323237840319e-04
2.826559574279624153e-04
6.910389623871065231e-05
-2.153769080973181053e-04
-5.665070017927239035e-04
-8.812115544018319681e-04
-1.123065024838009384e-03
-1.222235817817507626e-03
-1.250065272068553307e-03
-1.080534877157220738e-03
-8.844583499515680167e-04
-6.352895581574835929e-04
-4.255789685884942648e-04
-2.355974801321642387e-04
-1.724033164307568235e-04
-1.378512162184319988e-04
-1.605832429842050805e-04
-1.718158659655904077e-04
-1.772987870547799332e-04
-8.430831363397891544e-05
4.367539994994125267e-05
2.416455938601989395e-04
4.663169082319878122e-04
7.043387828346478995e-04
8.847532827553159646e-04
1.019436161057004188e-03
1.062655796120925067e-03
1.002881680272421465e-03
8.916106889676932634e-04
6.804182221775785435e-04
4.650292504022210350e-04
2.412472686566075834e-04
5.167208488295823600e-05
-1.207996999046457350e-04
-2.269109954718111102e-04
-3.182957259901822108e-04
-3.802273264108673194e-04
-4.407561714383668593e-04
-5.005836387692413599e-04
-6.101980773660768166e-04
-7.497380253474961393e-04
-9.491289920981998540e-04
-1.201289245991597233e-03
-1.479834143456242946e-03
-1.752163782647549357e-03
-1.976940086529755530e-03
-2.106609719794052225e-03
-2.061537319742103459e-03
-1.929093903032100916e-03
-1.507864505013325248e-03
-1.025200464431121148e-03
-4.196671387216103491e-04
1.722252095017279218e-04
7.572970689822212855e-04
1.113680925583573683e-03
1.360872304747088408e-03
1.389678729034664112e-03
1.245309162236898177e-03
1.014351599896433668e-03
7.195302978286715733e-04
4.737169913250431066e-04
3.259196759499436769e-04
3.465042459502936886e-04
4.512797586383573891e-04
7.507014037210135368e-04
1.053424045602569968e-03
1.362748681081806402e-03
1.544250736855645994e-03
1.661841502776690779e-03
1.487598625262769210e-03
1.235153619405584885e-03
8.263043568616901908e-04
3.775782368271445879e-04
-9.108631195294447560e-05
-4.334505545305931485e-04
-7.013347956785126241e-04
-8.202590339673384310e-04
-8.066867404985689650e-04
-7.268661811510327081e-04
-5.556339159279121125e-04
-3.948269859437192764e-04
-2.548707264375535885e-04
-1.922389370822060600e-04
-1.682693828023403069e-04
-2.788708931914046459e-04
-4.172688750393032135e-04
-6.112597998047227324e-04
-7.977414472192847486e-04
-9.804684559583185920e-04
-1.063199485680217746e-03
-1.098625238470509174e-03
-1.039440437397758186e-03
-8.939784158390656809e-04
-7.053777840374801005e-04
-4.392702126003035328e-04
-1.719812047156526655e-04
9.767067606423064478e-05
3.218492157128733733e-04
5.232910847960394948e-04
6.251469072165584222e-04
7.047241273730324744e-04
7.397441430015257386e-04
7.770544275218087575e-04
8.155098464880234082e-04
9.044820009273599323e-04
1.006018675385446370e-03
1.132684389880923674e-03
1.245736094548398299e-03
1.351980794301818785e-03
1.372813576540389503e-03
1.351665935434297238e-03
1.246557447638901991e-03
1.061787552397926463e-03
8.371869534342595660e-04
5.569452705341906319e-04
2.905104898157227127e-04
5.168951346049775178e-05
-1.123044688126495228e-04
-2.388849540446705744e-04
-2.561526765977763373e-04
-2.591338658099051487e-04
-2.335419883400984074e-04
-2.293404222297599679e-04
-2.358340117991419914e-04
-3.096870511941328136e-04
-4.003040349782406083e-04
-5.244489075406611692e-04
-6.449965590206738295e-04
-7.637455999595226279e-04
-8.088746197448354281e-04
-8.136444607302691263e-04
-7.376959441159395246e-04
-5.819778370865810561e-04
-3.863749348496982338e-04
-1.251552255903693052e-04
1.302240636113949248e-04
3.739225126977576774e-04
5.538351657445615478e-04
7.018549207714899979e-04
7.115338987894265438e-04
6.799345745124839042e-04
5.657786456459557153e-04
4.174485570853231353e-04
2.520313886777174523e-04
1.317008210190582975e-04
4.732845278377773425e-05
3.487248339512622174e-05
8.788089816609995783e-05
1.736215050168796572e-04
2.846994570898291142e-04
3.741955864565096206e-04
4.205280704107707294e-04
3.858010085250384918e-04
3.105441737192945919e-04
1.234409008375051743e-04
-7.435840170423662851e-05
-2.935497635656724325e-04
-4.598918653945407282e-04
-5.998093372070322383e-04
-5.872872871332753030e-04
-5.299128348635153470e-04
-3.828335782018100651e-04
-2.108798178229592541e-04
-2.648880558562728021e-05
8.661763416477531339e-05
1.582248208247995637e-04
1.468335013042039536e-04
6.735432236206283067e-05
-4.616878629080872423e-05
-1.881870344437898131e-04
-3.124121867033654719e-04
-4.010511471759033338e-04
-4.217918424308223402e-04
-4.085834050769681313e-04
-3.025401077169158045e-04
-1.846787765136928875e-04
-4.318137762402858289e-05
7.744066362015240509e-05
1.876250260414520285e-04
2.289468589750087431e-04
2.476502417283818610e-04
2.211167241213206466e-04
1.644534536844474920e-04
9.272530683267502167e-05
2.577547019864219122e-06
-8.464315525044210941e-05
-1.660097424358800296e-04
-2.223555671574626853e-04
-2.661910106471622288e-04
-2.504297389452404842e-04
-2.153245246167667497e-04
-1.415314250350954413e-04
-5.272421966540930796e-05
4.359003859830244568e-05
1.042263415068766391e-04
1.367400290985802300e-04
1.130084860565332919e-04
2.918561354981360188e-05
-8.468292368921044632e-05
-2.424219310910522560e-04
-3.903270772050352168e-04
-5.185645007435664075e-04
-5.890543701754257823e-04
-6.306704625538434852e-04
-5.779057228552758304e-04
-5.082624879471160824e-04
-4.048622626196626438e-04
-3.111646957966404149e-04
-2.223184582257920221e-04
-1.901122545593967672e-04
-1.731711083780845958e-04
-1.867600771668276500e-04
-1.944195147968396612e-04
-1.991141868474926560e-04
-1.412392510687850188e-04
-5.998202860765674643e-05
6.803976721845356645e-05
2.127986356489928511e-04
3.659260403817831829e-04
4.822998593093991344e-04
5.749710652818711305e-04
6.202370453439081440e-04
6.252268691675740616e-04
6.100786148720760069e-04
5.741181272348325681e-04
5.431197233847364454e-04
5.220454871088628553e-04
5.139145514936258041e-04
5.122552662087227976e-04
4.994637747761204423e-04
4.693658051933123241e-04
4.046548793100095218e-04
2.952547223432900030e-04
1.635099498348629662e-04
-9.478015194805530438e-06
-1.802535501978528372e-04
-3.466042251479129854e-04
-4.830375892938520684e-04
-6.045122980378327777e-04
-6.673851158473319929e-04
-7.118090694922959115e-04
-7.193352948081554099e-04
-6.944168479707043965e-04
-6.532760650566182391e-04
-5.682323363745951737e-04
-4.712822210093545942e-04
-3.505193322779111688e-04
-2.209606823465419252e-04
-8.700415181521451596e-05
1.890686005203582665e-05
1.008462632364105234e-04
1.348424490552865883e-04
1.117931304493275063e-04
6.022105963094505034e-05
-3.923973533472465807e-05
-1.305481690470560005e-04
-2.055518802527465591e-04
-2.238668787712850704e-04
-2.138375209463044650e-04
-1.104440306355899731e-04
7.585417784675862378e-06
1.548867824241289800e-04
2.806264725939720058e-04
3.955853255291031864e-04
4.222043005394501228e-04
4.188026253189244819e-04
3.553596496365447237e-04
2.655593757536312905e-04
1.625804527704425087e-04
8.514793445645073896e-05
2.789579073698294793e-05
1.100439620664209845e-05
2.647984528668101818e-05
5.813871617189258031e-05
9.945612226803422990e-05
1.335422871212024677e-04
1.531659694885134778e-04
1.547962043978774618e-04
1.474297155782565622e-04
1.258218665871640616e-04
1.029595118904146333e-04
7.758814578233068197e-05
4.815396291412922167e-05
1.668837166586214591e-05
-2.767884140305504312e-05
-7.457860572740805433e-05
-1.265434725626849854e-04
-1.679295829704462607e-04
-2.040263151644809670e-04
-1.962491544600157795e-04
-1.711146276779253303e-04
-1.112653687405048316e-04
-3.424238001189697207e-05
5.136747361231670762e-05
1.126278432293535339e-04
1.521026156730701580e-04
1.480061937701086338e-04
1.002729907241241768e-04
3.072139710665148924e-05
-5.942070338026545347e-05
-1.367189514025601426e-04
-1.883294944957931820e-04
-1.946499060927066153e-04
-1.783252519414293459e-04
-1.166242219532126993e-04
-5.807084342263303591e-05
-5.812767807296913281e-06
1.381232259529908542e-05
1.712092039156097871e-05
-1.749814028675751262e-05
-4.723378087340275014e-05
-6.720258127677150594e-05
-4.501411574184044145e-05
-1.747017237751182188e-06
1.075273906148273647e-04
2.229735519574041610e-04
3.507632202800813688e-04
4.470824005355155751e-04
5.276663367573904053e-04
5.196377854906652268e-04
4.851515059729833638e-04
3.977497699535178025e-04
2.935900170149313335e-04
1.810512556167933283e-04
1.052391425315919705e-04
4.971824752928053414e-05
3.477978869255477390e-05
4.098443347291518820e-05
5.776063006182335523e-05
5.413829929936489650e-05
3.469906031090079897e-05
-1.637399512964459532e-05
-8.706230246081800251e-05
-1.675582357373131038e-04
-2.365211407643315138e-04
-2.925312978395792343e-04
-3.226359590114388819e-04
-3.288816989924744677e-04
-3.231979783781066692e-04
-3.040307562867292611e-04
-2.864120200651970030e-04
-2.718902555833481059e-04
-2.591988603600766197e-04
-2.474226497660877403e-04
-2.196338459119835293e-04
-1.814303186311757004e-04
-1.223973444970643393e-04
-4.877433223887306157e-05
3.214369908135038511e-05
1.006452197716231644e-04
1.538509628323066940e-04
1.764651506339741784e-04
1.674252322433098872e-04
1.425582607564724442e-04
1.068033426094209095e-04
8.307849428086740878e-05
8.341378558933587497e-05
1.195049948417879147e-04
1.734741630662128083e-04
2.513319160940070051e-04
3.181723050048138610e-04
3.629779656818037862e-04
3.585101769084426829e-04
3.294056634099117031e-04
2.350869997105612330e-04
1.375850715771988035e-04
3.371661457573187212e-05
-3.403524308856615795e-05
-8.372880108433590582e-05
-5.538140167952983135e-05
-1.312622696003070089e-05
5.694449838873482533e-05
1.073532926185187308e-04
1.479311212888222919e-04
1.066947682691815001e-04
4.079794743371453319e-05
-7.441980903335824440e-05
-1.961493580131561847e-04
-3.211348032491904069e-04
-3.812927785811245744e-04
-4.089860634618822511e-04
-3.717499674401914282e-04
-2.887956842288184087e-04
-1.829823074226154581e-04
-7.330481822408015298e-05
1.984977196088019770e-05
7.995856411891696664e-05
1.003884027489999778e-04
1.009787646151276771e-04
7.242217365365798717e-05
4.768922722555572378e-05
3.060356986418428165e-05
3.432419744751616717e-05
4.844796750318255561e-05
8.260846254656359767e-05
1.145248283472497235e-04
1.419529356624827537e-04
1.538797397054136970e-04
1.580558921121935157e-04
1.462912162252318104e-04
1.359570614852319173e-04
1.284839490391496313e-04
1.295365596427733410e-04
1.348520317712535179e-04
1.364166808337956077e-04
1.271487022164809503e-04
9.621546823940779075e-05
3.516153099359066789e-05
-4.095275788659335104e-05
-1.406035622647472893e-04
-2.322897847826092572e-04
-3.080468435800628709e-04
-3.395283606811612810e-04
-3.488721069341122979e-04
-2.855182452301431714e-04
-2.106002243429386180e-04
-1.125538850891688852e-04
-3.000922172340787336e-05
4.478460369839181061e-05
5.907688894468521139e-05
5.599179523057735850e-05
1.815194359571061709e-05
-2.585018429664751778e-05
-7.293345031775885919e-05
-8.808779890599745352e-05
-8.951904244159294565e-05
-6.350407587196069896e-05
-2.642593152485341377e-05
1.618380171095778041e-05
4.058467175502153889e-05
5.338985531675497604e-05
4.300366591379567812e-05
1.865354993244727964e-05
-1.267852933809191678e-05
-3.320754388528236094e-05
-4.276666772247525623e-05
-3.038601013974899200e-05
-1.374167494485550140e-06
3.595326768206412931e-05
6.450626045032989105e-05
7.913060412896908260e-05
6.589764962831602116e-05
2.168316434946797674e-05
-3.802208631846575829e-05
-1.134444658206346627e-04
-1.783429312124959021e-04
-2.221935683836260319e-04
-2.233110693679640811e-04
-2.030620022588715040e-04
-1.223056744912101872e-04
-3.355066887339384885e-05
7.120169244469838014e-05
1.614538152937260726e-04
2.444558189081175626e-04
2.762408863363587704e-04
2.900288896421703792e-04
2.678227647030685795e-04
2.207466678308763375e-04
1.612355849921442139e-04
8.592107658497327336e-05
1.081591549170792858e-05
-6.387055097385421114e-05
-1.308386544543065403e-04
-1.939475764422529582e-04
-2.360582055007450376e-04
-2.687074599808130697e-04
-2.824339653040225991e-04
-2.782919707311668454e-04
-2.652157262102928159e-04
-2.408303610047778391e-04
-2.204407886578055352e-04
-2.080428020279534343e-04
-2.140331261335420897e-04
-2.292176056068674270e-04
-2.660072823432686816e-04
-3.002071015039452576e-04
-3.292272055131835354e-04
-3.271731468977571891e-04
-3.095820069699841380e-04
-2.217083821289541430e-04
-1.143118107711742481e-04
3.213065362025110928e-05
1.873797311601080404e-04
3.470321152742280907e-04
4.665356394159090735e-04
5.621025153368275525e-04
6.097960948164927791e-04
6.107328342857988720e-04
5.882911537499342343e-04
5.214514386997838894e-04
4.504525973016774683e-04
3.711355032075938426e-04
2.981884761950314442e-04
2.284264827231980279e-04
1.716811304651895127e-04
1.156820616378623028e-04
6.117555967201544764e-05
2.116447648104929403e-06
-5.921896940487988384e-05
-1.223741720484645772e-04
-1.814168403731541209e-04
-2.322344400600709834e-04
-2.692798914295030030e-04
-2.994392686401457500e-04
-3.125125138091155671e-04
-3.224637685909508586e-04
-3.261710425985133040e-04
-3.253804026335400121e-04
-3.223408056823026191e-04
-3.085812011108498079e-04
-2.890058368999900659e-04
-2.577989534103218832e-04
-2.122768817428613542e-04
-1.595972159864748636e-04
-9.035953362699024511e-05
-2.088671474385561262e-05
4.905637718662928041e-05
1.071884158098192793e-04
1.594149277793929732e-04
1.860261803071722663e-04
2.060985912098115664e-04
2.130933188621420135e-04
2.136151997627096905e-04
2.109006572873928654e-04
2.017110701198352384e-04
1.892612750834109952e-04
1.702910643092673702e-04
1.431292198863450037e-04
1.118715586390578643e-04
7.169004748022693029e-05
3.160194774009781086e-05
-8.299329162655882182e-06
-4.012047466110058784e-05
-6.790155445740929223e-05
-7.493154965807554291e-05
-7.541040227546948454e-05
-6.278696972635672800e-05
-4.475135871802671055e-05
-2.400965848007621096e-05
-8.472189018513978469e-06
3.945213478694099367e-06
1.012248204719160971e-05
1.482478109123814929e-05
1.878959537306218715e-05
3.053129629601658779e-05
4.586950066840592832e-05
6.840071193962477566e-05
9.387527571297390040e-05
1.208215157374011234e-04
1.412365053930487416e-04
1.564729247790937455e-04
1.613522036259556114e-04
1.540966784067173008e-04
1.407737511544301218e-04
1.138942224538635887e-04
8.537467415543033224e-05
5.357508666123754736e-05
2.281119276001299456e-05
-7.434854344739295586e-06
-3.511086923715150336e-05
-6.213428090775399248e-05
-8.785248613477915879e-05
-1.095043051359111813e-04
-1.291229310241127459e-04
-1.341220704912083575e-04
-1.327338020905160262e-04
-1.185707179542241463e-04
-9.564505287196446639e-05
-6.833809731672052740e-05
-4.124212808536155384e-05
-1.797299907999659637e-05
-2.357550526661118096e-06
4.008992312183132047e-06
5.751082293783218244e-06
8.665692752059458179e-07
-1.896173283066838856e-06
-4.153749207396901027e-07
1.262189735588459468e-05
3.143740658964970898e-05
6.750057553983666945e-05
1.047101414893428169e-04
1.442125014375178992e-04
1.733946334903181186e-04
1.974166515954504290e-04
1.950774573964763692e-04
1.849377194069948944e-04
1.591968938365285948e-04
1.260723811741285244e-04
8.925602496573935599e-05
5.523507139715357240e-05
2.543927877720616538e-05
4.093808054529358617e-06
-6.974918179604980474e-06
-1.290527216948114359e-05
-8.431263882630225673e-06
-3.609259324727940271e-06
1.908737775266057661e-06
2.551856220590559928e-06
7.575353385732880142e-07
-1.278650278094299905e-05
-3.028496163639991464e-05
-5.569226196372121780e-05
-8.549329819348790356e-05
-1.174912023744478648e-04
-1.448282877500946697e-04
-1.663139148772596078e-04
-1.760966255074551744e-04
-1.698963739793924311e-04
-1.557046413722125270e-04
-1.222824400214913903e-04
-8.697408469560908499e-05
-4.789342141936499779e-05
-1.586779051957228336e-05
1.263032419201873774e-05
1.855220433582888459e-05
1.667287386007480540e-05
-8.088778548367892734e-07
-2.516972257138092554e-05
-5.297011378874387879e-05
-7.147615115941016186e-05
-8.292403751675949568e-05
-8.025562184746557978e-05
-6.602880353534804016e-05
-4.602278390180811093e-05
-2.247919697805261230e-05
-1.724113462993310518e-06
1.345396323468548650e-05
2.067179655880880087e-05
2.390950819614243964e-05
1.914591746800606834e-05
1.437424147555767733e-05
9.586394954481824884e-06
9.641259247914031133e-06
1.211747894859598075e-05
2.271983102817009696e-05
3.361858132502698414e-05
4.511012805646322666e-05
5.130192489283156795e-05
5.484384678167130849e-05
4.868562349623472966e-05
4.135586870089154142e-05
3.168305088572577634e-05
2.439895349942543127e-05
1.830921632755309008e-05
1.832225801533732807e-05
1.992927264342864854e-05
2.472423315212730010e-05
3.080735142229442715e-05
3.753454857319824325e-05
4.196167618463823011e-05
4.400424536002126203e-05
4.127769766330052141e-05
3.222285645762724840e-05
2.000386849748399080e-05
-4.352086287905858678e-08
-2.168799408949111454e-05
-4.652663504862223747e-05
-7.319057162999203451e-05
-1.007671560224890020e-04
-1.281581402883539200e-04
-1.534361334567945108e-04
-1.744881444304343147e-04
-1.867776688447697479e-04
-1.946859499794632278e-04
-1.875319387897116086e-04
-1.769266698744505260e-04
-1.594188855081507029e-04
-1.398508083900275908e-04
-1.192525848959877384e-04
-9.993195150799324869e-05
-8.074034598135768840e-05
-6.180679617748060400e-05
-4.001971743501609672e-05
-1.680587422323675639e-05
1.506792218879473861e-05
4.965689696222788777e-05
8.967622845845277138e-05
1.301862984836263685e-04
1.709417377732314525e-04
2.010486174904918479e-04
2.245819247102105677e-04
2.349680869348393499e-04
2.310833030078223750e-04
2.200630460049938109e-04
1.937924872462950187e-04
1.657660981460723493e-04
1.342280483627720828e-04
1.045494514398930138e-04
7.580058094720314415e-05
5.204434588130433620e-05
2.891639226336210428e-05
7.045001541318814597e-06
-1.618877843418156683e-05
-4.010375303641754992e-05
-6.639090533929666049e-05
-9.218557398868543824e-05
-1.169952753310396249e-04
-1.373338041594223552e-04
-1.554367467308271635e-04
-1.630164141580827330e-04
-1.666687625327797006e-04
