-0.000000000000000000e+00
-1.868612438978713261e-04
-3.792241325763711594e-04
-5.825903108161278442e-04
-5.954211411695457291e-04
-5.129842975797939972e-04
9.475779222151321790e-07
6.612126335541780846e-04
1.614144049446044997e-03
2.836877973392200845e-03
4.194513151365502138e-03
5.968702274630828704e-03
7.889769165442022530e-03
1.010459159134495175e-02
1.253631021935602136e-02
1.507647694842115596e-02
1.756258438772569444e-02
1.983694059841445076e-02
2.168779435187163929e-02
2.277202349428551070e-02
2.347294033117771489e-02
2.289109101512163194e-02
2.201254277812690618e-02
2.054059669925490522e-02
1.898967523763162024e-02
1.739926608463268978e-02
1.645388700169673341e-02
1.582229336341659659e-02
1.581827061444809196e-02
1.610796307534877528e-02
1.654451314118405778e-02
1.609829350223628691e-02
1.476958876096267671e-02
1.167591381503740172e-02
5.839130909515103524e-03
-1.369205975805705411e-03
-1.303126413937772711e-02
-2.574736656378775329e-02
-4.057155750987365139e-02
-5.566751737267860989e-02
-7.089936169384308817e-02
-8.316390612607738042e-02
-9.348446017065344116e-02
-9.991703343991317765e-02
-1.014822091058707326e-01
-1.006136859701771968e-01
-9.268384697696374630e-02
-8.297720532968186347e-02
-6.971695837426328257e-02
-5.471758459209270786e-02
-3.884864739654619176e-02
-2.347409543633212012e-02
-9.187956032760725283e-03
2.921358257525388802e-03
1.175876605651811346e-02
1.896022060986417290e-02
2.136309372425203995e-02
2.279753556872415529e-02
2.229511487336485395e-02
2.178971610904044051e-02
2.128282831023348143e-02
2.339179773003413620e-02
2.678588765575655450e-02
3.275021859332254842e-02
4.097788616592636796e-02
5.033722205604908989e-02
6.142236472399019431e-02
7.238736177172638842e-02
8.311206757905278963e-02
9.228510950211751829e-02
1.006823194830513829e-01
1.050607630712658835e-01
1.076593312643356476e-01
1.066981486671157303e-01
1.017782563930265810e-01
9.487900928050285732e-02
8.267805501975324101e-02
6.939962159553848819e-02
5.396622984439353177e-02
3.837150186789023421e-02
2.269610577870777995e-02
9.571328098550645549e-03
-2.219208678766260070e-03
-1.134126365040279485e-02
-1.806679588141815729e-02
-2.359406674212304392e-02
-2.741333559657943564e-02
-3.143067982445706121e-02
-3.584417479917715449e-02
-4.166395902949664859e-02
-4.818688788761583269e-02
-5.681307278262962002e-02
-6.568880704941372495e-02
-7.506364005973842346e-02
-8.387857896589384632e-02
-9.241357081996461054e-02
-9.977157393310032152e-02
-1.073011942775179001e-01
-1.151740490844990472e-01
-1.252757507953433935e-01
-1.364918759581192909e-01
-1.525067195668728393e-01
-1.692656644436729696e-01
-1.875128118565663193e-01
-2.024419199202624198e-01
-2.157120083093599927e-01
-2.147880651598951807e-01
-2.070229728747164932e-01
-1.855755823181105268e-01
-1.509787419662334540e-01
-1.098071767167212720e-01
-5.754253585572034757e-02
-5.888931773459900321e-03
4.454259875131963420e-02
8.608445668335992784e-02
1.231814783190304519e-01
1.414794267494492441e-01
1.541439627215488994e-01
1.555416737770086710e-01
1.506395487030270097e-01
1.425875055643245626e-01
1.348376296503741578e-01
1.301445790121592838e-01
1.315651789254152770e-01
1.425997452307998792e-01
1.584412947322489662e-01
1.879960389327653414e-01
2.194975389979280378e-01
2.548925507923833766e-01
2.851825907975489849e-01
3.129201449080700193e-01
3.190575278635485179e-01
3.155885696203227231e-01
2.929069289796888964e-01
2.540437810001063834e-01
2.070898793510500546e-01
1.511090289085223193e-01
9.820169802424784378e-02
5.144140625647963816e-02
1.819845276857074562e-02
-8.285831579408556302e-03
-1.689071748585019642e-02
-2.415913462084034319e-02
-2.875461421292694469e-02
-4.144697712149128521e-02
-5.818778168829463748e-02
-9.496095418002684085e-02
-1.365577861725107978e-01
-1.878019371664979287e-01
-2.382320745188793720e-01
-2.882552050504579855e-01
-3.206554449779319138e-01
-3.446214805459790198e-01
-3.517191073951729252e-01
-3.451343946098688886e-01
-3.317085120073163251e-01
-3.112116706687406142e-01
-2.929008723928004931e-01
-2.789621602421314406e-01
-2.733279721314925137e-01
-2.718460460408683166e-01
-2.780696244065254397e-01
-2.827708751277093202e-01
-2.844274705599468822e-01
-2.743592808437048669e-01
-2.584286985532228687e-01
-2.176227114771351057e-01
-1.690680428169994975e-01
-1.050160109887644799e-01
-3.195825625303332085e-02
4.560235993644607549e-02
1.224227879079519132e-01
1.942956053138126804e-01
2.562732015883837366e-01
3.020305492387906909e-01
3.396777725771152334e-01
3.514956247634663522e-01
3.572186626613051974e-01
3.507520719821199395e-01
3.413696085268876912e-01
3.305292086836320031e-01
3.289666567278898279e-01
3.322653260687237209e-01
3.452864380027095281e-01
3.628431326707586280e-01
3.826676187058389300e-01
3.912246097128611044e-01
3.899738632718329212e-01
3.691076419347047444e-01
3.244550011336225781e-01
2.679091506005637502e-01
1.870849395862992370e-01
1.061507963089504680e-01
2.499678850542778885e-02
-4.092281509135339140e-02
-9.922521658476354811e-02
-1.251593093936285428e-01
-1.430087567218251143e-01
-1.446889130886853669e-01
-1.425865312677873087e-01
-1.385928803530100117e-01
-1.452356766858756421e-01
-1.569688128642554026e-01
-1.788826287336642562e-01
-2.059553070232245375e-01
-2.356074165228606576e-01
-2.603951317888307249e-01
-2.804792084805015628e-01
-2.911560080235773285e-01
-2.911250941821159621e-01
-2.857403236483856412e-01
-2.678524123062062667e-01
-2.473728822443118369e-01
-2.217101147429900720e-01
-1.928907726145796808e-01
-1.624931431726269193e-01
-1.288204917421436058e-01
-9.452954011639641552e-02
-5.900198810011691997e-02
-2.359839458083532598e-02
1.174321968994967297e-02
4.513112949835971360e-02
7.774055331270646185e-02
1.087930051389223163e-01
1.387229585708048829e-01
1.680916628055188211e-01
1.954439469753134206e-01
2.209794734013780793e-01
2.428814843399865198e-01
2.566304792245589494e-01
2.663029660821139566e-01
2.559653149397767558e-01
2.372999312435484509e-01
2.019790824395374940e-01
1.506295176704400274e-01
9.126559491879529529e-02
1.532355792371307979e-02
-6.222742754994491088e-02
-1.429963099807441407e-01
-2.188726544594847279e-01
-2.923027299621909214e-01
-3.492833972542451759e-01
-3.992362467812229920e-01
-4.351334607780554253e-01
-4.562764017993102272e-01
-4.700422063327785449e-01
-4.622338940509670424e-01
-4.475058334380205283e-01
-4.189382761628059892e-01
-3.773063466838304514e-01
-3.291422311029771897e-01
-2.636652626931995647e-01
-1.935571442854539803e-01
-1.141867258817636094e-01
-2.781615638330271756e-02
6.205448866254906909e-02
1.599935183498489011e-01
2.597192534700095701e-01
3.630183994558962013e-01
4.656023161099018814e-01
5.678286180979740250e-01
6.561337241951100685e-01
7.340486214825620026e-01
7.911831011506353928e-01
8.182207434506169053e-01
8.302099670665504805e-01
7.953951204094852345e-01
7.495946882953450352e-01
6.818230852670501552e-01
6.070322928300229126e-01
5.287319056886250479e-01
4.571489921553780200e-01
3.881480437286983221e-01
3.243110255151625543e-01
2.558602555899043840e-01
1.851026098087895366e-01
8.985236488597353466e-02
-1.497821097391302189e-02
-1.389694487079533858e-01
-2.710016052469585990e-01
-4.070542211884536909e-01
-5.246564822368574577e-01
-6.270480509581062289e-01
-6.990182350250500054e-01
-7.349664180141302072e-01
-7.529036004642797320e-01
-7.308238340582947634e-01
-7.043331027304464698e-01
-6.690204415588749676e-01
-6.407461327703297682e-01
-6.159910001732996632e-01
-6.104994142326494178e-01
-6.084188502308620627e-01
-6.131603301067998224e-01
-6.110129648437950811e-01
-6.054211770113192559e-01
-5.679026755153356865e-01
-5.155582432904077805e-01
-4.335619496075984181e-01
-3.238998048984320643e-01
-2.004047346760945147e-01
-5.490501107122938707e-02
8.779615941501694998e-02
2.249002236640451624e-01
3.364492770918376396e-01
4.352208251090189384e-01
4.791537000832669091e-01
5.064129634067832120e-01
5.003250034288394543e-01
4.766200584412638164e-01
4.441066209488702676e-01
4.147968682057501799e-01
3.930662411023900793e-01
3.864938652785530615e-01
3.946782952324459637e-01
4.102411280752032985e-01
4.291475972229043534e-01
4.409560124971927952e-01
4.385683200246583424e-01
4.116384222679449478e-01
3.724374218691418603e-01
2.989630459820290520e-01
2.204843773590381417e-01
1.319971232643014081e-01
5.099433092859612798e-02
-2.626623052758801993e-02
-7.139225480354748077e-02
-1.035683294852866032e-01
-1.098445049785910649e-01
-9.651121310141239085e-02
-7.337318753899216284e-02
-4.132742584017348036e-02
-1.364860725196247876e-02
5.296325115031211284e-03
6.461583962544141524e-03
-1.262993949684250742e-03
-3.477624068674804725e-02
-7.201950394522600718e-02
-1.167228002465273418e-01
-1.548595308749062816e-01
-1.897129786668214635e-01
-1.975892658910252953e-01
-1.948373914803398499e-01
-1.708291937998768217e-01
-1.319387101970090348e-01
-8.560708363293714762e-02
-3.641442479171400071e-02
6.866943339747013861e-03
3.832573005167801833e-02
4.932376688011585325e-02
5.009142876680637568e-02
2.006042534716732939e-02
-1.599104992835136824e-02
-6.408346891563336534e-02
-1.104616011047155483e-01
-1.559825898947000133e-01
-1.785677462382340708e-01
-1.896629772116113777e-01
-1.777783574446782922e-01
-1.447999977334812338e-01
-1.012747680501495939e-01
-4.292543756481588535e-02
1.239883361150514139e-02
6.167298616979342146e-02
9.138887356834583808e-02
1.113256283870283497e-01
9.463989397150947280e-02
6.866324630032967502e-02
2.410477211782576651e-02
-2.573305539008299142e-02
-7.821055956069657145e-02
-1.174164339944630125e-01
-1.479620855449350625e-01
-1.611872913288143472e-01
-1.574297548516057355e-01
-1.451808472438534670e-01
-1.193642708960817450e-01
-9.462059770500169664e-02
-7.202273082730155374e-02
-6.089069928786988717e-02
-5.549158541757196611e-02
-7.276732843538070983e-02
-9.591972450578538367e-02
-1.308254266813765054e-01
-1.683885533967098558e-01
-2.072803923819161454e-01
-2.329621780284600319e-01
-2.494620153367046178e-01
-2.475979559683485209e-01
-2.232254942659361308e-01
-1.875988313964972454e-01
-1.217886488133421569e-01
-4.945160236380433810e-02
3.593917181850771192e-02
1.263136441248170483e-01
2.191799654931306240e-01
3.105949605506701516e-01
3.998542156704091854e-01
4.848019909145352968e-01
5.624653662702996382e-01
6.364865416818780153e-01
6.915346232579581143e-01
7.362085077515880815e-01
7.601339980803089036e-01
7.558360225529894283e-01
7.374263140976518027e-01
6.743786999758208944e-01
6.003653263542755303e-01
5.044204337332958143e-01
4.020744767476425729e-01
2.965279875796530962e-01
2.061859639414283796e-01
1.256308150972142157e-01
6.464941584099991034e-02
2.099020976058080593e-02
-1.400789973194495157e-02
-4.117658811336141061e-02
-7.310916408571575820e-02
-1.145695152399471561e-01
-1.746155621804201252e-01
-2.439544570140071145e-01
-3.389126841046257166e-01
-4.367511765904512067e-01
-5.403501998667004091e-01
-6.338312123882776650e-01
-7.222532195325244153e-01
-7.747488776580341296e-01
-8.118150319991771502e-01
-8.180221787715811210e-01
-7.949279078703069823e-01
-7.571829281321955651e-01
-6.878098990528367374e-01
-6.132776721090394956e-01
-5.284270494363560999e-01
-4.418359115228132072e-01
-3.543745159888331275e-01
-2.689048511598011171e-01
-1.828633122910242881e-01
-9.567802534275807180e-02
-3.144190314258415997e-03
9.206391875436607808e-02
1.954022180394823227e-01
2.973246089302641892e-01
3.964151830323767722e-01
4.771221118062447530e-01
5.486372179159783036e-01
5.685673909517368063e-01
5.676825268925973500e-01
5.251675886436525387e-01
4.484427680388187731e-01
3.546130062560408081e-01
2.401851352518298843e-01
1.313153102055404087e-01
3.356157707512133492e-02
-3.471760490033758834e-02
-8.825951129831839659e-02
-9.013190012478868030e-02
-7.880181500308415521e-02
-4.106678198503734695e-02
8.279663469919863045e-03
6.343181514333609550e-02
1.150474015025451935e-01
1.611963373768349472e-01
1.964119722812889268e-01
2.176864040083301144e-01
2.319902341466670848e-01
2.254848342540618500e-01
2.124816768880592455e-01
1.864830045752602083e-01
1.489126457032581285e-01
1.055564435516588156e-01
4.997973162554457394e-02
-6.233651927997602149e-03
-6.372037873640092054e-02
-1.124950728213174045e-01
-1.569137505444936354e-01
-1.728652997501614330e-01
-1.763173293298525568e-01
-1.547703196575927476e-01
-1.105885244465621420e-01
-5.508933646614766477e-02
1.642931241396476671e-02
8.422492857716948333e-02
1.445744793065735223e-01
1.806740775357910667e-01
2.046486995149149335e-01
1.814485262026885037e-01
1.459017689877167845e-01
8.566184396726098105e-02
1.853183503090382461e-02
-5.204321586340980577e-02
-1.038682032844080866e-01
-1.444015300677574942e-01
-1.623515355758061440e-01
-1.625414531117537198e-01
-1.538513266616495512e-01
-1.426856047478368139e-01
-1.389088801641538418e-01
-1.499101502407333697e-01
-1.809865216344255512e-01
-2.221004436866731713e-01
-2.779241743653559915e-01
-3.285750177649349180e-01
-3.688800866062939554e-01
-3.811243857328555640e-01
-3.793383000020204010e-01
-3.292696719812649442e-01
-2.693251836840723779e-01
-1.896289748340018733e-01
-1.122975528199233464e-01
-3.614852422383679070e-02
7.139148987393192924e-03
3.605523072660717782e-02
3.622812952179681190e-02
1.593293836946136494e-02
-1.459629775663797389e-02
-4.948097630128617253e-02
-7.728423318302185541e-02
-9.092464673893058125e-02
-8.185947623613266944e-02
-6.144151370398114737e-02
-1.096539622145067949e-02
4.388975145233797032e-02
1.075029595086498119e-01
1.653505042998323904e-01
2.203152174584535605e-01
2.482557231551094368e-01
2.643306703540647118e-01
2.566745005576177574e-01
2.285413355104876365e-01
1.901696728380173895e-01
1.391075669801375148e-01
9.226415816715334561e-02
5.385814344394924957e-02
3.835955441142059608e-02
3.431467822423139857e-02
7.101346452260107189e-02
1.166003861443544176e-01
1.799635784128703619e-01
2.423935323299802047e-01
3.043568670713925894e-01
3.386932814758571997e-01
3.608114137437506419e-01
3.584929817384986950e-01
3.398429967926039352e-01
3.130272353763891569e-01
2.843642145693844880e-01
2.603180657751270055e-01
2.455056610063637290e-01
2.387203666264197943e-01
2.359486274408843232e-01
2.305962204185743047e-01
2.204557239147842684e-01
2.007390484480381654e-01
1.739589077547565310e-01
1.436470344482076167e-01
1.200355425490037403e-01
1.036148155730347992e-01
1.015756184435277210e-01
1.112621537835405267e-01
1.268115553583132604e-01
1.351172542107195174e-01
1.310618016260332863e-01
1.022840461671686435e-01
4.024808302484268741e-02
-3.841698395921870623e-02
-1.517879283588507988e-01
-2.652561033170887095e-01
-3.789187393925382841e-01
-4.712655410884393770e-01
-5.529544255945524345e-01
-5.901058753633238174e-01
-6.153726548557469922e-01
-6.168700937954708641e-01
-6.066109227562240802e-01
-5.904734467274928011e-01
-5.699064590081679427e-01
-5.491980416210737737e-01
-5.282067648984466457e-01
-5.072038888123331368e-01
-4.861952130444764375e-01
-4.684259844065236100e-01
-4.533359230755189540e-01
-4.436041963584059222e-01
-4.379981584268822781e-01
-4.344549648881520509e-01
-4.230582247685833464e-01
-4.021455400978827255e-01
-3.622009663249231570e-01
-2.948759408899926937e-01
-2.138606896240713429e-01
-9.985955821661458842e-02
1.606137089647415028e-02
1.358218954208272877e-01
2.392155434488307808e-01
3.344257532286445400e-01
3.907104611440356257e-01
4.369914317244337210e-01
4.632649276348453360e-01
4.844935323993971310e-01
5.031996915910205148e-01
5.316305149122216855e-01
5.631116408479061031e-01
6.006933720125476883e-01
6.338019259183603760e-01
6.646738911947589479e-01
6.721511823738275382e-01
6.705917309345250654e-01
6.509587942584867948e-01
6.208816456495467317e-01
5.855823910741532190e-01
5.511393478143504776e-01
5.198125357056340157e-01
4.947181858990887804e-01
4.726102676103190459e-01
4.519955650804395320e-01
4.235538746946690414e-01
3.896443839518885510e-01
3.447992924950865623e-01
2.902275329429880868e-01
2.307924393432480292e-01
1.659668763574312644e-01
1.017795494921302640e-01
3.886869486785536620e-02
-2.380826517742689469e-02
-8.636827793321566471e-02
-1.573558077804041999e-01
-2.334616213525022577e-01
-3.198040023743977667e-01
-4.138930964726773576e-01
-5.118555471091484899e-01
-6.062038239839677711e-01
-6.932665728174777220e-01
-7.657582655683898842e-01
-8.172092674345325936e-01
-8.581399238582930744e-01
-8.719456491850121616e-01
-8.812709499355403375e-01
-8.816354015336890226e-01
-8.804714573615529671e-01
-8.785433153042750964e-01
-8.732717274031530641e-01
-8.623990436575160734e-01
-8.403241682228472786e-01
-7.959312607435062858e-01
-7.403793372418336904e-01
-6.428894777172411423e-01
-5.331215715192091364e-01
-3.987975719742826164e-01
-2.500368586030413676e-01
-9.405778831863763345e-02
6.615546605042522954e-02
2.229016495120813013e-01
3.727136911588829760e-01
5.071348387543942460e-01
6.338605393242614516e-01
7.237947718434860622e-01
7.970265892939659702e-01
8.368535766069813420e-01
8.399592815613853292e-01
8.247043453364808485e-01
7.665539744096184771e-01
7.039702345594398558e-01
6.325197568626310662e-01
5.749871461342010992e-01
5.244134688899698693e-01
5.136936199245941692e-01
5.131568644333697193e-01
5.329862958904508785e-01
5.511402097956660251e-01
5.684563649249456674e-01
5.473994124045358234e-01
5.086045884564631692e-01
4.343340216530536813e-01
3.355481116160391464e-01
2.245045299622204504e-01
1.140894532292921482e-01
1.555177297545650220e-02
-5.923111432017080097e-02
-1.019681323465017608e-01
-1.286822157381866949e-01
-1.216391305381257226e-01
-1.128888341374244542e-01
-1.007241153354422464e-01
-1.014624586513009491e-01
-1.086523330260823483e-01
-1.436297664528279894e-01
-1.854165559805416863e-01
-2.408220577101879700e-01
-3.000592344522300947e-01
-3.612122487004610916e-01
-4.146807059626261283e-01
-4.627268368525517817e-01
-4.999283149979971697e-01
-5.235038316867443031e-01
-5.402663676471383125e-01
-5.362400870014403242e-01
-5.267800178339627770e-01
-5.064523716229223371e-01
-4.817141538684319713e-01
-4.547706503422158653e-01
-4.325421097928371372e-01
-4.138229458819555617e-01
-4.021225352480723991e-01
-3.938220151371474298e-01
-3.872214402877012795e-01
-3.706434977798530039e-01
-3.457857255466096902e-01
-3.043682938625777434e-01
-2.446194045961284924e-01
-1.757047865384645524e-01
-9.370316647946276556e-02
-1.542109666538480847e-02
5.542187265884747360e-02
1.063116121883294907e-01
1.472247368204295248e-01
1.575400808800033470e-01
1.635922552174022271e-01
1.611180901104501406e-01
1.658204471398626867e-01
1.741110652374574241e-01
2.056134690352592331e-01
2.424118495588552802e-01
2.898021835340453545e-01
3.336629579535559387e-01
3.757589525952290122e-01
3.935591379352457175e-01
4.023764291373390645e-01
3.932279320635859166e-01
3.764247423469253562e-01
3.557942063088116447e-01
3.454631174491374357e-01
3.424426418239261416e-01
3.540433926676348486e-01
3.752812917321783348e-01
4.013377649071401820e-01
4.201139244684375385e-01
4.293559071154940399e-01
4.195295359340738828e-01
3.858028947689087218e-01
3.401261186118764157e-01
2.687356241005903756e-01
1.952253106435068442e-01
1.174753592948277470e-01
4.620837768549145713e-02
-2.181711905416353764e-02
-7.483133830494327621e-02
-1.241213098064652687e-01
-1.659627858094744335e-01
-2.039744360374018961e-01
-2.400711733777905477e-01
-2.712594084240829151e-01
-2.995313936097266927e-01
-3.219708790740663518e-01
-3.360331619226071265e-01
-3.459068434632490141e-01
-3.434965085436513244e-01
-3.382232981675390437e-01
-3.272243368783986917e-01
-3.122445879524633483e-01
-2.952744452081285109e-01
-2.705095546725093114e-01
-2.416488050909451624e-01
-2.045963374174932237e-01
-1.584883744733669164e-01
-1.078526638939101556e-01
-4.999846532016144485e-02
6.228793976114936973e-03
5.920217471744625148e-02
1.022613034357540973e-01
1.403633061425438033e-01
1.632614990954162626e-01
1.843164564545987094e-01
2.016849426264022138e-01
2.229965432786902568e-01
2.462797011712211104e-01
2.778810800676400072e-01
3.085431422644893673e-01
3.373265710621917712e-01
3.518892450686965656e-01
3.593415416796034711e-01
3.321720090195854347e-01
2.938712378109161749e-01
2.333079895049456898e-01
1.600836889754692072e-01
8.052886233423327267e-02
-1.145625187861723515e-03
-8.076029945698752488e-02
-1.562553472201760607e-01
-2.292221980700809014e-01
-3.009249504633346173e-01
-3.734942977689561516e-01
-4.448935669753308342e-01
-5.139526799832179194e-01
-5.692916590084400319e-01
-6.177705710423337937e-01
-6.243165488901404325e-01
-6.132325572244645695e-01
-5.668886265318153761e-01
-4.911783270723150685e-01
-4.007848432293892316e-01
-2.912610617132225799e-01
-1.842181174341174510e-01
-8.213684762913406323e-02
5.713777783931069110e-03
8.644908100101364457e-02
1.483732443211498719e-01
2.075114388059567383e-01
2.610776956201064092e-01
3.128109205090919276e-01
3.636276294354951477e-01
4.063215847013531556e-01
4.425786755595281785e-01
4.659620376023178578e-01
4.727262476320159279e-01
4.711808816551725787e-01
4.520390477547399644e-01
4.326947798068671580e-01
4.129456437641139677e-01
4.027735421582088193e-01
3.973899577707289410e-01
4.083821348465919709e-01
4.205563337553578362e-01
4.350945763299324809e-01
4.390406881131722616e-01
4.376907345007474137e-01
4.062231657952285468e-01
3.640371352554256368e-01
3.004141810470604135e-01
2.211449506940599552e-01
1.340525822687629875e-01
3.621259252267845785e-02
-6.145242097709095741e-02
-1.587674819842302132e-01
-2.495361477954376461e-01
-3.370316160086782586e-01
-4.048013687577198816e-01
-4.622994037010805801e-01
-4.992540030330487322e-01
-5.105657478488363488e-01
-5.090560654065405810e-01
-4.723814753458013826e-01
-4.300423004014114481e-01
-3.763739556897230387e-01
-3.300473990708614469e-01
-2.873917364984142075e-01
-2.802865265947573348e-01
-2.873098303848594104e-01
-3.225901615624691687e-01
-3.750150658289552186e-01
-4.360122566398747512e-01
-4.899394032074276817e-01
-5.308486048520437706e-01
-5.457219166507931707e-01
-5.247075046040267088e-01
-4.857492306345079780e-01
-4.014279150131189189e-01
-3.101143723604282143e-01
-2.048163756451382156e-01
-1.024203759389366586e-01
-1.475374737279704302e-03
8.126541908437633077e-02
1.579778701537310204e-01
2.226336357184421078e-01
2.799233531422308796e-01
3.335300464955603950e-01
3.805338769583143099e-01
4.245534881075380129e-01
4.626046606297027908e-01
4.908490412864028873e-01
5.141900260103703379e-01
5.202077805970416469e-01
5.216318600597362742e-01
5.138685892744798700e-01
5.011648948110508650e-01
4.859909885085371140e-01
4.664934826642053167e-01
4.446593257441958102e-01
4.181518666728319955e-01
3.840655873455423031e-01
3.461898978902987478e-01
2.978963844554668450e-01
2.490659644907510795e-01
1.991617314662679217e-01
1.553981693324110180e-01
1.147049426438681158e-01
8.574029433193765259e-02
5.692172885076240973e-02
2.839532903111295636e-02
-1.255351283746608884e-02
-5.971357573050661838e-02
-1.373390576122890672e-01
-2.223006082486734813e-01
-3.219342963942579128e-01
-4.170712796815942425e-01
-5.099599105398151533e-01
-5.620105696493969960e-01
-5.940899627692007856e-01
-5.862268239094593492e-01
-5.434469499201250997e-01
-4.832087083660038251e-01
-3.995823199172134910e-01
-3.190334001367828853e-01
-2.446394176930701825e-01
-1.887362552762751333e-01
-1.420785028729538713e-01
-1.212727762298945466e-01
-1.040569910856980612e-01
-9.402108893922535293e-02
-8.101836039848243909e-02
-6.653221866060402001e-02
-4.115927646140907226e-02
-1.302586430564261523e-02
2.062848776325188621e-02
5.554329294715702747e-02
9.108832468856714604e-02
1.227713957902346886e-01
1.515745144154137247e-01
1.746177280876173021e-01
1.882820609993461625e-01
1.972569535308345834e-01
1.867101125059833500e-01
1.691859170721618233e-01
1.377070128204033184e-01
9.667615927826407607e-02
5.086933109093700472e-02
4.350600593837898600e-03
-3.786884146287824299e-02
-7.148970663883072452e-02
-9.303928184510798505e-02
-1.085532120665418793e-01
-1.121371467689467466e-01
-1.157914654041974079e-01
-1.195865519051396292e-01
-1.288985066491591946e-01
-1.409688955147181399e-01
-1.584276773422541307e-01
-1.736517125108198445e-01
-1.844062543614369831e-01
-1.824825977457908421e-01
-1.742198418970164475e-01
-1.435735227751692156e-01
-1.081204263604665511e-01
-6.305377536005557504e-02
-1.737774488384927554e-02
2.860297533026130712e-02
6.548157399783066657e-02
9.894981982198718107e-02
1.255973599593198375e-01
1.495511921294583046e-01
1.721581703160003918e-01
1.980299367992098547e-01
2.259588918368592159e-01
2.580022239833872355e-01
2.923890577894230347e-01
3.279476424252035227e-01
3.614374576229715252e-01
3.924395519801250343e-01
4.184662046560509996e-01
4.367640928768912745e-01
4.511975988701877327e-01
4.506198779371954344e-01
4.441546558736213512e-01
4.259144315488870847e-01
3.958268008195601761e-01
3.598154668879401941e-01
3.103718643875871819e-01
2.591280427276723142e-01
2.042837827486346791e-01
1.508341655484321531e-01
9.808186973763877159e-02
4.938940374206933492e-02
3.995515459535338432e-04
-4.918507305125484341e-02
-1.044711158077874513e-01
-1.626078676439806914e-01
-2.325004874570983371e-01
-3.043882547960155560e-01
-3.802663171865308667e-01
-4.516684688328584385e-01
-5.208326651070731561e-01
-5.709580254582103942e-01
-6.130415530461548190e-01
-6.390414151077175031e-01
-6.510940896772521302e-01
-6.561731705007710636e-01
-6.466111953659294809e-01
-6.330735273506038485e-01
-6.115844735743172222e-01
-5.801326493928208317e-01
-5.436994400087222790e-01
-4.876479533357365725e-01
-4.250872437576058704e-01
-3.495080883691887297e-01
-2.659883404622895298e-01
-1.784982962961326192e-01
-9.066014666782831743e-02
-5.595038754626274757e-03
7.392398572837280413e-02
1.467624435728786536e-01
2.162606180981396509e-01
2.788424052891820271e-01
3.397303978757672538e-01
3.972308012534390698e-01
4.490315107242157655e-01
4.979823732415311066e-01
5.316496242699412234e-01
5.589895443516361695e-01
5.736748025399041051e-01
5.781988328786830111e-01
5.776422492927159036e-01
5.707016608441588534e-01
5.637035373278406203e-01
5.565903436760035738e-01
5.474092093985516438e-01
5.371941048082927717e-01
5.129201038508973687e-01
4.805587748727806474e-01
4.320227898532253974e-01
3.674280428449838154e-01
2.948039148423821088e-01
2.109206200081273908e-01
1.292599930536490749e-01
5.204470185872232812e-02
-1.321143499159649001e-02
-7.248799466961454441e-02
-1.158678714812662880e-01
-1.578295105283936128e-01
-1.969546740464727941e-01
-2.401018522503322872e-01
-2.852600377970704315e-01
-3.360620329132982809e-01
-3.849069091289712974e-01
-4.298375475435356474e-01
-4.612527184022671700e-01
-4.859101554830803638e-01
-4.829157146204479667e-01
-4.718984860045103424e-01
-4.448356818819679814e-01
-4.087453909460016521e-01
-3.681413566033256979e-01
-3.241545247974420563e-01
-2.809414018631299359e-01
-2.392756966719606360e-01
-2.010118803705203683e-01
-1.644490085139401203e-01
-1.365313924737211471e-01
-1.130689589708266385e-01
-9.851689054257861677e-02
-9.380959094577218105e-02
-9.402467576468388766e-02
-1.018470933387696647e-01
-1.070621792995076482e-01
-1.070626020335514045e-01
-9.141145671826009234e-02
-6.793452737830539545e-02
-1.611351065952757594e-02
4.134511366504846352e-02
1.100789532012179522e-01
1.750521778468741574e-01
2.381450950472731865e-01
2.749531015482595264e-01
3.006991273189450475e-01
3.043211916290152197e-01
2.919425815010428527e-01
2.715636341540534904e-01
2.442416875573918955e-01
2.189163673117296982e-01
1.975842997680651580e-01
1.815800459324664051e-01
1.682396989508991858e-01
1.564500448595457505e-01
1.429772530474869296e-01
1.261381857940182538e-01
1.057979648603199208e-01
8.370716708650770277e-02
6.234217774954204511e-02
4.336060472987104258e-02
2.914586434478807359e-02
2.062314333192303423e-02
1.494643200516923044e-02
1.375308731259443536e-02
1.236732193673073521e-02
1.059671519428933076e-02
7.488709683392385727e-03
3.712004788267493031e-03
4.623418483209909384e-04
-1.840074448867976562e-03
-2.247997460540647561e-03
-2.349357172101054596e-03
-2.297435233605411940e-03
-8.919559752835650238e-03
-1.998039253125007478e-02
-3.991864182803050998e-02
-6.842197505228922449e-02
-1.012078502402945501e-01
-1.367845428769104421e-01
-1.681476602958230371e-01
-1.910836272793312307e-01
-1.973320433472077473e-01
-1.952366839572728385e-01
-1.658305552722127429e-01
-1.303708260832076582e-01
-8.280389588631578701e-02
-3.369180902446403808e-02
1.619285616985455950e-02
5.322576762977990900e-02
8.306664345028727525e-02
9.852344799196251224e-02
9.938929932896860275e-02
9.295967406363817020e-02
7.136293950974449685e-02
4.827431514614408115e-02
2.220191116314246954e-02
5.813161677239477021e-04
-1.881337433390421060e-02
-2.348666149200751702e-02
-2.266747824289596508e-02
-1.086335417935763159e-02
7.896045727036294856e-03
3.013308355486257750e-02
5.063827958159200504e-02
6.617245277189792718e-02
7.176458028935951694e-02
6.225489892192430375e-02
4.519431311204470669e-02
7.442092461411115023e-03
-3.353935395196369629e-02
-8.097925189081923991e-02
-1.251099533197129188e-01
-1.675860564936139385e-01
-1.937745336126535656e-01
-2.133702442755663065e-01
-2.197804220262288277e-01
-2.157640724687887035e-01
-2.065344592572958549e-01
-1.893880384802941463e-01
-1.717515306335889447e-01
-1.531348486474861104e-01
-1.351314748170287239e-01
-1.174347550643938809e-01
-9.926890858038961429e-02
-7.998208672982305700e-02
-5.845331414613254978e-02
-3.338651553399532568e-02
-6.550703907628642984e-03
2.516179995170914757e-02
5.750051818091579670e-02
9.109166514985982122e-02
1.227307518179856782e-01
1.533938083357029580e-01
1.760346838502909739e-01
1.949077732191978052e-01
2.062452902967442936e-01
2.103928669069373980e-01
2.109454732834527002e-01
2.056115520205872294e-01
2.007781217928636952e-01
1.969456736354237569e-01
1.980326399409162441e-01
2.015793134778756379e-01
2.129012510658141732e-01
2.247164051454716982e-01
2.375179922085609019e-01
2.445365068948464338e-01
2.486634853927316702e-01
2.355627044016822547e-01
2.159792152135701637e-01
1.834303096313362191e-01
1.413745344499560685e-01
9.456532446899242050e-02
4.313649761938231908e-02
-6.689747723510287500e-03
-5.331083005296881339e-02
-9.279581301609396426e-02
-1.287127462960543645e-01
-1.520966133766024075e-01
-1.716204775534857507e-01
-1.834243359230417481e-01
-1.892398888227525833e-01
-1.920612889875392415e-01
-1.900252169875146224e-01
-1.882215704084687358e-01
-1.868827746713802307e-01
-1.895725993194991299e-01
-1.942767341602222586e-01
-2.069536148151965849e-01
-2.209339452260927483e-01
-2.375211751488250922e-01
-2.505549536764989926e-01
-2.618120065066446012e-01
-2.581501160686170415e-01
-2.482442438148992625e-01
-2.258504079298044309e-01
-1.942977482710904757e-01
-1.581656767255588958e-01
-1.194214720724083856e-01
-8.326896643850036084e-02
-5.229985884307589150e-02
-2.874038267857037879e-02
-8.885722229522372007e-03
4.850706534673520504e-03
1.949485805391097670e-02
3.595445508323399236e-02
5.813933454251517252e-02
8.318685521677537942e-02
1.154576536975590456e-01
1.475962147881696718e-01
1.794703010984343150e-01
2.051107321187430887e-01
2.276343354940731367e-01
2.356107771395629102e-01
2.389492709043312957e-01
2.330118689076551564e-01
2.211543662138714950e-01
2.063368131715356546e-01
1.890142006973271616e-01
1.725955536468225249e-01
1.579848374437251568e-01
1.471326077869156701e-01
1.381596214032501102e-01
1.351308439661387251e-01
1.332588311041592866e-01
1.337003473924431307e-01
1.331447853510725754e-01
1.320906841448750701e-01
1.236450143802283602e-01
1.114286235697634353e-01
9.167079066766062323e-02
6.495185465347116938e-02
3.475236708323851259e-02
3.439633105407693958e-04
-3.251843229881068442e-02
-6.228881158147041297e-02
-8.453972217046823445e-02
-1.030308984126341032e-01
-1.096760968673074349e-01
-1.142739425097154399e-01
-1.147770825275903350e-01
-1.166033064373881850e-01
-1.190910722931471655e-01
-1.286182252102935908e-01
-1.399729340035512914e-01
-1.549827545490305714e-01
-1.687285096832820130e-01
-1.818422321119198548e-01
-1.845269739405331622e-01
-1.823615366883526157e-01
-1.704957412745870537e-01
-1.510442703652038754e-01
-1.277999617080139150e-01
-1.019464245002487252e-01
-7.825292697410358989e-02
-5.887950881119399793e-02
-4.639225986227473592e-02
-3.734809552034708963e-02
-3.496226771475734879e-02
-3.192258375759070982e-02
-2.757518749727061111e-02
-1.681643458253747475e-02
-2.852003340596954810e-03
2.190672712527834756e-02
4.799774477450892418e-02
7.675333679043613855e-02
1.007320606651112560e-01
1.223223504691616087e-01
1.276879573830334014e-01
1.270553462209584594e-01
1.144262989069932401e-01
9.392907725935992214e-02
6.949776844488687877e-02
4.343373946118635198e-02
1.963302877164068566e-02
3.589546704035294356e-04
-1.239620536133079209e-02
-2.189190835831543100e-02
-2.377759478816182659e-02
-2.450887359607612989e-02
-2.293133716012659903e-02
-2.098469163053571715e-02
-1.885349155412411812e-02
-1.682797199785782821e-02
-1.470435409260496470e-02
-1.238453948937900256e-02
-9.952971259394181175e-03
-7.465526216029912815e-03
-5.723698662780191126e-03
-4.418942342833972504e-03
-3.988328489495455639e-03
-3.850281280713765270e-03
-3.858517394210409217e-03
-2.300861951465267216e-03
3.120844512040307512e-04
5.035612773721077733e-03
1.184585355617074134e-02
1.969945056858871460e-02
2.941265413079947877e-02
3.947204066785606202e-02
5.022379315460411692e-02
6.216197084104354426e-02
7.469336112732834210e-02
9.027144228506078782e-02
1.065546124854991894e-01
1.242479607713522782e-01
1.399678704198930868e-01
1.547010607497779355e-01
1.585194809248790526e-01
1.565888897036571414e-01
1.431602756897922823e-01
1.183197647364105654e-01
8.777330531326890672e-02
4.808584928849849588e-02
9.399661503483052252e-03
-2.728398980200182414e-02
-5.551027787065836161e-02
-7.950788432090297175e-02
-8.872195592988380008e-02
-9.488362409886431925e-02
-9.494048538784580216e-02
-9.465854602034520782e-02
-9.420720632460435895e-02
-9.896471654792585171e-02
-1.053888309410986185e-01
-1.151461536739730313e-01
-1.252372713101716495e-01
-1.354952863980322941e-01
-1.418275069269748223e-01
-1.465343333447645391e-01
-1.479903715402497710e-01
-1.478646316573017372e-01
-1.469480027351377505e-01
-1.466753901087193279e-01
-1.467482435663235441e-01
-1.475120291919729265e-01
-1.469411585665580666e-01
-1.457029598156109051e-01
-1.379003457913494657e-01
-1.268391625255688715e-01
-1.092608407767559353e-01
-8.505292181717369338e-02
-5.753020425220856104e-02
-2.265909348810659502e-02
1.331897026415113441e-02
5.151093999271979390e-02
8.892193362793335276e-02
1.259424392164747719e-01
1.569610688185035796e-01
1.842896858361225965e-01
2.042382776849240300e-01
2.140329139195116803e-01
2.187505723469951591e-01
2.071465972363912833e-01
1.913361053234403086e-01
1.671125798057931378e-01
1.398030584490240202e-01
1.109505391726933604e-01
8.654119383417577249e-02
6.555073249243319189e-02
5.139803914423873854e-02
4.394079750262143425e-02
3.983128171429359959e-02
4.023572244694835487e-02
3.980616541213235354e-02
3.770861284237506106e-02
3.125854118551655431e-02
2.263220998510860268e-02
8.689128853054183671e-03
-5.296680300077316952e-03
-1.936794549536296692e-02
-2.985478939145892047e-02
-3.854942263795971269e-02
-3.950297727648145740e-02
-3.848669681776555052e-02
-3.353074616457539514e-02
-2.752856789622642325e-02
-2.100327582029833107e-02
-1.684420062635684154e-02
-1.396122063096529725e-02
-1.363043103267289752e-02
-1.509585420022332113e-02
-1.745938375069470624e-02
-2.016278978139909861e-02
-2.230285993395756533e-02
-2.331625833022447220e-02
-2.254704576905651459e-02
-2.088652772917088882e-02
-1.654373599316896065e-02
-1.157641327402281380e-02
-5.360028588590868073e-03
8.966930315822650710e-04
7.173583119125984120e-03
1.055233516905334720e-02
1.183450561065288280e-02
8.923512835597877113e-03
4.601935142693591024e-04
-1.077928908019991361e-02
-2.912636976478755885e-02
-4.820079138691917703e-02
-6.872989488413834558e-02
-8.621955048224959339e-02
-1.021894821308076823e-01
-1.084472888833682008e-01
-1.112017809405033697e-01
-1.069496436067889633e-01
-9.820194296949347201e-02
-8.720646068040809051e-02
-7.528943228755066719e-02
-6.454215050726697100e-02
-5.613436195213014623e-02
-5.073479348774897341e-02
-4.683933506874602554e-02
-4.550448184690056297e-02
-4.408945673422890593e-02
-4.251408783990559548e-02
-3.955199793754105714e-02
-3.589654753115626568e-02
-2.953650054947768583e-02
-2.216114275227892144e-02
-1.275516332404033788e-02
-8.201325660898602099e-04
1.237942385672003223e-02
2.999279976817164836e-02
4.880351019322255735e-02
7.000888964547141713e-02
9.164110095208305440e-02
1.134867281858759763e-01
1.317862700906312634e-01
1.477610448603340898e-01
1.590862853599352977e-01
1.650218785893456108e-01
1.682626481836616561e-01
1.645878517587467116e-01
1.592982995935697810e-01
1.507792359478697664e-01
1.401262243265808671e-01
1.284062387174972064e-01
1.145517507139642843e-01
1.004224333049366091e-01
8.574345708492693563e-02
7.187930934009741091e-02
5.842257583285775241e-02
4.814091289675582336e-02
3.897087520335303784e-02
3.202408799534793571e-02
2.559370805932776119e-02
1.942153175929841810e-02
9.887965353128389673e-03
-1.739876975862549632e-03
-1.755627115049418832e-02
-3.709727384334846056e-02
-5.850058079531306882e-02
-8.116897204624497209e-02
-1.024788201814808009e-01
-1.210715820853285191e-01
-1.349388571871900089e-01
-1.464433888880601886e-01
-1.517525839893001938e-01
-1.561559008553521644e-01
-1.587474612510284822e-01
-1.615058022498386536e-01
-1.643475335502157242e-01
-1.674402612400783807e-01
-1.696104915302272531e-01
-1.699357270209473914e-01
-1.658528255301945920e-01
-1.595658555487065589e-01
-1.446771303894751615e-01
-1.273147927724601614e-01
-1.050052302398792881e-01
-8.020930059866485107e-02
-5.417018740312876807e-02
-2.877239984017778904e-02
-4.707666335149266086e-03
1.669095905403505248e-02
3.438064930329107899e-02
5.021587198258394696e-02
6.065827288026885700e-02
6.979166201876729758e-02
7.630702763889464502e-02
8.166930802167858550e-02
8.645504578579178701e-02
9.170249191567063363e-02
9.753125706773076165e-02
1.045226602641531333e-01
1.124629152055733328e-01
1.208775960194925780e-01
1.288566703278919701e-01
1.358887344273259912e-01
1.410267781088255512e-01
1.432118132891616880e-01
1.439203442189169457e-01
1.401911172402450501e-01
1.353587345516612250e-01
1.283200404432540964e-01
1.197149033033810817e-01
1.103265446477727924e-01
9.833380809405296852e-02
8.505996239803045866e-02
6.922389841740325678e-02
5.036461259281677094e-02
2.999371584625143763e-02
6.660941667539697214e-03
-1.623961792601223350e-02
-3.827574834924869773e-02
-5.586897885840899636e-02
-7.124075941053252536e-02
-7.632657833859834984e-02
-7.815017429479165223e-02
-7.344932430724163130e-02
-6.547484979313379638e-02
-5.586356301574663119e-02
-4.834669117214653727e-02
-4.338080893514729280e-02
-4.351690591135237707e-02
-4.957696254926323431e-02
-5.859899901802539945e-02
-7.284623733464672124e-02
-8.664914457448895380e-02
-9.956338966077318831e-02
-1.075347352723705074e-01
-1.130346311466228632e-01
-1.084186987199868696e-01
-1.009893018520545277e-01
-8.793297610153098798e-02
-7.247535385374506700e-02
-5.581708335732860071e-02
-4.096710625578826870e-02
-2.785727324092295010e-02
-1.822772839940503542e-02
-1.213614126056456952e-02
-7.813532973061480119e-03
-5.993012360969194458e-03
-3.732250205245315859e-03
-5.910049622584873097e-04
5.092901262056540902e-03
1.204813797703600808e-02
2.234737877859432204e-02
3.260858045973266672e-02
4.279370390002562585e-02
4.975714205418069191e-02
5.510973756526765799e-02
5.234133112707647223e-02
4.698396729442245318e-02
3.644868867284412756e-02
2.365075355282130615e-02
9.721490183574004254e-03
-1.117813577802533737e-03
-9.170275830254256272e-03
-1.164905506485784323e-02
-7.806793583699523850e-03
-8.040117446619359388e-04
1.182699872801484288e-02
2.401513374933321801e-02
3.531751786793703440e-02
4.143352713355272221e-02
4.495634897267489216e-02
3.814165131478217119e-02
2.877444708329575385e-02
1.430222970462329685e-02
-8.942688627550533093e-04
-1.645290802448644285e-02
-2.585924994436290814e-02
-3.170393829365038968e-02
-3.042531950176514954e-02
-2.205934701064794778e-02
-1.014969766991665780e-02
8.098103251323788762e-03
2.633508931510701936e-02
4.455044566397583367e-02
5.896215784006362398e-02
7.147204792976109833e-02
7.538389644641650678e-02
7.658887401570924069e-02
7.238010969027802721e-02
6.471240907973746515e-02
5.531524032664312390e-02
4.436282294136735527e-02
3.378697519538423344e-02
2.396426672798443805e-02
1.551731214198295850e-02
7.758234496679666282e-03
1.498694845987915206e-03
-4.630745771909977257e-03
-1.049998832422022535e-02
-1.655095322698846988e-02
-2.269277930498573431e-02
-2.886438035172776001e-02
-3.474626994568773275e-02
-4.004873663408595186e-02
-4.419576080560220360e-02
-4.776506371867777351e-02
-4.940013250110770332e-02
-5.059329640089703373e-02
-5.090265053540540124e-02
-5.099211936474252332e-02
-5.097164554149404697e-02
-5.129497810589060680e-02
-5.167472956067399592e-02
-5.216731879623102280e-02
-5.210877801189967712e-02
-5.177467221762429433e-02
-4.940309594065100951e-02
-4.615381402802442440e-02
-4.114912084408869908e-02
-3.474676024890009651e-02
-2.764556594808238385e-02
-1.995131591064917484e-02
-1.262203245535690847e-02
-6.022682164351993508e-03
-7.946460440691372092e-04
3.747732990856208861e-03
6.443423667333903621e-03
8.886424828824096567e-03
1.082404696033668033e-02
1.303915315266745457e-02
1.539300137540614184e-02
1.870633592833653019e-02
2.225151758669038221e-02
2.626039345588973214e-02
3.026697544988946054e-02
3.427241050628724445e-02
3.764803983005315241e-02
4.069434405112083708e-02
4.308199806679569033e-02
4.461690843632187126e-02
4.572544698277332398e-02
4.506739017609479730e-02
4.362315267618192133e-02
4.060655378979963204e-02
3.590163851976750642e-02
3.035256505790885628e-02
2.307887497303562352e-02
1.584558946630940102e-02
8.693113115882371983e-03
3.088127470129098384e-03
-1.743112823291108901e-03
-2.802408621059358611e-03
-2.656059138115311399e-03
-9.841909374682820608e-05
3.650985857580527679e-03
7.996273262385321726e-03
1.140304228239733333e-02
1.369269553805594307e-02
1.374811726500772650e-02
1.088023599117438241e-02
6.550703216950002836e-03
-1.317675693452128108e-03
-9.527263880691524273e-03
-1.841927062161383133e-02
-2.577082676679810433e-02
-3.235215761411101842e-02
-3.373610606117624644e-02
-3.300672930165898800e-02
-2.805070212897821033e-02
-1.979141063844886209e-02
-9.880486988992591771e-03
1.314425250838408346e-03
1.141813288587570363e-02
1.933943131131764248e-02
2.281408435385659517e-02
2.406541470494827709e-02
1.808680092252003963e-02
1.056427092509699961e-02
-4.609150230762588951e-05
-1.078499806286833430e-02
-2.158817669000135872e-02
-2.858075537512940259e-02
-3.376413569410447596e-02
-3.532911928077304281e-02
-3.414153442384717380e-02
-3.157766534512471135e-02
-2.798589185520883663e-02
-2.502231048938584682e-02
-2.331511337174480003e-02
-2.358670899702825993e-02
-2.484770099377352562e-02
-2.794631505706093172e-02
-3.085494955683382515e-02
-3.338362492958098227e-02
-3.410769609162859345e-02
-3.392946514832776567e-02
-3.037077930566995515e-02
-2.602268668450934477e-02
-2.009578050634565349e-02
-1.390997618209885954e-02
-7.594722784807350115e-03
-2.719631027560837425e-03
1.407090757604498397e-03
4.037072598603081222e-03
5.477007006379867003e-03
6.321917697544985996e-03
6.729786606447142258e-03
7.503101049401807165e-03
9.007306560460955069e-03
1.193831320098131046e-02
1.558272040623071182e-02
2.152394650236075235e-02
2.797916570358711594e-02
3.546237111501247125e-02
4.307331661548459423e-02
5.074813216047736886e-02
5.718972925942097246e-02
6.289099650298171640e-02
6.711160403578358968e-02
6.966188453477577258e-02
7.137700151686536543e-02
7.088743510845299522e-02
6.981583762776830127e-02
6.758017800253929286e-02
6.429309521268825045e-02
6.048030084052501837e-02
5.483823601071253356e-02
4.846757410151758538e-02
4.063971803356450363e-02
3.141855741798581236e-02
2.150074452859528085e-02
1.040602170229296131e-02
-5.602674978717765014e-04
-1.126968944574966228e-02
-2.069656375163456824e-02
-2.948216423651795967e-02
-3.559818412019775946e-02
-4.095938170789404503e-02
-4.481093470362984554e-02
-4.799288691935106599e-02
-5.084003874506397291e-02
-5.403297445899053753e-02
-5.756479025444776604e-02
-6.177436621296973629e-02
-6.641884091082082830e-02
-7.128076497833873981e-02
-7.558106563494308705e-02
-7.919135198766419359e-02
-8.142160973261576562e-02
-8.148774788474354158e-02
-8.047182624046060606e-02
-7.581705284954738666e-02
-7.012822811396615674e-02
-6.237130068905493568e-02
-5.339641225163170579e-02
-4.381254330795375518e-02
-3.394372968470087126e-02
-2.438758542201275789e-02
-1.545677988046436670e-02
-7.462293542897137019e-03
6.403319267525140639e-05
6.527588809157506590e-03
1.289534731123654146e-02
1.907151158451602865e-02
2.547781534126921515e-02
3.199918883975692852e-02
3.893126764697343867e-02
4.581920155431228048e-02
5.261884566190316859e-02
5.875623641174514133e-02
6.456250048271627850e-02
6.856752340198317419e-02
7.179830131507880520e-02
7.348058921582907577e-02
7.350761836314058384e-02
7.270701813373360578e-02
6.965429782295015637e-02
6.606813620778478890e-02
6.141509198385940171e-02
5.635178717533847331e-02
5.108335207452072840e-02
4.616840626807543896e-02
4.151009860945419766e-02
3.736506724648601396e-02
3.339546237119753180e-02
2.951357073975100290e-02
2.463979376295439422e-02
1.901948940421966522e-02
1.190613028160349141e-02
3.070317595305471076e-03
-6.626721872830029086e-03
-1.793469204080457360e-02
-2.914293597363566343e-02
-4.015172743619190021e-02
-4.966387011490817904e-02
-5.842768840171035788e-02
-6.375818063264199198e-02
-6.787230019640849710e-02
-6.955367442584099724e-02
-6.909637139719662646e-02
-6.756972973951473616e-02
-6.352642941482680716e-02
-5.891496807639997474e-02
-5.316718471050024125e-02
-4.697037972506783871e-02
-4.054906392987031594e-02
-3.466561074078679944e-02
-2.928724254558246615e-02
-2.491904433814223080e-02
-2.166584676959100453e-02
-1.897014952048602099e-02
-1.703840547982676118e-02
-1.484766958821795435e-02
-1.213894999470799957e-02
-8.072171544710765589e-03
-3.326363666471580331e-03
3.662142255384045249e-03
1.108046256691405836e-02
1.935841165780029238e-02
2.746682938195215903e-02
3.549048142274124906e-02
4.187570215350400193e-02
4.744049546294337727e-02
5.136443392973146643e-02
5.342538558815843747e-02
5.455484384240693457e-02
5.281255718954724204e-02
5.016443416306383407e-02
4.570463838933579853e-02
3.983923323564974445e-02
3.327102339198514946e-02
2.580809827680673879e-02
1.856762055764338629e-02
1.177203763051785923e-02
6.270558885943115605e-03
1.416132232646695596e-03
-1.120221315247838705e-03
-3.101456487631919050e-03
-3.972454908997795700e-03
-4.557808169647717747e-03
-5.000338849939506801e-03
-6.131911679075671001e-03
-7.659224513621962736e-03
-9.978017358989711705e-03
-1.296986416721247412e-02
-1.629823795686397708e-02
-2.006002631602023939e-02
-2.375040982761468175e-02
-2.729798364408282316e-02
-3.034709591276303978e-02
-3.314697740755118832e-02
-3.483061412327221468e-02
-3.607830119007064684e-02
-3.645408895902256530e-02
-3.595068403377738725e-02
-3.500768276143317176e-02
-3.285583443374967549e-02
-3.032941406081183025e-02
-2.705384959736798628e-02
-2.298488350247721371e-02
-1.851921659186514871e-02
-1.270385982827036860e-02
-6.451034863218860563e-03
6.767265047523014776e-04
8.294939766643825985e-03
1.615837897549273969e-02
2.354977483811792477e-02
3.028458594426851336e-02
3.570622753747778461e-02
3.905869724606821081e-02
4.137658101235210800e-02
4.041612561286464511e-02
3.867924652429792498e-02
3.538952005757337038e-02
3.166747252991682776e-02
2.772926447179254600e-02
2.480380790139843222e-02
2.252053253920090550e-02
2.152161959339899192e-02
2.167796725460547150e-02
2.241194521931653971e-02
2.372704388013414240e-02
2.471932414414707360e-02
2.506596761454960715e-02
2.393718422806036597e-02
2.207068741312584112e-02
1.757988452509364960e-02
1.239647425905944511e-02
5.827849237016432052e-03
-1.334492101623575497e-03
-8.793691598559427031e-03
-1.588607021138117165e-02
-2.258134190720479523e-02
-2.848239976903973666e-02
-3.343798348346065097e-02
-3.792083012417769849e-02
-4.113329199023201682e-02
-4.396116060703009198e-02
-4.601984272531338405e-02
-4.718423906677365193e-02
-4.790149251982349365e-02
-4.685162130764342070e-02
-4.511214979837427363e-02
-4.199347769492885185e-02
-3.764515926365317317e-02
-3.268201766846258460e-02
-2.677446065918721169e-02
-2.099553210417380925e-02
-1.547386045769050256e-02
-1.101404958912480768e-02
-7.085169109520297014e-03
-5.237423055623051035e-03
-3.898938465274137590e-03
-3.578976802019920734e-03
-3.320741801825326071e-03
-3.093370133160623387e-03
-1.276891457976376924e-03
1.429068929659710460e-03
5.913992742201414771e-03
1.207276774893106114e-02
1.906846835275707169e-02
2.713858011585206301e-02
3.487353585740669143e-02
4.193817955587486601e-02
4.717940566341374820e-02
5.150892297549174159e-02
5.250852254944878006e-02
5.261632470961222219e-02
5.094053204218833980e-02
4.835669436048367631e-02
4.531883417163883043e-02
4.201988770050003180e-02
3.874012513052865064e-02
3.549873036289557388e-02
3.202314452374378784e-02
2.843046314883449291e-02
2.388795618302639451e-02
1.895533033299945380e-02
1.324246671452997126e-02
6.991762316945988875e-03
4.721375298070706341e-04
-6.116666880856299129e-03
-1.248297095937185922e-02
-1.840427437359882373e-02
-2.355589620114704671e-02
-2.832267723535905612e-02
-3.172880204751902383e-02
-3.468266364915174177e-02
-3.673199882972753849e-02
-3.799442164088404073e-02
-3.886338826733199553e-02
-3.889056662423052979e-02
-3.877087263824145064e-02
-3.835743396647724873e-02
-3.780198830778554869e-02
-3.717553915563003020e-02
-3.615639595428107866e-02
-3.481172208605427115e-02
-3.281598688407317416e-02
-2.973731049459807027e-02
-2.611716351137760225e-02
-2.066271623767866952e-02
-1.477760938035808935e-02
-8.031183355788402978e-03
-1.206019296094185643e-03
5.658513781159859451e-03
1.133036541821694221e-02
1.630435334329410554e-02
1.988261384441747728e-02
2.192049399881951244e-02
2.318818397986278576e-02
2.252432994805892569e-02
2.144712642303190156e-02
1.954322391155902464e-02
1.731696449238362065e-02
1.492952661935594005e-02
1.276006838927773966e-02
1.085385212606117256e-02
9.474119796569905119e-03
8.823203671617044913e-03
8.536695648933969455e-03
9.201680027904005771e-03
9.971415933148567931e-03
1.095065489094136819e-02
1.153276290788761427e-02
1.191630545441027533e-02
1.097470867203580863e-02
9.554153654091103454e-03
7.175682165004924722e-03
4.267571012846686773e-03
1.094640029153546570e-03
-1.752481468740784863e-03
-4.138949453431053395e-03
-5.604110411716231241e-03
-5.820712422396128079e-03
-5.413034959274165905e-03
-3.400969592097898703e-03
-1.134521345700685406e-03
1.640692659136991534e-03
4.269842087953914372e-03
6.825959228761936844e-03
8.475156670228557731e-03
9.767115108329253378e-03
1.034459553969672291e-02
1.040515449296632207e-02
1.020725270718677614e-02
9.705618145386977688e-03
9.206486831022117276e-03
8.712362011527663777e-03
8.195582076985641687e-03
7.667474584920108520e-03
6.773100460385028491e-03
5.641188531710864679e-03
4.034200994757579199e-03
1.921538488868425104e-03
-4.439615014878222840e-04
-3.173377424086051227e-03
-5.793940376849649604e-03
-8.196797389946899881e-03
-9.962500610955436417e-03
-1.140962693592089544e-02
-1.168786793201766205e-02
-1.168824636754538238e-02
-1.113289968193481409e-02
-1.049630942784916462e-02
-9.819097389525679662e-03
-9.735759257885324286e-03
-9.971610363576995442e-03
-1.084583994393247160e-02
-1.226706858450312375e-02
-1.396179675518131533e-02
-1.595453940614491306e-02
-1.783916598573143802e-02
-1.950756042256181211e-02
-2.066664604541396458e-02
-2.157107726127638347e-02
-2.158664850239349481e-02
-2.134770560798488620e-02
-2.059973444252484118e-02
-1.946577847290856603e-02
-1.813883010121464245e-02
-1.629673714081007405e-02
-1.424835183079188085e-02
-1.178738182154447089e-02
-8.812640798993399277e-03
-5.581014269789187111e-03
-1.586532002189040488e-03
2.555553304562679668e-03
6.992844689614709751e-03
1.131622523426670072e-02
1.558265035872103896e-02
1.897243432592920359e-02
2.189802149231205586e-02
2.389521505704116089e-02
2.488818414902923409e-02
2.537904100464601770e-02
2.469122856306687694e-02
2.382081731867753682e-02
2.258520846866872087e-02
2.144785023064151031e-02
2.035961729860570613e-02
1.993541044827454659e-02
1.978634209491463708e-02
2.018755073549677662e-02
2.096229294791732492e-02
2.192380194625672893e-02
2.281415618917767563e-02
2.341497716599040199e-02
2.343673161058764526e-02
2.243679761669971004e-02
2.092601940356919599e-02
1.763914924923171146e-02
1.386244214584982787e-02
9.106061144381481093e-03
3.866006387711026001e-03
-1.615885246563019849e-03
-6.947365586144250808e-03
-1.200225454854035242e-02
-1.650396075656080513e-02
-2.024596914425316058e-02
-2.360812862178026175e-02
-2.584629759245004460e-02
-2.776609321726059010e-02
-2.904914215035062780e-02
-2.981312978760554747e-02
-3.031758677694250392e-02
-3.019414972033730021e-02
-2.991475445562485208e-02
-2.932344277469778673e-02
-2.852956928057895358e-02
-2.763441487986455572e-02
-2.650874645513720887e-02
-2.526445089238039607e-02
-2.378290105356345788e-02
-2.185850525997717550e-02
-1.971268648900543347e-02
-1.660834474850942516e-02
-1.318204340740911952e-02
-9.111822865102422314e-03
-4.677077577270222913e-03
-6.006991667310647757e-05
4.395623266060623598e-03
8.584350890817767782e-03
1.223914739961727213e-02
1.520566896282895056e-02
1.782805305324578274e-02
1.966863943500379852e-02
2.140755710462049002e-02
2.294313734995269416e-02
2.447149689408163742e-02
2.599624608760814359e-02
2.735340067749874107e-02
2.847417967364327882e-02
2.912220748229715425e-02
2.891606505844581537e-02
2.828283751834209311e-02
2.615850748251063312e-02
2.364231058349412426e-02
2.034237995810526251e-02
1.670915806425106107e-02
1.290929053616242904e-02
9.281305111667210311e-03
5.829226895626223211e-03
2.728963096496272826e-03
-4.022730407167896156e-05
-2.643881005360283667e-03
-4.993284438164961522e-03
-7.321383208473973211e-03
-9.606872653789172781e-03
-1.183558004211361474e-02
-1.403589640194216961e-02
-1.594763943964452174e-02
-1.768632064913255170e-02
-1.907887820219009156e-02
-2.004674862876620195e-02
-2.080227549210108412e-02
-2.094156887887383203e-02
-2.090246465427704828e-02
-2.050656520694134344e-02
-1.978614239861125126e-02
-1.890345790978427767e-02
-1.752318294537973456e-02
-1.596874243282885367e-02
-1.406597082398382791e-02
-1.182746424364256033e-02
-9.421090177552160494e-03
-6.590401378959697895e-03
-3.658466448448559512e-03
-5.240392541020783695e-04
2.707734318466760610e-03
5.988181080148449048e-03
9.181624997679870351e-03
1.223120721673089974e-02
1.499306603881789789e-02
1.719625511603600776e-02
1.912010932081877404e-02
1.990425358515517801e-02
2.030810185577743357e-02
1.995135813897097252e-02
1.907434918170510321e-02
1.793720760421000510e-02
1.656363045232061085e-02
1.523890134959984995e-02
1.401186834521489337e-02
1.284629112972854488e-02
1.171144180869190289e-02
1.019918795285408748e-02
8.383804444959874411e-03
5.962161632951254453e-03
2.844083467944426118e-03
-6.222123735627984502e-04
-4.641854751683567766e-03
-8.538086499308759555e-03
-1.218749698593993638e-02
-1.502667591696636024e-02
-1.746073907019235136e-02
-1.839394675624577910e-02
-1.895744249965364281e-02
-1.878151435776976783e-02
-1.836432556129515697e-02
-1.782650643752528574e-02
-1.750289484453101257e-02
-1.726371546811528851e-02
-1.719340052485691939e-02
-1.697712331471940700e-02
-1.668786497114244441e-02
-1.555875950813356140e-02
-1.403575002053116666e-02
-1.172493248374054456e-02
-8.729143199468009789e-03
-5.390868041455703502e-03
-1.587284150060391200e-03
2.141903703422038188e-03
5.722299481082756233e-03
8.796570916900853937e-03
1.161778018179954880e-02
1.344104431750104377e-02
1.495145038283723742e-02
1.583614030744153259e-02
1.627817976412581844e-02
1.649889398685057407e-02
1.642675173350885073e-02
1.636494097681398530e-02
1.632379321341290504e-02
1.638580132705770229e-02
1.649938737922543655e-02
1.659455685454551410e-02
1.654349152032304551e-02
1.619995656701552628e-02
1.526968444802524055e-02
1.404604374619406425e-02
1.178383836153976474e-02
9.279826176014690370e-03
6.292200388745649783e-03
3.287907361643941425e-03
2.752807146269676620e-04
-2.020670165202461972e-03
-3.952420461115812092e-03
-5.155769589199449797e-03
-5.759406985480598068e-03
-6.063188515861142602e-03
-6.086682236769325877e-03
-6.231794948184957335e-03
-6.620145640615467814e-03
-7.434933882833560936e-03
-8.462940899945653114e-03
-9.896113356078739196e-03
-1.127951411242121560e-02
-1.256337146918100507e-02
-1.340990638806625890e-02
-1.403778008801372622e-02
-1.384456709382260974e-02
-1.345126411916225395e-02
-1.265778118356384457e-02
-1.173891573429692615e-02
-1.075735902819624154e-02
-9.921371064413129354e-03
-9.164538174994107597e-03
-8.566015434302368114e-03
-8.038000694856039033e-03
-7.545239956032587757e-03
-6.941285214321848626e-03
-6.244858931462740105e-03
-5.363489566306250088e-03
-4.255593433124922435e-03
-3.034433915930705855e-03
-1.494860130112395016e-03
1.253000559438787170e-04
1.906633042474985360e-03
3.755647625415899603e-03
5.638503006562666647e-03
7.392645910665519328e-03
9.002249387051602936e-03
1.032277400800243536e-02
1.116373493992237065e-02
1.176491402732632308e-02
1.152025680928479845e-02
1.103751374229918619e-02
1.007859897742591562e-02
8.889104634790687132e-03
7.584320503275116324e-03
6.389540661361084797e-03
5.345144712777926549e-03
4.601516550855238100e-03
4.214031506533901655e-03
4.004618021013315807e-03
4.147435244762671600e-03
4.300866894052974426e-03
4.475527394425324844e-03
4.487644556810186335e-03
4.418490050201395736e-03
4.011968406873049446e-03
3.530165891289467183e-03
2.897801631195701371e-03
2.264537962267144065e-03
1.630824588920854476e-03
1.187948153757274142e-03
8.245799360883324797e-04
6.202281534090558698e-04
4.987150473521544764e-04
4.186212796064518044e-04
2.672309103528558980e-04
4.111045437881231729e-05
-3.344701750358856484e-04
-8.737184593269591709e-04
-1.494800571055932914e-03
-2.249305176575014213e-03
-2.992565261312746597e-03
-3.713336304488583026e-03
-4.329979496978531538e-03
-4.894558764125334430e-03
-5.279739253843523765e-03
-5.624591325245878806e-03
-5.888786560016975521e-03
-6.124196643597879137e-03
-6.345214151583828018e-03
-6.566435627195390048e-03
-6.786116131584959965e-03
-7.002714693530386059e-03
-7.190367046203557932e-03
-7.363546294240718056e-03
-7.429112812292791926e-03
-7.425896324712699843e-03
-7.285113825868276723e-03
-6.918887234538900755e-03
-6.439938596966912621e-03
-5.508694257179101543e-03
-4.426536942092948804e-03
-3.042553676411268934e-03
-1.481727316386595699e-03
1.675205908087414974e-04
1.738459485842810135e-03
3.169309335825826711e-03
4.319981095708413932e-03
5.094154628516360528e-03
5.680079047786779078e-03
5.841826209840915093e-03
5.967518066818114190e-03
6.021099313641611189e-03
6.164482822879275778e-03
6.352767463324051483e-03
6.639521472548673593e-03
6.856327426349459811e-03
6.933237269302372149e-03
6.640396944540834234e-03
6.162681535922113693e-03
5.044606078231567148e-03
3.812231643724924620e-03
2.351259255587404180e-03
1.010407558344284060e-03
-2.703837934511636211e-04
-9.551136943261174898e-04
-1.425255444897411935e-03
-1.466220894860885979e-03
-1.287937257191126535e-03
-1.000029075704845323e-03
-8.003541892725022679e-04
-7.004277134636005845e-04
-7.999980589013689237e-04
-1.020855866385171704e-03
-1.302357404891891363e-03
-1.459569331229980914e-03
-1.499367192054844615e-03
-1.304336921853424232e-03
-8.898079297747509518e-04
-3.655295767573474644e-04
2.602397104285870521e-04
8.417022555092300382e-04
1.334551316378845874e-03
1.687877373425556056e-03
1.971441928561076112e-03
2.123121834753524499e-03
2.259420731859877220e-03
2.364957610793892891e-03
2.414279764098348907e-03
2.435494554587924049e-03
2.223923473341961592e-03
1.897864158398387697e-03
1.342828376059938518e-03
6.032731165026429098e-04
-2.285418816636819418e-04
-1.102097555775756596e-03
-1.909279131964443333e-03
-2.583712512307284864e-03
-3.078680920666515986e-03
-3.483916843033798682e-03
-3.751450433896875818e-03
-4.034412617780988065e-03
-4.348231987707454164e-03
-4.716767489313460592e-03
-5.112661056759403716e-03
-5.407126326552556643e-03
-5.577487531065131871e-03
-5.499640605016344400e-03
-5.088304103888715429e-03
-4.510222815221624944e-03
-3.578451152958483841e-03
-2.639916933912550556e-03
-1.687857601302031893e-03
-9.075646388942240107e-04
-2.131548615880412406e-04
1.986371243109416292e-04
5.873171295747353421e-04
9.297731735677366299e-04
1.381304796202499196e-03
1.887374208157901545e-03
2.568522058359772042e-03
3.218652496734377387e-03
3.806748111455177108e-03
4.090366863340705143e-03
4.221747183808551365e-03
3.725159188451227302e-03
3.081762073985013471e-03
2.144746721300489281e-03
1.219524104313219996e-03
3.001978551740785636e-04
-1.538212449602391080e-04
-3.974045803487130071e-04
-2.201163862451767839e-04
2.496027350136398228e-04
8.655373198501911365e-04
1.517459038968467424e-03
2.059698143582544723e-03
2.382572019187645298e-03
2.384580557745698444e-03
2.226156427780027949e-03
1.664104792835495190e-03
1.037396246722361399e-03
2.813738782726934139e-04
-4.476767936737399982e-04
-1.163241617368167410e-03
-1.629216038750027880e-03
-1.954460257023223329e-03
-1.998244069079585516e-03
-1.691223286956272708e-03
-1.208800207743293813e-03
-2.381019804947213329e-04
8.151316490760040709e-04
2.033436083292069433e-03
3.144116566511875790e-03
4.200985074234202081e-03
4.675300708089728634e-03
4.879631073793968057e-03
4.543990903196142364e-03
3.729767765026003636e-03
2.676253143069529713e-03
1.272407654221181707e-03
-9.785540651937463122e-05
-1.400953611042887650e-03
-2.426413440153712183e-03
-3.313054081557788473e-03
-3.716028372024682454e-03
-4.003330474109922585e-03
-4.059288199431550573e-03
-4.013611965105584253e-03
-3.917118750955845934e-03
-3.785988213892348825e-03
-3.643582998679341725e-03
-3.478628427167176299e-03
-3.251028917152884445e-03
-2.992106937887621752e-03
-2.605899636764525719e-03
-2.191196728866661760e-03
-1.719502607418850818e-03
-1.257674526475187089e-03
-8.007794657833449976e-04
-4.635791959950800165e-04
-1.878331158493735400e-04
-3.499541498842471347e-05
-1.349492556484309440e-05
-5.766304185986361142e-05
-2.693887175460607259e-04
-5.150631899087960031e-04
-8.286352556243458930e-04
-1.137229355412073054e-03
-1.443334472235775767e-03
-1.588110145665428286e-03
-1.624634893590087576e-03
-1.444657790504722244e-03
-9.844477195584378469e-04
-3.841211646819397063e-04
5.792768168958010999e-04
1.582864070431059655e-03
2.666829867882379579e-03
3.588971375643835310e-03
4.430200738560059921e-03
4.694831327512658491e-03
4.720815039938700518e-03
4.269504999311908751e-03
3.435344552253014917e-03
2.409758901977829357e-03
1.183100067271913164e-03
3.557034389344953780e-05
-9.537011568314163927e-04
-1.578635712921797659e-03
-2.021401796695463868e-03
-1.855829906426685258e-03
-1.544092086200798183e-03
-9.400224060610256173e-04
-2.280352651899541106e-04
5.379106060466340520e-04
1.231293132397602271e-03
1.864823184557753456e-03
2.378648288335594684e-03
2.777466289085561615e-03
3.118780738321379111e-03
3.329808837715734961e-03
3.498417224583010368e-03
3.582186186396349534e-03
3.546814140291805213e-03
3.451871590228352757e-03
3.120415978053853699e-03
2.711840858693266316e-03
2.149026724960149265e-03
1.501508584232417141e-03
8.116384400070773743e-04
1.725451180153677374e-04
-3.908125024971114509e-04
-8.026987200518101873e-04
-1.001771625997835207e-03
-1.094437876139742975e-03
-9.086366318498805689e-04
-6.851850958412763690e-04
-3.864329763954269426e-04
-1.668974711559883812e-04
1.302972698007338946e-05
-1.399806957861927925e-04
-4.431726785501908942e-04
-1.046727781309329851e-03
-1.932256937223986604e-03
-2.958773119715930357e-03
-4.231609187047350590e-03
-5.492589314958752633e-03
-6.729857564031476586e-03
-7.739759289905558462e-03
-8.635977754180000979e-03
-8.958394651553493182e-03
-9.062029582894953750e-03
-8.728100582172689317e-03
-8.018472455344352948e-03
-7.120994765462803668e-03
-5.884243697282085309e-03
-4.620328025323749976e-03
-3.302083145808861874e-03
-2.053244228385881030e-03
-8.391082920081512509e-04
2.144652398691773102e-04
1.230882562546695841e-03
2.172987466823511193e-03
3.086250572175973286e-03
3.985092778066075085e-03
4.839728355266108804e-03
5.647798610805480728e-03
6.362738223022667769e-03
6.896671491247900049e-03
7.340101587476870887e-03
7.443468076613388336e-03
7.453062734204375997e-03
7.275113728704414237e-03
7.016877030453707621e-03
6.718496485827733095e-03
6.461045396695716536e-03
6.235694125456377884e-03
6.074542490002122694e-03
5.920611833124994443e-03
5.770291665536345094e-03
5.464134734867042049e-03
5.059443134609088039e-03
4.457682195173509436e-03
3.637517204424000131e-03
2.708150188017204984e-03
1.534787687999134356e-03
3.294581347462005550e-04
-9.398055249751738381e-04
-2.170216799185234902e-03
-3.381201880639346079e-03
-4.400141582862716200e-03
-5.316990196567504198e-03
-6.029656633234148702e-03
-6.478681405782770256e-03
-6.795885346272140942e-03
-6.685750878572331059e-03
-6.454709894162823959e-03
-5.981855876333804466e-03
-5.376118373062142852e-03
-4.703939127069398270e-03
-4.036788184272287888e-03
-3.422700849265088684e-03
-2.914740729837003198e-03
-2.539589638377975564e-03
-2.230843060903207106e-03
-2.055199525465161142e-03
-1.889896324603916296e-03
-1.745273792896086772e-03
-1.579597746633032386e-03
-1.403394943092288591e-03
-1.197082273517473565e-03
-9.906919974507415010e-04
-7.841465084003953470e-04
-5.802247541809037699e-04
-3.776148673768632254e-04
-1.384445563657707467e-04
1.298032263646039044e-04
4.562059525332570233e-04
8.433031728422228472e-04
1.260747640221138687e-03
1.697478785428580992e-03
2.100293941233718608e-03
2.435277118234713267e-03
2.630973696253733479e-03
2.757026974781722015e-03
2.636102264593968673e-03
2.447818234527915360e-03
2.124815564705133299e-03
1.734457296536735067e-03
1.310421229195356902e-03
9.021611269105817184e-04
5.338148477241854133e-04
2.452962147341119928e-04
8.851160937545959114e-05
-2.405982167551524885e-06
1.444381674592915389e-04
3.648842177339240963e-04
7.325340693039006888e-04
1.186655535405671839e-03
1.684012808773265295e-03
2.154780790219110002e-03
2.559105594854492374e-03
2.830544045868518994e-03
2.892203955127074094e-03
2.848974593507861124e-03
2.492356018365959620e-03
2.072388531947398117e-03
1.525723222975136715e-03
9.773181867927362501e-04
4.280432870054615190e-04
3.616512303754516227e-05
-2.834287044979294057e-04
-4.584538591689382475e-04
-5.255828556402774047e-04
-5.387637730118750422e-04
-5.106654737745417241e-04
-5.050785833503173292e-04
-5.445145105522804230e-04
-6.553675345757164995e-04
-8.019291070099348207e-04
-1.018691603413006581e-03
-1.233790043693209224e-03
-1.445560371727444213e-03
-1.613151325513871234e-03
-1.758652592176327377e-03
-1.822841950911283917e-03
-1.869771391242726474e-03
-1.882180994767091407e-03
-1.892081573355401235e-03
-1.900727639475678198e-03
-1.941705131261921204e-03
-1.994841732589389995e-03
-2.072296552999354589e-03
-2.151657340824727344e-03
-2.231971112357776423e-03
-2.251044583354151665e-03
-2.225093710898897945e-03
-2.109094151540408420e-03
-1.869653475141617440e-03
-1.568492240222614260e-03
-1.091638115376651836e-03
-5.847176426841756321e-04
-1.766447429816327044e-05
5.168420876551327141e-04
1.035075346392307950e-03
1.371103958994314117e-03
1.625430176505870223e-03
1.716351603836254510e-03
1.668213182295415513e-03
1.550544836318913265e-03
1.332834887497822167e-03
1.120505760029925435e-03
9.189382752686433859e-04
7.734682526171180079e-04
6.560469610205485946e-04
6.307586035051412953e-04
6.285851180439439500e-04
6.726413766911395163e-04
7.504600299895172657e-04
8.451598806134523337e-04
9.829610651603613424e-04
1.129343574951139099e-03
1.292888735229801370e-03
1.443362365791110626e-03
1.587300231493830654e-03
1.651561724352534292e-03
1.677520351456964929e-03
1.626873247052917221e-03
1.512130703696523562e-03
1.365340440863916814e-03
1.181637992032309736e-03
1.002424683395523788e-03
8.321896551485717837e-04
6.712402929072854799e-04
5.149337636688525177e-04
3.312385733032852456e-04
1.286850895859604138e-04
-1.115849808346636727e-04
-3.673321708409491341e-04
-6.308179206399289717e-04
-8.265171199378367091e-04
-9.717485019027050867e-04
-1.016044249201703128e-03
-9.579104291712431081e-04
-8.485618254760929260e-04
-6.830819253095430591e-04
-5.452727060108445876e-04
-4.628048484476727240e-04
-4.949248312212449312e-04
-5.843387341631452094e-04
-8.290067541936269003e-04
-1.091387358407710931e-03
-1.389193130989260826e-03
-1.645144629267928640e-03
-1.880168990395267954e-03
-1.985170559905419848e-03
-2.043989450475442067e-03
-2.010442983165140751e-03
-1.895561994515600765e-03
-1.740013745196407075e-03
-1.471950742939374815e-03
-1.168433743365350150e-03
-7.940087491576643076e-04
-3.708931484065767017e-04
7.656775561598625835e-05
5.195916991857677881e-04
9.289839063169081116e-04
1.271112640571238437e-03
1.504569136360081084e-03
1.683689512916115979e-03
1.708334087518356215e-03
1.702995758186117521e-03
1.637691620984946337e-03
1.555937812517137414e-03
1.465959168415974711e-03
1.368254655254036315e-03
1.257089817703067446e-03
1.119004331373933550e-03
9.297648747717700193e-04
7.149484330329949596e-04
4.344410165063844584e-04
1.548690536145120244e-04
-1.228320020075863365e-04
-3.423025313251575399e-04
-5.326577974903702562e-04
-5.947012667390080484e-04
-6.248006102730337217e-04
-5.910117023778032816e-04
-5.486613191482029661e-04
-5.020301982514403186e-04
-5.188245416900760191e-04
-5.636065391761532935e-04
-6.643638447571319303e-04
-7.920149445241175118e-04
-9.331129413840565838e-04
-1.038977835601118420e-03
-1.112480834194418513e-03
-1.121260041540307444e-03
-1.052282879405749697e-03
-9.444275325309732733e-04
-7.416709220916199025e-04
-5.212191543283568006e-04
-2.653770719170579382e-04
-5.475568660126052013e-07
2.687756745050375582e-04
5.243416161598924222e-04
7.695246517170438840e-04
9.939418750785273572e-04
1.187857645064679252e-03
1.366522688363103937e-03
1.484173008381885553e-03
1.577050006841314604e-03
1.620380362181938995e-03
1.610326924973457885e-03
1.573581591490429013e-03
1.462396319138570310e-03
1.331890388377215224e-03
1.162743140796748328e-03
9.702681518353316759e-04
7.661292921835125697e-04
5.508098524978670895e-04
3.384199661081567587e-04
1.318891863100873094e-04
-5.996712224323325340e-05
-2.444861951742894127e-04
-4.019558223984131054e-04
-5.515161333409957390e-04
-6.852578117206639804e-04
-8.098327320773064577e-04
-9.298242734225066345e-04
-1.048407766715297052e-03
-1.169346164555450573e-03
-1.294994371490200847e-03
-1.424633994099930648e-03
-1.556269324547125384e-03
-1.681012927817377572e-03
-1.795952184330138575e-03
-1.891282747327794255e-03
-1.948850460688016182e-03
-1.987536749229490331e-03
-1.942969693890933547e-03
-1.863721286589113593e-03
-1.715110175360719594e-03
-1.491474157889980182e-03
-1.230325687298161087e-03
-8.684692594317481879e-04
-4.856375312207059048e-04
-6.085520232001942042e-05
3.657207680172609417e-04
7.931935590730645157e-04
1.156593510563267910e-03
1.481751298933878637e-03
1.730424761065690875e-03
1.890503162131262167e-03
2.006284032663803191e-03
2.003039752192963593e-03
1.970173982476482091e-03
1.878065234268751042e-03
1.746074659063085160e-03
1.594143170358455113e-03
1.405295301635129616e-03
1.212550506235996221e-03
1.012011857485451728e-03
8.273856929297843327e-04
6.507157704716539856e-04
5.356801096980008670e-04
4.463241176211284449e-04
4.083274629376948471e-04
4.025848448907749571e-04
4.129692451621082890e-04
4.038036428781619966e-04
3.645703516942804564e-04
2.652016827105186086e-04
8.762084567966402378e-05
-1.290660753747898792e-04
-4.247484226791722276e-04
-7.189739991017614221e-04
-1.010286033761079432e-03
-1.245191082892048136e-03
-1.451892639258953914e-03
-1.536981412882991666e-03
-1.585219355621317024e-03
-1.559755636588166638e-03
-1.482166790147320008e-03
-1.378515380002610837e-03
-1.221235462105599648e-03
-1.050040905793254769e-03
-8.510170726504256338e-04
-6.360402111979105485e-04
-4.130868355906669258e-04
-2.058950685845656184e-04
-2.074811641119421359e-05
1.203092060969382246e-04
1.998290181774574239e-04
2.485800750441526769e-04
2.305623086935295793e-04
2.126124492756709095e-04
1.947984037233219589e-04
2.179265369394433607e-04
2.615257595397904112e-04
3.735863900683725918e-04
4.900897645220008043e-04
6.154786268258401801e-04
7.000244367921558755e-04
7.641487205897429073e-04
7.337877206156580333e-04
6.842740533614369205e-04
5.964550515469959138e-04
5.228247623014984757e-04
4.562888293405158104e-04
4.671825109799956346e-04
4.989864329427844700e-04
5.726108355521572837e-04
6.359497284856251414e-04
6.941458665811067481e-04
6.532097757363826548e-04
5.705111548466038551e-04
4.042874738666717323e-04
1.885809054903187529e-04
-5.186710658415921287e-05
-2.753590012818252632e-04
-4.704588991170532584e-04
-6.087748032276432209e-04
-6.871486730019211748e-04
-7.355515256081167959e-04
-7.431457196864382254e-04
-7.557974083350490428e-04
-7.785640861242465504e-04
-8.236436821442627218e-04
-8.798797372797022114e-04
-9.413636314640663316e-04
-9.892390174843232811e-04
-1.009897387176314715e-03
-9.863568524124607939e-04
-9.407168654206608848e-04
-8.400860017361655527e-04
-7.317117685561161161e-04
-6.078507963850739377e-04
-4.826008811136759660e-04
-3.566564942921669388e-04
-2.219573845847665693e-04
-7.659844744723577148e-05
9.008014455069937739e-05
2.854659545016162469e-04
4.952053734289494106e-04
7.269741605560543687e-04
9.507081837828993591e-04
1.158372679209471396e-03
1.321501838939356669e-03
1.462363330821008986e-03
1.522863126964250696e-03
1.562077413526146092e-03
1.558720680925413911e-03
1.527967291398521065e-03
1.483515573408532599e-03
1.401138084389144016e-03
1.299885688167795508e-03
1.160883477542634266e-03
9.745257655976817795e-04
7.644903029928406092e-04
5.053543151333753005e-04
2.512259380637040201e-04
7.112782573891304923e-06
-1.783447840032001549e-04
-3.344745561238322298e-04
-3.724736404022070224e-04
-3.849483634357347148e-04
-3.463743639796087017e-04
-3.177090399356871393e-04
-2.939980535978763132e-04
-3.646808420099108359e-04
-4.702941609293916189e-04
-6.457685408638401663e-04
-8.463664161541959363e-04
-1.059526039122598694e-03
-1.214065009536878731e-03
-1.329978663802765032e-03
-1.368641685772028225e-03
-1.341463073762378571e-03
-1.281363644763282034e-03
-1.189959510842279918e-03
-1.106838961709949703e-03
-1.040285582155051763e-03
-9.886959064100584935e-04
-9.445880825700176666e-04
-8.683629810028676080e-04
-7.639020770636336917e-04
-6.029695683803432994e-04
-3.891127684823363032e-04
-1.487938229770848191e-04
9.744018394648547364e-05
3.135465439794951257e-04
4.693976102316461713e-04
5.293595529386408089e-04
5.413769338730528785e-04
4.344253674562497834e-04
3.156888790208430971e-04
1.733825465481152520e-04
6.531099834682038447e-05
-2.564315771883387144e-05
-2.306440752379471348e-05
7.329194072322540564e-06
9.335249847059872439e-05
2.120012350189197630e-04
3.469626876423168157e-04
5.036397918134939570e-04
6.633509201385348608e-04
8.291300967711331786e-04
9.908549220690155389e-04
1.150552571699495685e-03
1.269703541301806828e-03
1.359999467251737275e-03
1.392585305896810706e-03
1.349682663053330392e-03
1.269035779465596189e-03
1.095397836119936866e-03
9.119766132466958263e-04
7.089888313181063901e-04
5.329171768318271152e-04
3.703035860667606006e-04
2.795105625105941604e-04
2.047892415233796995e-04
1.622113256739724050e-04
1.154064654730924290e-04
6.648813309645340509e-05
-2.890290379109486320e-05
-1.382798327975648996e-04
-2.756285460419800621e-04
-4.135693971007052072e-04
-5.518063170666445954e-04
-6.508924587103278887e-04
-7.353585748345771575e-04
-7.905846399198678464e-04
-8.382856906644747504e-04
-8.822242342387393282e-04
-9.530143286856512536e-04
-1.034551888036983665e-03
-1.137584377197070097e-03
-1.235726705202649673e-03
-1.331423952630923562e-03
-1.360407620595534489e-03
-1.355197430708429251e-03
-1.281599525117922689e-03
-1.149691040854827111e-03
-9.886272672554941628e-04
-7.965296653162254282e-04
-6.137528534430266051e-04
-4.496176217017628534e-04
-3.201221701007340580e-04
-2.079466085697352726e-04
-1.283013302019727156e-04
-4.672911399941429825e-05
3.869697787282069194e-05
1.424276290705013212e-04
2.553105599309555716e-04
3.831332662028107908e-04
5.046201667204327102e-04
6.134354557294587930e-04
6.926321057557342396e-04
7.570194362906008121e-04
7.808821575486091368e-04
8.004962220710229621e-04
8.116129731222265385e-04
8.314909029981225070e-04
8.557494222863540464e-04
8.939385726642397507e-04
9.283748989812070068e-04
9.553055771763779153e-04
9.549308351223586297e-04
9.409033829437491803e-04
8.765369979183827188e-04
8.014219823439013967e-04
7.048097056711215063e-04
6.067507185730826313e-04
5.079683762623626560e-04
4.256474531623066966e-04
3.476746014127947470e-04
2.783978923642832135e-04
2.078293339585608702e-04
1.366148508741933318e-04
5.724241765170275098e-05
-2.067466686440345926e-05
-9.568105396765787848e-05
-1.541877719182179504e-04
-2.044446552924067319e-04
-2.243209397159071604e-04
-2.414977926275310152e-04
-2.532757825153832913e-04
-2.859188182708823360e-04
-3.289943769601873366e-04
-4.307261962154611788e-04
-5.486488491253379641e-04
-6.989531693445289471e-04
-8.493617821760105673e-04
-9.998225413135840550e-04
-1.089761413006934280e-03
-1.146900573923312263e-03
-1.138440313285841608e-03
-1.067568483690381227e-03
-9.654908696159215367e-04
-8.098635839625357383e-04
-6.526293337403669959e-04
-4.921811543804666990e-04
-3.495220481499541898e-04
-2.157574784840614150e-04
-1.138162046417527445e-04
-1.839192117128909983e-05
6.399838155538280855e-05
1.425817937181949788e-04
2.192617605990624383e-04
2.955354948140189505e-04
3.705817205638206146e-04
4.431729293832325687e-04
5.088862134341822809e-04
5.711605351008657711e-04
6.166326896942653365e-04
6.542981862947043698e-04
6.763503669092708025e-04
6.779963817080981179e-04
6.694393135990589104e-04
6.259652826334654880e-04
5.724891161911667414e-04
4.990086787954107258e-04
4.170283455648183570e-04
3.307980644167685634e-04
2.557869380292432360e-04
1.903043015428426698e-04
1.438786448586117203e-04
1.153509800673199417e-04
9.577231122247460758e-05
8.061382695948387752e-05
5.688585075487364180e-05
1.601889066704965665e-05
-5.331947646089711266e-05
-1.368935471089091399e-04
-2.518277287582242172e-04
-3.645202613128025728e-04
-4.727294956777874100e-04
-5.460898665719543131e-04
-6.020258057306731095e-04
-5.786914105354120817e-04
-5.316699818323113299e-04
-4.372744861135062478e-04
-3.220841111311178052e-04
-1.964962965169821888e-04
-8.923399069363924371e-05
1.196281993683114383e-06
5.796248840907860047e-05
8.146474528681897209e-05
8.833502739576203739e-05
7.366689985594219732e-05
6.351599363810360454e-05
6.239953006421189387e-05
8.305729453405248978e-05
1.146021730257677838e-04
1.718435215214472039e-04
2.291113913455909386e-04
2.864323038266022078e-04
3.263284358629615239e-04
3.575121776769714312e-04
3.515912081929017225e-04
3.361023334252497192e-04
3.014776480904494981e-04
2.608564546673629064e-04
2.172370072001547864e-04
1.826717136033953687e-04
1.534969196479891724e-04
1.351031249752787666e-04
1.239379969542221281e-04
1.163872022589983499e-04
1.065065927750188083e-04
9.104326263751471172e-05
6.441449119295097480e-05
2.002689270652399921e-05
-3.324011930084880891e-05
-1.141736904535521673e-04
-2.008521034081077136e-04
-2.990201999664538705e-04
-3.946191390521776201e-04
-4.889334994016320164e-04
-5.538654590709955836e-04
-6.026554265785293452e-04
-6.191614097623516708e-04
-6.020339689399594905e-04
-5.680898161144454749e-04
-5.016782894222639091e-04
-4.343043058179649131e-04
-3.650054083895031562e-04
-3.103841199013321101e-04
-2.631016358833355301e-04
-2.436758184793415402e-04
-2.281628633617091258e-04
-2.204756328167900776e-04
-2.025603361040968504e-04
-1.795310063075260883e-04
-1.209486414194949728e-04
-5.034381420041931403e-05
4.430593768080790841e-05
1.505132388767615927e-04
2.624993147301289708e-04
3.664030210623501690e-04
4.619381371894131037e-04
5.407360729062700997e-04
6.015869140286587329e-04
6.534642078538484755e-04
6.863229930439492150e-04
7.146175821030333834e-04
7.337837789000543768e-04
7.399734976452100859e-04
7.396749773644178657e-04
7.056438610756512585e-04
6.568070057006310768e-04
5.783586721531558958e-04
4.736237381298558503e-04
3.557455038686991818e-04
2.211968217319716938e-04
9.107096616416521359e-05
-3.020923626577035710e-05
-1.288248006427495393e-04
-2.161080459931980044e-04
-2.686184785466554092e-04
-3.151426616306240666e-04
-3.496943457756711195e-04
-3.862111124308403192e-04
-4.237104203410889153e-04
-4.741562247090172271e-04
-5.264263348244295525e-04
-5.823450564348636813e-04
-6.286708050084891322e-04
-6.702000670637275372e-04
-6.769487807293669227e-04
-6.686055641928810665e-04
-6.300784872521538339e-04
-5.634940955542687034e-04
-4.828810464778017508e-04
-3.746841123979413970e-04
-2.642676376582256425e-04
-1.494120815989167768e-04
-4.505190100276828407e-05
5.406059186174441618e-05
1.189093141591101536e-04
1.696214266567574037e-04
1.920603195550050438e-04
1.913156571626711843e-04
1.789792171250469545e-04
1.545957378965539652e-04
1.354600074028870403e-04
1.268197743788461690e-04
1.399049987203934350e-04
1.638529517447301213e-04
2.141290938661581959e-04
2.638651308505029136e-04
3.125209575607343685e-04
3.379456356158766408e-04
3.517547393434818570e-04
3.139875620629254999e-04
2.630960958293878716e-04
1.859560516899422093e-04
1.059943557859857442e-04
2.462183399979931246e-05
-2.375772942829643358e-05
-5.530181763668976994e-05
-5.317495540564465631e-05
-2.453998627609446903e-05
1.734903630269299832e-05
6.921038274568908858e-05
1.145747001202470597e-04
1.469449593579380152e-04
1.577092873094726986e-04
1.576706496179234728e-04
1.325475745509864891e-04
1.053501730968160413e-04
7.400411886824099313e-05
4.985973608960434747e-05
2.931618903593307787e-05
2.547222052722804950e-05
2.507166918064109004e-05
3.155795215827012596e-05
3.607012057026642268e-05
3.959523169944050019e-05
2.728669780996120111e-05
7.421586221105825023e-06
-2.755668076654266759e-05
-7.654525249553315535e-05
-1.325389765951995899e-04
-1.999291332030853378e-04
-2.662071924489517612e-04
-3.302610569708800412e-04
-3.817831937512830435e-04
-4.270394666609622484e-04
-4.419960361498069990e-04
-4.454583037643202056e-04
-4.259319676301320519e-04
-3.860192726147464019e-04
-3.359133981587660153e-04
-2.653214866948794422e-04
-1.921870201152385983e-04
-1.139674433042505959e-04
-3.877603227399609371e-05
3.490129586589323736e-05
9.506250231008902326e-05
1.492305916123795346e-04
1.914124466309705054e-04
2.217664834797351467e-04
2.462066112435479714e-04
2.569514190662502886e-04
2.651394735220272635e-04
2.682140212439501387e-04
2.700145274506026783e-04
2.711780128996218119e-04
2.740383992382985565e-04
2.776056492726172741e-04
2.825866266982209681e-04
2.869712742789067841e-04
2.910577569371368867e-04
