9.847627980249680502e-02
9.875312325633740784e-02
1.004977702486061636e-01
9.895205350510054287e-02
9.945603693389098998e-02
1.028221939986213446e-01
1.237665306686726863e-01
1.204089660126776012e-01
1.178068191508906681e-01
1.421036005818604453e-01
1.738259713259722172e-01
1.992598237658206595e-01
1.704055544390851717e-01
2.487095263450163907e-01
3.530817595677792076e-01
2.291206420877231476e-01
2.901050825330629968e-01
3.037624913317698017e-01
3.557058743113059585e-01
3.757401227584552528e-01
4.257561049308609125e-01
3.628633222105871470e-01
4.218535266677653217e-01
4.633647248211554270e-01
5.116202420060405043e-01
4.901945953484779794e-01
3.638606948886846104e-01
3.602942380061366356e-01
3.583177571476934276e-01
3.308968721370352806e-01
2.485984004292949578e-01
2.412588495188207893e-01
2.336409701022685859e-01
2.158125366560834091e-01
2.122167449647305859e-01
2.437038066787362844e-01
2.099194846935850678e-01
1.946135210714880770e-01
2.194614221833784684e-01
2.522847975866540637e-01
2.286532407609830342e-01
2.045061122536849518e-01
2.181625206637777259e-01
2.661959044458766521e-01
2.658075708634695111e-01
2.874388721773852851e-01
3.117519455688494423e-01
2.712350039718890438e-01
2.714597130035683037e-01
3.066858287271402306e-01
3.047011140112090843e-01
3.295011191871805578e-01
2.949381856101913058e-01
2.914610779278820618e-01
3.086798090556814866e-01
3.200356673418350839e-01
3.652960850816059923e-01
4.014769468478768810e-01
3.656368255207256279e-01
3.366480113386399187e-01
3.599166913015194313e-01
3.966684181565897083e-01
4.403686686006644257e-01
4.828572638259260308e-01
5.185973746837883036e-01
5.204028065121841795e-01
4.676796647684525188e-01
4.352721721591253923e-01
4.547074762139889925e-01
4.722339467159918924e-01
4.941132873759421229e-01
5.204783696488112232e-01
5.442742196237624341e-01
5.597587186746871835e-01
6.218825133165465369e-01
6.898015958013931082e-01
7.195102532063689660e-01
7.158822598544722915e-01
6.653502107508439956e-01
6.038294039070273289e-01
5.158526805585104125e-01
4.152009902837542343e-01
3.637213349956677222e-01
3.247810100344507012e-01
3.005532484576465269e-01
3.253068611138489330e-01
3.384315406553265460e-01
3.295540106246481193e-01
3.039317161582003046e-01
2.753255788492449119e-01
2.483604746477812431e-01
2.359880072024657938e-01
2.405579254464988714e-01
2.528611043429107585e-01
2.604321341486748875e-01
2.676106748493040088e-01
2.763165977806500417e-01
2.656750704033203347e-01
2.559702808128008211e-01
2.334352658627476540e-01
2.050518311439787911e-01
1.822869213174536374e-01
1.668515405957552433e-01
1.726232189075621315e-01
1.763296651594677411e-01
1.774573499838839608e-01
1.701423615740626227e-01
1.567716004071825486e-01
1.419124227278772410e-01
1.301042183643286165e-01
1.239143476540767730e-01
1.224285504032612826e-01
1.229039895703753354e-01
1.227169035912167583e-01
1.206084402619721496e-01
1.167680119706815262e-01
1.118767861815394560e-01
1.069441620701818141e-01
1.038406049977093071e-01
1.007370793446138169e-01
9.715476244930631999e-02
9.614499853059134404e-02
9.512496734974563994e-02
9.351536585787423306e-02
9.102319718640956847e-02
8.766791537102601450e-02
8.357415712521279461e-02
7.909786690825221234e-02
7.483544742953816831e-02
7.131136642759933197e-02
6.910467501122249945e-02
6.849560227230729048e-02
6.940416350319687788e-02
7.136178076272316206e-02
7.367009681353867134e-02
7.558648188093701481e-02
7.647153379415477792e-02
7.575886268598744366e-02
7.310807642713575139e-02
6.835982964956262287e-02
6.833919530721810354e-02
7.030657436112781877e-02
7.061628065248370945e-02
6.907152029301837082e-02
6.632858313248829463e-02
6.638273181525605748e-02
6.546123069980015752e-02
6.364869743897104415e-02
6.100641842041738122e-02
5.943067147365279496e-02
5.818506023794128151e-02
5.595626004531332326e-02
5.530716155952796614e-02
5.417203239000070725e-02
5.256335354465268422e-02
5.059565820564845134e-02
4.836380134154880106e-02
4.694448017085840752e-02
4.599659872854353765e-02
4.687664414598652352e-02
4.799659968777127833e-02
4.806836989503879276e-02
4.728681388983811684e-02
4.589906812918977119e-02
4.409658226715362089e-02
4.206686420828984613e-02
3.994562055140363915e-02
3.782960721288382983e-02
3.599699632164939100e-02
3.527351144679570505e-02
3.455111985157411497e-02
3.380936926350346095e-02
3.305361381228015538e-02
3.227521164301525719e-02
3.149905911724079632e-02
3.076019618249413098e-02
3.010320830287076255e-02
2.959820330149580403e-02
2.926711007009142121e-02
2.914940706734014605e-02
2.924018071361358245e-02
2.950258129674102406e-02
2.989442608469492293e-02
3.033328079024803434e-02
3.073602197472706174e-02
3.102378588852556726e-02
3.113166195110852325e-02
3.101239669937288362e-02
3.064444715582416434e-02
3.000588567955464123e-02
2.991442955426023426e-02
3.019917600148673900e-02
3.018164769128283895e-02
2.983585182771216621e-02
2.916146976513551287e-02
2.819172292929923024e-02
2.701606962196515666e-02
2.693896110959826187e-02
2.662639560807482028e-02
2.693836268713619558e-02
2.711948149375660241e-02
2.711422605182374143e-02
2.693436677869094978e-02
2.659602108236532383e-02
2.611866958414918102e-02
2.552317213239691310e-02
2.483004859549570176e-02
2.405881866873144787e-02
2.322839047445530644e-02
2.235769971681126136e-02
2.146545579692982902e-02
2.057294443803679707e-02
1.968929458044681169e-02
1.881614150278454814e-02
1.796457082857733437e-02
1.769785883712678837e-02
1.745869817958686440e-02
1.717554435783672992e-02
1.686401321516626736e-02
1.652482230724775306e-02
1.617591911205043184e-02
1.582182865410594608e-02
1.546634979735060644e-02
1.511629778101595926e-02
1.477719148012599480e-02
1.445331915934128415e-02
1.415070672677980375e-02
1.386883271505779357e-02
1.360802335883777407e-02
1.336889156367459565e-02
1.315140442557099186e-02
1.295500769968974293e-02
1.277874175741119944e-02
1.262134636583498414e-02
1.248135259922268647e-02
1.235716105228274950e-02
1.224710625762770802e-02
1.214950780503059116e-02
1.206270912099925881e-02
1.198510519861749682e-02
1.191516078118733113e-02
1.185142061017715326e-02
1.179251336684910591e-02
1.173715088070731785e-02
1.168412406447907718e-02
1.163229687956992588e-02
1.158059945256467022e-02
1.152802126418567795e-02
1.147360512946602427e-02
1.141669878920523011e-02
1.135914493831101900e-02
1.129727692015897525e-02
1.123030796378155123e-02
1.115749716428455877e-02
1.107815334952825040e-02
1.099164022276376967e-02
1.089738246502017921e-02
1.079487244991052947e-02
1.068367721295685087e-02
1.056344532383675545e-02
1.043391332934641598e-02
1.029703336330047014e-02
1.015234320194675563e-02
9.998028786139742663e-03
9.834202472843842427e-03
9.661081907131002441e-03
9.478989434638866729e-03
9.288349954998052424e-03
9.089687241356562281e-03
8.883618792775499137e-03
8.670849320259122611e-03
8.452162998565581828e-03
8.228414638557344021e-03
8.053331337824402511e-03
8.016538448095746408e-03
7.972491114932020451e-03
7.921062330538290730e-03
7.862180732302829350e-03
7.810380423193220498e-03
7.769592534382118929e-03
7.728704181487285572e-03
7.687672194093396298e-03
7.646457280201541390e-03
7.605023982412888704e-03
7.563340615379390668e-03
7.521379186641033270e-03
7.479115302962320751e-03
7.436528063978221567e-03
7.393599945175798570e-03
7.350316671592739722e-03
7.306667084161254551e-03
7.262642999955199082e-03
7.218239067778637295e-03
7.173452620269618954e-03
7.128283523813641782e-03
7.082734027101893030e-03
7.036808609542501841e-03
6.990513830153370807e-03
6.943858177742102955e-03
6.896851923223855721e-03
6.849506974462762215e-03
6.801836734334444287e-03
6.753855962334293431e-03
6.705580640207800015e-03
6.657027841967782210e-03
6.608215608442747323e-03
6.559162826731245420e-03
6.509889114673168137e-03
6.460414710384282909e-03
6.410760367151283924e-03
6.360947253559792562e-03
6.311065557172546199e-03
6.261624783896299791e-03
6.212071314096688328e-03
6.162427126156625780e-03
6.112714219278200627e-03
6.062954543737068998e-03
6.055751366941305308e-03
6.046985548018775705e-03
6.035261664409739997e-03
6.020669585882483348e-03
6.003305748735682408e-03
5.983272382322232449e-03
5.960676755797710696e-03
5.935851970246684012e-03
5.909668620544960768e-03
5.881234836662122337e-03
5.850669531540233885e-03
5.818093470470878277e-03
5.783628679383367999e-03
5.747397885556979752e-03
5.709523991052714055e-03
5.670129579724287987e-03
5.629336457489056596e-03
5.587899313062132112e-03
5.545566125714058991e-03
5.502150592626648198e-03
5.457767559845310389e-03
5.412529408983215475e-03
5.366545782764245258e-03
5.319923340307765314e-03
5.272765540857117343e-03
5.225172455019202154e-03
5.177240602661082117e-03
5.129062815649962706e-03
5.080728124798193981e-03
5.032321669279476647e-03
4.984114415687689557e-03
4.949917479866753831e-03
4.930998882999615071e-03
4.909929248746289568e-03
4.886857959034136487e-03
4.861934888689231626e-03
4.835309518206933402e-03
4.807130115109210962e-03
4.777542983727642821e-03
4.746691782377454420e-03
4.714716907317219492e-03
4.681754941786409920e-03
4.647938168282996808e-03
4.613394142421591709e-03
4.578245325509253984e-03
4.542608774058392966e-03
4.506595882996990154e-03
4.470312180325121745e-03
4.433857169985126918e-03
4.397324220304746865e-03
4.360800494918505230e-03
4.324366923327266701e-03
4.288098207952362531e-03
4.252062865124729696e-03
4.216323296522422187e-03
4.180935888983597880e-03
4.145951139172923336e-03
4.111413801111123145e-03
4.077363053640794578e-03
4.043832685177186498e-03
4.010851293822993019e-03
3.978442500417206373e-03
3.946625172024335361e-03
3.915413654470673369e-03
3.884818011560394087e-03
3.854844269266247386e-03
3.825494663466209519e-03
3.796767889348544832e-03
3.768724306403811383e-03
3.741348886826250698e-03
3.714568291366056405e-03
3.688370290680755351e-03
3.662740297584758751e-03
3.637661601261595132e-03
3.613115595916917885e-03
3.589082003128091919e-03
3.565539087274539973e-03
3.542463863748300350e-03
3.519832298948157110e-03
3.497619502418290987e-03
3.475799910092925403e-03
3.454347458931841287e-03
3.433235752516430005e-03
