1.089067859779626196e-01
1.090509087968827978e-01
1.107866543396203857e-01
1.097389760197537700e-01
1.128572101954846835e-01
1.155662776900357874e-01
1.201675003626666433e-01
1.256754011771729074e-01
1.556201036479313293e-01
1.548767238096911414e-01
1.861039780162124513e-01
2.489313897107922890e-01
2.472936838485045030e-01
3.138500786866849634e-01
2.691322961877239406e-01
2.346131236970621370e-01
2.971578322910331527e-01
2.431574754070169875e-01
3.184117340210002589e-01
3.228718738859873705e-01
4.564885641343510714e-01
4.470914170320105518e-01
5.305905125546358514e-01
5.958889404251640487e-01
4.320848425456905173e-01
3.752650190284801957e-01
3.272069005426941901e-01
2.616184291338815027e-01
2.602510198180065237e-01
2.496994046761317199e-01
2.343897028758710477e-01
2.686713133402863218e-01
2.347867477776297007e-01
2.318444601263607852e-01
2.682676977774265947e-01
2.321154646777220942e-01
2.302769884887899687e-01
2.143433100958747062e-01
2.291123563444380506e-01
2.459492370980717046e-01
2.524851103903010818e-01
2.691726850701121609e-01
3.048705346450748532e-01
3.273425918132726875e-01
2.809209969588932765e-01
2.864651648871501255e-01
3.119538271478124458e-01
3.344515201744114319e-01
3.598569064698455833e-01
3.904541069628343353e-01
3.711073014534859715e-01
4.484416191586120259e-01
4.430591305082247633e-01
4.771224510996790458e-01
4.829210439460780435e-01
4.809861370413192061e-01
4.942152215833734985e-01
5.788162183845417808e-01
6.003804172389839433e-01
6.535063441920774263e-01
6.360658596258652597e-01
5.915328216480169043e-01
5.222188004168263342e-01
4.346043161497425977e-01
4.446384221917823454e-01
4.975163674067020203e-01
5.503182285424975673e-01
5.922248245631647201e-01
6.339941911589235257e-01
6.655155865901406509e-01
6.605033269872201407e-01
6.922711316649253765e-01
6.812843153176897371e-01
5.910595174230578452e-01
4.989596637313625238e-01
4.873066468367547310e-01
4.668669051018109473e-01
4.790474031483378803e-01
4.726677161727713683e-01
4.485331793307149040e-01
4.208988340655067661e-01
3.939586450692336705e-01
3.725075330080858116e-01
3.518846257157384749e-01
3.348000551922948875e-01
3.137479734158606370e-01
3.311606755494188592e-01
3.540182237468955662e-01
3.549616589567534675e-01
3.350251539269970547e-01
3.074661449714138906e-01
2.736678316611581008e-01
2.491706206839817417e-01
2.291634924899236536e-01
2.115433690521199284e-01
1.953442992079103824e-01
1.836925488844073084e-01
1.781706576117478846e-01
1.767730707403058210e-01
1.757632316746312040e-01
1.715608198823072861e-01
1.628348775784400626e-01
1.542781265884617115e-01
1.439146182720475176e-01
1.332844814289813329e-01
1.260614694184784557e-01
1.345948347374418541e-01
1.439165217077325865e-01
1.526127051367565657e-01
1.581407710803649780e-01
1.580218764506406415e-01
1.605130956461302549e-01
1.611372293258835353e-01
1.520053629740067136e-01
1.360289482544117523e-01
1.249620033262351104e-01
1.119142011728003344e-01
1.068071070474261169e-01
1.004214450909508421e-01
9.752901530626406634e-02
9.823775240400947628e-02
1.000821134629371889e-01
9.848897063667901020e-02
9.234455404567556980e-02
8.794785483463277154e-02
8.218999711953262066e-02
7.963088422773802189e-02
7.738174773624847957e-02
7.867075386367465561e-02
7.815216124784599150e-02
7.572300176574769948e-02
7.162307472434464861e-02
6.620448399850430155e-02
6.172012330635971017e-02
5.904427379450733621e-02
5.802305943629636198e-02
5.710083062352797750e-02
5.621798151709470753e-02
5.538054168054314108e-02
5.509885048486309195e-02
5.449805925935818918e-02
5.312333283645319371e-02
5.125383212214838086e-02
5.046286722205857445e-02
4.939896764604437274e-02
4.832476080624444753e-02
4.866846242718343013e-02
4.837871881743483621e-02
4.752344535128556757e-02
4.608716848238598313e-02
4.531301287336469974e-02
4.482905361340927541e-02
4.413983264200696532e-02
4.327722830102654489e-02
4.228785554682093495e-02
4.116064045917728481e-02
4.036224952724692255e-02
3.984056042612596493e-02
3.906155855766525048e-02
3.807595827871839561e-02
3.688724529271775188e-02
3.549941755836577562e-02
3.455596831691028908e-02
3.348931885459687646e-02
3.311798575679543444e-02
3.317106745194579182e-02
3.307560184153337385e-02
3.314813668951570313e-02
3.312080979305282585e-02
3.286036038570987888e-02
3.239993065900224206e-02
3.178802481372523803e-02
3.119410613522117376e-02
3.061524209607444091e-02
2.992075851046261878e-02
2.911250475289726622e-02
2.819261209486872977e-02
2.802194803557397570e-02
2.805321433394987116e-02
2.795767971104754640e-02
2.773784743661820637e-02
2.743921140867692718e-02
2.706046286066602843e-02
2.660693281374682320e-02
2.609729496352011791e-02
2.556910144849163305e-02
2.500623467535113831e-02
2.441964182311245207e-02
2.381827488607173721e-02
2.321513833559287268e-02
2.262174806653828585e-02
2.202695376646642000e-02
2.143247406354964815e-02
2.083858989684972060e-02
2.024440461932303786e-02
1.964812474640325463e-02
1.905806321595804667e-02
1.846241866323367758e-02
1.785599495639663206e-02
1.723618726406338578e-02
1.692917309957885780e-02
1.700054539484143271e-02
1.708062448561671609e-02
1.716730381462735003e-02
1.725812934480994154e-02
1.735037510721031476e-02
1.744111884781905306e-02
1.753233785440853898e-02
1.762058908292676168e-02
1.769863204384433675e-02
1.776344461543867201e-02
1.781212852171402267e-02
1.784196102588437791e-02
1.785044001690720694e-02
1.783532221294709813e-02
1.779465436110614848e-02
1.773560938458029410e-02
1.765283865073125763e-02
1.754059685733518753e-02
1.739818368895127212e-02
1.722524475805017191e-02
1.702176629359591215e-02
1.678806494424201629e-02
1.653692106362038283e-02
1.625780313513637554e-02
1.595069353068227780e-02
1.561698929368634733e-02
1.525831951559141787e-02
1.487651814830762489e-02
1.447721401828393380e-02
1.406511176809500073e-02
1.363551583700132672e-02
1.319077065133527661e-02
1.287557149101778778e-02
1.287433297016492804e-02
1.283795026292176497e-02
1.287362498507467479e-02
1.325799626669925575e-02
1.357337154618369450e-02
1.381617460193731474e-02
1.398869084271384296e-02
1.409844603193694847e-02
1.413332663470230621e-02
1.409488791474295885e-02
1.400242190740060705e-02
1.384282290155216914e-02
1.364611103772232943e-02
1.391681522095531733e-02
1.408433624338466597e-02
1.416661094847426403e-02
1.414782854546631913e-02
1.404507072680146254e-02
1.385955332602916215e-02
1.359392355940303165e-02
1.327016080218446949e-02
1.288232821975720394e-02
1.244569999330362789e-02
1.197456357681489156e-02
1.147038755271671470e-02
1.103090880031883624e-02
1.094767038435544466e-02
1.084299298942519724e-02
1.072129217858695110e-02
1.057947956308035245e-02
1.041956935026805420e-02
1.024360755870186955e-02
1.005364965476538211e-02
9.851739902942982519e-03
9.639892516970080191e-03
9.420074669384308902e-03
9.245039537940992133e-03
9.105503013577891450e-03
8.953333898624892331e-03
8.794265476229985029e-03
8.636883011110801228e-03
8.482092460722429061e-03
8.333492764739842268e-03
8.194387097665718420e-03
8.067375330463684088e-03
7.954359564743229000e-03
7.856566615106067367e-03
7.774585039777848205e-03
7.708414220644548877e-03
7.657522975358987960e-03
7.620915232271877754e-03
7.597200406763285514e-03
7.584666272252932329e-03
7.581352311533646506e-03
7.585121754023294548e-03
7.593730741496737199e-03
7.604893312042966709e-03
7.616341141098409429e-03
7.626000088203346503e-03
7.633961139117038074e-03
7.636216747749042730e-03
7.631015799303665463e-03
7.616819669919914181e-03
7.592321891860888058e-03
7.556461136920850953e-03
7.508427919752092873e-03
7.447665515196537356e-03
7.375769613689611183e-03
7.292271992803582743e-03
7.195750734322167198e-03
7.086542496470267169e-03
6.965177727417049686e-03
6.832360137793648015e-03
6.688944652260772790e-03
6.535914408629901057e-03
6.376041989376873657e-03
6.209415018133172294e-03
6.036408998797575080e-03
5.858280502310487040e-03
5.732188494330562635e-03
5.698212062401408068e-03
5.659273416285598261e-03
5.614352484870600672e-03
5.563302148795132469e-03
5.506435602211978697e-03
5.444100261660403742e-03
5.376671869542234625e-03
5.351433830638708915e-03
5.327702924047911237e-03
5.296728209019124604e-03
5.258944633577348343e-03
5.217242064843900622e-03
5.225109183945004544e-03
5.231018241634607761e-03
5.234926288912375783e-03
5.236805063314605921e-03
5.236639990694901513e-03
5.234429185294989934e-03
5.230182455002191193e-03
5.223920318400622660e-03
5.215673038931479231e-03
5.205479681085889779e-03
5.193387193042701445e-03
5.179449519311146201e-03
5.163726746529132342e-03
5.146284284849522543e-03
5.127192087161744002e-03
5.106523907526447185e-03
5.084356600189682621e-03
5.060769459817816320e-03
5.035843603345830678e-03
5.009661393666522446e-03
4.982305904945540619e-03
4.953860428902985211e-03
4.924408021617884476e-03
4.894031089955230840e-03
4.862811016313648219e-03
4.830827820868572112e-03
4.798159859591651089e-03
4.764883556950417348e-03
4.731073171513584287e-03
4.696800593006708081e-03
4.662135169268016681e-03
4.627143561204526655e-03
4.591889624345863244e-03
4.556434315076547149e-03
4.520835620146897334e-03
4.485148507528168363e-03
4.449424897107693254e-03
4.413713649724333027e-03
4.378060572812648467e-03
4.342508441295456906e-03
4.307097032216928960e-03
4.271863171621054049e-03
4.236840792572528838e-03
4.202061002807078345e-03
4.167552160902761316e-03
4.133408292739493110e-03
4.099688786093765372e-03
4.066297767270982827e-03
4.033254088187053152e-03
4.000574313912925832e-03
3.968272826173816978e-03
3.936361928778360844e-03
3.904851954536874871e-03
3.873751372561847622e-03
3.843066895871005435e-03
3.812803588347430696e-03
3.782964970737787234e-03
3.753553125272444512e-03
3.724568798279296548e-03
3.696011500933672495e-03
3.667879607151575301e-03
3.640170448996273185e-03
3.612880408906589316e-03
3.586005008973174382e-03
3.559538996516776327e-03
3.533476426624006326e-03
3.507810740773612684e-03
3.482534841974840346e-03
3.457641166232624901e-03
3.433121750175294629e-03
3.408968295066707246e-03
3.385172227086238363e-03
3.361724753914514981e-03
3.338616917670906691e-03
