1.049592055566855725e-01
1.047554708367431087e-01
1.040183723371132102e-01
1.050467843185498712e-01
1.055799838579549871e-01
1.065863872859548062e-01
1.077122383023319113e-01
1.091715695477771947e-01
1.124438428728766481e-01
1.148014242288328823e-01
1.266449573048950006e-01
1.310866496644385593e-01
1.319939438439564072e-01
1.741837919011941238e-01
1.892786811731614338e-01
2.297344834991624507e-01
1.938432624374340218e-01
2.254310460044308684e-01
2.191816010923720304e-01
2.457170655274139026e-01
2.337536592199413732e-01
2.618096424002209766e-01
2.415078464200347275e-01
2.569891266682147180e-01
2.766968314079197300e-01
3.227092198863541483e-01
3.484076636912896707e-01
4.189357125733441101e-01
3.921690244583264651e-01
4.354675246397453625e-01
3.811478399204180634e-01
3.653420511962490180e-01
3.309522674785710938e-01
2.790415843603923918e-01
2.633405628340380056e-01
2.193122981705341312e-01
1.884520561900847324e-01
2.016249534909885510e-01
2.168083846289164396e-01
1.986855085676585142e-01
1.821743890468064397e-01
1.852472965265980764e-01
1.955726415997194600e-01
1.865985494206643114e-01
1.866007956976458715e-01
1.849446599291162674e-01
1.812743240479660345e-01
1.831767181170124437e-01
1.736491453489539816e-01
1.673894056162158750e-01
1.538904961625763568e-01
1.539617485674142361e-01
1.757673073033456379e-01
2.030139852851541860e-01
2.380592666018080950e-01
2.494500241911789817e-01
2.699806106703628306e-01
2.695923865191738322e-01
2.557700203691400942e-01
2.553391511844322892e-01
2.815387847692122913e-01
3.155919719493962550e-01
3.269262964139486582e-01
3.311308679177452641e-01
3.186086527625160980e-01
3.375669167102917090e-01
3.116230638213122739e-01
2.749430192211924084e-01
2.885329167153870555e-01
3.418924968173220891e-01
4.025060525552424107e-01
4.008189796721670084e-01
3.958407358129131248e-01
4.208399137851206451e-01
3.994986782776991374e-01
4.034387292003408509e-01
4.349169707906350713e-01
4.341362364825804843e-01
4.142252306852982624e-01
3.989464992239773466e-01
3.825427736596743178e-01
3.635489962236883033e-01
3.889719607797779144e-01
4.374737020773301066e-01
4.744591207170020253e-01
4.920475736202419847e-01
4.859622757086279332e-01
4.583003521422036597e-01
4.265338843468151064e-01
4.215745137098994566e-01
4.575533404230097689e-01
5.199106549466333549e-01
5.711027211558253880e-01
5.879318116407094008e-01
5.679253388504527100e-01
5.229420264480834080e-01
4.688171976454355017e-01
4.190543560324785366e-01
3.774956318393796195e-01
3.417948595221520502e-01
3.169691992588989371e-01
3.018203149566568988e-01
2.937395083557104991e-01
2.893168839392599723e-01
2.866718345861367090e-01
2.840285084668365823e-01
2.784707739466680820e-01
2.699522613128312321e-01
2.582864684508611730e-01
2.442740017169351963e-01
2.289117094909015604e-01
2.132731818434589199e-01
1.985086711404623616e-01
1.856594094760125879e-01
1.891309040573899980e-01
1.972172359739024217e-01
1.927366361545257978e-01
1.824248535417157535e-01
1.762971853893195162e-01
1.821207118276654824e-01
1.852054950277970957e-01
1.862062858125034803e-01
1.898252020767139669e-01
1.878726135281139908e-01
1.803842318640322961e-01
1.727700449810409267e-01
1.629237695923205220e-01
1.517098268604422928e-01
1.438758949989290825e-01
1.423590059744577752e-01
1.419381835689471349e-01
1.405196637525874814e-01
1.381352167675456710e-01
1.348404066872841978e-01
1.306307560299018733e-01
1.255502868988609133e-01
1.196637410770530485e-01
1.130608584594297722e-01
1.058832610470159669e-01
1.020756214953305180e-01
9.816428253551587324e-02
9.372080508117090758e-02
8.885436750712132070e-02
8.368268383547926292e-02
8.386121520480419034e-02
8.389468172549503777e-02
8.266557814911734692e-02
8.355545338116653065e-02
8.373182720324084949e-02
8.307731990767952546e-02
8.173569950768522219e-02
7.995139461959591132e-02
7.794770677823870120e-02
7.587278353747552162e-02
7.381632943903179700e-02
7.194127227370743227e-02
7.020302958814905736e-02
6.860862363441710965e-02
6.715464396238840505e-02
6.583372865576149480e-02
6.456979574736261551e-02
6.333051217432170144e-02
6.211649253424272182e-02
6.090827800128253977e-02
6.183137012892776785e-02
6.295193224971541712e-02
6.339699257985123571e-02
6.309020853410751695e-02
6.211171048345285467e-02
6.316234789683790318e-02
6.518276424895588783e-02
6.624556069643039447e-02
6.635741265531951150e-02
6.558057284422540156e-02
6.402761417260063870e-02
6.185703518689847358e-02
6.107990550657914353e-02
6.039757182862066920e-02
5.871484018859311066e-02
5.618079383584601016e-02
5.300325447496751635e-02
5.086233664151149775e-02
4.851945309233497705e-02
4.610850073679548938e-02
4.377145825065863888e-02
4.161924110281343958e-02
3.972472347726105357e-02
3.813487707024586226e-02
3.684318859400073642e-02
3.579416641887027406e-02
3.492578010149345602e-02
3.412976508613860260e-02
3.331580795576414428e-02
3.306291533932576715e-02
3.330579306130106165e-02
3.343006123884406655e-02
3.336525436301972236e-02
3.305347129319770316e-02
3.245288429917613654e-02
3.153974553095322680e-02
3.031490121438239552e-02
2.878337925367635899e-02
2.696927211396885418e-02
2.645887570676259612e-02
2.710036600894697931e-02
2.764616624363533046e-02
2.810701645860843451e-02
2.846248069217446539e-02
2.871125673024509106e-02
2.886295058228708840e-02
2.892824728054820341e-02
2.889399913542861631e-02
2.877654097143102913e-02
2.858409089319148208e-02
2.830867186555364318e-02
2.798052999862909312e-02
2.758168442363972614e-02
2.714110413927337331e-02
2.664910227924469424e-02
2.612113339394735168e-02
2.556446244567190176e-02
2.498259954594937021e-02
2.438140649387822781e-02
2.376366316022056682e-02
2.313136307938933739e-02
2.249079756309792580e-02
2.183629272162339319e-02
2.118055207542605956e-02
2.059742648748025609e-02
2.062188478014012963e-02
2.062262915925528600e-02
2.058865561939815167e-02
2.052196563816909014e-02
2.042471099698225587e-02
2.029909897744524086e-02
2.014736522788939527e-02
1.997174919621276870e-02
1.978154246937752908e-02
1.957514292751585602e-02
1.935084706571457355e-02
1.911070556225314895e-02
1.885669098944325883e-02
1.859068663952776271e-02
1.831447747635325460e-02
1.802974313489772232e-02
1.773805287517140825e-02
1.744249429025443443e-02
1.714751687244980144e-02
1.684912518399672710e-02
1.654845069125561452e-02
1.624651512148404114e-02
1.594423406353532094e-02
1.564242154724214059e-02
1.534179543258168757e-02
1.504298344169313802e-02
1.474652967234659114e-02
1.445290143893233382e-02
1.416249629588353307e-02
1.387564911175184421e-02
1.359263907340811303e-02
1.331369651432390278e-02
1.303900947685541004e-02
1.276872993075887225e-02
1.250297958707958720e-02
1.224185525960430274e-02
1.198543374004823817e-02
1.189853119979647662e-02
1.182748652026423611e-02
1.175657021282407871e-02
1.168581456688023643e-02
1.161555103370613684e-02
1.154686228348074557e-02
1.147831762580929504e-02
1.140991127397238472e-02
1.134162997204441609e-02
1.127345410841650540e-02
1.120535877301774216e-02
1.113731475394403973e-02
1.106928947011097744e-02
1.100124783757878977e-02
1.093315306852705310e-02
1.086496740215886318e-02
1.079665276805157059e-02
1.072817138318255502e-02
1.065948628391268430e-02
1.059056179564161690e-02
1.052136394204348374e-02
1.045186079757585637e-02
1.038202278573609021e-02
1.031182292694927082e-02
1.024123703919149579e-02
1.017024389517250278e-02
1.009882533952874764e-02
1.002696636934765489e-02
9.954655181860406696e-03
9.881883192236654706e-03
9.808645024864915199e-03
9.734938481225511100e-03
9.661275505386158688e-03
9.587789445151047307e-03
9.513817206285404490e-03
9.439368290793823113e-03
9.364454966939456809e-03
9.289092154093788606e-03
9.213297299686590280e-03
9.137090250016147164e-03
9.060493116289045426e-03
8.983530137076220154e-03
8.906227538365084351e-03
8.828613392314939995e-03
8.750717475317248972e-03
8.672571126268497840e-03
8.594207105700392424e-03
8.515659456205911665e-03
8.436963364739475182e-03
8.358155027028709924e-03
8.279271514658832418e-03
8.200350644776546738e-03
8.121430853004572153e-03
8.042551069341362727e-03
7.963750597601036707e-03
7.885068998267399584e-03
7.806545974840694083e-03
7.728221263967650217e-03
7.650134529175458067e-03
7.572325258552561715e-03
7.494832666043029640e-03
7.417695596837882259e-03
7.340952436548628390e-03
7.264641024342171141e-03
7.188798570132589293e-03
7.113461575725586739e-03
7.038665760030668114e-03
6.964445988336953608e-03
6.890836205670223050e-03
6.817869374302456056e-03
6.745577415361014677e-03
6.673991154586439781e-03
6.603140272280615987e-03
6.533053257385869166e-03
6.463757365687209343e-03
6.395278582255936942e-03
6.327641587925280676e-03
6.260869730003142640e-03
6.194984996911442020e-03
6.130007997019166696e-03
6.065957941340709668e-03
6.008541047302619342e-03
5.983730502734367629e-03
5.957905254271073266e-03
5.931105515975502659e-03
5.903372288766284802e-03
5.874747244557426001e-03
5.845272612219423909e-03
5.814991065330500815e-03
5.783945612503313231e-03
5.752179489997319255e-03
5.719736057468683028e-03
5.686658696455463430e-03
5.653417072387120594e-03
5.619716026701087816e-03
5.585491958692151426e-03
5.550787377513489822e-03
5.515644393805726846e-03
5.480104639066264716e-03
5.444209189075234837e-03
5.407998491571708484e-03
5.371512298297516190e-03
5.334789601179651571e-03
5.297868573064996346e-03
5.260786512794881145e-03
5.223579794583441474e-03
5.186283821880145403e-03
5.148932985623296682e-03
5.111560626599143467e-03
5.074199002289254447e-03
5.036879257691604349e-03
4.999631400468797920e-03
4.962484279874257963e-03
4.925465569701925790e-03
4.888601755052743650e-03
4.851918122730834379e-03
4.815438755100522050e-03
4.779186527625697845e-03
4.743183109202621546e-03
4.707448966186014369e-03
4.672003368915009745e-03
4.636864401291348331e-03
4.602048972973073714e-03
4.567572834035215669e-03
4.533450592030122475e-03
4.499695731142285340e-03
4.466320633467493056e-03
4.433336602042026869e-03
4.400753885762296279e-03
4.368581705534046837e-03
4.336828282205976506e-03
4.305500865432299040e-03
4.274605763795607388e-03
4.244148375868009998e-03
