2.212503490246086613e-01
2.212172232287224205e-01
2.244521800399135458e-01
2.227749254239399235e-01
2.243974815857145699e-01
2.258217140292527458e-01
2.287612622334973256e-01
2.445831736312945870e-01
2.519386167803882026e-01
3.175732282520863925e-01
3.796821609133554376e-01
3.771845962547109576e-01
5.654210242663773034e-01
4.486165006720385651e-01
5.341613364090915805e-01
4.575747942761332343e-01
4.264193469043647267e-01
5.682973227825942608e-01
6.432995078810893608e-01
7.650820092276217066e-01
7.398916624985792945e-01
6.684121988410859361e-01
8.391059528504725140e-01
9.385031021565419795e-01
1.088737396988887385e+00
1.042449603337641584e+00
9.228047624272059934e-01
9.765924017874931806e-01
1.133046399685811556e+00
1.095851867889436448e+00
1.173663839082825788e+00
6.392793481054110938e-01
4.515773146392145221e-01
4.412367298673746663e-01
4.043599979637753083e-01
4.443975608691479451e-01
4.881635479045664527e-01
4.003024642253817933e-01
4.409887636517088594e-01
5.542543900211974739e-01
5.549932868471441072e-01
4.857046478540267276e-01
4.938893197557543968e-01
6.175796058413138834e-01
5.794156027324112168e-01
5.281557798814364713e-01
5.875059962785976753e-01
6.631924476453611161e-01
7.535563258195665526e-01
8.037232119304507094e-01
6.969150417513234608e-01
6.417344933278644747e-01
7.112270500781755489e-01
7.053085512432274440e-01
8.526336021802867204e-01
9.174043759875173398e-01
7.896847756750439151e-01
8.214533649853151820e-01
8.976400404565315627e-01
9.162722220953154473e-01
9.771740753178980166e-01
9.913535575293971336e-01
9.787348850145773937e-01
9.670371318906548774e-01
9.996193653158292891e-01
1.040676843361786119e+00
1.073468695728222455e+00
1.100989172124121618e+00
1.127502426303879979e+00
1.150579778672659925e+00
1.166935301642909595e+00
1.176404378635182990e+00
1.210455126907631129e+00
1.249798933025149772e+00
1.280376820119123904e+00
1.252294065126906109e+00
1.253038032949383318e+00
1.270535274843741513e+00
1.425670822535511473e+00
1.406606957280165826e+00
1.380644614446020269e+00
1.477576589203299040e+00
1.550859336829340407e+00
1.479585083181417904e+00
1.277459843881156409e+00
1.057571796916165985e+00
8.957598942453136592e-01
8.045117406576313135e-01
7.199126452118350672e-01
6.754317300365090260e-01
6.234177499440265446e-01
5.553368608066291401e-01
4.846296934668117284e-01
4.141250833470443982e-01
3.664306412790042100e-01
3.645401886678446002e-01
3.836108935241902551e-01
4.055423821112320026e-01
4.225213392497791376e-01
4.240670845248568632e-01
4.132318443802384667e-01
3.935717648295987137e-01
3.965166098778933335e-01
3.910469461681529424e-01
3.618769266289307285e-01
3.336428492657300682e-01
2.988599147899588249e-01
3.029858454418835056e-01
3.031178985787621460e-01
3.139356720711045101e-01
3.157864648200089386e-01
3.079488157656847247e-01
2.908019235279594161e-01
2.745237687527454784e-01
2.539186617426566484e-01
2.431766362117894487e-01
2.187062003307239377e-01
2.142265676977047895e-01
2.090914341861986325e-01
2.034783693802603155e-01
1.971932744688451034e-01
1.907440935530287929e-01
1.838340026272894667e-01
1.766216842344892346e-01
1.694225348098649109e-01
1.620622011040727950e-01
1.546491124610861745e-01
1.473547951454163563e-01
1.498121900919012484e-01
1.626192577511157422e-01
1.697647943963733752e-01
1.697490228026174164e-01
1.827273562894028147e-01
1.905913978905027784e-01
1.920103368494940066e-01
1.873679052408773194e-01
1.779864773843040926e-01
1.651497462028878038e-01
1.500095241283795899e-01
1.400605641127734557e-01
1.375767303829735777e-01
1.332571262598907791e-01
1.304974895146435443e-01
1.284244002928648654e-01
1.256902012911502720e-01
1.222893410403447234e-01
1.181763948828681299e-01
1.133455493129969793e-01
1.083010001220878760e-01
1.107431615719983303e-01
1.124155753109713357e-01
1.132280679579158039e-01
1.131363552000508865e-01
1.121310411370778221e-01
1.102633323856731795e-01
1.074680659924282383e-01
1.037096819859160968e-01
9.899531429048084863e-02
9.520104912731772173e-02
9.492018659365150657e-02
9.931568870028043006e-02
1.018072720327583836e-01
1.022635171618086619e-01
1.006626087133385417e-01
9.745821950344844831e-02
9.501092614827587324e-02
9.146416217785111047e-02
8.690681091699839489e-02
8.147906698829644745e-02
8.170270829943541979e-02
8.075048900096679083e-02
7.833721280557190414e-02
7.485439043019961880e-02
7.318240171560133622e-02
7.113217814107329617e-02
6.864246329363318799e-02
6.601115900158234517e-02
6.473257017284471393e-02
6.321194014050417198e-02
6.145834426436053155e-02
5.950925416113390237e-02
5.740186420760676200e-02
5.514381890890161786e-02
5.275386028299142854e-02
5.024156373480378329e-02
4.761045595799431179e-02
4.489512827466416583e-02
4.290574613349942140e-02
4.243934718693886943e-02
4.197351234320787633e-02
4.150840282169302592e-02
4.104419033905054581e-02
4.059674011445295327e-02
4.030241658621891432e-02
3.999361582478287019e-02
3.967106199303867958e-02
3.933550668878584705e-02
3.971101140111063521e-02
4.138237113065346834e-02
4.256506579541960433e-02
4.317118338006839529e-02
4.318591329932866540e-02
4.379294576372275150e-02
4.477005447913969677e-02
4.533771781139607493e-02
4.550067314262188495e-02
4.528517509187143103e-02
4.470118148995514545e-02
4.376335599276793414e-02
4.249938867787141777e-02
4.283971855333303103e-02
4.293836426681184315e-02
4.260441216171088202e-02
4.184045378822875971e-02
4.068079886545031970e-02
3.924963841666890413e-02
3.755451930671836053e-02
3.567330508592924526e-02
3.517265126941514913e-02
3.517903779614610371e-02
3.505128352538630643e-02
3.481239977568336558e-02
3.443908972125345191e-02
3.393949267902828665e-02
3.334429700225221421e-02
3.265651394107782490e-02
3.186906574774786560e-02
3.099236311408499339e-02
3.003704709017607222e-02
2.917762900849042718e-02
2.879193353748504131e-02
2.841106441387458367e-02
2.802635521791885589e-02
2.763759423195709386e-02
2.724901501447254612e-02
2.686345012826799397e-02
2.650976052914088069e-02
2.743851685382145064e-02
2.830227719698832564e-02
2.907161180892831737e-02
2.972134612529904116e-02
3.023091002347485026e-02
3.058452618842794068e-02
3.078912804819045404e-02
3.083473211263577929e-02
3.070594502071172932e-02
3.040462623116283944e-02
2.994095447161941592e-02
2.934633359293456825e-02
2.860432522451456655e-02
2.772911603959883967e-02
2.673691588047627521e-02
2.564544192677567155e-02
2.456392810050032904e-02
2.382145757798017141e-02
2.301511880846915381e-02
2.255104526872892673e-02
2.315530780292987187e-02
2.365433154652579403e-02
2.405694533121989498e-02
2.434534951832720978e-02
2.452013111537615711e-02
2.460030557603130885e-02
2.458030141708382812e-02
2.445797695480897774e-02
2.423979764189714350e-02
2.395307004343677493e-02
2.358686920884580165e-02
2.314815806163695450e-02
2.264618126563163261e-02
2.237460288921289467e-02
2.212564459619993651e-02
2.183135900272705279e-02
2.149691635704399292e-02
2.112755907285910478e-02
2.072853248697654679e-02
2.031549603997668055e-02
1.988205259893669960e-02
1.943303099487177915e-02
1.897313702550463416e-02
1.850683629361896121e-02
1.803832161989822949e-02
1.757148657707033670e-02
1.710990491101792993e-02
1.665681555894781007e-02
1.621511293135066353e-02
1.581402686940579921e-02
1.571703916836682605e-02
1.562102448743730998e-02
1.552596375228464977e-02
1.543183824002268556e-02
1.533862958813041015e-02
1.524631980190562994e-02
1.515489126066398018e-02
1.506432672261579474e-02
1.497460932863991373e-02
1.488572260492926000e-02
1.479765046460488828e-02
1.471037720839051162e-02
1.462388752439370415e-02
1.453816648704720806e-02
1.445319955534245075e-02
1.436897257026900458e-02
1.428547175170305147e-02
1.420268369462426503e-02
1.412059536487927577e-02
1.403919409436898968e-02
1.395846757588072376e-02
1.387840385747525843e-02
1.379899133650063815e-02
1.372021875336798188e-02
1.364207518498572989e-02
1.356455003801850488e-02
1.348763304185705662e-02
1.341131424149890825e-02
1.333558399025495077e-02
1.326043294235136442e-02
1.318585204540251993e-02
1.311183253290432345e-02
1.303836591656579690e-02
1.296544397875651518e-02
1.289305876486601665e-02
1.282120257567444070e-02
1.274986795983011276e-02
1.267904770626407385e-02
1.260873483681022172e-02
1.253892259874151045e-02
1.246960445751139554e-02
1.240077408953839389e-02
1.233242537510909932e-02
1.226455239139149014e-02
1.219714940555829269e-02
1.213021086803559717e-02
1.206373140593607930e-02
1.199770581653642268e-02
1.193212906097316367e-02
1.186699625804719417e-02
1.180230267819526620e-02
1.173804373758293926e-02
1.167421499235425132e-02
1.161081213307720884e-02
1.154783097928874583e-02
1.148526747421718501e-02
1.142311767962819920e-02
1.136137777092851610e-02
1.130004403220105126e-02
1.123911285169316293e-02
1.117858071719009597e-02
1.111844421165340303e-02
1.108667955313972185e-02
1.107059007606112436e-02
1.104663103790683512e-02
1.101489389445919551e-02
1.097551909512937962e-02
1.092869259531506834e-02
1.087464220678513276e-02
1.081363383160784120e-02
1.074718585600130220e-02
1.067515608986142374e-02
1.059708435288513398e-02
1.051334421821227029e-02
1.042432888016938709e-02
1.033044747038337763e-02
1.026179443240035453e-02
1.020758617202993310e-02
1.015372644847966146e-02
1.010021296513437597e-02
1.004704346241023366e-02
9.994215715777663572e-03
9.941727533912789877e-03
9.889576756944708918e-03
9.837761254724259469e-03
9.786278925292274042e-03
9.735127693283100736e-03
9.684305508528669518e-03
9.633810344652679256e-03
9.583640197776513089e-03
9.533793085295423977e-03
9.484267044696582591e-03
9.435060132428330776e-03
9.386170422916879572e-03
9.337596007508703819e-03
9.289334993596879905e-03
9.241385503699668311e-03
9.193888848525320207e-03
9.146757906340988523e-03
9.099929132025201192e-03
9.053400756136236599e-03
9.007171020260912320e-03
8.961238176403664088e-03
8.915600486418828047e-03
8.870256221466268909e-03
8.825203661558903359e-03
8.780441095047834127e-03
8.735966818240195608e-03
8.691779134986433661e-03
8.647876356325773228e-03
8.604256800156577512e-03
8.560918790910592921e-03
8.517860659273812987e-03
