3.319155407821266501e-01
3.316504097423564890e-01
3.315426559567571374e-01
3.334183740002414353e-01
3.348616103339531191e-01
3.359817839060961764e-01
3.354685274728285149e-01
3.412030851423397126e-01
4.678644726732360537e-01
3.636427044459443203e-01
4.308013277512684480e-01
4.637905683397278711e-01
4.973427594267725294e-01
6.099036735333052128e-01
5.960295630693281943e-01
5.515739776054857657e-01
7.096217159336385416e-01
8.404798565300669599e-01
9.906594434642851388e-01
8.254640509652491076e-01
7.892379653337544543e-01
9.742121972386543760e-01
9.262956382712064229e-01
6.876835702605939016e-01
7.126381562420263105e-01
6.656068731777705638e-01
8.782134494385060997e-01
8.400083200848801335e-01
9.523855587673789591e-01
7.634387661189178109e-01
9.805933372875793586e-01
1.113526444493151857e+00
1.218247244844072430e+00
9.971032042079780444e-01
1.060698269952597084e+00
1.140775558662835421e+00
9.835329536056846012e-01
1.203523951724455365e+00
1.285070313002006914e+00
1.212242347858053959e+00
1.282277988467971364e+00
1.744791400791425806e+00
1.636898819088683954e+00
1.585650880624480230e+00
1.664886401388566473e+00
1.733121684518222017e+00
1.505291587296343936e+00
1.567989551696140627e+00
2.042688296683269122e+00
2.265119777708556548e+00
2.168480443034858318e+00
2.302525553408905523e+00
2.397284483392686738e+00
2.273744151718573026e+00
2.094504749373955477e+00
2.047547563518314462e+00
2.145911226189808119e+00
2.145061743527250542e+00
2.195786204634048389e+00
2.210133035954621850e+00
2.569475475083889737e+00
2.674235245095858637e+00
2.366261788234473862e+00
1.747003794820289668e+00
1.290826983552741725e+00
1.047046392969026352e+00
1.013968292135662530e+00
1.053445797361828307e+00
1.060217480305395199e+00
9.697426470142064270e-01
8.690953163192411957e-01
8.475809733033846660e-01
7.520193427304820988e-01
6.212065031985783969e-01
5.904376639813617711e-01
5.485238802623511045e-01
4.998130280601283393e-01
5.092584730650885350e-01
5.473534971924742809e-01
5.661073324005250207e-01
5.448824165225917282e-01
5.149345348211051832e-01
5.212800418408747305e-01
5.105564421680599541e-01
4.524090643388473665e-01
4.185805139662508445e-01
3.689724012006159182e-01
3.545025448899820630e-01
3.550149680243144257e-01
3.396846618362444059e-01
3.128169686032230556e-01
2.951843252364563241e-01
2.919754748100546471e-01
2.799025703159022105e-01
2.764254466647027564e-01
2.597968280534501684e-01
2.302194654684388830e-01
2.276365895041691234e-01
2.213601994468456791e-01
2.098752533066974846e-01
2.188722866565965819e-01
2.216866651798790055e-01
2.164105101190509639e-01
2.098643005083578317e-01
2.004150592028911271e-01
1.891229584755760584e-01
1.769593160933510545e-01
1.808905567269039893e-01
1.895021710774903168e-01
1.921333931257267202e-01
1.894114477066723978e-01
1.814528068041977582e-01
1.687533910245635205e-01
1.524950602498643670e-01
1.451231972149712168e-01
1.449784386008378667e-01
1.406980014183157046e-01
1.328963091838187838e-01
1.252242873510464871e-01
1.200874470092451601e-01
1.204104012015100034e-01
1.262896239356340877e-01
1.325844868234699325e-01
1.337180001329457690e-01
1.289628074267453184e-01
1.199058309954426221e-01
1.083927957339129167e-01
9.655110019650275932e-02
8.898899420944615668e-02
8.611736880400239214e-02
8.305630244738232415e-02
8.248680997437826679e-02
8.637090908921196686e-02
8.957272361392452920e-02
9.187452105328565433e-02
9.316417514497117580e-02
9.339410239531023561e-02
9.278578692636213487e-02
9.124551537761670106e-02
8.888262356568867040e-02
8.587438310796992325e-02
8.246837014483959782e-02
7.886979300469815213e-02
7.517598020716786955e-02
7.274503400041512635e-02
7.248135756450968525e-02
7.137817271988082524e-02
6.976970890615394327e-02
6.798994813792656744e-02
6.617110955508959114e-02
6.446939841652558900e-02
6.295824574628766657e-02
6.163718283136265103e-02
6.233676272440517169e-02
6.251497460221284996e-02
6.198179749201514210e-02
6.076108415796119960e-02
5.878432911579850595e-02
5.625911793100182856e-02
5.325041952478355711e-02
5.053647530628340573e-02
4.874908643875301706e-02
4.706734001210671064e-02
4.558375940680868543e-02
4.437146087420427293e-02
4.343591047313432457e-02
4.278804950730702439e-02
4.259808548998136185e-02
4.269114182417053233e-02
4.299740116001683765e-02
4.343269727402328251e-02
4.390794909678690655e-02
4.433815362467139615e-02
4.464997848587917706e-02
4.478730475621073293e-02
4.542329852441664290e-02
4.590446143243262500e-02
4.608704989615557135e-02
4.596245686229702421e-02
4.556806506453107974e-02
4.495913278916684186e-02
4.415475875344365003e-02
4.321782295096000120e-02
4.221160850199184855e-02
4.119355021039776410e-02
4.021065778589338890e-02
3.929681498685078794e-02
3.847190109536625241e-02
3.774248553908787079e-02
3.710372084294840528e-02
3.654200289381395045e-02
3.603797185724014196e-02
3.556947796529267430e-02
3.511421762256645984e-02
3.465184102172608194e-02
3.416542897444083127e-02
3.364602068731058215e-02
3.309426808377686352e-02
3.249363310949206218e-02
3.184346763419975551e-02
3.114599880274896912e-02
3.082770742547051232e-02
3.057962667640285598e-02
3.031319963878057952e-02
3.002991734251921410e-02
2.973119509442199992e-02
2.941805492749284198e-02
2.909090362450732214e-02
2.874940987087974339e-02
2.839247659608560084e-02
2.801829855547172121e-02
2.762449080908714952e-02
2.731245339841128356e-02
2.715362291172302919e-02
2.699464999647747596e-02
2.683358243303953991e-02
2.666851925960293107e-02
2.649766237005115113e-02
2.631936090326382136e-02
2.613214807185205296e-02
2.593504097164295655e-02
2.573208118735096847e-02
2.551720528642994340e-02
2.528985025701667444e-02
2.504970966252474673e-02
2.479672967940031378e-02
2.453109987297323255e-02
2.425323941622245169e-02
2.396377948123619775e-02
2.366354253882748879e-02
2.335351929055638764e-02
2.303484393053533558e-02
2.270876839578180387e-02
2.237663621535715755e-02
2.203985651140264596e-02
2.169987864455540441e-02
2.135816793020548290e-02
2.101618278594344011e-02
2.067535360472222417e-02
2.033706358285697346e-02
2.000263167042111781e-02
1.967329775427096444e-02
1.935021013006759522e-02
1.903441527067015540e-02
1.872684985740468572e-02
1.890691289935521671e-02
1.913822280881206928e-02
1.932546214342602264e-02
1.947523577343683587e-02
1.958278388756208230e-02
1.965064296324686363e-02
1.968183134015264249e-02
1.967969884054942414e-02
1.964778438338082509e-02
1.958968538545177024e-02
1.950894188689521538e-02
1.940893748263504068e-02
1.929281832099300625e-02
1.916343066386787947e-02
1.902327682134173636e-02
1.887448867821421919e-02
1.871881754380099253e-02
1.855763866761762915e-02
1.839196848646741655e-02
1.822249248573748828e-02
1.804960147229845921e-02
1.787343404936001315e-02
1.769392315315377120e-02
1.751084463798049246e-02
1.732386607020591426e-02
1.713259410494142460e-02
1.693661905148726235e-02
1.673555548444333879e-02
1.652907800786042325e-02
1.631695152979905153e-02
1.610090046900469751e-02
1.588049669785814369e-02
1.565428609691282141e-02
1.542256220581985152e-02
1.518577110040623436e-02
1.494450771534621726e-02
1.469950756015766906e-02
1.445163443458824873e-02
1.420186479513078394e-02
1.395126945067034531e-02
1.370099326693034920e-02
1.345223354603771772e-02
1.320621771630321045e-02
1.296418092629278603e-02
1.272734408284566937e-02
1.249689281417596352e-02
1.227395777237654147e-02
1.207668821289556438e-02
1.195940179343658871e-02
1.184035555552419988e-02
1.171969237244267596e-02
1.159756547629610737e-02
1.147413669946258444e-02
1.134957479075772956e-02
1.122405381278555360e-02
1.109775162622064423e-02
1.097084846438784074e-02
1.084352560171758691e-02
1.071596411742184798e-02
1.058834375561851747e-02
1.046084188214888369e-02
1.033363253664949626e-02
1.024877333087672454e-02
1.022158540320467802e-02
1.020279503994829876e-02
1.019149078107615784e-02
1.018672275852625098e-02
1.018751445720031401e-02
1.019287415630542280e-02
1.020180591546759365e-02
1.021331999222148575e-02
1.022644259153985234e-02
1.024022486963342346e-02
1.025375112986831247e-02
1.026614616601587496e-02
1.027658172416854622e-02
1.028428206874149910e-02
1.028852865178623080e-02
1.028866389809424998e-02
1.028409412593550044e-02
1.027429163769755932e-02
1.025879601779765629e-02
1.023813015314606681e-02
1.021184970763123860e-02
1.017895992777876658e-02
1.013925491857693185e-02
1.009259262234092278e-02
1.003889258019091853e-02
9.978133284853685919e-03
9.910349184728101460e-03
9.835627398203376087e-03
9.754104193250224403e-03
9.665961287522364248e-03
9.571422018278138988e-03
9.470747430544143586e-03
9.364232326716839458e-03
9.252201318042168818e-03
9.135004913978140087e-03
9.013015682192340033e-03
8.886624507102631673e-03
8.756236972681401276e-03
8.622269889168891407e-03
8.485147983016744569e-03
8.345300762675304795e-03
8.203159572379922770e-03
8.078352688546622945e-03
8.010077198777885640e-03
7.941436862364266436e-03
7.872473296002031537e-03
7.803226845664321468e-03
7.733736550997444455e-03
7.664040119151567521e-03
7.594173907172895033e-03
7.524172912694361906e-03
7.454070771532245350e-03
7.383899762597152285e-03
7.313690818408866146e-03
7.251010029634282449e-03
7.219286856946479161e-03
7.184411041803801662e-03
7.146469553020195521e-03
7.105555964105939558e-03
7.061769778602559021e-03
7.025364268791142210e-03
6.990211107592543896e-03
6.954905132232067251e-03
6.919457220214050505e-03
6.883877671653034457e-03
6.865877733099006244e-03
6.851975021114973217e-03
6.835994895782132250e-03
6.817985890353228141e-03
6.797999073039378247e-03
6.776087816887229817e-03
6.755624679038761855e-03
6.735742839005333382e-03
6.711301013010224220e-03
6.682470087132381421e-03
6.649433106423780111e-03
6.612383980588385987e-03
6.573697451010520471e-03
6.538522606003431201e-03
6.501975452010125625e-03
6.464122345700647025e-03
6.425030152280622117e-03
6.384766133998551023e-03
6.343397844445693677e-03
6.300993028657723288e-03
6.257619528148877786e-03
6.213345191136061298e-03
6.168237786241337686e-03
6.122364921016236299e-03
6.075793963200628971e-03
6.028591965787847944e-03
5.980825594703770114e-03
