4.289821593804161171e-01
4.302271205051726999e-01
4.268474845556173292e-01
4.338859597958539815e-01
4.401225729816806154e-01
5.136052532174207874e-01
4.510565543867542937e-01
4.665507086015187599e-01
5.778695316964017614e-01
5.414212891445605580e-01
7.295449070957694682e-01
7.374150429412064112e-01
1.150879034396660616e+00
8.831714758859889880e-01
9.079393530214997510e-01
7.801400485889097292e-01
8.822724305773111952e-01
7.784874871129386920e-01
1.021427012767680331e+00
1.045683950859590317e+00
1.312727501928974361e+00
1.140025359451773745e+00
1.302931024798401172e+00
1.549916687743784216e+00
1.873653571345679447e+00
1.812296966509322704e+00
1.958167184387709536e+00
1.908809602993582155e+00
1.950759008275625428e+00
2.558531951482057920e+00
2.476143691196448504e+00
3.267302115950935892e+00
2.673880477282705836e+00
3.042512966749573611e+00
2.543243316311595059e+00
2.637836018249861247e+00
2.517508145354681925e+00
2.843635738095251053e+00
3.004993333357719898e+00
2.988498297117910152e+00
3.486881632563638700e+00
2.903667489193522577e+00
2.035106418636131398e+00
1.346868141434769184e+00
1.073788416111002064e+00
9.982761479098942736e-01
9.304965667756012193e-01
8.463139628143692139e-01
6.757149936252467848e-01
6.100239130517993713e-01
6.457608263633651813e-01
6.729837524703096152e-01
6.506835010875687830e-01
6.267299570756267313e-01
5.515178063786992935e-01
4.864674814624835308e-01
4.827122303982092077e-01
4.937249659450734796e-01
4.724176433937183339e-01
4.694424394160733871e-01
4.387167032937500100e-01
3.707689167076305692e-01
3.187792404631927257e-01
2.958414805117114965e-01
2.786318714609225533e-01
2.820131535006286105e-01
3.056265144562440583e-01
3.005902553126791887e-01
3.158621680737621618e-01
3.037650440116561046e-01
2.564707036365480031e-01
2.288713800196116310e-01
2.407907963397138695e-01
2.433658030170689490e-01
2.270374917484100918e-01
2.027347407846390448e-01
1.768541557003590892e-01
1.564491136853663200e-01
1.541977606010201673e-01
1.583565212044468484e-01
1.592741368124316603e-01
1.560252636040715124e-01
1.475186741989661654e-01
1.383130973515691031e-01
1.460822868366717375e-01
1.503489517082768623e-01
1.511782696380689628e-01
1.478916882784310216e-01
1.419797681304974524e-01
1.335736314199434949e-01
1.235469813466964495e-01
1.150641307430703419e-01
1.102684143221118879e-01
1.049520632996078784e-01
9.951653143068370233e-02
9.434058461343655666e-02
8.967513587454048474e-02
8.550378742001459031e-02
8.582065332391002055e-02
8.661666662768451042e-02
8.541072117142510522e-02
8.232603476375793816e-02
7.774489367642069271e-02
7.220499749715132698e-02
6.744659034676390996e-02
6.524535169760471709e-02
6.293437357425581136e-02
6.046522393791988609e-02
5.777960316393756374e-02
5.741516553599025630e-02
5.793497314382162200e-02
6.096631097215893941e-02
6.351844541046074155e-02
6.489520381042866715e-02
6.466762325524168242e-02
6.297224670250999023e-02
5.973907216826775113e-02
5.535311142807976953e-02
5.674293428513026150e-02
5.815982729822231218e-02
5.845370909371636059e-02
5.769227214158715450e-02
5.601237180252207487e-02
5.372245717497600714e-02
5.115673113885025464e-02
4.862248537524372499e-02
4.636222537137225236e-02
4.453319288013198041e-02
4.320350561771010844e-02
4.236172450974373671e-02
4.193537020366618767e-02
4.181365328856337382e-02
4.187022009263689781e-02
4.198274875500509346e-02
4.204746512916089640e-02
4.198784354331702023e-02
4.175774696519361090e-02
4.133995663168309881e-02
4.074142316438629507e-02
3.998667108458157232e-02
3.911066920434491667e-02
3.815221625635390607e-02
3.714855841518094337e-02
3.613161571536478711e-02
3.512589384916409152e-02
3.414792455137469207e-02
3.320692346220854158e-02
3.230627750382150665e-02
3.144546370907919802e-02
3.062204212376578097e-02
2.983343909440584404e-02
2.907832698855506229e-02
2.835749783831147466e-02
2.767421074178513102e-02
2.703405910997722442e-02
2.644445056869628233e-02
2.591381904603696010e-02
2.545069707090140756e-02
2.506276979818062092e-02
2.475601473385569823e-02
2.453400668163889520e-02
2.439743988894607640e-02
2.434389196944438880e-02
2.436782938958191591e-02
2.446083381267652457e-02
2.461201331222365174e-02
2.480855266538629922e-02
2.503635236477374723e-02
2.528070600767463524e-02
2.552696947128770683e-02
2.576118178737546449e-02
2.597060589744063647e-02
2.614416659868174300e-02
2.627277218234027462e-02
2.634951489398158764e-02
2.636975293910270857e-02
2.633108301501061940e-02
2.623321711586420676e-02
2.607778060187634916e-02
2.586805032473903782e-02
2.560865209614231197e-02
2.530523618627935137e-02
2.496414805459899050e-02
2.459210938932484755e-02
2.419592198038355776e-02
2.378220418337876826e-02
2.335716692388951563e-02
2.293493025489377543e-02
2.251220800426783145e-02
2.209173903716948537e-02
2.167687222080928386e-02
2.127009749898083404e-02
2.087306698225080415e-02
2.048664578526834465e-02
2.011098685415948703e-02
1.974562389828339246e-02
1.938957666249497419e-02
1.904146310645853449e-02
1.869961354742777360e-02
1.836218242428453232e-02
1.802725401584060957e-02
1.769293915418697002e-02
1.735746068281940682e-02
1.701922609404741063e-02
1.667688641938380387e-02
1.632938102164111296e-02
1.597596844505404928e-02
1.561624390358719132e-02
1.525014433640623640e-02
1.508957761478492074e-02
1.525238564724757002e-02
1.540802135133619022e-02
1.550493585315814750e-02
1.554050952426608637e-02
1.551325675301658269e-02
1.542289720113616987e-02
1.527038313081493549e-02
1.505788293389812883e-02
1.478872310997357727e-02
1.447043429879807386e-02
1.411587574150436480e-02
1.371916066533588295e-02
1.341485104567118926e-02
1.328270663939976060e-02
1.308763744081192434e-02
1.283626544999423753e-02
1.253610889699529642e-02
1.219532635607316340e-02
1.182245721188833129e-02
1.143405568004945971e-02
1.119100809911774234e-02
1.117271708171718031e-02
1.114614777739310163e-02
1.111127021532197154e-02
1.106812383129025454e-02
1.101681305015464983e-02
1.095750249497095923e-02
1.089041191645412354e-02
1.081581092954597353e-02
1.073401363705414439e-02
1.064537321277655643e-02
1.055027650915168341e-02
1.044913874747296391e-02
1.034449953807639946e-02
1.023580758567306168e-02
1.012228052026408441e-02
1.000439257794735227e-02
9.882623812132436056e-03
9.757456049854708324e-03
9.629369142284528379e-03
9.498837519896118770e-03
9.366327057779268161e-03
9.232292253147676014e-03
9.097173713176686174e-03
8.961395948810466430e-03
8.825365466694348043e-03
8.689469150608817097e-03
8.554072919662274524e-03
8.419520651293262159e-03
8.286133354532184206e-03
8.154208577910116926e-03
8.161754300637884610e-03
8.177748998753755355e-03
8.188274186107890110e-03
8.193315181036473632e-03
8.192907994146930717e-03
8.187134774549456248e-03
8.176119199314636765e-03
8.160021860057936269e-03
8.139035694335243140e-03
8.113381505098377425e-03
8.083303605233866512e-03
8.049065619826281659e-03
8.010946473208779145e-03
7.969236583489920644e-03
7.924234282561767873e-03
7.876242475524852446e-03
7.825565549443734906e-03
7.772506538109508548e-03
7.717364545538149372e-03
7.660432428816790242e-03
7.601994737847656176e-03
7.542325907357433877e-03
7.481688694134398625e-03
7.420332851705535929e-03
7.358494032073186267e-03
7.296392904060661905e-03
7.234234475550407190e-03
7.172207607571857296e-03
7.110484706979991291e-03
7.049221583801669813e-03
6.988557459567239574e-03
6.928615113794474659e-03
6.869501153422045980e-03
6.811306393431883037e-03
6.754106334611160133e-03
6.697961726008342526e-03
6.642919200469040407e-03
6.589011970744458428e-03
6.536260576250259649e-03
6.484673669273318883e-03
6.434248831292074290e-03
6.384973410440444169e-03
6.336825371717229836e-03
6.289774152283662823e-03
6.243781514663997514e-03
6.198802392187460243e-03
6.154785720144630851e-03
6.111675248585067034e-03
6.069410331277825393e-03
6.027926688292909070e-03
5.987157137651993866e-03
5.947032294449837442e-03
5.907481234172914583e-03
5.868432119410928009e-03
5.829812787773566186e-03
5.791551300735785918e-03
5.753576452368162723e-03
5.715818237790559926e-03
5.678208281718802493e-03
5.640680227110794059e-03
5.603170084429308362e-03
5.565616542683058006e-03
5.527961242875284627e-03
5.490149015193853711e-03
5.452128081155282677e-03
5.413850222189649924e-03
5.375270915929552390e-03
5.336662787957843768e-03
5.297729870885481938e-03
5.258386533291772164e-03
5.218602939548964807e-03
5.178353191711172233e-03
5.137615314131541849e-03
5.096371217434054850e-03
5.054606643638394001e-03
5.012311093599970853e-03
4.969477739215882872e-03
4.926103321118133205e-03
4.882188034076691968e-03
4.837735401110589313e-03
4.792752138191395776e-03
4.747248010373187471e-03
4.701235681167530156e-03
4.654730556001429077e-03
4.607750621364803227e-03
4.560316280151602460e-03
4.513541837499301934e-03
4.513385963572642649e-03
4.513256963292544034e-03
4.513114805286752573e-03
4.512920341910271922e-03
4.512635407879036185e-03
4.512222910542687884e-03
4.511646911584002093e-03
4.510872700072639588e-03
4.509866857931994072e-03
4.508597316849952998e-03
4.507405338241227480e-03
4.506957772638501593e-03
4.505626361307915433e-03
4.503381871882359590e-03
4.500197918473279254e-03
4.496050972947730762e-03
4.490920364863404055e-03
4.485577969924011907e-03
4.480733898133803204e-03
4.475387244797905846e-03
4.469522612141775715e-03
4.463126132907327924e-03
4.456185452628606131e-03
4.448689708141965668e-03
4.440629502794283395e-03
4.431996878469054123e-03
4.422785285026709090e-03
4.412989546984352751e-03
4.402605828002944394e-03
4.391631593515816362e-03
4.380065571183381669e-03
4.367907710266484382e-03
4.355159139079334794e-03
4.341822121915946478e-03
4.327900014439721096e-03
4.313397218734719638e-03
4.298319137588276807e-03
4.282672128325025473e-03
4.266463456490647219e-03
4.249701249428429993e-03
4.232394449580314383e-03
4.214552768517766668e-03
4.196186640545813626e-03
4.177307177326603817e-03
4.157926122531160722e-03
4.138055807336439747e-03
4.117709106420328058e-03
4.096899395005006335e-03
4.075640506117150959e-03
4.053946689503875114e-03
4.031832570819190477e-03
4.009313112263660633e-03
