2.354786441276301434e-01
2.349611690127680341e-01
2.343004697975302197e-01
2.371344667990504251e-01
2.380756080882243664e-01
2.400808810664978588e-01
2.453252511141905123e-01
2.516250002190580926e-01
2.764810628592517805e-01
2.962048040321203501e-01
3.018756974576096708e-01
3.717318697919737569e-01
4.060665923472229211e-01
5.003567117093318251e-01
5.064621802357398561e-01
4.540401357441381514e-01
4.878477729196791790e-01
4.715114911548787813e-01
5.468383193356951555e-01
4.831430381029492849e-01
6.112646314757684829e-01
7.642251913928659324e-01
6.036524467124464444e-01
8.727768646503322181e-01
9.334711092167429225e-01
9.627219712005574692e-01
8.886136839923549635e-01
1.159800978692951290e+00
9.502546921098292687e-01
8.974209025614250379e-01
8.620216223370136266e-01
1.075685242660113561e+00
1.037776389462372162e+00
7.229910200506285411e-01
5.424824862504969980e-01
4.665530679912476830e-01
4.344528849390582037e-01
4.183499451258946289e-01
4.142235310484320143e-01
3.867058338953834884e-01
3.870136350001549541e-01
4.073995496653457504e-01
5.318369689521602606e-01
4.593247459254113374e-01
4.659684277061186264e-01
4.434942264385884902e-01
4.169590850218366507e-01
4.241104208930163155e-01
5.371268279015456448e-01
5.778452002281994071e-01
5.789809229451744477e-01
5.148298860354953987e-01
4.995546787328092875e-01
5.111230569408951041e-01
5.127385440488193558e-01
5.964502122386595717e-01
6.433915774536178578e-01
6.615347673930903616e-01
6.984327017992122411e-01
7.735213480432993061e-01
8.123429179811101353e-01
8.029525621037971739e-01
7.005185019710989947e-01
6.808252919155437510e-01
7.260667763238198846e-01
7.856968233711284499e-01
8.281159388780645614e-01
8.449368654287835456e-01
8.404621173158616232e-01
9.107292257999720642e-01
9.735159158837682902e-01
9.914180336684353945e-01
9.853412718762581957e-01
1.016941630323425105e+00
1.150531243496507150e+00
1.257422749669774076e+00
1.315162516934256676e+00
1.313082437493125143e+00
1.265421827679463318e+00
1.261955806445143713e+00
1.173026658231949515e+00
1.055508211123352691e+00
1.086645826920931590e+00
1.100262718735400824e+00
1.094924013767889726e+00
1.156919268032861714e+00
1.306161193967302570e+00
1.377823935022535862e+00
1.354898854523411078e+00
1.287611017784523915e+00
1.248115594524433769e+00
1.162763366166454038e+00
1.043707741821293222e+00
9.155052680758088979e-01
7.919105959320118515e-01
6.836550515612772605e-01
6.300378670096046241e-01
5.792987816623512698e-01
5.296658267484014582e-01
4.833716131152431816e-01
4.403110017164689194e-01
4.005736912519016757e-01
3.729258893410005160e-01
3.487278092873772883e-01
3.256046126309845579e-01
3.030397510686176910e-01
2.846657645586456176e-01
2.970087483142046514e-01
3.026228246957685664e-01
3.022330085033423930e-01
2.992831006008543349e-01
2.961404210602027742e-01
2.886618721880875316e-01
2.896724136866604127e-01
2.938607664340718295e-01
2.921026144096417476e-01
2.867815626925031003e-01
2.806311130661064968e-01
2.685620213869220341e-01
2.632491021163426703e-01
2.563090706797877538e-01
2.466076042574967264e-01
2.348883283953991929e-01
2.246485209751529211e-01
2.161074638043085361e-01
2.079234479785585232e-01
2.001233571392255217e-01
1.926338107532452326e-01
1.852848528706751152e-01
1.778257720611160220e-01
1.740121201054061761e-01
1.746546717863796672e-01
1.749526568610275945e-01
1.747130042248732085e-01
1.735836088901489271e-01
1.713146004004743594e-01
1.678190635714434942e-01
1.630345272387954125e-01
1.569230945116147358e-01
1.497361234204825087e-01
1.460009910526414989e-01
1.445674052545063426e-01
1.422574094964490776e-01
1.391942781408313790e-01
1.353122933977115028e-01
1.308591631110883891e-01
1.257984922147202533e-01
1.203555755435842256e-01
1.145611375029787493e-01
1.086881629075496930e-01
1.027625584188335967e-01
9.710415376624932648e-02
9.438948235473039461e-02
9.127975337699642533e-02
8.784987752742877409e-02
8.420918564617825564e-02
8.185333146079208644e-02
7.964745100068212902e-02
7.748906198440171089e-02
7.538063728186537860e-02
7.331279938571522159e-02
7.129069376906664590e-02
6.931866186046378719e-02
6.818381845357991689e-02
6.726643412499411223e-02
6.633431956283691866e-02
6.539109793491465483e-02
6.454416775571444886e-02
6.498079651739394058e-02
6.537468601311813288e-02
6.568857652128483327e-02
6.589244842960456650e-02
6.596325725308362087e-02
6.588448384711984018e-02
6.564555349243547666e-02
6.528203277722662012e-02
6.476202248944591677e-02
6.407923468713216941e-02
6.323910604627400178e-02
6.229847378076446701e-02
6.122007734187154965e-02
6.001161617754385835e-02
5.868525201113504453e-02
5.729867119715109647e-02
5.631623213259113331e-02
5.664907145240870301e-02
5.690899908701822774e-02
5.709241423490729606e-02
5.719691020492109756e-02
5.722111760104815759e-02
5.716456192848268919e-02
5.702753649919879014e-02
5.681954035803005176e-02
5.656285128965825304e-02
5.622977039409348538e-02
5.582247669705812931e-02
5.534351403538272096e-02
5.479573905662632471e-02
5.418227692915972282e-02
5.350648330297971822e-02
5.278894808293587565e-02
5.203289544856783133e-02
5.122410584949579904e-02
5.036647781075141023e-02
4.946401614647932127e-02
4.852080863713430919e-02
4.754100316325816228e-02
4.652878508653987555e-02
4.548835478651049730e-02
4.443247346421378557e-02
4.336935167260922569e-02
4.228862172893999710e-02
4.119434163784414099e-02
4.009048550024287699e-02
3.898092347351664322e-02
3.786940286735428901e-02
3.675953056881932357e-02
3.565475697044073050e-02
3.455836155512685692e-02
3.347344025566952735e-02
3.338372886001516465e-02
3.335504980865307972e-02
3.330728380953650730e-02
3.322565386169673562e-02
3.311138691861440636e-02
3.296581294777978927e-02
3.279035105057986899e-02
3.258649570697845499e-02
3.235876866752608605e-02
3.211912040747028768e-02
3.185528034003957260e-02
3.156889229920258055e-02
3.126161670231187434e-02
3.093511950039768907e-02
3.059106184466232892e-02
3.023109051071605144e-02
2.985791845624148622e-02
2.948328417357480927e-02
2.909683608102767854e-02
2.870008953602100690e-02
2.829451215628360841e-02
2.795479690593950101e-02
2.760392545064796824e-02
2.722233000314515025e-02
2.682371827179278606e-02
2.640426141181958022e-02
2.596241811293192869e-02
2.550114610938623849e-02
2.502331563257315442e-02
2.453169346765956410e-02
2.404610411575303780e-02
2.362825837163965922e-02
2.321388361343101892e-02
2.280363466403361600e-02
2.239810433389756439e-02
2.199782543632019735e-02
2.165210748896046269e-02
2.143372152846588150e-02
2.121834121065398551e-02
2.103702972369797877e-02
2.105516093051676765e-02
2.106103364120053348e-02
2.105514707585728201e-02
2.103801511975837701e-02
2.101016188591841444e-02
2.097211766052502896e-02
2.092441522286010713e-02
2.086758652908655975e-02
2.080412245538603572e-02
2.073471639018878779e-02
2.065764014312228281e-02
2.057339106404360712e-02
2.048245500292890722e-02
2.038530477857017700e-02
2.028239889963776021e-02
2.017418051902712672e-02
2.006107660429615192e-02
1.994349730550896288e-02
1.982183550341774098e-02
1.969646652101756171e-02
1.956774798195603723e-02
1.943601980013952985e-02
1.930160428567000847e-02
1.916480635265357946e-02
1.902591381618418814e-02
1.888535972891321191e-02
1.874561793709526511e-02
1.860443542512601675e-02
1.846203873822472794e-02
1.831863981394076663e-02
1.817443655521368620e-02
1.802961342424605484e-02
1.788434205116998243e-02
1.773878185057533793e-02
1.759308064105257960e-02
1.744737526203554712e-02
1.730179218464376542e-02
1.715644811205848871e-02
1.701145056661007918e-02
1.686689846076468852e-02
1.672288265017718434e-02
1.657948646630072811e-02
1.643678622775200660e-02
1.629485172921579794e-02
1.615374670700523568e-02
1.601352928071432535e-02
1.587425237119166610e-02
1.573596409419838332e-02
1.559870813037169020e-02
1.546252407173854052e-02
1.532744774523562420e-02
1.519351151379490575e-02
1.506074455575135904e-02
1.492917312349331498e-02
1.479882078192294725e-02
1.466970862805377571e-02
1.454185549214792247e-02
1.441527812208876803e-02
1.428999135110657973e-02
1.416623127383308950e-02
1.404412697468461133e-02
1.392331276668153095e-02
1.380379857169159070e-02
1.368559298313281464e-02
1.356870335937953968e-02
1.345313590710302959e-02
1.333889575580514755e-02
1.322598702452897589e-02
1.311441288099706066e-02
1.300417559457888068e-02
1.289527658275909684e-02
1.278771645299642441e-02
1.268149503948056214e-02
1.257661143589641414e-02
1.247306402469753987e-02
1.237085050308303624e-02
1.226996790636246046e-02
1.217041262913961738e-02
1.207218044436574565e-02
1.197526652102217336e-02
1.187966544022940954e-02
1.178537121071738386e-02
1.169237728313856153e-02
1.160067656398245522e-02
1.151026142913046980e-02
1.142112373707424890e-02
1.133325484199712574e-02
1.124664560710958612e-02
1.116128641788534902e-02
1.107716719552773177e-02
1.099427741075775788e-02
1.091260609788196993e-02
1.083214186919104552e-02
1.075287292981413206e-02
1.067478709275596592e-02
1.059787179450045677e-02
1.052211411110008654e-02
1.044750077413091061e-02
1.037401818763442063e-02
1.030165244486319458e-02
1.023038934569091979e-02
1.016021441399286157e-02
1.009111291544851317e-02
1.002306987550984074e-02
9.956070097200122107e-03
9.890098179558373323e-03
9.825138535805079745e-03
9.761175411368385943e-03
9.698192902279838962e-03
9.636174973302311098e-03
9.575105475860755735e-03
9.514968165927832622e-03
9.455746721746063205e-03
9.397424761320575734e-03
9.339985859538676646e-03
9.283413565034780157e-03
9.227691416842469935e-03
9.172802960566028493e-03
9.118731764205155466e-03
9.065461433543116690e-03
9.012975627107873769e-03
8.961258070762020966e-03
8.910292571687050342e-03
8.860063031904169897e-03
8.810553461368223621e-03
8.761747990491092208e-03
8.713630882085401236e-03
8.666186542861180689e-03
8.619399534267092183e-03
8.573254582973576302e-03
8.527736590614986775e-03
8.482830642835824733e-03
8.438522018431700994e-03
8.394796197022002388e-03
8.351638866973994102e-03
8.309035932360871873e-03
8.266973519338109352e-03
8.225437982323858047e-03
8.184415909297635891e-03
8.143894126960692439e-03
