2.700184556427290827e-01
2.694372100835203954e-01
2.735318319128584030e-01
2.719551527326724560e-01
2.717907479346584054e-01
2.742320512958685841e-01
2.758404363352218169e-01
2.765938256029610298e-01
3.112712592630552111e-01
4.094443485604310484e-01
5.777163220349866846e-01
4.834956137484998639e-01
5.255917976482243903e-01
5.583966772715088789e-01
5.210570789152922933e-01
4.808626236780173535e-01
5.820813689199163532e-01
7.530947266180324506e-01
8.283061338997546041e-01
8.891172864934779874e-01
7.813454285672641886e-01
8.083768931656615253e-01
7.621623212315239426e-01
9.326911283597030256e-01
8.971919254256867093e-01
6.745212614049868050e-01
6.529565296859817236e-01
6.885086313863351126e-01
5.520892878659995340e-01
5.720616462703080884e-01
7.065666057224558871e-01
6.219846961926484008e-01
6.992870080442467051e-01
8.118489959941377343e-01
6.530353991336925734e-01
7.132680465621751287e-01
8.677817033794180679e-01
1.060394568614997368e+00
1.073414240150817989e+00
1.177186927663875560e+00
9.971009382807175525e-01
1.066380461251609457e+00
1.264515865801165928e+00
1.363521887605491534e+00
1.294094723520856860e+00
1.170173689850014576e+00
1.551846426351310093e+00
1.475996348430350658e+00
1.304638270747079831e+00
1.301259426840612576e+00
1.335850877168584638e+00
1.384707351363734462e+00
1.429297945931859770e+00
1.398432885911480517e+00
1.451284887097166409e+00
1.716805224215397496e+00
1.921944736753026239e+00
2.083920384736100750e+00
1.924221235083918069e+00
1.549788057847917733e+00
1.498929103989686373e+00
1.708218128316142836e+00
1.866227820715852470e+00
1.821780715222054869e+00
1.783169074620967631e+00
1.909299735344120119e+00
2.087056245266397436e+00
2.074559405219789543e+00
1.840203703679946790e+00
1.520311812493948977e+00
1.277837307716606974e+00
1.052298986339445408e+00
8.868300125188574023e-01
7.760940067046930846e-01
7.072445671489021590e-01
6.608244241874330349e-01
6.264619158452860992e-01
5.986525112339082799e-01
5.707327473297286735e-01
5.403578871053507093e-01
5.071780662705844822e-01
4.768310285112649649e-01
4.533820678118047343e-01
4.388031390586298874e-01
4.304220867543099294e-01
4.189648949783520981e-01
4.109608074517765441e-01
4.187553093753504929e-01
4.031845947414270381e-01
3.662087334878650347e-01
3.208417547461847041e-01
2.835787704564250999e-01
2.672902597684950199e-01
2.697773461638248160e-01
2.777564109713342444e-01
2.884301670099689852e-01
3.047513936240033861e-01
3.079049830425322209e-01
2.963033348632478359e-01
2.778232360639586451e-01
2.656680083008788329e-01
2.567070844387185358e-01
2.434936764164064016e-01
2.276910085294253094e-01
2.170401544599501464e-01
2.117171722720689042e-01
2.044726607733185486e-01
1.960844196160049235e-01
1.860793193988806715e-01
1.748749499795846374e-01
1.623667734257156769e-01
1.486936918888710490e-01
1.374801794132201049e-01
1.320156462080007698e-01
1.247761712221630570e-01
1.156858810371622220e-01
1.115593883391598345e-01
1.169949925137506452e-01
1.204339871099827930e-01
1.210308862863407747e-01
1.185369408101798472e-01
1.130791668529832344e-01
1.056385547938851893e-01
1.060237572519663607e-01
1.034968487698668255e-01
1.060184559425036560e-01
1.091903284362140264e-01
1.107541343316381655e-01
1.103164596082037985e-01
1.081217292503113686e-01
1.043756877006868505e-01
9.920293620331697981e-02
9.323888809193325855e-02
9.056533518858900234e-02
9.147431298724929827e-02
9.125173480303894191e-02
9.019278275439106263e-02
8.831498533849677091e-02
8.582165774048562679e-02
8.337393286393784964e-02
8.196150618539689570e-02
8.448335087193122039e-02
8.689097797663389300e-02
8.831292592788535234e-02
8.890948868535192284e-02
8.870628918965046961e-02
8.782403534966193304e-02
8.639198096187060416e-02
8.445273432586578033e-02
8.224427141501038097e-02
7.972844892254590810e-02
7.703410904044688534e-02
7.430352138743144541e-02
7.150851318823046865e-02
6.870578374767262464e-02
6.663269513117539566e-02
6.514294832578615413e-02
6.366583685357619926e-02
6.221605521353633372e-02
6.080374045133253580e-02
5.943526929859534180e-02
5.811416901880060715e-02
5.684192975386345020e-02
5.561869664378843447e-02
5.444383041001122497e-02
5.331633424410911481e-02
5.224761303375100724e-02
5.122562983817400412e-02
5.024671075062363962e-02
4.931053516744267340e-02
4.841692097207752482e-02
4.756573048911852397e-02
4.675675156892177692e-02
4.604595636904220551e-02
4.568673328306730591e-02
4.533305896696453868e-02
4.498767173091481469e-02
4.465232327489954828e-02
4.432769903999506794e-02
4.401337614705760903e-02
4.370782292770281074e-02
4.340844119848044635e-02
4.313188424838067248e-02
4.285590980386845550e-02
4.257319559604645642e-02
4.227812850667057865e-02
4.196473329942586317e-02
4.162688661316148869e-02
4.125853719593816638e-02
4.085569670545857734e-02
4.043624887768318410e-02
3.997057022037485419e-02
3.945477475718395244e-02
3.888596885987537222e-02
3.826237186772659532e-02
3.758340273458431191e-02
3.685687817473672773e-02
3.609412324566862312e-02
3.528009947636451954e-02
3.441896208231812887e-02
3.351598286663405590e-02
3.257743643355433261e-02
3.161046114840974919e-02
3.062289966166306665e-02
3.001701321787232646e-02
3.006320346975098479e-02
3.008903082794108994e-02
3.009118504377913950e-02
3.006672012708509409e-02
3.001308734069069867e-02
2.992816056265585473e-02
2.981025390466410241e-02
2.965813164765805296e-02
2.947101071315287937e-02
2.924855603211282476e-02
2.899086929241948690e-02
2.869847164888184032e-02
2.837228105610638956e-02
2.801358494429214904e-02
2.762400899176181701e-02
2.721286560248313904e-02
2.677909071012753855e-02
2.632021323161422288e-02
2.583879641312511813e-02
2.533756344341626596e-02
2.481935838673728079e-02
2.428710795300476066e-02
2.374378461334041013e-02
2.319237150128509312e-02
2.263582947017354560e-02
2.207706660929189754e-02
2.151891045153368764e-02
2.096408304283266591e-02
2.041517898079192594e-02
2.017469691394489437e-02
2.018047529958233444e-02
2.016254817486738682e-02
2.012102330133597183e-02
2.005619129123524524e-02
1.996851175272846418e-02
1.985859875645007086e-02
1.973400116718239741e-02
1.973364940329860873e-02
1.970304734183099538e-02
1.964502590572870383e-02
1.956133834589060191e-02
1.944740534818248379e-02
1.930389551106439713e-02
1.913180328838617883e-02
1.893241355616355134e-02
1.870726531244399499e-02
1.845811511024701701e-02
1.818690076261396046e-02
1.789570579684739496e-02
1.758672507402125537e-02
1.726223192592340333e-02
1.692454710340131341e-02
1.657600976942568902e-02
1.631358422410860223e-02
1.608767412735546271e-02
1.585224100138844100e-02
1.560524240734606494e-02
1.534815163975199355e-02
1.508244334319955478e-02
1.480958091859604225e-02
1.453100509348299527e-02
1.424812366018958498e-02
1.396230237327744650e-02
1.367485698440067121e-02
1.338704638534154306e-02
1.324000151548757227e-02
1.322651796920427773e-02
1.320405089678528335e-02
1.317283610680169623e-02
1.313313811614175153e-02
1.308524672176119945e-02
1.302947370541278176e-02
1.305359611833532135e-02
1.309962772916637742e-02
1.314314410982043817e-02
1.318370412421708548e-02
1.322091170423982456e-02
1.325441468515606812e-02
1.328390347620072090e-02
1.330910959001936449e-02
1.332980405481041554e-02
1.334579572915468859e-02
1.335692954067713850e-02
1.336308466592518208e-02
1.336417266888570085e-02
1.336013561336141589e-02
1.335094416343907825e-02
1.333659568409889702e-02
1.331711235461678806e-02
1.329253930311668531e-02
1.326294277297125797e-02
1.322840832774119062e-02
1.318903910184416120e-02
1.314495410268173847e-02
1.309628656942042092e-02
1.304318239181134417e-02
1.298579859293498562e-02
1.292430187815810788e-02
1.285886725224056996e-02
1.278967670575126281e-02
1.271691797172198705e-02
1.264078335282175884e-02
1.256146861856250775e-02
1.247917197232644403e-02
1.239409308728784201e-02
1.230643220973237292e-02
1.221638932865380320e-02
1.212416340962210563e-02
1.202995169159880133e-02
1.193394904386778539e-02
1.183634738161720538e-02
1.173740685588580725e-02
1.163833904098150046e-02
1.153816103590098521e-02
1.143704852461912592e-02
1.133517229193750121e-02
1.123269792576428276e-02
1.112978556134977190e-02
1.102658966522392960e-02
1.092325885661837859e-02
1.081993576365941970e-02
1.071675691260354571e-02
1.061385264727012293e-02
1.051134707712569373e-02
1.040935805151838207e-02
1.030799715800181926e-02
1.020736974323309225e-02
1.010757495407104724e-02
1.000870579740561518e-02
9.910849216778344628e-03
9.814086184516563130e-03
9.718491806942144290e-03
9.624135442806519558e-03
9.531080831412503881e-03
9.439386231187209264e-03
9.349104565841983086e-03
9.260283577888689388e-03
9.172965988149374764e-03
9.087189660068502317e-03
9.002987767987254142e-03
8.920388968807332550e-03
8.839417575408625716e-03
8.760093732089005783e-03
8.682433590265308671e-03
8.606449484780377690e-03
8.532150109357431594e-03
8.459540691331337431e-03
8.388623164639610538e-03
8.319396341126078509e-03
8.251856079003800151e-03
8.185995449309405383e-03
8.121804898542981169e-03
8.059272408740271801e-03
7.998383653161838386e-03
7.939122148924037878e-03
7.881469405161732611e-03
7.825405067337793882e-03
7.770907057027339089e-03
7.717951707593422896e-03
7.666513895251474316e-03
7.616567165592232937e-03
7.568083855710860432e-03
7.521035211594389279e-03
7.475391500960502748e-03
7.431122121717549309e-03
7.388195705457943976e-03
7.346580216863817826e-03
7.306243048473016859e-03
7.267151110914285908e-03
7.229270918983541488e-03
7.192568673366229841e-03
7.157010338261196071e-03
7.122561714659868086e-03
7.089188509985867512e-03
7.056856403500198771e-03
7.025531107988492938e-03
6.995178428063704608e-03
6.965764314191211400e-03
6.937254914004990086e-03
6.909616619700456250e-03
6.882816112400045802e-03
6.856820403332953423e-03
6.831596871994888298e-03
6.807113301428594811e-03
6.783337910449020389e-03
6.760342593488804022e-03
6.738036198213056410e-03
6.716335822841363982e-03
6.695211729911649742e-03
6.674634757046675818e-03
6.654576333909863022e-03
6.635008497210713105e-03
6.615903903696210980e-03
6.597235841366485068e-03
6.578978239004738826e-03
