2.084204721223589241e-01
2.093941578004053505e-01
2.126012954019229351e-01
2.119075554899934322e-01
2.137878536958232045e-01
2.176559221305464087e-01
2.212046842673487113e-01
2.302955322696751128e-01
2.704228798444282544e-01
3.079915974676833978e-01
2.951191660723409549e-01
3.375102668576109299e-01
4.129827656225086852e-01
5.283460824847086013e-01
5.796642240878291386e-01
4.680906970417944013e-01
4.768094713562668341e-01
5.837116088534795022e-01
5.236097134903267003e-01
6.515459371258690568e-01
6.138324308783773553e-01
5.524283703624236486e-01
5.896654545933340819e-01
6.428479247185526768e-01
7.568298919700616745e-01
8.032224177602521609e-01
8.367954224649898354e-01
1.006930572663384149e+00
9.556002241693924981e-01
8.845383417081680300e-01
1.039951689299379645e+00
1.071118532907500365e+00
9.953976765135116311e-01
6.908036376012854918e-01
4.739115184200126119e-01
3.716081149848203813e-01
3.218798315409955313e-01
3.276829211634635364e-01
3.544756531625246621e-01
3.681763694608714554e-01
3.730926780605466897e-01
3.739209459397903057e-01
3.806859941851774010e-01
3.999833555754994663e-01
4.246395094086951039e-01
4.789167024487119284e-01
5.529469947942978747e-01
6.028156027921200977e-01
5.760517856608082798e-01
5.440789179971579070e-01
4.736767118046799063e-01
4.894108717023344379e-01
5.428816542882920482e-01
6.079729429945567309e-01
6.979832738857054686e-01
7.411050526811873151e-01
7.307969095251576341e-01
7.450569479220269242e-01
7.132314880852037575e-01
8.104338975702229941e-01
9.297357011069199428e-01
9.929516013941168673e-01
1.021803008867597562e+00
1.028039577292995332e+00
9.989926282278702718e-01
9.141816416948030932e-01
8.375520819343467149e-01
7.921408976823656189e-01
7.829158308952808287e-01
7.881687683871120287e-01
8.051479591711164785e-01
8.422173881952986774e-01
8.930098747389869640e-01
9.424523080544277009e-01
9.792196286250374193e-01
1.003074585702734556e+00
1.009753607897224459e+00
1.057662603158159742e+00
1.089946237654399352e+00
1.075963828417783708e+00
1.040560230607924019e+00
1.016201019831620256e+00
1.022097126872678841e+00
1.048741811818127756e+00
1.082188898367475227e+00
1.121790176405252470e+00
1.166523310455035656e+00
1.209265735242886608e+00
1.233325669231103205e+00
1.241799038721888682e+00
1.207429340351276137e+00
1.129741486955288421e+00
1.037681310918897148e+00
9.171782404696592339e-01
7.863987492497883647e-01
6.688024011411148884e-01
5.734812953470247443e-01
5.010979957117213113e-01
4.522004750211560120e-01
4.218952217474591371e-01
4.031728128680391876e-01
3.906550199238876808e-01
3.804336714576999623e-01
3.707010272471986112e-01
3.603552359864506394e-01
3.489501456173311200e-01
3.355309826904435133e-01
3.197823686819545874e-01
3.027200993367899495e-01
2.901525991877488275e-01
2.780516538333578369e-01
2.676849727711962945e-01
2.571286385415854081e-01
2.508587080615467535e-01
2.438782700180377738e-01
2.366718890599020519e-01
2.292220159480412578e-01
2.220523153096864155e-01
2.150881831923343313e-01
2.081755049382700007e-01
2.015825863487322178e-01
1.969017966159205546e-01
1.964195758575565387e-01
1.960522111587829075e-01
1.953659072714368228e-01
1.941081376067878284e-01
1.919911374000003168e-01
1.888287070209264118e-01
1.842576925365985441e-01
1.783721977425293537e-01
1.710132687581434052e-01
1.687891519171425270e-01
1.693408989775835316e-01
1.686218169278040357e-01
1.666001102832703751e-01
1.633478263897189531e-01
1.588869197247562148e-01
1.532890500684757629e-01
1.466767826327897983e-01
1.391937102231891321e-01
1.391414407762955885e-01
1.409592580437873388e-01
1.410335436703944179e-01
1.394693681823625520e-01
1.364197329121621949e-01
1.321380365581099614e-01
1.268125050416911703e-01
1.206273940705285402e-01
1.198069825612703282e-01
1.189260708471320260e-01
1.172282595007338862e-01
1.148532303867604715e-01
1.119802607615907469e-01
1.085708941105168052e-01
1.049151995999106218e-01
1.008960439121030644e-01
9.673197005161021655e-02
9.239085365055037247e-02
9.126192115309147979e-02
9.132000419309597994e-02
9.103093656867031203e-02
9.041521167323937624e-02
8.962530522735012717e-02
8.853984791301311441e-02
8.715707189649903042e-02
8.561604893735115518e-02
8.378258542459807168e-02
8.167897004837409991e-02
7.939905979422558213e-02
7.684305942109675991e-02
7.405960871364561382e-02
7.110552364851981111e-02
6.792798436340236057e-02
6.731234858255533138e-02
6.806971448963866633e-02
6.855237367288138928e-02
6.882660928477568607e-02
6.879899806330277978e-02
6.848235034787812647e-02
6.795698210394549021e-02
6.713896249980932929e-02
6.605644457101160494e-02
6.479044832457983571e-02
6.327561153872711397e-02
6.153523380071360127e-02
5.967456955101698574e-02
5.763310785688872256e-02
5.543922931985680036e-02
5.313735238450187359e-02
5.273140624354495654e-02
5.269418026983230252e-02
5.236935388020711596e-02
5.175624603670830187e-02
5.094286205264088319e-02
4.987743368482846357e-02
4.861292714002723309e-02
4.826864978898527669e-02
4.797058936493432679e-02
4.757953555801058138e-02
4.705398801374537088e-02
4.640708141438654871e-02
4.592824800416665104e-02
4.621890287684578963e-02
4.635093059853313824e-02
4.632124915821915490e-02
4.614056109469182737e-02
4.586372899822023508e-02
4.546000268850963061e-02
4.494042621950545408e-02
4.431812178615514991e-02
4.362472830296774268e-02
4.287041996120216636e-02
4.204911330899189364e-02
4.117281646553459101e-02
4.025291368813322529e-02
3.930006573039326184e-02
3.832833652057630880e-02
3.735807252613479457e-02
3.637937724852924326e-02
3.539966462091018867e-02
3.442549164701372982e-02
3.346257806527209999e-02
3.251583762051254989e-02
3.158941854020227979e-02
3.129377891989033877e-02
3.123903951388976724e-02
3.114556337568253133e-02
3.102769145226732736e-02
3.088063870966670926e-02
3.070488752739078051e-02
3.050369137875966197e-02
3.028013190488067219e-02
3.003710582934762674e-02
2.977731669281359628e-02
2.950327076693658179e-02
2.921727653527227131e-02
2.892144716446765421e-02
2.861770543020985408e-02
2.830779060780169720e-02
2.799326688384487158e-02
2.767553289354489354e-02
2.735583203518384895e-02
2.703526326002532107e-02
2.671479207797974875e-02
2.639569220654176818e-02
2.608253623481701297e-02
2.577130543708526164e-02
2.546256291307667091e-02
2.515678921483210581e-02
2.485439123690774688e-02
2.455571050666001051e-02
2.426103084809768523e-02
2.397058540964054629e-02
2.368456305876505755e-02
2.340311415702392428e-02
2.312635573750008652e-02
2.285437611373735203e-02
2.258723895304140528e-02
2.232498685106951847e-02
2.206764444671117237e-02
2.181522111605616043e-02
2.156771328610132890e-02
2.132510640656508014e-02
2.108737661724850720e-02
2.085449214756664171e-02
2.062641448125279026e-02
2.040309931837205881e-02
2.018449736336397349e-02
1.997055496560292201e-02
1.976121463681157833e-02
1.955641546613281004e-02
1.935609345290070088e-02
1.916018177249890000e-02
1.896861099147436822e-02
1.878130924271566998e-02
1.859820237258961659e-02
1.841921406825547392e-02
1.824426597277626835e-02
1.807327779350205443e-02
1.790616740922844341e-02
1.774285097857408733e-02
1.758324305337881366e-02
1.742725669780057635e-02
1.727480361538809295e-02
1.712579428336273579e-02
1.698013809526291787e-02
1.683774351114885118e-02
1.669851821430400410e-02
1.656236927438209383e-02
1.642920331529600098e-02
1.629892668676306139e-02
1.617144563853864861e-02
1.604666649583056173e-02
1.592449583449614264e-02
1.580484065514668746e-02
1.568760855481889094e-02
1.557270789461856833e-02
1.546004796334777415e-02
1.534953913501449323e-02
1.524109302030317130e-02
1.513462261059654763e-02
1.503004241454785825e-02
1.492726858586846360e-02
1.482621904289541798e-02
1.472681357858618076e-02
1.462897396149691331e-02
1.453262402718995087e-02
1.443768975992959329e-02
1.434409936508653123e-02
1.425178333181052574e-02
1.416067448638944765e-02
1.407070803653365579e-02
1.398182160651043927e-02
1.389395526383486838e-02
1.380705153724316563e-02
1.372105542708828251e-02
1.363591440755761164e-02
1.355157842208118760e-02
1.346799987139379352e-02
1.338513359560851088e-02
1.330293684980748264e-02
1.322136927421761234e-02
1.314039285909087210e-02
1.305997190488410349e-02
1.298007297791846544e-02
1.290066486216603740e-02
1.282171850753848798e-02
1.274320697458246505e-02
1.266510537702833158e-02
1.258739082131290522e-02
1.251004234407722231e-02
1.243304084833394066e-02
1.235636903755590182e-02
1.228001134909443084e-02
1.220395388633505745e-02
1.212818435065582921e-02
1.205269197268536360e-02
1.197746744358500239e-02
1.190250284647350991e-02
1.182779158800188225e-02
1.175332833058469542e-02
1.167910892524985297e-02
1.160513034512211661e-02
1.153139062017886733e-02
1.145788877295294758e-02
1.138462475533117205e-02
1.131159938681794083e-02
1.123881429427269277e-02
1.116627185284151981e-02
1.109397512891577807e-02
1.102192782418332830e-02
1.095013422178889653e-02
1.087859913397850459e-02
1.080732785150872143e-02
1.073632609503913371e-02
1.066559996804354593e-02
1.059515591157924284e-02
1.052500066117746311e-02
1.045514120506678066e-02
1.038558474463229658e-02
1.031633865631121499e-02
1.024741045561784920e-02
1.017880776264423054e-02
1.011053826947518573e-02
1.004260970923272038e-02
9.975029826782021158e-03
9.907806351265967607e-03
9.840946969964344676e-03
9.774459303987199227e-03
9.708350885467835478e-03
9.642629136072510682e-03
9.577301347242040547e-03
9.512374661664983744e-03
9.447856056120440896e-03
9.383752325880156606e-03
9.320070070132135953e-03
9.256815678709907555e-03
9.193995320206517496e-03
9.131614931017977693e-03
9.069680205603225520e-03
9.008196587774549083e-03
8.947169263141071041e-03
8.886603152308656869e-03
8.826502905161797904e-03
8.766872896035178553e-03
8.707717219744094683e-03
8.649039688357165398e-03
8.590843828822357017e-03
8.533132881237338874e-03
8.475909797950915633e-03
8.419177243135060607e-03
8.362937593226335217e-03
8.307192937657741083e-03
8.251945080377957875e-03
8.197195541824723111e-03
8.142945561247652911e-03
8.089196099755231739e-03
8.035947843529707771e-03
7.983201207477912120e-03
7.930956339449386425e-03
