3.175793953021811555e-01
3.184471559374709715e-01
3.194096222918791916e-01
3.208557067733714963e-01
3.223542638230156854e-01
3.262535598236225298e-01
3.278776611004863284e-01
3.415118661714857118e-01
3.560584336291225394e-01
4.027788493809916215e-01
5.073645771201644727e-01
3.789139002600344086e-01
4.652114563505662104e-01
5.722403008815325487e-01
5.255139646682616128e-01
5.828809921584484632e-01
7.096950463006660437e-01
8.813116825862977732e-01
8.045623099702303715e-01
8.852074643881254756e-01
8.095465156809913410e-01
8.993414443731135854e-01
8.744804886502210994e-01
6.434283966233805829e-01
7.829511179714176983e-01
7.815056584511491655e-01
7.610064898983323056e-01
8.605261293700238179e-01
7.902236982710416635e-01
8.622951990367074826e-01
6.750790032876560209e-01
7.977825844545662903e-01
8.716971023868600454e-01
1.036530866418433838e+00
1.092574556515045314e+00
1.323108746813485004e+00
1.296098524308764377e+00
1.041657321382878365e+00
1.034979293861804095e+00
1.153611892528025651e+00
1.208653273080607660e+00
1.370621847642935931e+00
1.349188441706138386e+00
1.320638350179570208e+00
1.611067978199780315e+00
1.735987038970147056e+00
1.686276325603341286e+00
1.777148227990083207e+00
1.861986412337674812e+00
2.179586271231554129e+00
2.193687636262032115e+00
2.027182692621905424e+00
1.892085351494123602e+00
2.317956345775035398e+00
2.289886902937891655e+00
2.094446522091170326e+00
2.339270691951503611e+00
2.467613624540556216e+00
2.386869445868347483e+00
2.460333371222270582e+00
2.400376071716741500e+00
2.019741089674206513e+00
1.676379722248287685e+00
1.374339042703076386e+00
1.143905046748602050e+00
9.781169431125358305e-01
8.640110634156701330e-01
7.835738804483254327e-01
7.101803020045771575e-01
6.355720685093675382e-01
5.864575464069740063e-01
5.798013147178378013e-01
5.846276729576771469e-01
5.620253363054861229e-01
5.267634917857603183e-01
4.805033798714012372e-01
4.370690485767704248e-01
4.171163323120570809e-01
4.226292975278257980e-01
4.393435357350699011e-01
4.478973901385758238e-01
4.368785842405279451e-01
4.030838249267936768e-01
3.820691498210936898e-01
3.503605580283954413e-01
3.132723448156122248e-01
2.858653914644355143e-01
2.705838621541730160e-01
2.808885775134111196e-01
2.927176887438913133e-01
3.094240302615686722e-01
3.181058898798490575e-01
3.146011686044172806e-01
2.978998510323885296e-01
2.886641085227661940e-01
2.848477195911360837e-01
2.726557972859485757e-01
2.536874885335518859e-01
2.335037226693710277e-01
2.257209855118607333e-01
2.158666634841139853e-01
2.230360024892734105e-01
2.292187009456303493e-01
2.326721342427210404e-01
2.318949899116547475e-01
2.259923149407176424e-01
2.144322977652597939e-01
1.972202427785879342e-01
1.757037585824955117e-01
1.751855678188785348e-01
1.696623676647343315e-01
1.682070284171819086e-01
1.648935411867372136e-01
1.783061266313609450e-01
1.941531198413955772e-01
1.998257910589096020e-01
1.942718039655774998e-01
1.818921630415179513e-01
1.662837110329199453e-01
1.510126729031079640e-01
1.396305804771232895e-01
1.336660047284298214e-01
1.302024811005041138e-01
1.325657672624027117e-01
1.381584371288566981e-01
1.395556730725180383e-01
1.349937781244163748e-01
1.257986693639945031e-01
1.237595669971685991e-01
1.246150365432372592e-01
1.238138880200149172e-01
1.195566125246574490e-01
1.137568434154752200e-01
1.128631849546836152e-01
1.094050034311945391e-01
1.040193166058533819e-01
9.742029110540570414e-02
9.434704478896316360e-02
9.308479691600596295e-02
9.086779811681144903e-02
8.804481435838681924e-02
8.496416682347719684e-02
8.152445596541990636e-02
7.776412576746448424e-02
7.371155996984783687e-02
6.941271924810998861e-02
6.524775661836759721e-02
6.572449783430647785e-02
6.627024542224821402e-02
6.669577713587718226e-02
6.701503777268670581e-02
6.711336960249392192e-02
6.690263518841658985e-02
6.636242788851920427e-02
6.590475074078122608e-02
6.590076518659569726e-02
6.551792347207417710e-02
6.461270241283409432e-02
6.323229521337787873e-02
6.151075105259985049e-02
5.974560521372056232e-02
6.137389484229686942e-02
6.212057422277327684e-02
6.206487245130606900e-02
6.117347686780515853e-02
5.960792351797241512e-02
5.737059833022411376e-02
5.465966869728715316e-02
5.153369688553618988e-02
4.812586214555550357e-02
4.833726189687260338e-02
4.965605152998738003e-02
5.060730788101244770e-02
5.113049155503068127e-02
5.125751867091236924e-02
5.103137590967136983e-02
5.050221647075838621e-02
4.972501625185324348e-02
4.881347574913231374e-02
4.775374857074929369e-02
4.659643937625480153e-02
4.538759050102524062e-02
4.416753020506065941e-02
4.297013907472024830e-02
4.182249267151620653e-02
4.074483009373101178e-02
3.975079384393895993e-02
3.884788550053479284e-02
3.803808341945266736e-02
3.731857234627924957e-02
3.668253977100718877e-02
3.611999959683169503e-02
3.561860978563614888e-02
3.516445675974542995e-02
3.474278523285733583e-02
3.433865763508390373e-02
3.393753228061495431e-02
3.352575382770199564e-02
3.309095337849379120e-02
3.262592808803655570e-02
3.213114820638051511e-02
3.158702217912583848e-02
3.098827367284409662e-02
3.033164753435774533e-02
2.961586352577133888e-02
2.884151950540621637e-02
2.801095298315365439e-02
2.777225394185954196e-02
2.776289765577053328e-02
2.772601558891983967e-02
2.765914327513163684e-02
2.756037498690208296e-02
2.742834068097851213e-02
2.726217805308634237e-02
2.706150062990220553e-02
2.682636277059668659e-02
2.655722238887514575e-02
2.625490214351320836e-02
2.606616156710992588e-02
2.608384406361956287e-02
2.603432452519282431e-02
2.591774478922420286e-02
2.573507682085043186e-02
2.551054086957070186e-02
2.522369650148112777e-02
2.487713361215287966e-02
2.454041162792108474e-02
2.460824771141014930e-02
2.459543629557477476e-02
2.450335669221343979e-02
2.433432986727223149e-02
2.409260263499424931e-02
2.380136906520907009e-02
2.344379345029278319e-02
2.302475998311620878e-02
2.254957880924443950e-02
2.209171128534403658e-02
2.211073802683200668e-02
2.207684752685112189e-02
2.199212621178771310e-02
2.185899412528169439e-02
2.168015010531377726e-02
2.145851859856812149e-02
2.119719874890090353e-02
2.089941627952431741e-02
2.056847857807973454e-02
2.020773328596961807e-02
1.982699495389583788e-02
1.942794702217780570e-02
1.900812810354773202e-02
1.857070600040693423e-02
1.811874581126617784e-02
1.765519045227614478e-02
1.723914430696323399e-02
1.717716833296991513e-02
1.710484754707831262e-02
1.702285930205715489e-02
1.693187207202886610e-02
1.683254213934044091e-02
1.672551071944837833e-02
1.661140150099914281e-02
1.649081857650482041e-02
1.647492161164850616e-02
1.662599079281397788e-02
1.675869541618718941e-02
1.687329501646374005e-02
1.697013332412786180e-02
1.704962711376619214e-02
1.711225568753812348e-02
1.715855102942086610e-02
1.718908865435633121e-02
1.720735804669187852e-02
1.721347161579552670e-02
1.720565773498977311e-02
1.718457249548696955e-02
1.715088212907600260e-02
1.710525781666379433e-02
1.704837109488021446e-02
1.698088982749410697e-02
1.690347470606972519e-02
1.681677624318822159e-02
1.672143222056683351e-02
1.661806555413918030e-02
1.650728253933710782e-02
1.638967144020010008e-02
1.626580138671495854e-02
1.613622154762798036e-02
1.600146054634564441e-02
1.586202609028245988e-02
1.571840478574375310e-02
1.557106211257488874e-02
1.542044253487665460e-02
1.526696972626953586e-02
1.511104688996433090e-02
1.495305715644287652e-02
1.479336404272012413e-02
1.463231195969729760e-02
1.447022675535897772e-02
1.430741628334282652e-02
1.414417098763231899e-02
1.398076449621906206e-02
1.381745421678219794e-02
1.365448192916604055e-02
1.349207437070189426e-02
1.333044381045502685e-02
1.316978861013974253e-02
1.301029376955736491e-02
1.285213145517715566e-02
1.269546151119503932e-02
1.254043195257772102e-02
1.238717943983333632e-02
1.223582973597203520e-02
1.208649814608270777e-02
1.193928993995348534e-02
1.179430075875752444e-02
1.165161700649395594e-02
1.151131622710463605e-02
1.137346746832774112e-02
1.123813163302705975e-02
1.110536181913529714e-02
1.097520364881080651e-02
1.084769558824982133e-02
1.072286925781773884e-02
1.060074973458342146e-02
1.048135584698333539e-02
1.036470046237121523e-02
1.025079076803978896e-02
1.013962854633441990e-02
1.003121044384222560e-02
9.925528235241176667e-03
9.822569081923993375e-03
9.722315785478333888e-03
9.624747036652543317e-03
9.529837658848551440e-03
9.437558847543161059e-03
9.347878404408409975e-03
9.260760966637309952e-03
9.176168231800957073e-03
9.094059177029637300e-03
9.014390273812291146e-03
8.937115696978911034e-03
8.862187528803801631e-03
8.789555957427322430e-03
8.719169469668427985e-03
8.650975038309548226e-03
8.584918303283855037e-03
8.520943747129602550e-03
8.458994864318803222e-03
8.399014324351614796e-03
8.340944128646237202e-03
8.284725761353492132e-03
8.230300333325526324e-03
8.177608720314973739e-03
8.126591694165009178e-03
8.077190048048240451e-03
8.029344715007937297e-03
7.982996880338252832e-03
7.938088087502525453e-03
7.894560337746596435e-03
7.852356183658558419e-03
7.811418816469151497e-03
7.771692147526842488e-03
7.733120883622469910e-03
7.695650596904021062e-03
7.659227788680075463e-03
7.623799948128237060e-03
7.589315605601586363e-03
7.555724380398884908e-03
7.522977024201567102e-03
7.491025458987242425e-03
7.459822810637747534e-03
7.429323437951686031e-03
7.399482957637116068e-03
7.370258264636506476e-03
7.341607549051345182e-03
7.313490309172531074e-03
7.285867360744771419e-03
7.258700843213743495e-03
7.231954222591960996e-03
7.205592291346029146e-03
7.179581165512888101e-03
7.153888279175393480e-03
7.128482376545785225e-03
7.103333501495359865e-03
7.078412985345500577e-03
7.053693432345471692e-03
7.029148703656905132e-03
7.004753899328947098e-03
6.980485339054446660e-03
6.956320541443457989e-03
6.932238202089963976e-03
6.908218170473605542e-03
6.884241425865929472e-03
6.860290052554105823e-03
6.836347214113343805e-03
6.812397127076831246e-03
6.788425034121284632e-03
6.764417176829644676e-03
6.740360768001464435e-03
6.716243963683347744e-03
