2.440244594055004657e-01
2.442224501123357039e-01
2.495487631401693829e-01
2.463907502241669822e-01
2.465881539424800983e-01
2.483386920711795343e-01
2.502839053533872371e-01
2.636886493611044213e-01
3.252408628884846942e-01
4.177051449605444500e-01
3.194476101727899420e-01
4.466210091883190403e-01
5.561669153140139654e-01
4.970498981909549086e-01
4.669195640219832022e-01
5.011111432764663309e-01
6.462316887932797460e-01
6.500931961231801726e-01
6.002901126280563160e-01
6.444459053443715169e-01
7.815088009115929157e-01
8.445349137988130694e-01
9.622069711521823443e-01
8.636054616671691164e-01
9.490675534606581865e-01
9.668477630632269504e-01
1.023386508994403421e+00
5.786383388069440414e-01
5.040360919842553633e-01
5.265221604731098459e-01
5.147653454598681844e-01
5.664898068208692461e-01
5.682203961392248148e-01
6.123102151527596293e-01
5.496428574573163361e-01
6.298161490159430720e-01
6.113426301006322783e-01
5.962267796564766353e-01
6.420835655788403873e-01
6.734681776693809407e-01
7.551297153153652131e-01
7.969806038923312741e-01
7.942989756265615986e-01
8.237784926693302312e-01
8.860164648040651514e-01
9.695778721127945587e-01
9.923592507719960487e-01
1.024209207804144484e+00
1.050484240980251283e+00
1.085435415858625685e+00
1.144837662712541837e+00
1.206803933593813660e+00
1.191607609208660712e+00
1.124211640774206433e+00
1.163755020825092634e+00
1.300386538807432713e+00
1.442357820104544164e+00
1.501250352382744069e+00
1.581264849183558141e+00
1.577637827046079799e+00
1.706022379475657269e+00
1.680008213980292986e+00
1.403297403253559228e+00
1.382399066272691046e+00
1.354776369876979025e+00
1.472468880758093013e+00
1.551016734680098486e+00
1.588181117515539365e+00
1.580526753777708349e+00
1.536317721259087943e+00
1.726409283867364364e+00
1.865526904602473612e+00
2.049180259297714191e+00
1.871247896547973522e+00
1.498064590024850817e+00
1.180922887499878282e+00
9.703438391075021041e-01
8.128948353119980208e-01
7.154409069290497136e-01
6.669418466391797695e-01
6.475371939373577579e-01
6.353594793549421915e-01
6.172894457096684828e-01
5.851020462350273732e-01
5.545655269495107786e-01
5.216669958465148804e-01
4.754212227759052056e-01
4.587781866056704905e-01
4.258261008890814048e-01
4.127585215749672298e-01
4.019249789005207019e-01
3.880746635207636408e-01
3.724409582875786717e-01
3.697239854631836908e-01
3.696298388615579245e-01
3.694143674799276189e-01
3.685702254108543241e-01
3.657358459504204684e-01
3.597385239171230209e-01
3.494398622661666898e-01
3.340246736218686063e-01
3.132202990073173487e-01
2.881673700709928565e-01
2.805185894613408393e-01
3.030832825110195139e-01
3.100909734727341771e-01
2.987810406177565103e-01
2.736226449346349510e-01
2.561653623660880563e-01
2.349770930854668816e-01
2.145865884945030166e-01
1.994790323708131030e-01
1.910436008615007952e-01
1.874788337967568386e-01
1.854370595406271138e-01
1.819463160636527743e-01
1.751519419431145363e-01
1.671531995156577133e-01
1.625009580701136103e-01
1.543500044965772089e-01
1.437892086055519159e-01
1.325911123901917232e-01
1.220916372211125478e-01
1.135524089257426983e-01
1.076702895352738693e-01
1.046871781123370482e-01
1.040904182661961802e-01
1.051555711178628061e-01
1.071092143177820727e-01
1.092284657063969239e-01
1.109232464790158718e-01
1.118813038146381916e-01
1.118778551855509479e-01
1.106982217464821255e-01
1.085643382648937283e-01
1.052873609650652603e-01
1.012502310312493464e-01
9.634644186383636844e-02
9.692640077944922328e-02
9.751105668582644992e-02
9.726886881768562199e-02
9.626488544859748697e-02
9.477881308962431139e-02
9.270966017041971929e-02
9.018072406637592242e-02
8.741944558847321300e-02
8.447165190182900907e-02
8.138414597324367117e-02
7.823620950128486184e-02
7.508291417682366742e-02
7.199783421363241398e-02
6.897300415769767878e-02
6.596909228840949768e-02
6.297201578286604207e-02
5.996374868787855694e-02
5.692838761611798692e-02
5.385723838017029974e-02
5.075249139490337763e-02
4.762926451315864507e-02
4.572473713039427318e-02
4.565496749109062419e-02
4.572690026318306650e-02
4.583816417187455694e-02
4.597757232219874118e-02
4.664962127894548005e-02
4.751108469974869158e-02
4.836440288016758543e-02
4.916014262553855541e-02
4.987379352178340081e-02
5.048467656195800013e-02
5.128639705934710108e-02
5.202269369124958714e-02
5.179976143586779297e-02
5.171800619117031261e-02
5.166160806647877857e-02
5.146781721436440721e-02
5.113885538841189682e-02
5.063943713866449897e-02
4.998076394137277584e-02
4.921725689083746025e-02
4.829668423921643083e-02
4.722818012768512791e-02
4.631572577055406009e-02
4.763850879786436093e-02
4.866902578715821825e-02
4.938449567995580741e-02
4.977128399121343028e-02
4.990463977036250359e-02
4.970863340516465390e-02
4.919288723703101052e-02
4.837468256145580070e-02
4.734968936937722361e-02
4.607089125422920983e-02
4.456800981348969792e-02
4.287594389035406794e-02
4.105184687172314800e-02
3.913658310212294461e-02
3.713591178788006042e-02
3.550851120349766965e-02
3.568009605434434295e-02
3.553465210130941215e-02
3.500552164389137549e-02
3.410937717141537817e-02
3.303470741143169076e-02
3.288357720715488069e-02
3.292214586568514845e-02
3.297000481421004381e-02
3.289654564632989858e-02
3.267721980396854492e-02
3.233145498666741696e-02
3.190073739734956143e-02
3.139308965765374992e-02
3.081465553652888364e-02
3.018338651960792568e-02
2.953529586093963516e-02
2.886645894146749186e-02
2.818594531172579493e-02
2.750462124278419893e-02
2.683127016520087463e-02
2.618248848918303465e-02
2.555422062617166562e-02
2.494704975948232317e-02
2.436264341305624179e-02
2.393574613122493797e-02
2.365055193850242737e-02
2.334180714474171775e-02
2.300937485813465619e-02
2.266483722877338583e-02
2.230819992365463966e-02
2.192953953599166908e-02
2.152855820327317579e-02
2.111383019121908580e-02
2.068304445111641271e-02
2.022810259592947024e-02
1.974933379945863210e-02
1.924762550235847858e-02
1.892280716594918824e-02
1.895615700864412140e-02
1.897832261190228118e-02
1.898723933225951455e-02
1.898092741518477705e-02
1.895757000251346164e-02
1.891557971716246317e-02
1.885365308261433698e-02
1.877081245903760784e-02
1.866643555570814128e-02
1.854027290978922313e-02
1.839245399630518724e-02
1.822348285935930512e-02
1.803763681953777023e-02
1.783565401928852157e-02
1.761567520269538556e-02
1.737944435243831548e-02
1.712894829202634209e-02
1.686637511785921140e-02
1.659407054109298882e-02
1.631449327450070277e-02
1.603017050208599067e-02
1.574365436432910437e-02
1.545748027364782923e-02
1.517412775551195588e-02
1.489598438796937291e-02
1.479848889703385025e-02
1.476692730862673789e-02
1.473536693861422948e-02
1.470342569806824991e-02
1.467074887740021580e-02
1.463700913557271742e-02
1.460190632579935928e-02
1.456516717238832796e-02
1.452654481617083986e-02
1.448581824173055498e-02
1.444279160187563436e-02
1.439729345263563061e-02
1.434917591196172709e-02
1.429831375401462157e-02
1.424460345095632588e-02
1.418796217244428816e-02
1.412832675324775418e-02
1.406565263755410813e-02
1.399991280929417659e-02
1.393109671476557877e-02
1.385920918603638675e-02
1.378426937010164208e-02
1.370630967045739432e-02
1.362537470522072816e-02
1.354152028658653188e-02
1.345481242564777226e-02
1.336532636506092622e-02
1.327314564360120887e-02
1.317836119334263659e-02
1.310493366583802624e-02
1.317398154750231039e-02
1.323845167405501150e-02
1.329727412408361273e-02
1.334946644922957275e-02
1.339413751044482397e-02
1.343049019097962427e-02
1.345782304830663023e-02
1.347553097380731202e-02
1.348310493345513013e-02
1.348013086611552468e-02
1.346628781911717726e-02
1.344134539948792055e-02
1.340516062242056577e-02
1.335767423356239506e-02
1.329890658392075820e-02
1.322895313034359865e-02
1.314797963350979385e-02
1.305621712092606794e-02
1.295395667864629105e-02
1.284154413153569194e-02
1.271937466692919100e-02
1.259113262959275954e-02
1.245429853777124847e-02
1.230899983391214522e-02
1.215576672746396594e-02
1.199515383042544341e-02
1.182773532708207911e-02
1.165410033942899763e-02
1.147484850869209989e-02
1.129058580984394766e-02
1.110192061219922831e-02
1.090945999650327208e-02
1.071380633554952846e-02
1.051555414157577528e-02
1.031528718330932889e-02
1.011357587051427316e-02
9.910974904309990952e-03
9.708021187672973354e-03
9.505231990102580922e-03
9.303103358756439553e-03
9.102108767067488768e-03
9.130131620593369760e-03
9.196357620940162625e-03
9.257092520729880841e-03
9.312227205876707353e-03
9.361679821174776969e-03
9.405394550661635295e-03
9.443340344392505553e-03
9.475509605190892207e-03
9.501916845343948495e-03
9.522597324675400113e-03
9.537605678451547761e-03
9.547014544673758721e-03
9.550913198283682293e-03
9.549406199840406242e-03
9.542612064744104838e-03
9.530661959272079473e-03
9.513698427836574448e-03
9.491874156726512815e-03
9.465350777266597418e-03
9.434297712292186514e-03
9.399921965053207804e-03
9.362082227195832329e-03
9.320213239470657648e-03
9.274502467115431845e-03
9.225140398509799541e-03
9.172319680558843613e-03
9.116234305517967665e-03
9.057078849180961316e-03
8.995047760963215122e-03
8.930334704248128405e-03
8.863131946455533525e-03
8.793629798062113645e-03
8.722016098772683579e-03
8.648475750345418697e-03
8.573190293171698353e-03
8.496337526750632335e-03
8.418091170661974945e-03
8.338620565602637355e-03
8.258090411728718008e-03
8.176660542972582352e-03
8.094485735616630331e-03
8.011715548256437627e-03
7.928494192830612061e-03
7.844960433272917324e-03
7.761247511126826391e-03
7.677483095629287178e-03
7.593789256639701772e-03
7.510282459231484506e-03
7.427073577187971211e-03
7.344267924629846456e-03
7.261965304350101978e-03
7.180260070136159842e-03
7.099241203338564794e-03
7.018992400777522220e-03
6.939592173596411187e-03
6.861113955673878856e-03
6.783626219931468936e-03
6.707192602058100264e-03
6.631872030174012188e-03
6.557718859572121521e-03
6.484783011816864368e-03
6.413110116812286918e-03
6.342741657821614719e-03
6.273715117835918127e-03
6.206064127284816219e-03
6.139818612285779381e-03
6.075004942329933003e-03
