4.070403536595277316e-01
4.064728276380435990e-01
4.081261814662907605e-01
4.083643917308960036e-01
4.092370214780854387e-01
4.120816527728708989e-01
4.139029518595087054e-01
4.182183542784345676e-01
4.253576989733251490e-01
4.298064028522368685e-01
4.957552991336959813e-01
4.631725901642688714e-01
4.235435811286460406e-01
5.158925168617066737e-01
5.910842636243248682e-01
7.619342919789776625e-01
6.163897066073331654e-01
6.516278029636187741e-01
6.501768069430257091e-01
6.859168603543063236e-01
6.984332642462235397e-01
8.609858126166435310e-01
9.117712954155171579e-01
9.074540125368301124e-01
1.086001712899416383e+00
1.010174443838555369e+00
1.235025338256793725e+00
1.592489319126567882e+00
1.354153188831298538e+00
1.508868498166535455e+00
1.507307202212396779e+00
1.500005487621490996e+00
1.485419974212694560e+00
1.457059195116601202e+00
1.660454794841549786e+00
1.489827812578784272e+00
1.698546651679335051e+00
1.648015933813210987e+00
1.117616820916977227e+00
8.695944312327377190e-01
7.488346188366024059e-01
6.654422451045287623e-01
6.487881652225818696e-01
6.466889990348583250e-01
7.410683402589045565e-01
6.885338006640279174e-01
6.789677195781341767e-01
8.340916532864416366e-01
8.246554081602720521e-01
8.389476892569398547e-01
9.201921502610198589e-01
8.650550213470328265e-01
8.238473241308065242e-01
8.490579849194064277e-01
9.533532485896275555e-01
1.057601082629050726e+00
1.201981389790027777e+00
1.224001428409553283e+00
1.253520336091186849e+00
1.190108946806352375e+00
1.124554331072960212e+00
1.006512315627771770e+00
1.026655458471579241e+00
1.117095745378291927e+00
1.148239392466839481e+00
1.120219185960548369e+00
1.106356476460605309e+00
1.174692164203965605e+00
1.314881586282286241e+00
1.460181039244907053e+00
1.563412016121089598e+00
1.598778010104847880e+00
1.552081716733344052e+00
1.443278061790948863e+00
1.378289593137338453e+00
1.484875373906514584e+00
1.690540325037352298e+00
1.918250337080757539e+00
2.135376718636563531e+00
2.226254600838849296e+00
2.258986464209475464e+00
2.319465358761573892e+00
2.408700755690150963e+00
2.433295703320523362e+00
2.294750976868917824e+00
2.279986924375548618e+00
2.278365526884696735e+00
2.236079224359786455e+00
2.127554375239821383e+00
2.014877821977627104e+00
1.858517872457970954e+00
1.708056200275101411e+00
1.607513344551944723e+00
1.587797419502673835e+00
1.653043413811278395e+00
1.778259406171720514e+00
1.922640050139089452e+00
2.048403805406443290e+00
2.133547583619135324e+00
2.163401196661779213e+00
2.169540912735844262e+00
2.146295413545716624e+00
2.099393314621662121e+00
2.089646847735775914e+00
2.063654168558134661e+00
2.014310853346885644e+00
1.959512294127723653e+00
1.884036431109949561e+00
1.790397447404622033e+00
1.683009609104495263e+00
1.565835476634622303e+00
1.448417101819399866e+00
1.347219016677646763e+00
1.246059966016099363e+00
1.145341549961757632e+00
1.048109034964670894e+00
9.558779469820632979e-01
8.697692360534911016e-01
7.912175932268270540e-01
7.200382576440349514e-01
6.573785580025482966e-01
6.025942981702350210e-01
5.555528088912021767e-01
5.157384278994719962e-01
4.885644823890080146e-01
5.033303692964624654e-01
5.095935334942851558e-01
5.085168700466597969e-01
5.011566724666720596e-01
4.887587347814555949e-01
4.932575390123600245e-01
5.035769036528766618e-01
5.112306743929864172e-01
5.166632601691830695e-01
5.196064842102545711e-01
5.196122034679871993e-01
5.176149020387537103e-01
5.299023678114024305e-01
5.391668172406108850e-01
5.442396903616683046e-01
5.446571525185993634e-01
5.632875013827284283e-01
5.701600867326428457e-01
5.628323229773201097e-01
5.430971368300411273e-01
5.140744868011184465e-01
4.781523370283187746e-01
4.559389672877865451e-01
4.353581179122925082e-01
4.139604890632520018e-01
4.003658538677674628e-01
3.807798011043387887e-01
3.563802862599219634e-01
3.435294061524108988e-01
3.398845676290882523e-01
3.351573616141077516e-01
3.293430905457449542e-01
3.224422942451818375e-01
3.144654144135695106e-01
3.056440856372790726e-01
3.056011058725404128e-01
3.052649821494348714e-01
3.042017660108282118e-01
3.022367697607529768e-01
2.993950531954150951e-01
2.959535037576992988e-01
2.917520086392481060e-01
2.868478055075340261e-01
2.814157418254076282e-01
2.754550801701141638e-01
2.689471497857726101e-01
2.619955936815090980e-01
2.547142667347131462e-01
2.470028342233137608e-01
2.390227969033602573e-01
2.307787328744163868e-01
2.222729238863453971e-01
2.136458151796239158e-01
2.084720358532402285e-01
2.072271395713779496e-01
2.056799750766831747e-01
2.038282019933140010e-01
2.017936229295851647e-01
1.994569831389562675e-01
1.968919211076876896e-01
1.941242858211980060e-01
1.911252736861825674e-01
1.879695482596046296e-01
1.846323495852077168e-01
1.811274757409364888e-01
1.775400340465836668e-01
1.737715467097191158e-01
1.699647431667321573e-01
1.660693726458918051e-01
1.620631522049473250e-01
1.580558322545377314e-01
1.540237112312868584e-01
1.499383293755776614e-01
1.458195906310292556e-01
1.420901429736084742e-01
1.478875093084177084e-01
1.545443894227468418e-01
1.597065970385536660e-01
1.650106040086838921e-01
1.699285722879958771e-01
1.733266691690848738e-01
1.752221956758831800e-01
1.756855400357093533e-01
1.748833900228692062e-01
1.728840621024690105e-01
1.698426724937511512e-01
1.659892944700001038e-01
1.614146660692366286e-01
1.563342059178016719e-01
1.509017935197119464e-01
1.453143736500699945e-01
1.397263584582227602e-01
1.342706964385475821e-01
1.290020925224153181e-01
1.239627047305933011e-01
1.192146515011134333e-01
1.148366968662803966e-01
1.108956708832452981e-01
1.074508427535074834e-01
1.045304901929450248e-01
1.021533021861316393e-01
1.003133287420615166e-01
9.898309636335378414e-02
9.811709843930295494e-02
9.765547997690160464e-02
9.752775683902834003e-02
9.765643317678017465e-02
9.796776542728577453e-02
9.840030010009614969e-02
9.886636028489920180e-02
9.932330394639360405e-02
9.971368853264857279e-02
9.998899918567268064e-02
1.001185072419780719e-01
1.000788181182982878e-01
9.987409068537962675e-02
9.952032158583828947e-02
9.906410077787465573e-02
9.848428882170015553e-02
9.771688844590413481e-02
9.671407053930407283e-02
9.547321644964366916e-02
9.396944106584739775e-02
9.220332877425832518e-02
9.089993407986235452e-02
9.204276636593880512e-02
9.300567153069129456e-02
9.378685261654451377e-02
9.434366332926093224e-02
9.474042470488520939e-02
9.490837489751116629e-02
9.488516803898323915e-02
9.466982054258313295e-02
9.423376875938449526e-02
9.365410022098265286e-02
9.286756323452449724e-02
9.190951040567678365e-02
9.080632020007750604e-02
8.952671946571619244e-02
8.812080538909171368e-02
8.658616432943497254e-02
8.491123401443748109e-02
8.314452102440279824e-02
8.128104377821586402e-02
7.931467490781091145e-02
7.727747179943117439e-02
7.522075425743973698e-02
7.556536003642524979e-02
7.581923974369478292e-02
7.598481812458632301e-02
7.606475324887145006e-02
7.606188717559496382e-02
7.598974813920031379e-02
7.586683166322405469e-02
7.566963699533216237e-02
7.540127813293182046e-02
7.506488627672415481e-02
7.466358727249425287e-02
7.420048285621232143e-02
7.369924926182347402e-02
7.315407457390686596e-02
7.255511677307752150e-02
7.190523523291661445e-02
7.120722223113586102e-02
7.046380017573990184e-02
6.967762054953775819e-02
6.885677301439491194e-02
6.801965823360829611e-02
6.714622594671115774e-02
6.623885485844142884e-02
6.529986605467430483e-02
6.433152683253121062e-02
6.333605471053503633e-02
6.231562147386407458e-02
6.127235712414898922e-02
6.021298277944785171e-02
5.914914099433355582e-02
5.806755927828962521e-02
5.697024314715429943e-02
5.585917257388516022e-02
5.473630367530204349e-02
5.360356989767295355e-02
5.246288269600734439e-02
5.131613171158318915e-02
5.016518446536104986e-02
4.901188558222342728e-02
4.785805558055775816e-02
4.712749837947313031e-02
4.732936239861609828e-02
4.747448211168155130e-02
4.755979393126458926e-02
4.758673355526144705e-02
4.755822132522966733e-02
4.747842129192852978e-02
4.736033081484278956e-02
4.730595782778468372e-02
4.722482734737233623e-02
4.709240735914686782e-02
4.690361715183388736e-02
4.666152893299986559e-02
4.651992078372736705e-02
4.666866553254742783e-02
4.662241769288807958e-02
4.641205341011031549e-02
4.603420265850470539e-02
4.549664341726111783e-02
4.482871669090899430e-02
4.401926261689154823e-02
4.309917037279954038e-02
4.208084390369179473e-02
4.096819310693384369e-02
4.008632652658951356e-02
3.931759224118357848e-02
3.852730754623129306e-02
3.771952712420206105e-02
3.689824156730825422e-02
3.607439701991888709e-02
3.524450546214086266e-02
3.441149206067294769e-02
3.357893509945254762e-02
3.275026927316252584e-02
3.212034829868129493e-02
3.253887740757484270e-02
3.292926224938240443e-02
3.329087870311877445e-02
3.362324015204629091e-02
3.393043442902175799e-02
3.421054474664476930e-02
3.446090739539314773e-02
3.468151037355878680e-02
3.487245910491093559e-02
3.503397119285833056e-02
3.516637089362595336e-02
3.527008334875587209e-02
3.534562861782553772e-02
3.539361554880082750e-02
3.542120621373005124e-02
3.542409081733295662e-02
3.540158765896692789e-02
3.535457485621578549e-02
3.528398917075076247e-02
3.519081965441753918e-02
3.507610135984750438e-02
3.494090914067449899e-02
3.478635156825725383e-02
3.461356498688884092e-02
3.442772603184336005e-02
3.422820624518832511e-02
3.401369859329131384e-02
3.378538756864572085e-02
3.354445989345483659e-02
3.329209973103299663e-02
3.302948413904086000e-02
3.275777877411577971e-02
3.247813385023115562e-02
3.219168036197794097e-02
3.189952656799732028e-02
3.160275474380907362e-02
3.130241819955274091e-02
3.099953856263479648e-02
3.069510332501653588e-02
3.039006364859347942e-02
3.008681052664603783e-02
2.978534006871286569e-02
2.948562900686957367e-02
2.918847492101381627e-02
2.889463227357923561e-02
2.860481159122180844e-02
2.831967886110853608e-02
2.803985513052418069e-02
2.776591630232299462e-02
2.749839311410887110e-02
2.723777129346743528e-02
2.698449187660414972e-02
2.673895168247907711e-02
