5.688020240789593007e-01
5.683037778598378775e-01
5.636454827613892604e-01
5.748247947505313871e-01
5.783257771905628841e-01
5.846219167554675966e-01
5.859797377173324717e-01
6.009704608655564995e-01
6.151913879025145970e-01
6.581197600232786549e-01
6.689636799110274534e-01
7.621123127927467156e-01
8.433717035381795846e-01
7.579644101921559907e-01
8.972535727387992432e-01
9.211761144736599904e-01
1.119483103584568484e+00
1.191706896278846850e+00
1.125720529513924539e+00
1.816439976154178737e+00
1.539398221628682117e+00
1.670643843177658683e+00
1.493432725140256823e+00
1.159013935437276821e+00
1.337719114138979259e+00
1.319525565594686700e+00
1.278635114293545261e+00
1.614290500594321331e+00
1.509598974162538410e+00
1.286375757458765978e+00
1.286457399015188630e+00
1.496607890854247946e+00
1.564267085834956328e+00
1.561997061249759788e+00
1.567927252032065732e+00
1.718736600990384611e+00
1.778255963227929337e+00
1.937861516227103120e+00
2.215318591116556046e+00
2.698646137332611161e+00
2.725332623202750160e+00
2.851949056218339607e+00
2.808738465928431793e+00
3.237683644979825637e+00
3.039288978574223865e+00
2.795678752606138850e+00
2.555714057862289668e+00
2.680746551122709764e+00
2.983267989701144263e+00
3.219106543170084489e+00
3.353330462594676042e+00
3.434016035817966994e+00
3.470680703618910456e+00
3.430659626517427174e+00
3.403128466193157564e+00
3.527122440369155676e+00
3.957401859342833728e+00
4.104586411429444581e+00
4.500238168247835624e+00
4.360768149504297142e+00
4.119732204893501226e+00
4.181281803074971215e+00
3.963281841354766133e+00
4.319365404136141784e+00
4.473082759991426016e+00
4.343471997004717089e+00
4.125262187330158703e+00
3.752813944423053716e+00
3.221112745608500028e+00
2.676684264616420172e+00
2.112370879095702314e+00
1.639511959813194197e+00
1.328351547080260042e+00
1.163963849185857047e+00
1.084122432173034722e+00
1.030679049396437952e+00
9.789374056076453057e-01
9.260643351826400860e-01
8.768209131876042450e-01
8.358603097012419214e-01
8.040250510771111969e-01
7.788979510137435947e-01
7.572031107138554873e-01
7.370944439940865234e-01
7.449339756825209546e-01
7.540025332257884738e-01
7.996451166023793578e-01
8.289294890061159604e-01
8.331235962215228774e-01
8.048203552029017382e-01
7.626679555879133376e-01
7.288133841017983006e-01
7.121683941726001388e-01
6.518161887236756380e-01
6.046947682989272099e-01
5.751260822253807525e-01
5.601760020119885830e-01
5.563927918647287862e-01
5.501345552846228504e-01
5.472702225949760413e-01
5.598043026975346725e-01
5.584221598297157696e-01
5.402794982822799463e-01
5.078895221449267749e-01
4.637765749417182559e-01
4.234785601940550537e-01
4.036474338432743392e-01
3.765426293548946868e-01
3.535562420147229101e-01
3.511313216158727935e-01
3.459904701371483426e-01
3.384505671480644851e-01
3.296788191571474735e-01
3.205259440635643275e-01
3.110472050870388139e-01
3.015782918695344428e-01
2.922649305312482459e-01
2.834806243005214554e-01
2.747426743174454788e-01
2.658757027406570272e-01
2.567316897495743322e-01
2.471987235436732544e-01
2.373110349468433578e-01
2.272016518958816234e-01
2.170736877763371764e-01
2.139276161143117694e-01
2.099319076032440112e-01
2.125777986195262481e-01
2.153005445893954040e-01
2.116166968352670708e-01
2.166463870295824989e-01
2.189173471512164126e-01
2.185750279375923977e-01
2.159706979901648560e-01
2.118381190810740833e-01
2.065848096827259950e-01
2.011136637586350140e-01
1.954972453775602192e-01
1.900752202377185007e-01
1.850956707778016186e-01
1.802103733305576994e-01
1.752072468009751860e-01
1.700814716722859887e-01
1.643411057853318147e-01
1.577590436213966163e-01
1.505206669484554227e-01
1.423483479547710262e-01
1.378509888125800942e-01
1.390678928576329354e-01
1.391012584415800279e-01
1.379254311433419367e-01
1.353893748151947241e-01
1.317547034778771831e-01
1.302956466395387147e-01
1.289289704137801806e-01
1.272039414144443270e-01
1.251359456574667461e-01
1.228501062145632983e-01
1.202859889044496644e-01
1.174732523477778484e-01
1.144579222906916272e-01
1.112892393605790647e-01
1.080177713403136092e-01
1.046937038075094334e-01
1.013653422845566393e-01
9.807784706168480582e-02
9.487221103427752322e-02
9.178448142400667809e-02
8.884521821204674485e-02
8.834905434560738624e-02
8.966416948357881778e-02
9.081245471512887357e-02
9.172096505153683188e-02
9.234504566503394518e-02
9.266675127166770776e-02
9.269165565557470343e-02
9.244452192684904368e-02
9.196430794101172201e-02
9.129895079445096706e-02
9.054334058353512293e-02
8.971686192091936352e-02
8.884996267333433728e-02
8.798254344508117664e-02
8.714524292517659976e-02
8.635818406564214900e-02
8.563059268111035405e-02
8.496118995551292519e-02
8.433922782552247255e-02
8.374601715652932321e-02
8.315679181144745857e-02
8.254275536826077841e-02
8.189817498637813609e-02
8.119910898259684318e-02
8.038716654384900351e-02
7.943640470152675548e-02
7.832542381625799688e-02
7.703832983506914145e-02
7.556535286789359263e-02
7.390313078931479152e-02
7.205781343880147960e-02
7.008959288937925691e-02
6.795404432488563740e-02
6.566989383678897840e-02
6.325997975395226958e-02
6.075033463002698503e-02
5.952391700387501400e-02
5.952757462074451805e-02
5.950708006463788918e-02
5.945912350687681397e-02
5.938103704901478291e-02
5.927076918430712604e-02
5.912685301309560798e-02
5.894836947066366128e-02
5.873490674246445442e-02
5.848651695210903279e-02
5.820367110700153807e-02
5.788721318694113604e-02
5.753831415663977072e-02
5.715842658215936761e-02
5.674924043355216580e-02
5.631264055919354972e-02
5.585066622993978269e-02
5.536547306770388255e-02
5.485929759491081636e-02
5.433442457486952620e-02
5.379315724664003595e-02
5.323779050678945773e-02
5.267058703857280949e-02
5.209375634963762935e-02
5.150943664298397034e-02
5.091967941784933394e-02
5.032643667184581726e-02
4.973155055899156074e-02
4.913892841070779255e-02
4.855373495628329678e-02
4.797105923233565411e-02
4.739227278002008936e-02
4.681861813553136326e-02
4.625120921260605922e-02
4.569103296777458217e-02
4.513895218253506647e-02
4.459570920707956604e-02
4.406193051417834489e-02
4.353813192370404456e-02
4.302472436701849923e-02
4.252202006945310364e-02
4.203023904065215227e-02
4.154951577204226559e-02
4.107990604905127630e-02
4.062139379922077159e-02
4.017389790258531213e-02
3.973727890244567462e-02
3.931134556256125900e-02
3.889586122451953870e-02
3.849054992609354103e-02
3.809510225094209918e-02
3.770918088272642854e-02
3.733242584515186757e-02
3.696445941501292493e-02
3.660489069793970013e-02
3.625331986306160742e-02
3.590934203529055901e-02
3.557255084822424918e-02
3.524254166250678777e-02
3.491891445720209097e-02
3.460127640531487914e-02
3.428924414426299389e-02
3.398244575397826178e-02
3.368052245757614110e-02
3.338313005951524387e-02
3.308994013634468379e-02
3.280064099641707281e-02
3.251493842455157463e-02
3.223255622781104335e-02
3.195323659819687689e-02
3.167674030884649189e-02
3.140284675771873313e-02
3.113135387467955498e-02
3.086207790646170596e-02
3.059485309226957911e-02
3.032953124481590698e-02
3.006598124665700242e-02
2.980408847718464191e-02
2.954375417712501103e-02
2.928489476501349234e-02
2.902744111171735863e-02
2.877133778407102438e-02
2.851654226499166639e-02
2.826302415772112206e-02
2.801076438048924130e-02
2.775975435883611120e-02
2.750999521990641836e-02
2.726149699485870548e-02
2.701427783233543989e-02
2.676836322856689793e-02
2.652378527604264818e-02
2.628058193451730806e-02
2.603879632602297545e-02
2.579847605704713859e-02
2.555967256831728068e-02
2.539093171825075254e-02
2.524853329684147857e-02
2.510477820756253087e-02
2.495966348420836090e-02
2.481319418149218956e-02
2.466538303563479279e-02
2.451625010396142265e-02
2.436582238533067934e-02
2.421413342861706425e-02
2.406122292877082430e-02
2.390713631735056147e-02
2.375192434764104160e-02
2.359564267868296747e-02
2.343835146067211120e-02
2.328011492250081638e-02
2.312100096522423306e-02
2.296108076269666801e-02
2.280042837006682546e-02
2.263912034255809863e-02
2.247723536562734950e-02
2.231485389713858472e-02
2.215205782233150775e-02
2.198893012329120392e-02
2.182555456206257405e-02
2.166201537919377335e-02
2.149839700697862496e-02
2.133478379858070803e-02
2.117125977236448270e-02
2.100790837185395957e-02
2.084481224130431409e-02
2.068205301640649307e-02
2.051971113062843466e-02
2.035786563606675065e-02
2.019659403938809869e-02
2.003597215121484879e-02
1.987628914385718149e-02
1.971790647493399523e-02
1.956034098494488158e-02
1.940366141943684550e-02
1.924793431789004541e-02
1.909322393613802765e-02
1.893959218035499992e-02
1.878709855227798584e-02
1.863580010321125996e-02
1.848575139903950101e-02
1.833700449341426827e-02
1.818960890939150948e-02
1.804361163000812313e-02
1.789905709529137495e-02
1.775598720745117515e-02
1.761444134118715296e-02
1.747445636153048543e-02
1.733606664625619506e-02
1.719930411419809749e-02
1.706419825759737316e-02
1.693077617944495697e-02
1.679906263406992506e-02
1.666908007207598338e-02
1.654084868778026018e-02
1.641438646936752704e-02
1.628970925260815952e-02
1.616683077506717719e-02
1.604576273409828724e-02
1.592651484438930426e-02
1.580909489854350619e-02
1.569350882781628959e-02
1.557976076381683943e-02
1.546785310088242410e-02
1.535778655874603209e-02
1.524956024566915050e-02
1.514317172112026981e-02
1.503861705884602940e-02
1.493589090907647063e-02
1.483498656079336800e-02
1.473589600290513280e-02
1.463860998549530376e-02
1.454311807905887474e-02
1.444940873434686149e-02
1.435746933982641298e-02
1.426728627903492246e-02
1.417884498636000530e-02
1.409223592007641766e-02
1.400761521958448184e-02
1.393061543553244554e-02
1.387927008242500516e-02
1.382901188731626256e-02
1.377980682418938375e-02
1.373162145857058890e-02
1.368442295431021409e-02
1.363817907981734918e-02
1.359285821269506402e-02
1.354842934324096242e-02
1.350486207719907815e-02
1.346212663745456270e-02
1.342019386466324418e-02
1.337903521685458556e-02
1.333862276896589753e-02
1.329892921068604079e-02
1.325992784424908852e-02
1.322159258099704811e-02
