6.468019454068039131e-01
6.523055078515173077e-01
6.672600747785276676e-01
6.694461581389670179e-01
6.772426432369649252e-01
6.995044931984621961e-01
7.388901444705393562e-01
7.880479080236395539e-01
8.160691212183849297e-01
1.038772214527867721e+00
1.285908652411048569e+00
1.149679781704994408e+00
1.558193981352020252e+00
1.570258269892973901e+00
1.274675532457359095e+00
1.438511138761360053e+00
1.289885477222163512e+00
1.245568952417724695e+00
1.488533453791479388e+00
1.508731149067085608e+00
1.803467937550283784e+00
2.045671127643498011e+00
2.139597303721815003e+00
1.952230662038492603e+00
1.948270487161222642e+00
2.549008608117340202e+00
3.064512548916948464e+00
3.461899293824517443e+00
2.876641481236817288e+00
3.139877631224468946e+00
3.579017933561621678e+00
3.736816205443149741e+00
4.767413970258637335e+00
4.490589490156504660e+00
4.233006513500818357e+00
4.045323833290339621e+00
4.563332292071555329e+00
5.058751503795729576e+00
4.849860166423821894e+00
3.836307060197743812e+00
4.001690431814035165e+00
3.790749522236393165e+00
3.862497044904502630e+00
4.659797073563517245e+00
4.922628946761921753e+00
4.530566035023918303e+00
3.607620074128952581e+00
2.515316786731361276e+00
1.748139063167957863e+00
1.375380470706728087e+00
1.194473488333004596e+00
1.107714677823005589e+00
1.052353252027221187e+00
1.036336021982936062e+00
1.001070580996857862e+00
9.216101448216188485e-01
8.471844169695725846e-01
8.229144941926166412e-01
8.338014266836375477e-01
7.703689679456107164e-01
6.855321801435126927e-01
6.600252569059994467e-01
5.887419497989413442e-01
5.270495448079334233e-01
5.656452395491828877e-01
5.670379653937948072e-01
5.480217208051345601e-01
5.240375133518103690e-01
4.913921507714748560e-01
4.753849832830867594e-01
4.634490047644938548e-01
4.510592783992058430e-01
4.222861527910072299e-01
3.952235707801580733e-01
3.767921393728652646e-01
3.585416935344981071e-01
3.407745057443412606e-01
3.184716999217008238e-01
2.878599521524962124e-01
2.845723218680489275e-01
2.877062184371240172e-01
2.833601640315561720e-01
2.717834344060649499e-01
2.538089897207078671e-01
2.497326001482199631e-01
2.572625125248338973e-01
2.577143438799145425e-01
2.511927188718726112e-01
2.394020573904100391e-01
2.241733170247280915e-01
2.070821228312351991e-01
2.040870955263369146e-01
2.003037340941530575e-01
1.907958321065910401e-01
1.919899133851292461e-01
1.902000089019823814e-01
1.866136034066910310e-01
1.813919801608657734e-01
1.756245357181521194e-01
1.696722858117057919e-01
1.636550961438558160e-01
1.578558694178926469e-01
1.525206872966798632e-01
1.479246402836069396e-01
1.438550310853972114e-01
1.402362042735999514e-01
1.368884032472827694e-01
1.335550437488864928e-01
1.299698770669529269e-01
1.261319087407425654e-01
1.215384291966718350e-01
1.160654311288484009e-01
1.148631648645917908e-01
1.162720210025080109e-01
1.171903101663693963e-01
1.174577656183597579e-01
1.171906319637057992e-01
1.161599853419421347e-01
1.143616026810468506e-01
1.118673333753077564e-01
1.087921561006251203e-01
1.052800560932643653e-01
1.014894888496554043e-01
9.763510001401791427e-02
9.383038841775090400e-02
9.015513442008485367e-02
8.671868761215534294e-02
8.360313425350235361e-02
8.086233196690600922e-02
7.852301394204865004e-02
7.658744911365228392e-02
7.503713909796197457e-02
7.383707484310834956e-02
7.294014856822025883e-02
7.229140424043559165e-02
7.183190021432341033e-02
7.150204180215004313e-02
7.124431379208111259e-02
7.100540047253245390e-02
7.073772294579698527e-02
7.040045143535625383e-02
6.996006588413020144e-02
6.939054389889223740e-02
6.867325358882503394e-02
6.779662249104603799e-02
6.675564463122739267e-02
6.555127749426883921e-02
6.418977047006915737e-02
6.268195701965448285e-02
6.104253481563818445e-02
5.928935164581750072e-02
5.744270990206374466e-02
5.552469885998205512e-02
5.355856145290002757e-02
5.156810060708909987e-02
4.957712917223153909e-02
4.760896682812330860e-02
4.568598689375156369e-02
4.387501431100309518e-02
4.414898436508263996e-02
4.439206612354872766e-02
4.459699414515917032e-02
4.475725464574692447e-02
4.487130549394920814e-02
4.495301294341721293e-02
4.497670284651605205e-02
4.493873532569998136e-02
4.483627058619690103e-02
4.466725779310216915e-02
4.443041635557003211e-02
4.412521005992026124e-02
4.375181461531307131e-02
4.331107928525874257e-02
4.280448335564414342e-02
4.223408824785412213e-02
4.160248611762805415e-02
4.102377741016088181e-02
4.097909177354038673e-02
4.089191939908332768e-02
4.076196207813351235e-02
4.058923942565449694e-02
4.039463450586241317e-02
4.016135203141986409e-02
3.988675536018991552e-02
3.957183615141970229e-02
3.921781151886823830e-02
3.882610197369419647e-02
3.839830920308389545e-02
3.862366086624979128e-02
3.887625233712031780e-02
3.905592329950727942e-02
3.915935476074138000e-02
3.918429747140487335e-02
3.912952576157290724e-02
3.899478157013549356e-02
3.878071041772646055e-02
3.848879101514238871e-02
3.812126011803083220e-02
3.768103413853025191e-02
3.717162891016694698e-02
3.659707887804417026e-02
3.596185685564467355e-02
3.527079535662144827e-02
3.454428236624339926e-02
3.377983762312578714e-02
3.297368575999205798e-02
3.213131736882667011e-02
3.125825812481870108e-02
3.036001235758005456e-02
2.944201166129823896e-02
2.870086781075962407e-02
2.848157301892605478e-02
2.820374055252213366e-02
2.787100990418813623e-02
2.748727160371077297e-02
2.705777702061445272e-02
2.660613660146701406e-02
2.611477101438463427e-02
2.579609925424565173e-02
2.562980471106798136e-02
2.537116942902759714e-02
2.544545605179826184e-02
2.556567068688702857e-02
2.563277902899291014e-02
2.564868972031481356e-02
2.561559593383750180e-02
2.553593476984612060e-02
2.541234777879134571e-02
2.524764292228489498e-02
2.504475823455964284e-02
2.480672739711544533e-02
2.453664739552242208e-02
2.423764838210949735e-02
2.391286583417317341e-02
2.356541505783441362e-02
2.320774231048128994e-02
2.283519074984283539e-02
2.244804183992506891e-02
2.204913305590881778e-02
2.164119481820146393e-02
2.122683808497680472e-02
2.080854398177330727e-02
2.038865536546279403e-02
1.996937021031199369e-02
1.955273670137591679e-02
1.914064991311341044e-02
1.873484995066871869e-02
1.833692143000241817e-02
1.794829417483473702e-02
1.757024500801234942e-02
1.720390052023195587e-02
1.685024070062437346e-02
1.651010332020551308e-02
1.618418896203115132e-02
1.587306659881827786e-02
1.557717962355876021e-02
1.529685224577137861e-02
1.503662399700639828e-02
1.484353769551993718e-02
1.472602307774451176e-02
1.460965162727276279e-02
1.449441316343919040e-02
1.438029751743615317e-02
1.426729453494379740e-02
1.415539407868500292e-02
1.404458603103113379e-02
1.393486029652011779e-02
1.382620680442543833e-02
1.371861551121184540e-02
1.361207640297691819e-02
1.350657949782412860e-02
1.340211484824732451e-02
1.329867254335412828e-02
1.319624271105099278e-02
1.309481552028227483e-02
1.299438118301011504e-02
1.293868019415281290e-02
1.290263650277412646e-02
1.288737364113547168e-02
1.287484951119614689e-02
1.286402545537774188e-02
1.285387600568918022e-02
1.284339798457306489e-02
1.283161869202774016e-02
1.281760318474952851e-02
1.280046066273688408e-02
1.277934998333299550e-02
1.275348433208124167e-02
1.274534662129465055e-02
1.276037356325595597e-02
1.277470644940455376e-02
1.278793697894164971e-02
1.279968318799565817e-02
1.280958945313385132e-02
1.281732637369591837e-02
1.282259054328083875e-02
1.282510422155390233e-02
1.282461491509941792e-02
1.282089487704313711e-02
1.281374053541707927e-02
1.280297185678443313e-02
1.278843165554467524e-02
1.276998485473020487e-02
1.274751770665846773e-02
1.272093697987583712e-02
1.269016911840734931e-02
1.265515938001507412e-02
1.262479263247857919e-02
1.263875859985165093e-02
1.264615732130024497e-02
1.264683974743002239e-02
1.264068746868474494e-02
1.262761182476684028e-02
1.260755292002119048e-02
1.258047855632319495e-02
1.254753969963885545e-02
1.251020162493780494e-02
1.246587946991582589e-02
1.241463258746988881e-02
1.235654217435469375e-02
1.229170995947475448e-02
1.222025687838765307e-02
1.214232174146744753e-02
1.205805990359374788e-02
1.196764194093682260e-02
1.187125234111909879e-02
1.176908821207965812e-02
1.166135801402608946e-02
1.154828031961899031e-02
1.143008260460304931e-02
1.130700007445605351e-02
1.124017946437476205e-02
1.123414234724404853e-02
1.122590201437511856e-02
1.121546239342679531e-02
1.120283176811821130e-02
1.118802253501090596e-02
1.117105096357906037e-02
1.115193696311894515e-02
1.113070385415786817e-02
1.110737814626816013e-02
1.108198932150090271e-02
1.105456962424068365e-02
1.102515385745960266e-02
1.099377918474209355e-02
1.096048493955274587e-02
1.092531244044364983e-02
1.088830481302006763e-02
1.084950681846225812e-02
1.080896468849149028e-02
1.076672596689295935e-02
1.072283935756023453e-02
1.067735457861686797e-02
1.063032222326226045e-02
1.058179362664539436e-02
1.053182073867769269e-02
1.048045600343266125e-02
1.042775224365989975e-02
1.037376255191268908e-02
1.031854018661784896e-02
1.026213847428216613e-02
1.020461071657190882e-02
1.014601010305869570e-02
1.008638962880852377e-02
1.002580201679115039e-02
9.965216895665004668e-03
9.903908950331767602e-03
9.841760855533654082e-03
9.778823560786747623e-03
9.715147459841632152e-03
9.650782338580176159e-03
9.585777326304990159e-03
9.520180851017906801e-03
9.454040598321823002e-03
9.387403473860274697e-03
9.320315569175719600e-03
9.252822130568558526e-03
9.184967531117568806e-03
9.116795245907482331e-03
9.048347829760477329e-03
8.979666897558139654e-03
8.910793107649491937e-03
8.841766147109781857e-03
8.772624719624871545e-03
8.703406535461999730e-03
8.634148303828042062e-03
8.564885726449001160e-03
8.495653494008797990e-03
8.426485283556077108e-03
8.357413758018295002e-03
8.288470566991531022e-03
8.219686349175326159e-03
8.151090736355318458e-03
8.082712358088167334e-03
8.014578848450722506e-03
7.946716853031544209e-03
7.879152037576161310e-03
7.811909097393657936e-03
7.745011767638900792e-03
7.678482834537995495e-03
