3.745961221708184463e-01
3.745253067086890542e-01
3.743119130518325899e-01
3.766575201578886145e-01
3.810557987789896517e-01
3.844265855061203552e-01
3.885301603623652622e-01
3.938210217353189657e-01
4.039094645748025902e-01
3.846197105610371647e-01
4.213895864432501415e-01
4.980946526799383545e-01
5.886919325743863451e-01
8.213886309307916189e-01
9.029559721571743802e-01
7.202014649555000814e-01
6.387164166682995914e-01
7.288756526172104344e-01
7.454063756838215093e-01
8.219147349653904699e-01
9.940812515193064858e-01
1.141486479477563876e+00
1.161231677911695570e+00
1.117309290053792425e+00
1.046513722489789799e+00
1.370936627256362561e+00
1.669736266950659243e+00
1.661285280133545372e+00
1.210233052680580013e+00
1.368862043590901800e+00
1.220765617596155206e+00
1.312698259124423394e+00
1.308629860406743672e+00
1.444299621938826439e+00
1.560889954837077598e+00
1.320205613522887012e+00
1.154633849630676945e+00
8.931120669758563224e-01
7.715982847984567128e-01
7.307424510170112963e-01
7.400413972191517420e-01
7.787571288816873549e-01
7.804886527517681527e-01
6.975874317881362030e-01
6.550450138372621023e-01
7.239045017883263267e-01
8.228120682311468315e-01
8.475419476631526061e-01
8.597263778239466747e-01
9.966565642316542739e-01
1.030591416792030257e+00
1.004509456542592050e+00
1.042051775473501030e+00
1.091422104185830078e+00
1.131598249457202110e+00
1.064691784258734897e+00
1.157762988198427934e+00
1.169156229648245393e+00
1.087974254351649517e+00
1.063340835732214495e+00
1.167678376144052788e+00
1.238499827229012640e+00
1.336357819632742805e+00
1.548020943742407729e+00
1.558924389496136431e+00
1.508624513872744322e+00
1.617422749563576900e+00
1.727570741400454413e+00
1.784636400993715011e+00
2.011736389947599513e+00
2.067710112232646669e+00
2.010777268633618498e+00
1.845909745916562317e+00
1.730527115696366858e+00
1.697701871173010080e+00
1.720868914234816582e+00
1.752162232158332555e+00
1.758933936244627239e+00
1.733999383482690781e+00
1.696123624318714551e+00
1.675260113123585137e+00
1.693630209326174363e+00
1.752847864421153812e+00
1.834188612840627730e+00
1.952433915982696000e+00
2.138551248738724819e+00
2.258251067218876251e+00
2.281051974378847103e+00
2.195621394150201411e+00
2.111920197537535238e+00
1.974274410627936405e+00
2.028190819041545190e+00
2.044218744836149959e+00
2.076577048032302919e+00
2.082121562470927945e+00
2.234382584613777922e+00
2.451163367200477783e+00
2.497337084146850739e+00
2.453241673663913325e+00
2.264434347432542349e+00
1.981688923343394304e+00
1.729125254115134513e+00
1.502799061083783583e+00
1.286730360186919553e+00
1.130663106544715912e+00
1.028621350798520018e+00
9.387220866166935407e-01
8.634533497825328530e-01
8.011002797226185468e-01
7.481449817960568183e-01
7.116900404930489588e-01
6.898673197973971272e-01
6.671705380579024958e-01
6.409169882830808573e-01
6.093345277777230118e-01
5.897751530115630247e-01
5.873858460657831460e-01
5.661172368468588845e-01
5.592690972488640888e-01
5.510975945997776959e-01
5.488125962765231236e-01
5.327923046244359417e-01
5.097200254153977372e-01
4.971920308497013163e-01
4.737671867989310948e-01
4.420604924858619333e-01
4.049924887756701231e-01
3.725291469831655267e-01
3.647091334445628497e-01
3.562521327765600931e-01
3.470502870478137103e-01
3.372823462655160642e-01
3.271922973094221199e-01
3.166903675469519563e-01
3.061282928120424573e-01
2.979879313840293475e-01
2.925750877344696077e-01
2.870606037292572355e-01
2.814052133741805073e-01
2.821801737257517151e-01
2.883606292011223204e-01
2.913511873915208827e-01
2.910526448153498702e-01
2.872805128570924960e-01
2.802348786318159535e-01
2.703395324891778584e-01
2.578542193352025835e-01
2.510832478940124290e-01
2.502471342945138955e-01
2.470158171453543383e-01
2.415687499528368642e-01
2.342333267620266002e-01
2.251845070882202982e-01
2.145991127368421791e-01
2.118115638747205820e-01
2.085978231324584486e-01
2.039905535569206119e-01
1.979017716445237995e-01
1.907519908914289686e-01
1.824706864761357628e-01
1.734319441542269691e-01
1.674524761621085100e-01
1.662008031058135049e-01
1.642474506681946556e-01
1.613996720303496890e-01
1.576691340940378216e-01
1.553276268589606490e-01
1.534361035988541788e-01
1.515282229313588136e-01
1.496028595450839271e-01
1.476750479544024497e-01
1.457722214576072650e-01
1.438504927561798930e-01
1.419113470190957460e-01
1.399567768405544366e-01
1.379892007331712800e-01
1.360113802987129583e-01
1.340263385564705034e-01
1.320372814740031764e-01
1.300475243209636145e-01
1.280604240651659620e-01
1.261024064641522724e-01
1.241683181449707157e-01
1.222441019108091581e-01
1.203328273226793310e-01
1.184373856148478871e-01
1.165604647295443996e-01
1.147045309812710495e-01
1.128718168049614445e-01
1.110643139844285504e-01
1.092837717182276180e-01
1.075316988744704771e-01
1.058093697876792277e-01
1.041178329792121632e-01
1.024579222128560729e-01
1.008302693423835800e-01
9.923531845655607364e-02
9.767334087831494593e-02
9.615700774480034907e-02
9.467404568836955414e-02
9.322294591640194195e-02
9.180351943801472181e-02
9.041547601228450137e-02
8.905843792019342564e-02
8.773195294204828854e-02
8.643550645621497774e-02
8.516853260514122004e-02
8.393042449952549389e-02
8.272054345495008509e-02
8.153822727194971753e-02
8.038279758690140830e-02
7.925356633093209868e-02
7.814984134482595712e-02
7.707093120411526166e-02
7.601614931002251274e-02
7.498481731033150577e-02
7.397626790826913878e-02
7.298984712190589863e-02
7.202491605436857347e-02
7.108085223075065462e-02
7.015705055681237257e-02
6.925292395153770375e-02
6.836790369963526015e-02
6.750143956846660354e-02
6.665299972939831008e-02
6.582207051867339231e-02
6.500815607070399571e-02
6.421077785157479345e-02
6.342947411746463482e-02
6.266379932050737678e-02
6.191332347928121815e-02
6.117763153050167352e-02
6.045632267424237011e-02
5.974900972413200312e-02
5.905531847067699291e-02
5.837488706408303779e-02
5.770736542292131260e-02
5.705241467105527653e-02
5.640970660597765390e-02
5.577892320015824523e-02
5.515975613516128917e-02
5.455190636961649436e-02
5.395508373946175662e-02
5.336900658922633794e-02
5.279340143360185256e-02
5.222800264672353143e-02
5.167255217751608176e-02
5.112679928945246255e-02
5.059050032157689364e-02
5.006341846959538183e-02
4.954532358482196391e-02
4.903599198830736056e-02
4.853520629903809031e-02
4.804275527362247833e-02
4.755843365676715867e-02
4.708204203971923241e-02
4.661338672643412784e-02
4.615227960520953965e-02
4.569853802563424161e-02
4.525198467870532315e-02
4.481244748045024040e-02
4.437975945733493160e-02
4.395375863329146343e-02
4.353428791782477242e-02
4.312119499461045113e-02
4.271433221064162289e-02
4.231355646493013128e-02
4.191872909779304629e-02
4.152971577889613686e-02
4.114638639630608524e-02
4.076861494413342585e-02
4.039627941072605061e-02
4.002926166628884702e-02
3.966744735095820151e-02
3.931072576248984679e-02
3.895898974483753135e-02
3.861213557663221302e-02
3.827006286072587304e-02
3.793267441434367004e-02
3.759987616055865400e-02
3.727157702053107008e-02
3.694768880742547307e-02
3.662812612182714950e-02
3.631280624904391352e-02
3.600164905778831248e-02
3.569457690141460832e-02
3.539151452110513713e-02
3.509238895116788270e-02
3.479712942687221422e-02
3.450566729467891697e-02
3.421793592522345134e-02
3.393387062836815404e-02
3.365340857154888732e-02
3.337648870037793203e-02
3.310305166217574618e-02
3.283303973205261433e-02
3.256639674210763669e-02
3.230306801296706914e-02
3.204300028813118761e-02
3.178614167146207037e-02
3.153244156662916853e-02
3.128185061971844316e-02
3.103432066432454742e-02
3.078980466927595805e-02
3.054825668831012350e-02
3.030963181313858432e-02
3.007388612791031535e-02
2.984097666663571707e-02
2.961086137239974173e-02
2.938349905914177523e-02
2.915884937518844686e-02
2.893687276871104164e-02
2.871753045574605354e-02
2.850078438910386841e-02
2.828659722984891087e-02
2.807493231996800731e-02
2.786575365709450039e-02
2.765902587031188881e-02
2.745471419769134405e-02
2.725278446516704589e-02
2.705320306666888011e-02
2.685593694560929265e-02
2.666095357742450864e-02
2.646822095331174962e-02
2.627770756490582088e-02
2.608938239012656424e-02
2.590321487975972073e-02
2.571917494488402955e-02
2.553723294533817231e-02
2.535735967866937016e-02
2.517952637009982994e-02
2.500370466262420710e-02
2.482986660820224803e-02
2.465798465958115096e-02
2.448803166197097148e-02
2.431998084594556853e-02
2.415380582034617682e-02
2.398948056577027838e-02
2.382697942830835913e-02
2.366627711391410677e-02
2.350734868244870948e-02
2.335016954288158045e-02
2.319471544804090415e-02
2.304096248989730145e-02
2.288888709510491712e-02
2.273846602044961654e-02
2.258967634897971963e-02
2.244249548564915264e-02
2.229690115358872946e-02
2.215287139049942206e-02
2.201038454452775711e-02
2.186941927123928209e-02
2.172995452973321834e-02
2.159196957952057988e-02
2.145544397700463804e-02
2.132035757226271797e-02
2.118669050574948851e-02
2.105442320521511840e-02
2.092353638242142044e-02
2.079401103018174018e-02
2.066582841895669639e-02
2.053897009402031945e-02
2.041341787242685960e-02
2.028915383962473853e-02
2.016616034680651995e-02
2.004442000751122804e-02
1.992391569486331310e-02
1.980463053838720996e-02
1.968654792109095913e-02
1.956965147625653115e-02
1.945392508469379403e-02
1.933935287142128298e-02
1.922591920291732634e-02
1.911360868387215750e-02
1.900240615439344888e-02
1.889229668678286608e-02
1.878326558278700653e-02
1.867529837022073591e-02
1.856838080038472616e-02
1.846249884481796985e-02
1.835763869228455858e-02
1.825378674596926307e-02
1.815092962040050148e-02
1.804905413856729840e-02
1.794814732874699253e-02
1.784819642191161349e-02
1.774918884849936707e-02
1.765111223563995205e-02
1.755395440434067214e-02
1.745770336641139925e-02
1.736234732165506389e-02
1.726787465522565748e-02
1.717427393455230392e-02
1.708153390664502586e-02
1.698964349525743447e-02
1.689859179825356147e-02
1.680836808478671993e-02
1.671896179240207891e-02
1.663036252481269947e-02
1.654256004874051639e-02
