3.750465645359282729e-01
3.743389957916645749e-01
3.767895605617818666e-01
3.764192447844419975e-01
3.782867363943545058e-01
3.815564293768485826e-01
3.862621943857406648e-01
3.921614461216821335e-01
4.014062657817341062e-01
4.456525982237201089e-01
4.468150741591895292e-01
5.000562142554272338e-01
5.771514072918412230e-01
7.497243129221092817e-01
8.012620829273384704e-01
9.017381687820648084e-01
7.188350441494871790e-01
9.821314679502736178e-01
1.069472092445383771e+00
9.320427193993057191e-01
1.122404566759966249e+00
1.333382759009776208e+00
1.326783022029851322e+00
1.653055334212363947e+00
1.298830463457396611e+00
1.305725471456599562e+00
1.369789639088124344e+00
1.249062869124547337e+00
1.417404243967423705e+00
1.429294297208746123e+00
1.589875140442795320e+00
1.882399011689260160e+00
1.656581624801542807e+00
1.400707350947100638e+00
9.478472407527276378e-01
8.134490556722617782e-01
7.017927751112035262e-01
6.293659813220682242e-01
6.360195888734286873e-01
6.710452624482508011e-01
8.153916408648336223e-01
8.423635575955064070e-01
7.051102289085537933e-01
7.167715831158569806e-01
7.561404763127208550e-01
7.905771375598596995e-01
9.272903970416639385e-01
1.016665354085650952e+00
9.911690958492787029e-01
1.125326309336982744e+00
1.170866827781436692e+00
1.207117654887169156e+00
1.333868116042334906e+00
1.375881491478844643e+00
1.205541249035472662e+00
1.187718099339754696e+00
1.355275594687165519e+00
1.392018814986598185e+00
1.428844861443095082e+00
1.483891836238783402e+00
1.447819715243281458e+00
1.560004384701854319e+00
1.758483945548583449e+00
1.846609288269481786e+00
1.649346630563428784e+00
1.572320126235010607e+00
1.685301450577052940e+00
1.771442306082240181e+00
2.021363489742109554e+00
1.995926675182484233e+00
1.821354701685395927e+00
1.823245808858061423e+00
2.032807750149006054e+00
2.214314067672025654e+00
2.204981243475945707e+00
2.131291270648483671e+00
2.249660084615634048e+00
2.337474128903942017e+00
2.421652751183660079e+00
2.480845197842461491e+00
2.443435746479667436e+00
2.262181608045792824e+00
2.028695868166990213e+00
2.095223593246222649e+00
2.105769684490630400e+00
2.276315827601706143e+00
2.290407229493241381e+00
2.220667186146795480e+00
2.250970478457051449e+00
2.370615613312713865e+00
2.440307743769577264e+00
2.378787798928861719e+00
2.185353590751255570e+00
1.942557826059505333e+00
1.611671095027070733e+00
1.379501464997517912e+00
1.202492260223632092e+00
1.031541560290763382e+00
8.971471875281878949e-01
7.711159971625344278e-01
7.261971443894514877e-01
6.838546010338104608e-01
6.435629535637241716e-01
6.063719090819813529e-01
5.718996729132493906e-01
5.412236687868784424e-01
5.278421485787793133e-01
5.163486547903192170e-01
5.100609330441704392e-01
4.938431113181294685e-01
4.580082487113173451e-01
4.329263068873470677e-01
4.381435157854620122e-01
4.389516250742916403e-01
4.343520879027005788e-01
4.240107498183393608e-01
4.071505260477190080e-01
4.011250819281472202e-01
3.920234176100044210e-01
3.766471847987601929e-01
3.555287623792257046e-01
3.448683376378505749e-01
3.365534087858159662e-01
3.239671432703579157e-01
3.086568572177680880e-01
2.992495379911191966e-01
2.898126707183801276e-01
2.805101525941537943e-01
2.716599408103407276e-01
2.646057448943378576e-01
2.565784502200704198e-01
2.476703792631494983e-01
2.407309646832541949e-01
2.343627300638774780e-01
2.285546017103717020e-01
2.232762825925643790e-01
2.184825658963354678e-01
2.141176805828728658e-01
2.101308255493286037e-01
2.064920706071847190e-01
2.030951880965690681e-01
2.043851646100549313e-01
2.063864140885680876e-01
2.083483220407360836e-01
2.111463423755925994e-01
2.122100169818575688e-01
2.115820603863635407e-01
2.093253054220301501e-01
2.055230451986682361e-01
2.025550449037058220e-01
2.004515645659000755e-01
1.958362880656170091e-01
1.889507764528585154e-01
1.801603116574813090e-01
1.711979403133215560e-01
1.697767388518992004e-01
1.673876939338108105e-01
1.641531255203557138e-01
1.601679243594598401e-01
1.555732044701387262e-01
1.505218701279727456e-01
1.449978469213721866e-01
1.393291816411636186e-01
1.334258335756866864e-01
1.286648905529500786e-01
1.260432946433831802e-01
1.235276693739083692e-01
1.211188245703282429e-01
1.188160212019678391e-01
1.166171395579396752e-01
1.145188602842579922e-01
1.125168514715628176e-01
1.106059559844497636e-01
1.087803742135292628e-01
1.070338383707387098e-01
1.053597753269952253e-01
1.037514557932674580e-01
1.022021283559355065e-01
1.007051375039667851e-01
9.925402531619338664e-02
9.784261692350834649e-02
9.647241016707565342e-02
9.513875533887117264e-02
9.382887260053650313e-02
9.253821957639246643e-02
9.126273485516719908e-02
8.999884673807288793e-02
8.874347270836571711e-02
8.749401089566703760e-02
8.624832477664615138e-02
8.500472229499279886e-02
8.376193051469928152e-02
8.251906683626754335e-02
8.127560771561682940e-02
8.003135573118727586e-02
7.894763113512169583e-02
7.831744663982996568e-02
7.769683574210527188e-02
7.708376381913689679e-02
7.647638042431462169e-02
7.587301900037499158e-02
7.527219456150284482e-02
7.467259962852333677e-02
7.407309868533153152e-02
7.347272140848093436e-02
7.287065490311329941e-02
7.226623515972971368e-02
7.165893792704537690e-02
7.104836917691899345e-02
7.043425531833798214e-02
6.981643329982163693e-02
6.919999645978726355e-02
6.858626112432980593e-02
6.796867685264651460e-02
6.734740269871397622e-02
6.672266310076796492e-02
6.609473931163689642e-02
6.546396123921542631e-02
6.483069972810853732e-02
6.419535930586980910e-02
6.355837140911392569e-02
6.292018809705579585e-02
6.228127625438266424e-02
6.164211228011773347e-02
6.100317725433613419e-02
6.036495257072579251e-02
5.972791602096301500e-02
5.909253831201976420e-02
5.845927999839893585e-02
5.782858880726341605e-02
5.720089733529289122e-02
5.657662109361388109e-02
5.595615687869711502e-02
5.533988144496782696e-02
5.472815045723198463e-02
5.412129769898885862e-02
5.351963451550223461e-02
5.292344946953596307e-02
5.233300818949390004e-02
5.174855338946016126e-02
5.117030504331823715e-02
5.059846069402254565e-02
5.003319588192493145e-02
4.947466467589081013e-02
4.892300029300372666e-02
4.837831579229918272e-02
4.784070483088879999e-02
4.731024246990742088e-02
4.678698602027587389e-02
4.627097591786475533e-02
4.576223661998746889e-02
4.526077751432806134e-02
4.476659383401592612e-02
4.427966757189021052e-02
4.379996838830917116e-02
4.332745450777409496e-02
4.286207359983052606e-02
4.240568275113413416e-02
4.195665752552685951e-02
4.151444042567524473e-02
4.107895179466031915e-02
4.065010516990587297e-02
4.022780801299104259e-02
3.981196240800578129e-02
3.940246572855585910e-02
3.899921127198760495e-02
3.860208886094877723e-02
3.821098541205503879e-02
3.782578547138947672e-02
3.744637171813977594e-02
3.707262543542188399e-02
3.670442695023633933e-02
3.634165604213684259e-02
3.598419232240395588e-02
3.563191558359998096e-02
3.528470612155860248e-02
3.494244502983590711e-02
3.460501446814735760e-02
3.427229790623128464e-02
3.394418034338132772e-02
3.362054850548167051e-02
3.330129102049917550e-02
3.298629857339706317e-02
3.267546404180048797e-02
3.236868261334448910e-02
3.206585188595303948e-02
3.176687195197579888e-02
3.147164546732030693e-02
3.118007770662721556e-02
3.089207660517370724e-02
3.060755278906843180e-02
3.032641959368435197e-02
3.004859307254053799e-02
2.977399199590681847e-02
2.950253784138004778e-02
2.923415477630360998e-02
2.896876963294009802e-02
2.870631187731946532e-02
2.844671357230211042e-02
2.818990933522560680e-02
2.793583629115333616e-02
2.768443402207203252e-02
2.743564451229684245e-02
2.718941209116659471e-02
2.694568337282289214e-02
2.670440719402667265e-02
2.646553454999907989e-02
2.622901852917198379e-02
2.599481424625709955e-02
2.576287877522906791e-02
2.553317108134957672e-02
2.530565195314227536e-02
2.508028393433328618e-02
2.485703125609206587e-02
2.463585976968722668e-02
2.441673687968192244e-02
2.419963147797868364e-02
2.398451387892898759e-02
2.377135575514760860e-02
2.356013007482714305e-02
2.335081104026830515e-02
2.314337402756088541e-02
2.293779552804134370e-02
2.273405309077930481e-02
2.253212526733192056e-02
2.233199155722398119e-02
2.213363235587016697e-02
2.193702890359592803e-02
2.174216323658342137e-02
2.154901813963554930e-02
2.135757710021414860e-02
2.116782426464595621e-02
2.097974439576396830e-02
2.079332283228219405e-02
2.060854544984555212e-02
2.042539862377253795e-02
2.024386919323832579e-02
2.006394442747595763e-02
1.988561199301135118e-02
1.970885992288017724e-02
1.953367658714639729e-02
1.936005066484930079e-02
1.918797111764260904e-02
1.901742716462534802e-02
1.884840825839317890e-02
1.868090406293139438e-02
1.851490443217280665e-02
1.835039939033221087e-02
1.818737911303481072e-02
1.802583390991565476e-02
1.786575420801316330e-02
1.770713053667560474e-02
1.754995351307730642e-02
1.739421382904195526e-02
1.729600832554396145e-02
1.723544619636887751e-02
1.717522456279412316e-02
1.711533524315137292e-02
1.705577038974905729e-02
1.699652248199116228e-02
1.693758431919041227e-02
1.687894901292527269e-02
1.682060998006159810e-02
1.676256093488217788e-02
1.670479588170994956e-02
1.664730910706303108e-02
1.659009517210969717e-02
1.653314890505464332e-02
1.647646539327942555e-02
1.642003997589213185e-02
1.636386823578571750e-02
1.630794599230499936e-02
1.625226929354416094e-02
1.619683440898567889e-02
1.614163782189630136e-02
1.608667622213619600e-02
1.603194649883550246e-02
1.597744573325449169e-02
1.592317119163208505e-02
1.586912031846684015e-02
1.581529072939492561e-02
1.576168020459974006e-02
1.570828668223524932e-02
1.565510825186282318e-02
1.560214314816138655e-02
1.554938974468502398e-02
1.549684654773493715e-02
1.544451219053366402e-02
1.539238542722327907e-02
1.534046512730707912e-02
1.528875027007943824e-02
1.523723993924826388e-02
1.518593331769337376e-02
1.513482968216591645e-02
1.508392839864160923e-02
1.503322891711236092e-02
1.498273076716431611e-02
1.493243355323446535e-02
1.488233695030370500e-02
1.483244069950884203e-02
