3.207139940963523728e-01
3.224655609138518120e-01
3.314616427637491203e-01
3.298684462356638036e-01
3.352882739510057997e-01
4.029484204988620366e-01
4.865039565975034508e-01
4.901174643658909313e-01
4.289161278553539347e-01
5.008026676148950029e-01
6.642680764265322946e-01
6.407914258693105936e-01
7.680259438281360485e-01
8.083498886194198096e-01
8.369102754380464138e-01
7.557407061538937709e-01
8.646882651583781554e-01
7.764835432971031182e-01
7.999076924103437625e-01
1.067142761373748527e+00
1.074701865512681653e+00
1.074278225304199808e+00
1.200092771442528017e+00
9.465896536123179494e-01
1.200108135143773458e+00
1.348873078469618125e+00
1.302406324877730892e+00
1.770390558438453610e+00
1.711289228467367751e+00
2.087674696761611770e+00
2.022011378459337649e+00
1.606144919906207003e+00
1.914513647670135876e+00
2.057884246452207577e+00
2.488537123997139222e+00
2.082842003977714462e+00
2.412484634830923902e+00
2.388736140174732903e+00
2.241109365703212841e+00
2.590879962213170629e+00
3.083624406634078330e+00
2.110790374568515038e+00
1.429462905051449351e+00
1.185401083543798695e+00
9.714221442572474885e-01
8.114740767408883393e-01
7.957818881219640428e-01
7.506499867655611613e-01
6.331986280574105619e-01
6.922506547825196810e-01
6.554211757675862948e-01
5.822745535604669787e-01
5.844843721753372190e-01
5.183446332398996548e-01
4.465640258556654030e-01
4.182392061648804726e-01
3.957619854967684425e-01
3.636757637149027333e-01
3.765859972536526601e-01
3.837140974683199701e-01
3.418080764423079287e-01
3.168918085221480441e-01
3.175374498605395002e-01
3.085077551708458876e-01
3.129288049148264972e-01
2.773442947915673029e-01
2.525346794127312222e-01
2.467009740604931001e-01
2.300410050959767472e-01
2.081476481043375570e-01
2.039959252665038691e-01
1.972807652528443811e-01
1.925369128233344329e-01
1.731951253616922093e-01
1.449966231481486512e-01
1.298539658941451069e-01
1.251686423004503279e-01
1.309711804281198655e-01
1.352401195546479307e-01
1.371526481902123895e-01
1.365766172171767601e-01
1.341143235975420234e-01
1.298755013928783175e-01
1.239992572696221873e-01
1.170133465254413196e-01
1.097790767528113998e-01
1.022480971206547462e-01
9.481284915885157538e-02
8.777743663560312604e-02
8.190837637884343381e-02
7.701563111335622824e-02
7.241146583867964781e-02
6.823047284962154013e-02
6.774099038724958055e-02
7.302504991650930755e-02
7.744528873590704465e-02
8.073207463723622301e-02
8.275152681387686060e-02
8.341905988728708088e-02
8.288628240984666218e-02
8.109254513800526198e-02
7.784913735009382774e-02
7.759652730484256633e-02
7.446018785970283382e-02
6.844622151886418926e-02
6.482646136650541124e-02
6.529564823654089578e-02
6.409218153354082070e-02
6.834210627784324810e-02
6.977162604749988228e-02
6.867793516624466632e-02
6.572708863213598540e-02
6.143058374252974296e-02
5.657462609674538540e-02
5.189233636322438531e-02
4.770950192872042833e-02
4.428269278421305410e-02
4.170901596311687304e-02
4.001173457042924569e-02
3.904331023083476571e-02
3.864721306229633446e-02
3.867868525534839952e-02
3.900329669638328417e-02
3.949799014320723445e-02
4.004760621724628988e-02
4.054163232098472597e-02
4.087399248689397441e-02
4.097035538080544964e-02
4.079386927640494404e-02
4.021866750892001685e-02
3.920571420697904763e-02
3.774798735358712853e-02
3.718996054217549307e-02
3.769341370230999688e-02
3.769097500407896789e-02
3.717699550423948091e-02
3.610296704695070691e-02
3.452919682198798967e-02
3.417939324524871259e-02
3.433171063724237831e-02
3.411373662291698056e-02
3.358458000541181959e-02
3.280677766087570363e-02
3.195547791778414332e-02
3.146771525252135826e-02
3.076483961954897331e-02
3.000711826353565440e-02
2.948174156813569008e-02
2.892731238500272431e-02
2.834887237704428534e-02
2.775015770865202000e-02
2.713374032348467302e-02
2.650121301878241228e-02
2.585339889766909496e-02
2.519056831757568449e-02
2.451264949229878601e-02
2.381942212327206598e-02
2.311068658040386914e-02
2.238640403383472879e-02
2.172950999969221891e-02
2.158897653308477355e-02
2.142642705499116923e-02
2.154836061440441528e-02
2.163104241148168516e-02
2.166682049446591249e-02
2.165395991491590039e-02
2.159111909751416578e-02
2.149226474789784833e-02
2.135319859120823199e-02
2.116250766117897322e-02
2.092067313510084098e-02
2.096491199402718275e-02
2.111863328596024283e-02
2.123977911716939948e-02
2.132694559973129234e-02
2.137903518058897542e-02
2.149431927640605214e-02
2.192206397169935150e-02
2.224187273075258278e-02
2.244132086200637324e-02
2.251754498997721177e-02
2.247037016003898199e-02
2.230215943260695916e-02
2.201761345446402382e-02
2.162352923514659214e-02
2.112908084703071093e-02
2.057240220184398255e-02
1.993359277419799042e-02
1.992255849010574065e-02
2.000603637528520704e-02
2.000340224733676564e-02
1.991739888530810049e-02
1.975198246463919644e-02
1.951217610274104397e-02
1.920391446981723274e-02
1.883388312147893026e-02
1.840935598796799091e-02
1.793803418323419371e-02
1.742788899513619469e-02
1.688701158706433503e-02
1.632347159542203718e-02
1.575532887946560698e-02
1.517813839436939378e-02
1.459919331996670754e-02
1.402538770775421315e-02
1.346309291584151836e-02
1.291809240502576721e-02
1.239553110078884732e-02
1.189987900520565224e-02
1.167966461172346114e-02
1.149838273664233364e-02
1.131436986447684027e-02
1.112787464631195301e-02
1.101198875160639030e-02
1.090507996690554676e-02
1.079847667275883431e-02
1.069218194950397917e-02
1.058620047295647827e-02
1.048053841568871540e-02
1.037643626360538508e-02
1.027286639824222941e-02
1.016959797916372477e-02
1.006664238394045993e-02
9.964012017302622398e-03
9.861720213362549017e-03
9.759781139326705046e-03
9.698125746799460961e-03
9.650536677259569096e-03
9.602066534142784937e-03
9.552724989766071470e-03
9.502523537907594034e-03
9.451475400946800914e-03
9.399595435665670379e-03
9.346900038198959620e-03
9.374439570464186341e-03
9.405722244458600972e-03
9.423890203392655887e-03
9.427740936685836959e-03
9.416325696154772412e-03
9.388944583117762172e-03
9.345138922595390071e-03
9.284681255483111587e-03
9.207563279626617206e-03
9.113982067968845469e-03
9.004324882476901631e-03
8.880859308161112575e-03
8.745058805066298346e-03
8.595116085645108928e-03
8.473384134756766981e-03
8.410766872675378217e-03
8.347759686746499680e-03
8.284391540089263567e-03
8.220691390686275454e-03
8.156688136169999367e-03
8.092410561468820623e-03
8.027887289551343883e-03
7.963146734890692510e-03
7.898217060103008419e-03
7.907955399420624545e-03
7.920040653982976867e-03
7.925960809380823771e-03
7.925697964313596633e-03
7.919263700943361683e-03
7.906697281241764977e-03
7.888063824781639533e-03
7.865764907583706889e-03
7.837798617419775016e-03
7.804074028479039693e-03
7.764733199156568198e-03
7.719935598415959832e-03
7.669856383693610807e-03
7.614684719837895924e-03
7.554622144914814943e-03
7.489880988001181711e-03
7.420682843214417186e-03
7.347257103441559405e-03
7.269839557033034444e-03
7.188671049375397644e-03
7.103996211499223092e-03
7.016062256853974714e-03
6.925117846916655460e-03
6.831412026299874853e-03
6.735193226832089132e-03
6.636708340556463949e-03
6.583323445414975168e-03
6.550048994293735174e-03
6.512498008834263427e-03
6.470828677739778011e-03
6.425207096110543623e-03
6.375806171082499217e-03
6.322804570611721513e-03
6.266385716802770969e-03
6.206736825588310413e-03
6.144047993665618240e-03
6.078511333293056332e-03
6.010320155429006890e-03
5.939668201359020114e-03
5.866748922877984725e-03
5.791754810228767411e-03
5.723192506812324089e-03
5.685023917196842767e-03
5.648885386160071992e-03
5.606603136328098050e-03
5.560152102248304071e-03
5.519216978649779670e-03
5.478246787681693292e-03
5.437258175217747798e-03
5.396267316145445490e-03
5.355289915497706346e-03
5.314341210356092991e-03
5.273435972208858485e-03
5.241622783201553559e-03
5.213155843259246851e-03
5.179537974775654842e-03
5.141027437700342387e-03
5.097895026043398198e-03
5.050421880887542847e-03
4.998897387734348510e-03
4.949380628825999703e-03
4.909456337417755604e-03
4.869698499815102062e-03
4.830117056903469874e-03
4.790721545682343450e-03
4.751521106232059477e-03
4.712524488844703485e-03
4.673740061128206676e-03
4.635175815563047710e-03
4.596839376832824627e-03
4.558738009342793579e-03
4.520878624989518348e-03
4.483267790644582772e-03
4.445911735958997177e-03
4.411137195617429244e-03
4.384847797643671476e-03
4.355941998046015950e-03
4.324549912448250218e-03
4.290804774693846024e-03
4.254842242702074583e-03
4.216799737930957033e-03
4.176815819647338238e-03
4.135029594373204435e-03
4.091580160310958995e-03
4.053277893022906586e-03
4.019352880799536079e-03
3.985736444435565747e-03
3.952430894595016821e-03
3.919438317311927517e-03
3.886760580927864795e-03
3.854399342946234885e-03
3.822356056805084785e-03
3.790631978403980699e-03
3.759228172795279262e-03
3.728145520434819789e-03
3.697384723591480311e-03
3.666946312466486634e-03
3.636830651289136521e-03
3.607037944256328513e-03
3.584948684370709970e-03
3.564284528127541294e-03
3.542914392646340661e-03
3.520878268558309127e-03
3.498215698097985500e-03
3.474995425499687388e-03
3.451609288296468309e-03
3.427697059714154143e-03
3.403295983416777890e-03
3.378442645389179762e-03
3.353172936961667291e-03
3.327522021473355938e-03
3.301524304252808836e-03
3.275213405950775508e-03
3.248622138980210208e-03
3.221782486901676821e-03
3.194725586579666606e-03
3.167481713285410106e-03
3.140080268053685973e-03
3.112549767780390959e-03
3.084917837357044335e-03
3.057211204210950016e-03
3.029455694855653393e-03
3.001676233211055499e-03
2.981859949440394258e-03
2.979121867997618165e-03
2.975462781034385502e-03
2.970905515387063569e-03
2.965474221112498164e-03
2.959194238961620951e-03
2.952091972648560221e-03
2.944194765415467357e-03
2.935530780798059451e-03
2.926128888560675621e-03
2.916018554762439801e-03
2.907461327109857937e-03
2.901119537464289834e-03
2.894591995868672427e-03
2.887884392915507706e-03
2.881002379354435580e-03
2.873951562393243977e-03
2.866737502624532984e-03
2.859365710709479980e-03
