2.117335414209831623e-01
2.111973819887309478e-01
2.109456987341337686e-01
2.127792065029228130e-01
2.130306543703109345e-01
2.162172581326214094e-01
2.208290012624435916e-01
2.239683537135986890e-01
2.487574038632719975e-01
3.021917655571076389e-01
3.073147226780463814e-01
3.472448356926814972e-01
4.313498735412541474e-01
3.455393547973849011e-01
4.395393219412667696e-01
5.308781179783427229e-01
4.746288109536505595e-01
5.042862127320413279e-01
5.866012179788320235e-01
5.380165252933771791e-01
5.344163535923791564e-01
7.352310877782349818e-01
9.015668099265905511e-01
9.669321344855118516e-01
7.209472087753777680e-01
7.735540009140365880e-01
8.292104136746969445e-01
7.461322397458919342e-01
9.994346957946784737e-01
9.810116335559897482e-01
5.396603684229499542e-01
3.834773722948357499e-01
3.372840932877154141e-01
3.236409124222658362e-01
3.482000221606937895e-01
3.714565426957622263e-01
3.744592656502573336e-01
3.362967628617786753e-01
3.665432683707674499e-01
4.015917051515643932e-01
3.437933886653686266e-01
3.489263265783083545e-01
3.813677052041523075e-01
3.931077980181853504e-01
3.969988594337054422e-01
3.684054324591925500e-01
4.033750722552014722e-01
4.761516735104848741e-01
5.034872614461833873e-01
4.950799405830743627e-01
5.338934906373560274e-01
5.735417687857106150e-01
5.726586936386602877e-01
5.764523605404345830e-01
6.367955012790983416e-01
6.544582298022653122e-01
8.258641957403264344e-01
8.746591813380384384e-01
8.931414983514774919e-01
9.583936864360740326e-01
8.831447569351638105e-01
9.014753348084456608e-01
9.632374940333747748e-01
1.008663900793495882e+00
1.125947369693200528e+00
1.128582358961901511e+00
1.028126384946254079e+00
9.752913689412606724e-01
1.033206164863364807e+00
1.160299472478852456e+00
1.210889143343217622e+00
1.132179913868127219e+00
1.051875191045837044e+00
9.749080681374115986e-01
9.334580659610022257e-01
9.714957496607250498e-01
1.054897072014501003e+00
1.122774712594264646e+00
1.143037419001582178e+00
1.118305423939201626e+00
1.262504931167687472e+00
1.284545889357575854e+00
1.165285931693984534e+00
9.743936571816227410e-01
7.896666487875850793e-01
6.783391632627072676e-01
5.881508185743055117e-01
5.368571693702947067e-01
4.820154013594840081e-01
4.490960376828430634e-01
4.342601249919820217e-01
4.213131008351591600e-01
4.037272465860031745e-01
3.791790907127618460e-01
3.587878597560135718e-01
3.368761667924619618e-01
3.187397602745759562e-01
3.068496652511062961e-01
2.882249258290685567e-01
2.666892512664555959e-01
2.531455344309105349e-01
2.402995005134302975e-01
2.291761698466959485e-01
2.218756926815261543e-01
2.202296132859421773e-01
2.200576725354373431e-01
2.185207235514704527e-01
2.123655724387981669e-01
2.145247940036819345e-01
2.160319441238794380e-01
2.149224930459226190e-01
2.108722958365977784e-01
2.037683195595350050e-01
1.939312560432552845e-01
1.819707580147491288e-01
1.743030316358826770e-01
1.657306868305766789e-01
1.643789248209752141e-01
1.693302759453234052e-01
1.704042426810091215e-01
1.650618963363190417e-01
1.550017746300071941e-01
1.419094833359585139e-01
1.377952114858363997e-01
1.332897221090884321e-01
1.261056849016167769e-01
1.163577051349065916e-01
1.129681700615825235e-01
1.128376411943402130e-01
1.125747861325862020e-01
1.118657018819471660e-01
1.107616796060154618e-01
1.090399975803429122e-01
1.067679561655090897e-01
1.039852834140244098e-01
1.006675394767709564e-01
9.743352309761020569e-02
9.770551498104279586e-02
9.767171153709625075e-02
9.735989541613601639e-02
9.675825494507929447e-02
9.591901886596020110e-02
9.577390210303289575e-02
9.649752688277044022e-02
9.517610371009552206e-02
9.186626444892249943e-02
8.903402125150165769e-02
9.069657314506296419e-02
9.232531075015888711e-02
9.225013420197848701e-02
9.042983928385306402e-02
8.701361126886010544e-02
8.214226687816540695e-02
7.604516555561953439e-02
6.942901401021957242e-02
7.063622336599108265e-02
7.141001396108091759e-02
7.178625675402869333e-02
7.170795577459557202e-02
7.129269281736125285e-02
7.047783637186937067e-02
6.931723998936638320e-02
6.787489782800242011e-02
6.612388354496361031e-02
6.416668121055997542e-02
6.199487673515263753e-02
5.971459159247871629e-02
6.064959715736965851e-02
6.115130441041655152e-02
6.127586393475419752e-02
6.104799774756314301e-02
6.049515923799358291e-02
5.966976564638661051e-02
5.874189917130184097e-02
5.886962604577098551e-02
5.832243863732701483e-02
5.719253836017978293e-02
5.555638633728254838e-02
5.343546937701316307e-02
5.234754997129880544e-02
5.406759092627980851e-02
5.509256244421614074e-02
5.544380333770430186e-02
5.516227858548437835e-02
5.430231773929358047e-02
5.292693102222243567e-02
5.112736384297030673e-02
4.896412885910657320e-02
4.649891330027328823e-02
4.382355559042393212e-02
4.267324287341562467e-02
4.244215835542492626e-02
4.276596097396124369e-02
4.319564567063379629e-02
4.331797295321482971e-02
4.319193596970175020e-02
4.283088868224527862e-02
4.223687859437782327e-02
4.148109211553309417e-02
4.052272184062366556e-02
3.940524615430906347e-02
3.815554252768074694e-02
3.675601713564653067e-02
3.522984100645275285e-02
3.363020860173291521e-02
3.193689647444394875e-02
3.017360509000422894e-02
2.836562979378286220e-02
2.806019659617375872e-02
2.788244403091980420e-02
2.768384540483025125e-02
2.744517927808116931e-02
2.716420867666149638e-02
2.690289326045138332e-02
2.687742743768195205e-02
2.678293685321150169e-02
2.663725793381601162e-02
2.641750680001370144e-02
2.612579078932745352e-02
2.576520695040672090e-02
2.535153390652745628e-02
2.511948213945720820e-02
2.501203640926993182e-02
2.488989604330989897e-02
2.475283902307399975e-02
2.460088572448459326e-02
2.443428258175739387e-02
2.425348341049900561e-02
2.405912888570773886e-02
2.385945184601429014e-02
2.364776665421273322e-02
2.342501114466421022e-02
2.319232510676541570e-02
2.295092574608387573e-02
2.270208528788433128e-02
2.244710944720284748e-02
2.218731702593237237e-02
2.192402085405064510e-02
2.165851025315792752e-02
2.139203515858487462e-02
2.112579199874020652e-02
2.114787310930357767e-02
2.124040419584382125e-02
2.127321091133705863e-02
2.124980731849548596e-02
2.117402774569152046e-02
2.105881202783243047e-02
2.090411042883890888e-02
2.070837852664669798e-02
2.047529653882736861e-02
2.020832224446089675e-02
1.991065587123794223e-02
1.958522688816453222e-02
1.923469945765583777e-02
1.886765474130937953e-02
1.848355873131566143e-02
1.819389187050861681e-02
1.800398272903724547e-02
1.780714931926595523e-02
1.760338994361452733e-02
1.739264639238815094e-02
1.717483264791474715e-02
1.694986137715626812e-02
1.671766773029324804e-02
1.647823008318629462e-02
1.629689542866033514e-02
1.617818262017051839e-02
1.606204229161731570e-02
1.594799835512116307e-02
1.583558942875749539e-02
1.572437276799948380e-02
1.561392771340055531e-02
1.550385865679345700e-02
1.539379753328786078e-02
1.528340585188394003e-02
1.517237628025141193e-02
1.506043380441486612e-02
1.494733648502512627e-02
1.483287583606931158e-02
1.471687685211219010e-02
1.459919771257464291e-02
1.447972919169593711e-02
1.435839380386050475e-02
1.423514471344475806e-02
1.410996443854004544e-02
1.398286337729348627e-02
1.385387818460717159e-02
1.372307002597456839e-02
1.359052273443858531e-02
1.345634089450234612e-02
1.332081403428703355e-02
1.318509577826436005e-02
1.304809358777536329e-02
1.290997240234287823e-02
1.277090841596622423e-02
1.263108714863805070e-02
1.249070156736535771e-02
1.234995026848295131e-02
1.220903573209720754e-02
1.206816265614735553e-02
1.192753637887344377e-02
1.178736139447482921e-02
1.164783996696985326e-02
1.150917084573313542e-02
1.137154808487044269e-02
1.123515996774561258e-02
1.110018803685680795e-02
1.096680622857401297e-02
1.083518011126111992e-02
1.070546622514111090e-02
1.057781152030645190e-02
1.045235289115651126e-02
1.032921680193780133e-02
1.020851900089191251e-02
1.009036431747394394e-02
9.974846538700085294e-03
9.862048359818515256e-03
9.752041403988722171e-03
9.644886306305520962e-03
9.540632857034265016e-03
9.439320198804189432e-03
9.340977072966766617e-03
9.245622110227244214e-03
9.153264160292003127e-03
9.063902656226538804e-03
8.977528009023877376e-03
8.894122027340557735e-03
8.813658358973993148e-03
8.736102949556701427e-03
8.661414514820114582e-03
8.589545022885062414e-03
8.520440183018136021e-03
8.454039938067158672e-03
8.390278957041178223e-03
8.329087125886338455e-03
8.270390033378783104e-03
8.214109450082588207e-03
8.160163798513640418e-03
8.108621890125546072e-03
8.059585931000355988e-03
8.012606772262230101e-03
7.967592908274328048e-03
7.924451766789132948e-03
7.883090090052179838e-03
7.843414297802176957e-03
7.805330831508547861e-03
7.768746479576084558e-03
7.733568683124011044e-03
7.699705822136236090e-03
7.667067482007464824e-03
7.635564700721146972e-03
7.605110196406759775e-03
7.575618575892298368e-03
7.547006524282248024e-03
7.519192976292905957e-03
7.492099269236353158e-03
7.465649278871056872e-03
7.439769537970716308e-03
7.414389338657305720e-03
7.389440818901668422e-03
7.364859034102088850e-03
7.340582013696900394e-03
7.316550804699827396e-03
7.292709501615889968e-03
7.269005264279213355e-03
7.245388323864005234e-03
7.221811978161143952e-03
7.198232576459355665e-03
7.174609494837839302e-03
7.150905102882749130e-03
7.127084721900565044e-03
7.103116575944747220e-03
7.078971735698269541e-03
7.054624056351294949e-03
7.030050109858037959e-03
7.005229112031892413e-03
6.980142845332579053e-03
6.954775577743352137e-03
6.929113978152251670e-03
6.903147029145311267e-03
6.876865936999674266e-03
6.850264040196184928e-03
6.823336715965079048e-03
6.796081286264527531e-03
6.768496922513241726e-03
6.740584550279148622e-03
6.712346753937380520e-03
6.683787681446869480e-03
6.654912949905403274e-03
6.625729551818608509e-03
6.596245762530106478e-03
6.566471048944509843e-03
6.536415979845386533e-03
6.506092137873334055e-03
6.475512033337286165e-03
6.444689020236412345e-03
6.413637214211552820e-03
6.382371413078989815e-03
6.350907019492122579e-03
6.319259966249558477e-03
