2.357607171877568464e-01
2.364269956612748691e-01
2.404412495011884199e-01
2.402845520522386147e-01
2.427869199830571256e-01
2.476060016303551214e-01
2.580821612782458474e-01
2.913692865895763928e-01
3.000859249426386932e-01
3.898728795772024580e-01
3.827442975696084271e-01
4.110184602957183686e-01
5.865214168886284662e-01
5.044515708808698928e-01
5.734581571806902645e-01
5.020620700066928954e-01
5.703533003230406573e-01
8.063763721299384013e-01
7.491945626569646022e-01
8.514679547162906648e-01
8.250092210053023845e-01
8.836382647305993654e-01
1.199606345662560525e+00
1.121168448494074932e+00
1.052736103615195873e+00
1.018884071216376253e+00
1.055154455901282651e+00
1.157544022953103990e+00
1.232909675328328847e+00
7.289453573888303728e-01
5.375120359722628249e-01
4.879437443182121359e-01
4.604741895241361571e-01
5.028812884265648764e-01
4.841543270770980456e-01
5.057255914454937828e-01
5.028065604731549731e-01
5.418036567090923628e-01
6.221949737922094492e-01
5.850267640477996300e-01
6.129058022929764205e-01
7.251830607251217309e-01
8.070451591749507880e-01
7.675025000477120329e-01
7.624284903225746479e-01
8.106463030715245210e-01
7.904813187037591504e-01
7.109081369964485031e-01
7.126722256699342672e-01
7.718940683372020883e-01
8.533542340863843334e-01
9.008086000379851299e-01
9.212246628529973114e-01
9.090369792318763187e-01
9.058905095085842962e-01
9.355506341102606260e-01
9.702412471539145766e-01
9.949386343066395355e-01
1.200705302887610459e+00
1.304430114013316100e+00
1.574137599669171550e+00
1.660802294238305388e+00
1.483613644777683982e+00
1.439153881963616488e+00
1.455557348381395943e+00
1.455912858643452878e+00
1.478777312952105571e+00
1.448980452230237193e+00
1.368001238758887794e+00
1.259197956825739206e+00
1.144351718050505395e+00
1.059035183030409444e+00
1.045012080753612738e+00
1.114196713066067490e+00
1.225859655766169176e+00
1.429500120617624992e+00
1.603544416048686028e+00
1.870209656639944207e+00
1.935519368974619514e+00
1.759101109071119939e+00
1.447458824789831899e+00
1.186252876165363457e+00
9.453157186593320604e-01
7.807878848576287334e-01
7.022140396022680253e-01
6.453492848859613273e-01
6.155625189148107301e-01
5.817317785073555791e-01
5.462961398261356738e-01
5.048283771583924606e-01
4.524221120142004615e-01
4.098847023739030093e-01
3.871611931272080920e-01
3.631151885667720514e-01
3.387238835900400757e-01
3.236248224809657459e-01
3.128148645970625363e-01
3.131877959830487446e-01
3.322455969886815019e-01
3.502582454294007608e-01
3.727008760061416570e-01
3.836150974280321813e-01
3.816191329483303862e-01
3.668354645952335291e-01
3.588839790724626111e-01
3.447880353470692549e-01
3.168506142154910443e-01
3.069566814944670319e-01
2.973498225216351654e-01
2.822458514134907892e-01
2.709843202370818549e-01
2.639828721245539023e-01
2.534302824156981493e-01
2.406834420883691983e-01
2.270498619989194111e-01
2.135977325348545064e-01
2.010314985720265402e-01
1.957786306048780178e-01
1.918512753004103233e-01
1.887246340588316362e-01
1.857879615975926435e-01
1.830323197733061125e-01
1.868831482943913158e-01
1.859955700977072302e-01
1.801460715711676874e-01
1.694569826672001900e-01
1.630955466303463108e-01
1.621026469608292941e-01
1.561210742407226904e-01
1.463951324029027501e-01
1.403012506374096691e-01
1.367625301904053237e-01
1.374275207183208170e-01
1.371077034489023294e-01
1.358415606613724846e-01
1.337579885425772830e-01
1.308141080486944496e-01
1.270834256115304650e-01
1.226516723847307089e-01
1.176066685133199258e-01
1.131752584207695173e-01
1.136725583663629885e-01
1.138768846497511117e-01
1.136717329459994430e-01
1.131716126337070777e-01
1.123826068149737789e-01
1.112565643693973066e-01
1.099640443632088904e-01
1.083671251317806089e-01
1.066229396898063092e-01
1.046546391475992738e-01
1.025507798528780823e-01
1.002930604506303836e-01
9.791421048690159001e-02
9.544235736615401533e-02
9.285022739757649302e-02
9.023153216650513231e-02
8.750805032892543245e-02
8.476275576387423683e-02
8.198389330707354927e-02
7.915226976286918181e-02
7.632926090862224289e-02
7.351433269614832122e-02
7.286387710038821908e-02
7.284594197141429361e-02
7.155783351312233753e-02
6.903901842743549733e-02
6.975010781081372735e-02
7.037616974622670774e-02
7.208460416287351680e-02
7.469358398022853118e-02
7.587294554680701353e-02
7.568587374597297857e-02
7.413840627695576779e-02
7.141423711668326568e-02
6.768732785948936015e-02
6.437734162801199422e-02
6.312891518453243866e-02
6.171745180864777330e-02
6.022268298264488867e-02
5.861949965662870826e-02
5.691789050670058997e-02
5.513997710193839497e-02
5.334325576674405628e-02
5.151356015783842279e-02
4.966029030768270847e-02
4.780057271063351682e-02
4.595005258898654521e-02
4.450351574455536918e-02
4.391654357296852912e-02
4.317963779663199636e-02
4.361313469260118258e-02
4.444425030913686653e-02
4.554233155381755271e-02
4.676244037648883550e-02
4.796199939959405051e-02
4.906531651482338302e-02
4.991756603661531844e-02
5.046121155269265440e-02
5.067654579278194765e-02
5.049879189995251649e-02
4.998936994747401469e-02
4.910566786250484400e-02
4.795365124227866926e-02
4.650785096127039303e-02
4.489145263881964137e-02
4.309836383840975893e-02
4.136686971021230619e-02
4.078710126609705333e-02
4.069163335083810645e-02
4.038903837906018118e-02
3.987565309219047449e-02
3.919532163997039437e-02
3.836739399902141384e-02
3.739280917064390086e-02
3.631756688767927288e-02
3.512046797866529707e-02
3.438160675290056340e-02
3.368848172516167305e-02
3.298553107955110031e-02
3.225401376575925266e-02
3.148249215035413967e-02
3.066042617471264817e-02
2.978677266596493206e-02
2.885998493910427523e-02
2.795280303569790820e-02
2.805709048147394039e-02
2.816363710121409791e-02
2.826342255296246039e-02
2.835235475688729218e-02
2.842671570695980837e-02
2.848317700524862980e-02
2.852682386355733304e-02
2.854966800437708924e-02
2.854751091763963258e-02
2.852486956149331496e-02
2.847969354249350882e-02
2.840541463186147669e-02
2.830844594539091291e-02
2.818677625484350413e-02
2.803458859783972135e-02
2.785711797799977907e-02
2.765749577824569080e-02
2.742818307768318115e-02
2.716995830341048870e-02
2.689274195237083970e-02
2.659229738854059638e-02
2.626602746392088863e-02
2.591537820505881301e-02
2.554329795381621304e-02
2.515983297200558716e-02
2.475641682434340587e-02
2.433484708571269362e-02
2.435885952197428331e-02
2.453007937395748975e-02
2.462926022254002811e-02
2.466506511020877257e-02
2.464394810136512695e-02
2.455436348663772236e-02
2.439873186502702906e-02
2.418000681421769715e-02
2.390429511004538154e-02
2.358914534515711356e-02
2.326089384749041589e-02
2.298263823765506197e-02
2.266751513036827093e-02
2.232887944648494910e-02
2.215671706987870637e-02
2.257050702541947562e-02
2.290007540410501571e-02
2.314783544762228501e-02
2.330336974953032408e-02
2.338763664076904530e-02
2.338294420276029392e-02
2.331360309624692234e-02
2.316618088698893865e-02
2.295943755501437394e-02
2.268928706644706209e-02
2.236494368508217673e-02
2.199195517053201959e-02
2.157237503924543803e-02
2.111501875646312407e-02
2.062343081680842807e-02
2.009855996731303024e-02
1.955774134400905390e-02
1.899479083261695553e-02
1.841591083044856469e-02
1.783173740544038988e-02
1.740911023375201622e-02
1.719861292048395149e-02
1.696776216197195750e-02
1.671973923614515287e-02
1.645760116741448731e-02
1.618961843857802396e-02
1.591405413780924358e-02
1.571303448378089801e-02
1.561959475409852201e-02
1.551586189122159364e-02
1.540331275804786640e-02
1.528336105106291830e-02
1.515735076757454385e-02
1.502655085382059025e-02
1.489215097656945534e-02
1.475525835522642319e-02
1.461689558577408156e-02
1.447799938767194150e-02
1.433942019948410140e-02
1.420192255086908870e-02
1.406618613651983672e-02
1.393280751873698410e-02
1.380230238661001897e-02
1.367510830203310344e-02
1.355158786413840528e-02
1.343203222675738891e-02
1.331666490755760955e-02
1.320564582928272952e-02
1.309907553857777261e-02
1.299699955028638804e-02
1.289941276987379218e-02
1.280626395042950769e-02
1.271746014339131779e-02
1.263287110785391888e-02
1.255233364604070069e-02
1.247565583512614401e-02
1.240262113197680011e-02
1.233396007311188779e-02
1.227398086397624329e-02
1.221408939662471139e-02
1.215400650018369673e-02
1.209344085482615822e-02
1.203209536413420502e-02
1.197177039151483754e-02
1.191835199969746954e-02
1.186615133505932763e-02
1.181567879121201738e-02
1.176586070870913082e-02
1.171643798640122948e-02
1.166716226801811120e-02
1.161779726285055644e-02
1.156811987319463116e-02
1.151792113695609791e-02
1.146700699389724583e-02
1.141519888440449375e-02
1.136233419087450368e-02
1.130826653115937427e-02
1.125286591404261842e-02
1.119601876740418389e-02
1.113762784877381749e-02
1.107761204832063452e-02
1.101590609493382708e-02
1.095246017419021327e-02
1.088723946852052961e-02
1.082022362863278506e-02
1.075140618483478791e-02
1.068079390722042818e-02
1.060840612238587825e-02
1.053427399507689093e-02
1.045843978149628255e-02
1.038095606159280572e-02
1.030188495653449644e-02
1.022129733726972502e-02
1.013927203028421563e-02
1.005589502492455767e-02
9.971258687515315716e-03
9.885460986098265970e-03
9.798604730258354475e-03
9.710796828424869340e-03
9.622147566853270217e-03
9.532769912057979453e-03
9.442778839226645404e-03
9.352290689036623847e-03
9.261422553655805287e-03
9.170291694016074330e-03
9.079014988939692124e-03
8.987708417125272325e-03
8.896486572384553274e-03
8.842253133150504082e-03
8.806303925870071284e-03
8.768208508772043150e-03
8.728045524175902584e-03
8.685898619772805182e-03
8.641855918181040250e-03
8.596009492522264234e-03
8.548454850354521642e-03
8.499290427774305184e-03
8.448617095914023531e-03
8.396537681497303826e-03
8.343156502765116875e-03
8.288578922556110937e-03
8.232910919158849261e-03
8.176258676030655551e-03
8.118773487617985188e-03
8.061139722376072306e-03
8.002803183339707305e-03
7.943867288896958728e-03
7.884434007112656878e-03
7.824603565642181818e-03
7.764474183303645208e-03
7.727543840056983089e-03
7.709675427819607033e-03
