3.395084722822899748e-01
3.397269374936410236e-01
3.396401700319534589e-01
3.413542972739685433e-01
3.445427617691307343e-01
3.497518088498605127e-01
3.518405072883324380e-01
3.679272427458342154e-01
4.511961285430065027e-01
5.124328226924874663e-01
4.204034390149420375e-01
4.687401345612561276e-01
4.683312868442853771e-01
6.203124204086467586e-01
5.121157135269668315e-01
5.445368324113274427e-01
6.833648440871615826e-01
8.189074126667816866e-01
1.143717412577514914e+00
9.569197199010656130e-01
9.982339255210272988e-01
9.913294214462036180e-01
1.109614072605969337e+00
1.055917924167016464e+00
1.185771441858081143e+00
1.078806928067139292e+00
7.030900499725272201e-01
6.227454055740098138e-01
6.361454012816836201e-01
8.414953225232573164e-01
9.844908094038087309e-01
9.204859564598369959e-01
8.036203254037203036e-01
8.120688517902014958e-01
8.729745674805994282e-01
7.968264408142033961e-01
7.119799714999682783e-01
7.846317936674984672e-01
8.962312455684353640e-01
8.430610398190139243e-01
8.921382947956474352e-01
1.013868706811440923e+00
9.804096415187230074e-01
8.377044184814806949e-01
1.003216380529362350e+00
1.198775862362683853e+00
1.304244766247887544e+00
1.460532364691049079e+00
1.567339448898949383e+00
1.522624356638987875e+00
1.491801868557425470e+00
1.641592187491858645e+00
1.597062451552697437e+00
1.474905795177383183e+00
1.584046919285035049e+00
1.720048946151505609e+00
1.770136081531302530e+00
1.779848708966791593e+00
1.790034116973507894e+00
1.801097624002010233e+00
1.854329643843396491e+00
2.008518267141894409e+00
2.173885428193805147e+00
2.152244115841447147e+00
2.035756535830859359e+00
1.764818221983733837e+00
1.821869964903732209e+00
1.890084842589544456e+00
2.346179921777490129e+00
2.534401838724151812e+00
2.385966094362841794e+00
2.015566317647702554e+00
1.656424808093414081e+00
1.299475046645500509e+00
1.019019315814293503e+00
7.942084850755500858e-01
6.442231144302287271e-01
6.058621622799261752e-01
5.987160565761212583e-01
6.144587114845002640e-01
6.413517675783102501e-01
6.351548178615431528e-01
5.976417673394349706e-01
6.007560389531600986e-01
5.868012711085905941e-01
5.692186076136955819e-01
5.348890313545009434e-01
4.928176048466321180e-01
4.500526510280171144e-01
4.213363137550970583e-01
3.966452918098151703e-01
3.764583024078786422e-01
3.611270957639288737e-01
3.504508808409920184e-01
3.432333808756279914e-01
3.376778682670344423e-01
3.324638410132558231e-01
3.256109390068300802e-01
3.160945851353258451e-01
3.041494474079761701e-01
2.893319976131841775e-01
2.755661737218418894e-01
2.715931529558895385e-01
2.662527048638752558e-01
2.606534768757851617e-01
2.549940460373074647e-01
2.497346359984582431e-01
2.455022073509043057e-01
2.414454243507131448e-01
2.369951159094368653e-01
2.320710095441022580e-01
2.252355261436252143e-01
2.165939472255453413e-01
2.051451767156879102e-01
2.026808692938242562e-01
2.050799632810794415e-01
2.053376171374367010e-01
2.029393215374337422e-01
1.978536943432341599e-01
1.903818973728337027e-01
1.806948446052883128e-01
1.689616970800560392e-01
1.674974976556988238e-01
1.719043953674119773e-01
1.734028750389743356e-01
1.722522971936471525e-01
1.686915692578210280e-01
1.630607433171869791e-01
1.557258575448733084e-01
1.474200626328854569e-01
1.382153745701302505e-01
1.305501334064341767e-01
1.308673431684844735e-01
1.299409779037759838e-01
1.282254453409375494e-01
1.257378671238135737e-01
1.228426088647840281e-01
1.197552399958029951e-01
1.165227088007855100e-01
1.132795662331449182e-01
1.101147373163363086e-01
1.071830532559943511e-01
1.043833496221439200e-01
1.017007584834510731e-01
9.910667388324179150e-02
9.656086533689868523e-02
9.401847843319480202e-02
9.143591387788931046e-02
8.880912705232817117e-02
8.612340307436971987e-02
8.330798858755861236e-02
8.035539183942705388e-02
7.923245561247461988e-02
7.976204451235198445e-02
8.015004723660863750e-02
8.036849845238198953e-02
8.039480263364479073e-02
8.021260907777925941e-02
7.981874798297751428e-02
7.928723062474606065e-02
7.853586835512312014e-02
7.757258547133855098e-02
7.641042844266565659e-02
7.506668709319219701e-02
7.356194198564301734e-02
7.194553646911237832e-02
7.025436812547307397e-02
6.846722926255896513e-02
6.660853951420094010e-02
6.470188120087885797e-02
6.276941686958907585e-02
6.083142916853963994e-02
5.890598244759774615e-02
5.700870072944354272e-02
5.515265304435176819e-02
5.334833450162190099e-02
5.160372979405523919e-02
4.992444497101559270e-02
4.831389315596446021e-02
4.762768380164623949e-02
4.770102478508991828e-02
4.770219036782699651e-02
4.763744491570799655e-02
4.751590405099630904e-02
4.734601615413694398e-02
4.713538495271679674e-02
4.689064885095738100e-02
4.661741232147978420e-02
4.632022367065520563e-02
4.600259284805555821e-02
4.567460609447068776e-02
4.534500439940414296e-02
4.499933473920920968e-02
4.463778008780974055e-02
4.425993191414814149e-02
4.386491265731991274e-02
4.345149824459720866e-02
4.301823689609585860e-02
4.256356113965766713e-02
4.208589061880393251e-02
4.168972868427731765e-02
4.134918583857443569e-02
4.084741866250347908e-02
4.021685202585469077e-02
3.945766290079318755e-02
3.873490507101287617e-02
3.808528852972090789e-02
3.740712409104310354e-02
3.670126626429399269e-02
3.596892463328837941e-02
3.521164513776076782e-02
3.443128507224408469e-02
3.362998302089093006e-02
3.325078393053678555e-02
3.350226205446266148e-02
3.373751924554446724e-02
3.395428487834483561e-02
3.415046316959831352e-02
3.432415234381623603e-02
3.447365964734874777e-02
3.459934622427351253e-02
3.470815698172734221e-02
3.478943149661026940e-02
3.484231238901325245e-02
3.486617162506121248e-02
3.486060595234067444e-02
3.482542995406952280e-02
3.476066704605535601e-02
3.466653873319340551e-02
3.454345243381030939e-02
3.439198816685259258e-02
3.421288438015909761e-02
3.400702317834115862e-02
3.377541518929940562e-02
3.351918428490495427e-02
3.323955235101298117e-02
3.293782427795115958e-02
3.262610903918167216e-02
3.229604260207468575e-02
3.194763285740399167e-02
3.158235811927798814e-02
3.120171629423532100e-02
3.080721344604455195e-02
3.040035319615883719e-02
2.998262698656750658e-02
2.955550521906059533e-02
2.912042927267922618e-02
2.867880439168419768e-02
2.823199342782404045e-02
2.778131141283465486e-02
2.732802093082538006e-02
2.687332825587530893e-02
2.641838021515101678e-02
2.596426173576101004e-02
2.551199403011296732e-02
2.506253337439316373e-02
2.461677043355457381e-02
2.417553008486372085e-02
2.373957169519837901e-02
2.330958980499359123e-02
2.288621517468063943e-02
2.247001615161878241e-02
2.206150031510590442e-02
2.166111636106769767e-02
2.126925618912152774e-02
2.088625715782853332e-02
2.051240447470944334e-02
2.014793369194583031e-02
1.979303327914942734e-02
1.944784724910236795e-02
1.911247781187866077e-02
1.878698803777044055e-02
1.872962562372542175e-02
1.867280954104476656e-02
1.860881657945950493e-02
1.853799647156885097e-02
1.846070166372472052e-02
1.837728557915138672e-02
1.828810102826446474e-02
1.819349876156290888e-02
1.809382615971790592e-02
1.798942605528721858e-02
1.788063568028249936e-02
1.776778573306496412e-02
1.765119955894385584e-02
1.753119243760736107e-02
1.740807097105250695e-02
1.728213256608889664e-02
1.715366500469081568e-02
1.702294609615513307e-02
1.689024340518614081e-02
1.675581404990930320e-02
1.661990456410469830e-02
1.648275081822343432e-02
1.634457799399841732e-02
1.620560060753153953e-02
1.606602257624199434e-02
1.592603732468841210e-02
1.578582792575072488e-02
1.564556727219703486e-02
1.550541827558786674e-02
1.536553408873687215e-02
1.522605834787233922e-02
1.508712543252931255e-02
1.494886073906439433e-02
1.481138096610236377e-02
1.467479440902022016e-02
1.453920126122988828e-02
1.440469392040384482e-02
1.427135729773413783e-02
1.413926912849857581e-02
1.400850028235377243e-02
1.387911507203665011e-02
1.375117155961306549e-02
1.362472185858827449e-02
1.349981243126202601e-02
1.337648438049761877e-02
1.325477373540926568e-02
1.313471172964866471e-02
1.301632507275847679e-02
1.289963621326675747e-02
1.278466359368718268e-02
1.267142189719841841e-02
1.255992228538091796e-02
1.245017262718928555e-02
1.234217771919566414e-02
1.223593949663575979e-02
1.213145723554796829e-02
1.202872774619154032e-02
1.192774555751053601e-02
1.182850309278208299e-02
1.173099083692551170e-02
1.163519749536581424e-02
1.154111014467476722e-02
1.144871437501061504e-02
1.135799442514952122e-02
1.126893330965184244e-02
1.118151293897381993e-02
1.109571423212344504e-02
1.101151722306916748e-02
1.092890115989544539e-02
1.084784459843627334e-02
1.076832548906517424e-02
1.069032125849471611e-02
1.061380888532675870e-02
1.053876497081919321e-02
1.046516580437495576e-02
1.039298742456464843e-02
1.032220567515990638e-02
1.025279625720025567e-02
1.018473477688286270e-02
1.011799678965772005e-02
1.006105281252705000e-02
1.001424944965960406e-02
9.967329174087099369e-03
9.920288069101937042e-03
9.873123066801945194e-03
9.825831890905080759e-03
9.778413002274739113e-03
9.730865547582080374e-03
9.683189310894728397e-03
9.635384668181376858e-03
9.587452544254183168e-03
9.539394372338473940e-03
9.491212056096778871e-03
9.442907933956082994e-03
9.394484745362863265e-03
9.345945599710695634e-03
9.297293946473534840e-03
9.248533547784633380e-03
9.199668452608725927e-03
9.150702972366291793e-03
9.101641658476820537e-03
9.052489281171459748e-03
9.003250809634679580e-03
8.953931393766725866e-03
8.904536346730242830e-03
8.855071129175610262e-03
8.805541334103378706e-03
8.755952672934153719e-03
8.706310962544209359e-03
8.656622113264072702e-03
8.606892117352143295e-03
8.557127038806114014e-03
8.507333003366472635e-03
8.471514286041210984e-03
8.437033143764330334e-03
8.403131175505389183e-03
8.369792909065660452e-03
8.337003141330521019e-03
8.304746934389477253e-03
8.273009611950453424e-03
8.241776755673582006e-03
8.211034201244719541e-03
8.180768035026474497e-03
8.150964590119765679e-03
8.121610442958792503e-03
8.092692409570390044e-03
8.064197542180790226e-03
8.036113125607301580e-03
