1.655141827893874262e-01
1.655152722812856525e-01
1.677754123644338013e-01
1.659178392260339530e-01
1.692394287684894361e-01
1.694883712570282308e-01
1.900154413311325174e-01
2.014425402428990930e-01
2.183159994695036410e-01
2.633200987183836328e-01
2.454937919593074558e-01
2.780287635117157929e-01
2.899898814362485422e-01
3.971511493306195129e-01
3.926593936845236277e-01
3.895120144144196828e-01
4.239331657287980226e-01
3.324080047084526646e-01
3.945652861303635128e-01
3.584734577691688351e-01
3.830908782065437501e-01
4.090907612339378940e-01
4.378444548084010068e-01
5.700141338036951444e-01
5.572847366551445525e-01
4.754675583417196094e-01
4.228304344560128714e-01
4.210815015297125208e-01
6.304956051384906779e-01
6.345743230093571219e-01
5.613367231316069850e-01
6.099637091249249243e-01
7.328455665976492117e-01
8.118024344578170792e-01
7.936977073227962087e-01
8.096063783685492066e-01
9.050277534158714943e-01
9.275733265280626805e-01
9.703444523662382304e-01
1.062193162587115269e+00
1.164625869055518237e+00
1.065899125138182635e+00
1.083096649611887452e+00
1.243241079549073591e+00
1.368627711950245907e+00
1.151380780383069125e+00
1.210802332245433544e+00
1.245145902305053287e+00
1.044612966828841083e+00
8.747222827463057016e-01
8.004777331163887011e-01
8.240974533196540053e-01
7.594388616098838307e-01
6.302300485598755220e-01
6.152939248439441844e-01
5.813209571641779760e-01
5.669187295637631019e-01
5.520844851786217422e-01
4.916233325122326692e-01
4.544017908101509184e-01
4.022660146091610600e-01
3.897985025387274427e-01
3.778505685422988702e-01
3.504307583883070065e-01
3.385491781228679997e-01
3.422940814278249144e-01
3.100346973942601503e-01
2.764456023242690130e-01
2.437811218368161892e-01
2.208278787066015048e-01
2.140280222571344093e-01
2.034475732451640484e-01
2.129308830861968982e-01
2.211674767874695358e-01
2.088741144690107188e-01
1.943256108562160245e-01
1.846004475390865540e-01
1.766068751530965875e-01
1.670085388020372263e-01
1.556051047681943356e-01
1.559136987931555307e-01
1.575759275494126310e-01
1.563690750829815901e-01
1.514198035791637920e-01
1.441840032518333925e-01
1.363925669281711439e-01
1.285101636780683898e-01
1.192588361040055889e-01
1.082055537630467051e-01
1.072572819668501515e-01
1.054131928390029532e-01
1.005253973557468788e-01
9.227916729018954822e-02
8.258765368909136428e-02
7.363937986335641894e-02
6.757565163862393198e-02
6.498076436733744854e-02
6.460647440031189181e-02
6.413653230064307598e-02
6.156201440868620117e-02
5.643409165704019181e-02
4.978531665370136694e-02
4.817532966861588078e-02
4.916362263394612186e-02
4.989376990118107869e-02
5.077835295364423185e-02
5.629059188059367530e-02
6.339959549136475747e-02
6.804031046609508582e-02
6.926717939650967049e-02
6.702168125094044859e-02
6.181527151688564342e-02
5.471565586322135050e-02
4.900994388538845031e-02
4.656271040990174470e-02
4.538685459204237077e-02
4.407964505112535458e-02
4.255317208478655300e-02
4.092378411439126507e-02
3.908224523753965618e-02
4.103783359011920623e-02
4.256170767390027310e-02
4.353897579551802011e-02
4.409120617787745666e-02
4.407460927727326755e-02
4.354963295139704926e-02
4.256218117134950851e-02
4.104994519244035273e-02
3.989587907450584114e-02
4.084437353666980908e-02
4.080777613975854201e-02
3.982647618111555959e-02
3.808957577556021379e-02
4.126036270706721215e-02
4.291903183862587345e-02
4.268624878846541404e-02
4.073981310970356540e-02
3.747546048172811090e-02
3.545030411826590594e-02
3.505880602553854836e-02
3.511971060810902684e-02
3.414534017683486244e-02
3.226445395099953456e-02
3.001107846057421077e-02
2.857887808013217373e-02
2.690271286244637697e-02
2.525487840400559084e-02
2.378307962021705690e-02
2.271412287236657807e-02
2.234009189906743104e-02
2.195410254146121579e-02
2.155885070729974748e-02
2.178804173017217030e-02
2.215124056237133265e-02
2.248783666722971308e-02
2.275489746189997622e-02
2.305619650666809045e-02
2.323393963417668892e-02
2.323986362606957762e-02
2.306322732838554310e-02
2.271530009953954751e-02
2.222994534129774449e-02
2.165342172838871648e-02
2.100502142251457760e-02
2.032741126268726092e-02
1.966089025106916230e-02
1.904043419728559949e-02
1.849366893444386387e-02
1.803974595286979982e-02
1.768902623900460783e-02
1.744343563940005740e-02
1.729733496902996145e-02
1.723874589370945343e-02
1.725078449381866122e-02
1.731317373671024951e-02
1.740372984272320345e-02
1.749974253506808922e-02
1.757919310015216077e-02
1.762177554898735135e-02
1.762183116457356410e-02
1.756035798493986791e-02
1.741967909764842101e-02
1.719169855223914509e-02
1.687250393849077518e-02
1.648328091969196441e-02
1.611963982974419160e-02
1.633735320615421760e-02
1.641491056263656365e-02
1.635635099037131487e-02
1.617549982549608065e-02
1.585323082768252956e-02
1.539889743738227269e-02
1.482604089354332133e-02
1.458619733016945468e-02
1.478641518137206561e-02
1.491178643956875445e-02
1.495718374279246532e-02
1.492380347489732050e-02
1.481456204418537051e-02
1.464308519860703720e-02
1.441593907415343774e-02
1.412860346128409078e-02
1.378859739761516615e-02
1.340409128884873478e-02
1.298366727761268886e-02
1.253612507766375256e-02
1.208029757930893788e-02
1.161266213174951163e-02
1.114136373649139700e-02
1.067402012995331134e-02
1.021759268466249267e-02
9.890646039134547499e-03
9.763927494420926445e-03
9.632838891478189350e-03
9.497791596963622851e-03
9.359197024450543675e-03
9.217464474003702474e-03
9.076219928227267572e-03
9.091904721301479961e-03
9.103126558685793387e-03
9.107320134687681493e-03
9.104615911732071715e-03
9.095171221524842725e-03
9.079167629502405898e-03
9.056808312221817370e-03
9.028315469542776486e-03
8.993927790411204021e-03
8.953897989839452315e-03
8.908490431786278418e-03
8.857978850743301186e-03
8.802644182696748448e-03
8.742772514151618199e-03
8.678653155513686712e-03
8.610576844180772155e-03
8.538834079838018495e-03
8.463713594003947904e-03
8.385500953793190854e-03
8.304477298708290087e-03
8.220918208448410244e-03
8.135092698338208458e-03
8.047262338533095125e-03
7.957680492203071665e-03
7.866591667461578230e-03
7.774230977252092646e-03
7.680823701201182872e-03
7.586584943026612043e-03
7.491719377118007811e-03
7.396421077630812614e-03
7.300873423612077966e-03
7.205249073611121914e-03
7.109710003490860367e-03
7.014407600947058889e-03
6.919482811097528788e-03
6.825066326937162531e-03
6.731278819456434394e-03
6.638231201872982386e-03
6.546024923186580247e-03
6.492795352613355171e-03
6.510655704036822505e-03
6.521067754735910237e-03
6.524064267462225536e-03
6.519727833809395127e-03
6.508185806277723938e-03
6.489605325608514830e-03
6.464188486779911570e-03
6.463292546979141490e-03
6.527932989513724610e-03
6.577383591914956300e-03
6.611493844750223302e-03
6.633566755241853026e-03
6.641313824198635807e-03
6.634122593107721032e-03
6.612355843177711127e-03
6.576483327094443700e-03
6.527068971978547580e-03
6.464758182069619066e-03
6.390265401840723031e-03
6.304362076878951976e-03
6.207865125219969721e-03
6.101626010150124416e-03
5.986520485059790460e-03
5.863439062043744078e-03
5.733278238689485350e-03
5.596932502830875671e-03
5.625692532621775523e-03
5.661066526370179403e-03
5.689788826114735090e-03
5.711984519534066621e-03
5.727801600158817855e-03
5.737408218205854692e-03
5.740990061740012911e-03
5.738747875906567535e-03
5.730895126213777883e-03
5.717655809015415730e-03
5.699262410484752170e-03
5.675954013872321242e-03
5.647974552838662919e-03
5.617063479197493582e-03
5.582468572950860519e-03
5.543882324518412119e-03
5.501551059215132287e-03
5.455719689288562359e-03
5.406630723132548576e-03
5.354523383677821206e-03
5.299632829544662430e-03
5.242189472061340935e-03
5.182418381733273731e-03
5.120538777587655722e-03
5.056763593071771958e-03
4.991299112419433394e-03
4.924344671681620683e-03
4.856092418730812398e-03
4.786727127116435603e-03
4.716426058679203115e-03
4.645358870344034295e-03
4.573687560620527323e-03
4.501566452077424355e-03
4.429142205433659295e-03
4.356553862714916854e-03
4.284188331698119030e-03
4.212330824536237271e-03
4.179161673176506539e-03
4.201472039757567396e-03
4.220839667626591699e-03
4.237328457282666001e-03
4.251007438935505353e-03
4.261950169137523892e-03
4.270234156276062759e-03
4.275940314299443018e-03
4.279152444357736847e-03
4.279956744263583614e-03
4.278441344948180278e-03
4.274695873720221403e-03
4.268811043613244920e-03
4.260878268348141512e-03
4.250989302116336445e-03
4.239235903877805987e-03
4.225709525105815836e-03
4.210501020788530793e-03
4.193700382501002084e-03
4.175396493285142389e-03
4.156289626338519755e-03
4.136049308787325719e-03
4.114538007628945268e-03
4.091837974401595079e-03
4.068029507061562793e-03
4.043190814290048909e-03
4.017397896576373716e-03
3.990724443429293465e-03
3.963241746118215982e-03
3.935018624927196992e-03
3.906121370472489304e-03
3.876613698392898308e-03
3.846556716541962156e-03
3.816008904097670934e-03
3.785026101824127617e-03
3.753661512895933774e-03
3.721965713596408348e-03
3.689986673029058833e-03
3.657769781596120675e-03
3.625357886833278313e-03
3.592791337160723946e-03
3.560108031587672778e-03
3.527343475740113161e-03
3.494530843169862087e-03
3.461701041502379846e-03
3.428882782824378521e-03
3.396102657683050616e-03
3.363385212465925915e-03
3.330753029167423350e-03
3.298226807662069625e-03
3.265825449496342469e-03
3.233566142926696304e-03
3.201464449112282739e-03
3.169534388332280721e-03
3.137788526775622984e-03
3.106238062671480733e-03
3.074892912047843575e-03
3.043761793620062325e-03
3.012852312201641167e-03
2.982171041130175261e-03
2.951723602596770940e-03
2.921514746226075779e-03
2.891548425616314623e-03
2.861827872465626168e-03
2.832355668305116050e-03
2.803133813693891967e-03
2.774163794597807754e-03
2.745446646133663411e-03
2.716983013161735228e-03
2.691719479688448654e-03
2.683021949635423960e-03
2.674134923681135371e-03
2.677656537645243910e-03
2.680643550932819679e-03
2.683103503243237931e-03
2.685043623872343348e-03
2.686470828262008288e-03
2.687579395786934312e-03
2.688259700919968902e-03
