8.891936790225456189e-02
8.882002815628184389e-02
9.047720774919768005e-02
8.988059131484280040e-02
9.026694947431328220e-02
9.082205844131154004e-02
9.160202151270556425e-02
9.648074363164180212e-02
1.087088593039332862e-01
1.160891123688508053e-01
1.150789844981832954e-01
1.348549886530699682e-01
1.546537973315697256e-01
1.797907822437784242e-01
1.937959843700512164e-01
2.056957475062768104e-01
2.529816304542766847e-01
2.611511906414353823e-01
2.119325224169310851e-01
2.692588881896498254e-01
2.114545562698858239e-01
2.539971702040996759e-01
2.254619727304048582e-01
2.842444991752949845e-01
2.681957095833072402e-01
2.526383029062854724e-01
2.960882256045683780e-01
3.162094427517839756e-01
3.948152386993430407e-01
3.480856621810431428e-01
3.872202016327462859e-01
3.837923743109305508e-01
3.126734744680607081e-01
2.957741770868018150e-01
2.509734892904620929e-01
2.244561563565189988e-01
2.356016856190795705e-01
2.334606265434382433e-01
1.800369130796346806e-01
2.268825451763152867e-01
2.208780598614101531e-01
1.663236872371408603e-01
1.573283182195295837e-01
1.663492338747441790e-01
1.688745034798359579e-01
1.789644045040587883e-01
1.829902490236397505e-01
1.870953624772601076e-01
1.847102571720554698e-01
1.674851243387941446e-01
1.510273249060318790e-01
1.725646319685910646e-01
1.974788931530744029e-01
2.151505990084874032e-01
1.995806508953942016e-01
2.221215558816498348e-01
2.427620083242549021e-01
2.482415333982020134e-01
2.401937398623642805e-01
2.610731576505866403e-01
2.675455194532100900e-01
2.450152281398400023e-01
2.282573684505272427e-01
2.297393228659030118e-01
2.566393335243174478e-01
2.827149570722113925e-01
2.994670506986410463e-01
3.199236246119624982e-01
3.428717870249317068e-01
3.502676522798168768e-01
3.313573416308915331e-01
2.900175130079868380e-01
3.061792484413660143e-01
3.345396369041489515e-01
3.547283254842601430e-01
3.630218805132995330e-01
3.709233223920796463e-01
4.086302389368216548e-01
4.046256001547145487e-01
4.138111191832624103e-01
4.408217771705685850e-01
4.441635765605655983e-01
4.488990367782015323e-01
4.503251016171779253e-01
4.708274377366168384e-01
5.124690711659938280e-01
5.327712321398843098e-01
5.510036304309865463e-01
5.767284728457626741e-01
6.095803825882410987e-01
6.149299906730982812e-01
6.575280313884470651e-01
6.704110550199424701e-01
6.115270610668041007e-01
5.462154856102039435e-01
4.820864642874668204e-01
4.674469092651651891e-01
4.953519768859098171e-01
5.003534065248510521e-01
4.790144193678633200e-01
4.257983013936521011e-01
3.740331717391834898e-01
3.811289305434170660e-01
3.770736634610841742e-01
3.562019589762879801e-01
3.225148615622348003e-01
2.822341009149241242e-01
2.619340640207137860e-01
2.531547199687150251e-01
2.583847408694404657e-01
2.615791823295958163e-01
2.571977164286392559e-01
2.464177921968629670e-01
2.314310781180893839e-01
2.183484039911101071e-01
2.059418894102765241e-01
1.955344922419755826e-01
1.884961428645429149e-01
1.862621642207697159e-01
1.862678741079604183e-01
1.871660140496625435e-01
1.873719307537149159e-01
1.857413134035248159e-01
1.811168679970817930e-01
1.767901348551399188e-01
1.795242282167388015e-01
1.817892019184321195e-01
1.806488688606108506e-01
1.723427506344258620e-01
1.572406511390776473e-01
1.528061400633511646e-01
1.458900785421559931e-01
1.369135412287034448e-01
1.300016908603828514e-01
1.268254712335091794e-01
1.254992226414423928e-01
1.245638269677474402e-01
1.225246982202227025e-01
1.206383615982663526e-01
1.179635963067899862e-01
1.125420260101425013e-01
1.048959945138379923e-01
9.558250523630040796e-02
8.550587640226839370e-02
7.562414188450990171e-02
7.048405313750162604e-02
7.010872148608905674e-02
6.996461272185240665e-02
7.038519516147891120e-02
7.187703112847684817e-02
7.244351995827538748e-02
7.193838567574976917e-02
7.031087976558460240e-02
6.920684585512074105e-02
6.867210041610737059e-02
6.795720691072243413e-02
6.707425941554411020e-02
6.598998013310869437e-02
6.472932775938608496e-02
6.332107496976702166e-02
6.350516038515002792e-02
6.388595232704229188e-02
6.365393695130154572e-02
6.283176266602416571e-02
6.144162631293904192e-02
5.952702493646269688e-02
5.717368316717385407e-02
5.671664700750782273e-02
5.610783535508249292e-02
5.535131682917113910e-02
5.447163517546943501e-02
5.343130017947764904e-02
5.229104623814476854e-02
5.099268696468121226e-02
4.961348807887670798e-02
4.809332707445731353e-02
4.650720471130546235e-02
4.481116874569186781e-02
4.305919283840505679e-02
4.316857095371747638e-02
4.412917929093523872e-02
4.415550838898810865e-02
4.326041395169754472e-02
4.154353939851666150e-02
4.235173623730736220e-02
4.242831316092005034e-02
4.175397411105006423e-02
4.049137505030860062e-02
3.884918592535270554e-02
3.702220075708677338e-02
3.521602121029482335e-02
3.360848183662010213e-02
3.229843949546289117e-02
3.132571546885586783e-02
3.067218189912925344e-02
3.026315541847793625e-02
3.000116145551412830e-02
2.978351309061127994e-02
2.952566246637923150e-02
2.916910327997829927e-02
2.867647002514079821e-02
2.805119608820144314e-02
2.732680813760076516e-02
2.655822987950843400e-02
2.581072776646524403e-02
2.514842117797477794e-02
2.462406809609334751e-02
2.427142396460208254e-02
2.410094581913101858e-02
2.409906444221658270e-02
2.423075009806938823e-02
2.444470794587624146e-02
2.468028951082755842e-02
2.487510538704280558e-02
2.497236049733288221e-02
2.492708077288204385e-02
2.471062423277787037e-02
2.433080745672279790e-02
2.377981257207505139e-02
2.308036610893408197e-02
2.227212295009173629e-02
2.140485704524375254e-02
2.053344600184529856e-02
1.971273125738497167e-02
1.899274211388502290e-02
1.841468206277739952e-02
1.800796027569819685e-02
1.778842480556966713e-02
1.776882664714019705e-02
1.792994660258450182e-02
1.824181687246713424e-02
1.867052482724751786e-02
1.917587039445219771e-02
1.971450308882267966e-02
2.024301175004794909e-02
2.072074748150738721e-02
2.111220730155933395e-02
2.138895983014887231e-02
2.154955397754558175e-02
2.156457721206632080e-02
2.143019880321667472e-02
2.116903718496577005e-02
2.077557462939630742e-02
2.026435927633814249e-02
1.966947816343916910e-02
1.900348229212135004e-02
1.828913386240506658e-02
1.755255640374861134e-02
1.681870223071065679e-02
1.611022802649476893e-02
1.544661852199805119e-02
1.484357442955684496e-02
1.431266334132318303e-02
1.386121762173905814e-02
1.349245187017620445e-02
1.320576446686032475e-02
1.299718296478099937e-02
1.285991137909439294e-02
1.278701106979135936e-02
1.276824229241271466e-02
1.278843789451356190e-02
1.283557244742157544e-02
1.289782278768853221e-02
1.296400941775379366e-02
1.302395267578083937e-02
1.306874064391146117e-02
1.309091044894789523e-02
1.308474092199622164e-02
1.305049239136064736e-02
1.298098014948289441e-02
1.287468604455611378e-02
1.273142839933157425e-02
1.255221192339845901e-02
1.233905882844847993e-02
1.209483062666857553e-02
1.182634269932696623e-02
1.157442766964979393e-02
1.169497366221915885e-02
1.179574777050103503e-02
1.187518797931886270e-02
1.193500517977276985e-02
1.197025276828833119e-02
1.198040288610827293e-02
1.196546577157074284e-02
1.192593592416785198e-02
1.186331461857151326e-02
1.178291553048623624e-02
1.168152916193737449e-02
1.156098384333269918e-02
1.142333031780100316e-02
1.127079403148416835e-02
1.110573008077996894e-02
1.093071444544889241e-02
1.075105185138181159e-02
1.056587262760197952e-02
1.037765077547637624e-02
1.018880762959516705e-02
1.000168014035312386e-02
9.818491159939405841e-03
9.641321816104679934e-03
9.472086119768822685e-03
9.312508004302100934e-03
9.164101032337633457e-03
9.028151025926276635e-03
8.905701878010836153e-03
8.797544788334134974e-03
8.704211132078159066e-03
8.625969123910217848e-03
8.562824377581341323e-03
8.514524392893461566e-03
8.480566925238290643e-03
8.460212114456168442e-03
8.452498172142712540e-03
8.456260351274041270e-03
8.470152854583338012e-03
8.492673278037373569e-03
8.522189136233185650e-03
8.556965979198728756e-03
8.595196584432193004e-03
8.635030695412396207e-03
8.674604778655866169e-03
8.712071282534010128e-03
8.745626905946624410e-03
8.773539418015060404e-03
8.794172612431391464e-03
8.806009031306712490e-03
8.807670147061526233e-03
8.799151770181779311e-03
8.780104685987867585e-03
8.747839477489265450e-03
8.701646300894219643e-03
8.641009680659771444e-03
8.565610819938097864e-03
8.475326881640378798e-03
8.370548386906028274e-03
8.254259213081966903e-03
8.123732557777646815e-03
7.979540684070498407e-03
7.822411252458435701e-03
7.653213039681311045e-03
7.472940282133315806e-03
7.282695953090361461e-03
7.083895861360548635e-03
6.912360759073388553e-03
6.806646866391272491e-03
6.690016062517753145e-03
6.563207241436121685e-03
6.427033963126768841e-03
6.282372806396948825e-03
6.130570558179122831e-03
5.973772699028266284e-03
5.887796803060526760e-03
5.875389353001129154e-03
5.848334110572740371e-03
5.807177292808363665e-03
5.754898435068841675e-03
5.690651104542603436e-03
5.688962511763187048e-03
5.700525222407123657e-03
5.704262624802642657e-03
5.700345411559788744e-03
5.688987926609155241e-03
5.670444264710520176e-03
5.646701409654209490e-03
5.616573451064715665e-03
5.580160245818678588e-03
5.537827903194602816e-03
5.489962604268610984e-03
5.436966612686474146e-03
5.379254392643417759e-03
5.317248862803682780e-03
5.251377811148010520e-03
5.182070491905303375e-03
5.109754423412280269e-03
5.035767399002287828e-03
4.959819671953783274e-03
4.952936653704578980e-03
4.976030769271826137e-03
4.991786154748612155e-03
5.000519535694324981e-03
5.002584314265185080e-03
4.998364527581045623e-03
4.988268926779990120e-03
4.972725235546320184e-03
4.952174639354200818e-03
4.927174328842217656e-03
4.899014484707188595e-03
4.867138575174818384e-03
4.831990859953272203e-03
4.794007001025797805e-03
4.753610583324446165e-03
4.711210035988964810e-03
4.674042664781733782e-03
4.656927235984415978e-03
4.638939923146606810e-03
4.620132026488520463e-03
4.600554768353453533e-03
4.580259141378388750e-03
4.559295765930199140e-03
4.537714756435836695e-03
