1.285293964522772059e-01
1.287851032890585112e-01
1.290161698835128323e-01
1.296550038539232286e-01
1.305141187262869595e-01
1.348540745911560312e-01
1.423546365908957279e-01
1.611268497512874653e-01
1.796182295884562741e-01
2.104440269483003889e-01
2.076122272691083570e-01
2.920462051535014369e-01
2.943092042328979141e-01
2.786663188993905860e-01
3.121122400923093676e-01
2.957530700032292570e-01
3.152638666629508646e-01
3.676012213068435286e-01
5.783312245629197434e-01
3.636770230762672029e-01
4.239441532374581545e-01
3.290385088672144187e-01
3.225069443929557966e-01
3.326896605720859323e-01
3.056748997013900571e-01
2.890995436298394172e-01
3.025893004657804752e-01
2.958440420041831831e-01
2.838479176054660158e-01
3.015983740430833171e-01
3.306998175024639108e-01
3.182977141556536105e-01
3.053874793106519103e-01
2.795397165058310929e-01
3.631524803556782643e-01
3.627220393293838496e-01
3.100179102352208504e-01
3.377710519766585207e-01
4.281452438331373456e-01
4.224331940703316413e-01
4.757098919818956717e-01
4.992607246776868402e-01
4.384475662274516794e-01
4.233220319506440510e-01
4.759707416471113395e-01
5.370484048288842738e-01
5.944472153580423468e-01
5.253556928313485308e-01
4.905014942664149280e-01
5.291287753002054117e-01
5.885494697942179609e-01
6.589684111199567429e-01
7.272931232303274651e-01
7.247992873018989091e-01
6.888890699004056595e-01
7.616519394941272392e-01
8.118940936160445876e-01
9.651188097233910357e-01
1.048382397055058313e+00
9.523116881277512435e-01
1.027784751010216269e+00
1.010635181966590190e+00
9.058525118815268229e-01
7.699781243046659451e-01
6.270010194369997070e-01
6.492086161497988561e-01
7.187079744499524914e-01
7.110891448724138142e-01
6.377537861427751142e-01
5.536785716488297204e-01
5.057498304731324890e-01
5.059231822916919752e-01
5.077105765940772564e-01
4.765024379681844779e-01
4.308998492955540272e-01
3.787078272115448341e-01
3.353291959620957052e-01
3.015419032583361858e-01
2.714607974010191938e-01
2.434936534347395820e-01
2.209140357814520506e-01
2.161048987394681986e-01
2.205669065029081111e-01
2.306123948432772242e-01
2.392224281499756022e-01
2.539144038329220754e-01
2.617389471520181754e-01
2.591527401292851862e-01
2.519947706678098420e-01
2.505130559595835082e-01
2.404056982366599704e-01
2.234096497847640195e-01
2.011670093339037735e-01
1.758757187623590512e-01
1.645045008792170305e-01
1.535162033446935692e-01
1.506656725833437349e-01
1.531560734789591260e-01
1.518066565082125674e-01
1.538979487627359088e-01
1.566562892636693960e-01
1.586390982328597099e-01
1.595831739286095174e-01
1.581907069175159664e-01
1.567592532008831308e-01
1.538695184277128480e-01
1.456685457505678682e-01
1.327548579324576150e-01
1.170094310292547346e-01
1.009552694628873953e-01
9.437385078862198240e-02
9.617894270016032199e-02
9.669785026829427754e-02
9.603564136268705198e-02
9.434217584360327091e-02
9.178202383848384216e-02
8.857910272275681951e-02
9.027050550221164815e-02
9.286009194885055940e-02
9.325616942420965338e-02
9.143573499704409080e-02
8.762693071128871414e-02
8.205902273268561586e-02
7.894245761444147746e-02
7.636018845744334260e-02
7.225897499988329087e-02
6.680676795246007216e-02
6.030284928656479138e-02
5.931572193311315799e-02
5.857549520064141840e-02
5.768510723300648152e-02
5.656659163663235040e-02
5.528399107607283314e-02
5.378432342846593134e-02
5.215020710105396778e-02
5.033318795151529856e-02
4.844632433359186835e-02
4.643673968435636790e-02
4.440045960539689557e-02
4.233508307151188227e-02
4.091378521137412766e-02
4.038449051232777948e-02
3.977385585480097685e-02
3.906888629732285095e-02
3.832031136754177753e-02
3.753869344388335860e-02
3.671769985657188928e-02
3.588587391278074551e-02
3.506457042878412256e-02
3.423667358228533325e-02
3.340947279789679980e-02
3.259770988364801836e-02
3.180991060856476482e-02
3.102994829395341880e-02
3.113090970096160995e-02
3.143557774963631757e-02
3.155214838637743213e-02
3.148476941397437140e-02
3.125150245705687890e-02
3.086110792429894514e-02
3.030611308039281998e-02
2.964468286272118822e-02
2.884876040868466357e-02
2.798827811410509181e-02
2.704103324232495775e-02
2.673299775526353714e-02
2.689530554395730411e-02
2.697875250667801025e-02
2.697463927620101162e-02
2.689880112604516732e-02
2.676719592697903924e-02
2.659505336021550370e-02
2.639613627661109574e-02
2.618214848745328144e-02
2.597342959416285013e-02
2.577307632174626051e-02
2.557620348115377182e-02
2.538411928844748131e-02
2.519562312504098484e-02
2.500733237883966467e-02
2.481409740420770921e-02
2.460947350863691707e-02
2.438621948090218677e-02
2.414684492793950366e-02
2.388503492452889732e-02
2.358312656303195726e-02
2.323511975983845110e-02
2.283621854966716436e-02
2.238305352672520163e-02
2.187382502248279986e-02
2.132864232513407773e-02
2.072833360887676654e-02
2.007480607052623475e-02
1.937228200241450371e-02
1.924906113442242245e-02
1.924848030822284145e-02
1.922852557951793689e-02
1.918031762355977207e-02
1.910261154794558672e-02
1.899468489104413210e-02
1.885631448198992269e-02
1.868774520008585280e-02
1.848965226207067644e-02
1.826309860800942597e-02
1.801669038240953993e-02
1.774995566602286662e-02
1.745918951534088451e-02
1.714647544885102709e-02
1.681405617034674102e-02
1.646428797158444243e-02
1.609959761467938053e-02
1.572244222539027902e-02
1.533527259766221014e-02
1.494050018891360590e-02
1.459356205953815308e-02
1.440137224549813480e-02
1.420336001998272028e-02
1.400040672729452318e-02
1.379338134779081911e-02
1.358313310840314481e-02
1.337048504383575413e-02
1.315622847607534653e-02
1.294111837155889101e-02
1.272586952985159565e-02
1.251115355275316844e-02
1.229759653956994173e-02
1.208676896150256801e-02
1.187950721386589470e-02
1.167475256183096548e-02
1.147295221419494630e-02
1.127450557868498252e-02
1.107976499073885963e-02
1.088903679358176058e-02
1.070258272076165217e-02
1.052062153497103185e-02
1.034333087977700426e-02
1.017084930407173571e-02
1.000327842185370734e-02
9.840685173239441946e-03
9.683104155568326987e-03
9.530539996372362418e-03
9.382969742971059360e-03
9.240345246497774084e-03
9.102595520213616759e-03
8.969629055130877091e-03
8.841336078017007771e-03
8.717590739172763684e-03
8.598253219557152119e-03
8.483171748302745577e-03
8.372184524270704503e-03
8.326004081825447156e-03
8.326395375888372835e-03
8.321557511931549495e-03
8.311862484755801195e-03
8.297650076086748178e-03
8.279225731906651037e-03
8.256859455874423354e-03
8.230785607919533300e-03
8.201203495540225832e-03
8.168278647366862544e-03
8.132144659959693669e-03
8.092905514062123662e-03
8.051470882553531799e-03
8.008334195993593516e-03
7.962230078531622873e-03
7.913173022165889692e-03
7.861163008530585097e-03
7.806188775600567641e-03
7.748231021313591906e-03
7.687265496093224210e-03
7.623265942668723191e-03
7.556206849611435232e-03
7.486065991099201920e-03
7.412826732079738808e-03
7.336480083861567254e-03
7.257026500259502848e-03
7.174477409614592530e-03
7.088856482207330639e-03
7.000200636366716959e-03
6.908560790008040110e-03
6.814002367139779075e-03
6.716605571385199196e-03
6.616465440298820166e-03
6.513691696177216842e-03
6.408408409607644664e-03
6.300753493649980351e-03
6.243006376612822254e-03
6.226195826628535927e-03
6.206448171974206403e-03
6.183724023789790268e-03
6.157994370117671722e-03
6.129240793985886795e-03
6.097455592017493077e-03
6.062641799744896733e-03
6.024813129621859643e-03
5.983993828445300159e-03
5.940218460694525644e-03
5.893531624694608138e-03
5.843987608382132139e-03
5.791649991394950785e-03
5.736591199998638396e-03
5.678892021910256216e-03
5.618641086323680582e-03
5.555934316369665928e-03
5.554127574883951923e-03
5.575313950931435301e-03
5.593501359015026764e-03
5.608620346632712909e-03
5.620613091817499782e-03
5.629433322001206608e-03
5.635046173902037193e-03
5.637427998955555838e-03
5.636566118456074782e-03
5.632458532858222733e-03
5.625113589839723233e-03
5.614549615501225437e-03
5.600794512880623473e-03
5.583885332360493531e-03
5.565025748452022934e-03
5.543436484002289312e-03
5.518833859133693773e-03
5.491284079910169549e-03
5.460860219872670090e-03
5.427641705420353617e-03
5.391713797640746222e-03
5.353167073517264146e-03
5.312096909287885096e-03
5.268602968321401195e-03
5.222788696055409401e-03
5.174760823832833152e-03
5.124628883732161230e-03
5.072504736103084985e-03
5.018502111032505444e-03
4.962736165414943605e-03
4.905323056490759615e-03
4.846379533186954275e-03
4.786022545445632256e-03
4.724368872942650947e-03
4.661534773050140558e-03
4.612440344910102852e-03
4.597948471028991124e-03
4.583076542277802687e-03
4.567831990600536123e-03
4.552222679940109290e-03
4.536256871906845997e-03
4.519943192221230477e-03
4.503290598437949439e-03
4.486308348656360342e-03
4.469005971250467925e-03
4.451393235781256168e-03
4.433480124935437923e-03
4.415276807597231373e-03
4.396793612948092858e-03
4.378041005722773868e-03
4.359029562460432772e-03
4.339769948785284978e-03
4.320272897935968637e-03
4.300549190012833457e-03
4.280609632495374975e-03
4.260465041569139362e-03
4.240126224646943720e-03
4.219603963522161952e-03
4.198908998767089326e-03
4.178052014838245891e-03
4.157043626112841284e-03
4.135894363853488340e-03
4.114614663888819732e-03
4.093214855178309644e-03
4.071705149131138110e-03
4.050095629745206587e-03
4.028396244316668519e-03
4.006616795074417064e-03
3.984766931299319609e-03
3.962856142220217218e-03
3.940893750506362786e-03
3.918888906324216777e-03
3.906385818200184754e-03
3.902197388695494672e-03
3.897393563333430982e-03
3.891990638978075432e-03
3.886005157300034211e-03
3.879453865564710339e-03
3.872353678859347028e-03
3.864721643961991585e-03
3.856574904906135901e-03
3.847930669984058090e-03
3.838806180557320126e-03
3.829218681154139721e-03
3.819185391301614923e-03
3.808723478711530455e-03
3.797850034092543209e-03
3.786582047255315688e-03
3.774936384719730469e-03
3.762929768651732034e-03
3.750578757136768717e-03
3.737899725801173325e-03
3.724908850670770235e-03
3.711622092258829407e-03
3.698055180809616850e-03
3.684223602776167880e-03
