7.894398257515823636e-02
7.895282539589364157e-02
8.050313583465619482e-02
7.977720265787906218e-02
8.001118365730174042e-02
8.150822107349794954e-02
8.453214835605916966e-02
9.326858289561211490e-02
1.024888844899331658e-01
1.321395239055193627e-01
1.589465781221243990e-01
1.876970509906716045e-01
1.589545308795893008e-01
1.683124643633779893e-01
2.492412049261461260e-01
2.036289006028742243e-01
2.103621539405831908e-01
2.277302127943687526e-01
1.702882058821907907e-01
2.242827225803592228e-01
2.237166609638037984e-01
2.599141639516947544e-01
2.627947862764965503e-01
2.683845634556242810e-01
3.016336825854599724e-01
3.723335947087609843e-01
4.803143174243247326e-01
3.490382830571733264e-01
3.448590394590618780e-01
2.688120077366983329e-01
2.553499694539070330e-01
2.280633437382980910e-01
2.412075704934116827e-01
2.196724156733052269e-01
1.977367885893229205e-01
1.988332181733504511e-01
1.752735927361045443e-01
1.683510991430243742e-01
1.602733744175287300e-01
1.808726358952189861e-01
2.028348385543281285e-01
1.954527083549389976e-01
1.948957944533038500e-01
1.880710893879915246e-01
1.844628371974174064e-01
2.078398248694423300e-01
1.961259943558423258e-01
1.869247039684333589e-01
1.982550439343477022e-01
2.083738627040609137e-01
2.143994172045566582e-01
2.289866842631717858e-01
2.690147888294907585e-01
2.705056423932013510e-01
2.459692444901052100e-01
2.450609696150949368e-01
2.771730220431989911e-01
2.811355669625664744e-01
2.681478612089072122e-01
2.770949984951063816e-01
2.909401145791001841e-01
3.134310829637895202e-01
3.354002382894968326e-01
3.625477584178901092e-01
3.863935725696401868e-01
3.849077819267840428e-01
3.778093623286415959e-01
3.734387782781014020e-01
3.724753314969835860e-01
3.786964358181917345e-01
3.818807666285799485e-01
3.880997575443732028e-01
3.986242898462274420e-01
4.234427070023100148e-01
4.683985196762722181e-01
5.269961830137062098e-01
5.965217656128898316e-01
6.285906287883035182e-01
6.435383446876610236e-01
6.589227934971770839e-01
7.169338965805736041e-01
6.698417026365065530e-01
6.062355224778107621e-01
5.586310283221647133e-01
4.855373398988699907e-01
4.937859364433367926e-01
4.768698494224411499e-01
4.360085505415777773e-01
4.042125081581128820e-01
4.000002727359263655e-01
4.099048754794036298e-01
4.090433598813115190e-01
3.907453602931761916e-01
3.600038611093375751e-01
3.631606780866059037e-01
3.672728853371347024e-01
3.549725224065897744e-01
3.304259303032424655e-01
3.086412609361790516e-01
2.837738163440778894e-01
2.579964713066563164e-01
2.341577135548575939e-01
2.131235390024223686e-01
1.996240451078750422e-01
2.044832097495736245e-01
2.048324530611201622e-01
2.071482776832340167e-01
2.040322065194266898e-01
1.979997468631624902e-01
1.935485933456764229e-01
1.856063482758456840e-01
1.754078181420780091e-01
1.707331411782012920e-01
1.650614152278986613e-01
1.619187672787323062e-01
1.576135988764478801e-01
1.509104837033118374e-01
1.422915826087177982e-01
1.328844302381387010e-01
1.296473740065123004e-01
1.252053430936035661e-01
1.199659197716524406e-01
1.141217440340138167e-01
1.078416813475781000e-01
1.022583234173436717e-01
9.973130404413654837e-02
9.736019375577652235e-02
9.497953389012279979e-02
9.258302278784849570e-02
8.998972432317596526e-02
8.726076008763750114e-02
8.429418742261897413e-02
8.118567932242735929e-02
7.791209883541690140e-02
7.458701600812932264e-02
7.264361340689221014e-02
7.101388926724774842e-02
6.932575909676082226e-02
6.760204881956356771e-02
6.591785795742180487e-02
6.424742247504602877e-02
6.265742309200993121e-02
6.115002434809250348e-02
5.970770227012608955e-02
5.834620161769583924e-02
5.708586339106637431e-02
5.587861185781720086e-02
5.471373020523965375e-02
5.360757904175376259e-02
5.253657003003878168e-02
5.146805486078021713e-02
5.039471290961902022e-02
4.934432613609870955e-02
4.826210861481003422e-02
4.713961575414485350e-02
4.600990036143860068e-02
4.483503284702806957e-02
4.360231745153096694e-02
4.233750813762879317e-02
4.102832740414937007e-02
3.965741480870062924e-02
3.874516129027481132e-02
3.758225082771693426e-02
3.619502121738952388e-02
3.654790467889787453e-02
3.924963842271278480e-02
4.166906227119535067e-02
4.371802386285167374e-02
4.525826001028380313e-02
4.622951117546355432e-02
4.660539800562976676e-02
4.640383019759181799e-02
4.566866620241800956e-02
4.443504390632226769e-02
4.277491863079299628e-02
4.150902556907717922e-02
4.045922617579768288e-02
3.918256897029280539e-02
3.852145710821673619e-02
3.779924139739315736e-02
3.680626509161639276e-02
3.564082383379411911e-02
3.442603735364187234e-02
3.321259658302695011e-02
3.207885139309314682e-02
3.106131689200752888e-02
3.018484632535162540e-02
2.942910860853228255e-02
2.879378639098956541e-02
2.821228566425609471e-02
2.766526756463426329e-02
2.781737912168733701e-02
2.801810735199678631e-02
2.819841814681132985e-02
2.833147015708693817e-02
2.836696888945284406e-02
2.827891516309632980e-02
2.802821595447020642e-02
2.761744422126692980e-02
2.701165175571942217e-02
2.623747506762554721e-02
2.571639007437215643e-02
2.543160993003691292e-02
2.493550979204862614e-02
2.423934402973531438e-02
2.335650033315595647e-02
2.233346355268248443e-02
2.119387090230858903e-02
2.119040939694927933e-02
2.131999443771987954e-02
2.136769696477487310e-02
2.131354241478603320e-02
2.116770210166720942e-02
2.094310519072696899e-02
2.062778547767052037e-02
2.023770616446947043e-02
1.978651062157637391e-02
1.926846030101588003e-02
1.869455177728477149e-02
1.809091765158867687e-02
1.744950755995957128e-02
1.678071282995377209e-02
1.609455630541526891e-02
1.608587678583320996e-02
1.619851637541029968e-02
1.626005958145607458e-02
1.626948020622815891e-02
1.623837339399749821e-02
1.616988056889327036e-02
1.606270871876753700e-02
1.598376881520730333e-02
1.617646509156746987e-02
1.629941408088559501e-02
1.636507585522828725e-02
1.636151818683714843e-02
1.629546285083555493e-02
1.618111268573061909e-02
1.601115189002049952e-02
1.579776921285779706e-02
1.554936397270064406e-02
1.526329823163653614e-02
1.495229675917923197e-02
1.462016909581040011e-02
1.426573830569793228e-02
1.389747737167098228e-02
1.352020297329459969e-02
1.313037016811473973e-02
1.273021285859592296e-02
1.232827621115694869e-02
1.213457892606070038e-02
1.198897205530211237e-02
1.184878681155093413e-02
1.171301310543972247e-02
1.158060509162675382e-02
1.145051196930954064e-02
1.132170547143242396e-02
1.119526436077510068e-02
1.106850258714553101e-02
1.114377806296843083e-02
1.125971687259701842e-02
1.136479323114158828e-02
1.145634182699220051e-02
1.153324283352724286e-02
1.159443583539063009e-02
1.164138531751946100e-02
1.167518780044461170e-02
1.169086969448177374e-02
1.168793773764200891e-02
1.166611039136983101e-02
1.162613478177980733e-02
1.157330784249961490e-02
1.150192617199417150e-02
1.141257738955097321e-02
1.130606386177155850e-02
1.118338753126558137e-02
1.104712798739136519e-02
1.090131298702680385e-02
1.074297195764400449e-02
1.057366844991612653e-02
1.039505066816492733e-02
1.020882396165050804e-02
1.001672354677199048e-02
9.820488014608250854e-03
9.621834108729942700e-03
9.423641889723171836e-03
9.227414769499554109e-03
9.033197184114886286e-03
8.842423158559084562e-03
8.656412325265788743e-03
8.476357978032001209e-03
8.303317774932606962e-03
8.138207049948024616e-03
7.981794646656671308e-03
7.834701149354264538e-03
7.697399355034735720e-03
7.570216803979794469e-03
7.453340168403001752e-03
7.346821284562302448e-03
7.250584606840380919e-03
7.164435859460213316e-03
7.088071662679931370e-03
7.021089915938669851e-03
6.963000729547230358e-03
6.913237706963483442e-03
6.871169393836012301e-03
6.836110724440647504e-03
6.807334312933648567e-03
6.784081453088583111e-03
6.765572707984533057e-03
6.751017987760153834e-03
6.739626030752694091e-03
6.730613220004900456e-03
6.723211681570227111e-03
6.716676627222395966e-03
6.710292916435074174e-03
6.703380825999317658e-03
6.695301026114851457e-03
6.685458772276736510e-03
6.673307331337014967e-03
6.658350666896324134e-03
6.640145416745985886e-03
6.618302199318103207e-03
6.592486291179130986e-03
6.562417720287125160e-03
6.527870822541975357e-03
6.488673309949174323e-03
6.444704900554871878e-03
6.395895558986302958e-03
6.342223397030818076e-03
6.283712282197636244e-03
6.221132793685400265e-03
6.154672708324493598e-03
6.083650452192746264e-03
6.008237433221908473e-03
5.928636586016601713e-03
5.845079154357791726e-03
5.757821452250878880e-03
5.667141633145144491e-03
5.573336493676417369e-03
5.501844790708318791e-03
5.494124794402329912e-03
5.484069349301160315e-03
5.471691005510558904e-03
5.457010853158146546e-03
5.440057975971496207e-03
5.446603268237365861e-03
5.450931892667637731e-03
5.452499616667154381e-03
5.451278517434493195e-03
5.447254854172719866e-03
5.440428417321319619e-03
5.430811852394942622e-03
5.418429964364814347e-03
5.403319007303590202e-03
5.386205883611728737e-03
5.366779634294944167e-03
5.344779449547255347e-03
5.320277486116483864e-03
5.293353897689184913e-03
5.264096124064671957e-03
5.232598190350187632e-03
5.198960018373673109e-03
5.163286752726254161e-03
5.125688103382671119e-03
5.086277706535424076e-03
5.045731052000479791e-03
5.003824603124380765e-03
4.960429788399852921e-03
4.915669130439320050e-03
4.869666353968689354e-03
4.822545876121273750e-03
4.774432321274782280e-03
4.725450060748856429e-03
4.675722777379612283e-03
4.625373055409129006e-03
4.574521995473033661e-03
4.523288854555731174e-03
4.471790710816745534e-03
4.420142153202480384e-03
4.368454994908564301e-03
4.317040064700664384e-03
4.265878224857540431e-03
4.214959550712214439e-03
4.164383211112477126e-03
4.114244583192747107e-03
4.064635095261321003e-03
4.015642090235182864e-03
3.967348708858318279e-03
3.919833791945119897e-03
3.873171801166969044e-03
3.827432757187481088e-03
3.782682195081051024e-03
3.738981135448779958e-03
3.696386071177349027e-03
3.672199046493746476e-03
3.648235259929354189e-03
3.623497575792479063e-03
3.598082735063848174e-03
3.572086445853426152e-03
3.545603123980853831e-03
