1.595784829669120441e-01
1.594239316304227050e-01
1.629885741852831471e-01
1.606387013603595149e-01
1.624262110520244828e-01
1.638628163087054446e-01
1.672163893366278020e-01
1.683077241144373126e-01
1.735827027525398414e-01
2.070793262228590448e-01
3.294394485384863902e-01
2.646893077285668583e-01
3.096922900800758716e-01
3.044315263057119081e-01
3.062336762489051845e-01
4.778118675257181924e-01
4.364834240981598223e-01
3.682456436888733031e-01
3.488609023743817206e-01
4.359766680492815349e-01
4.806271746808688516e-01
4.828304967092452715e-01
4.573084507601329896e-01
4.030693425906921035e-01
4.809197354168406324e-01
6.781905502208593894e-01
6.940441844478983935e-01
5.229764824171151405e-01
4.120681227331255969e-01
3.635349414837120152e-01
3.389387623292027252e-01
3.099653307814864700e-01
3.747949255048635964e-01
3.720250331854118575e-01
3.230827015497674815e-01
2.971431397672101848e-01
2.922986641201529290e-01
3.125236755858318283e-01
3.412742340967127030e-01
3.385682974238979348e-01
3.320580995932959079e-01
3.586429613251715387e-01
3.527825315802066708e-01
3.566895340093854672e-01
3.348939607531316587e-01
3.530071126030107642e-01
3.590967971520049873e-01
4.163369621355070271e-01
4.100560616609064679e-01
4.103464966607019981e-01
4.926328471401900111e-01
4.777864389027576264e-01
4.452034208363789825e-01
4.415779997723525141e-01
4.458256784181095500e-01
4.262111676694153028e-01
4.377211910508860826e-01
4.755127164894740743e-01
4.798634311888760884e-01
4.815822509388892336e-01
4.666028319921868839e-01
4.290339357988172120e-01
4.222260247614022521e-01
4.813371734852168737e-01
5.618484260057717838e-01
6.365460533249027719e-01
7.134338372613076018e-01
7.351458786829950798e-01
6.473791329575101505e-01
7.033536122677381819e-01
7.818735272910231071e-01
8.242804449941940614e-01
8.242382849795277799e-01
8.332075231642882551e-01
8.711016726654198239e-01
8.674495534746355929e-01
8.999729132897151818e-01
9.234584298297352500e-01
9.295710076137065903e-01
9.880652380926190359e-01
1.079372688921960588e+00
1.088423143717774266e+00
1.031112898094202368e+00
1.049019428941082799e+00
1.101579551404654467e+00
1.110954714735897797e+00
1.051867295461313967e+00
9.407834917965411936e-01
8.548125501512461311e-01
8.087528479157817252e-01
7.396423259304605313e-01
6.589582574785779467e-01
6.253481089746874000e-01
6.645870506839436365e-01
6.612515536646306202e-01
5.995834783849464111e-01
5.116985848786161917e-01
4.602733881042456732e-01
4.239945931500601062e-01
3.906584010800366880e-01
3.623867495534408567e-01
3.404421136826388250e-01
3.252580681169322530e-01
3.357605273420678493e-01
3.380192976010589767e-01
3.340733026335584999e-01
3.353229609588996296e-01
3.263956178207487180e-01
3.208514018798975798e-01
3.177152449491614239e-01
2.948356520404160075e-01
2.707137029625352187e-01
2.632504340980564850e-01
2.545335046583044880e-01
2.449482542239929672e-01
2.425093522392667289e-01
2.363050792234508146e-01
2.270895774454259886e-01
2.191629702722045769e-01
2.159424404484218962e-01
2.103057261541116385e-01
2.092671568618759137e-01
2.191441985663278302e-01
2.221406223466689256e-01
2.259925773531419879e-01
2.270746661854791959e-01
2.231859532315021988e-01
2.152636445331621851e-01
2.068288547039918712e-01
2.016558195592041691e-01
1.943651034344447137e-01
1.858285863908927804e-01
1.768528826677826238e-01
1.679896090995967872e-01
1.595579926404573634e-01
1.517563852670181512e-01
1.446248840145613612e-01
1.381347769297382455e-01
1.320798897792519744e-01
1.302747001275366689e-01
1.285899286735756319e-01
1.305085830309721528e-01
1.367062539942694444e-01
1.402393271424262899e-01
1.398349785320373850e-01
1.358158483881990175e-01
1.288024265428682202e-01
1.197270031205472651e-01
1.122084690994896300e-01
1.092651890313139085e-01
1.080339742399886727e-01
1.058387734393677615e-01
1.032908901557380438e-01
1.007996501337123513e-01
9.824511318748248290e-02
9.842233388336561750e-02
9.936288940210868947e-02
9.970437605306214923e-02
9.877036900406054032e-02
9.748137004838741682e-02
9.540848624446987558e-02
9.163046675846174549e-02
8.625401207601161857e-02
7.953203205377931684e-02
7.412152709756945901e-02
7.144206209313683220e-02
6.735714618352804661e-02
6.531621222356419343e-02
6.776237354585375183e-02
6.967160580921905044e-02
7.092162146810009060e-02
7.154207318958805129e-02
7.153569425962340300e-02
7.087792294497650969e-02
6.970546886619709281e-02
6.796839173933917622e-02
6.580685366674300651e-02
6.322916288734764523e-02
6.037616289345251741e-02
5.725444440689984177e-02
5.400544435964349521e-02
5.382159016847429256e-02
5.492357959739509188e-02
5.522351924246829413e-02
5.473991168502007759e-02
5.356392412190992547e-02
5.175161979328504053e-02
4.941849976167029396e-02
4.671401669451967498e-02
4.378184329100667793e-02
4.280077934180141763e-02
4.216733658200304963e-02
4.153299045863276945e-02
4.088885447232130932e-02
4.023780518167324738e-02
3.958251042569710387e-02
3.892543194774979176e-02
3.826882906759596081e-02
3.761476323537363275e-02
3.696510333398633080e-02
3.632153162085674514e-02
3.568630990290454913e-02
3.506825168479674182e-02
3.445939399016573201e-02
3.386080056427713536e-02
3.327338390800955309e-02
3.269791321746863544e-02
3.213502253377061718e-02
3.158521904577429873e-02
3.104889149005043980e-02
3.052631859312417845e-02
3.001767750216549624e-02
2.952305215271084152e-02
2.904244152469641349e-02
2.857576773969176462e-02
2.812288395755383613e-02
2.768358203315167756e-02
2.725759989833113905e-02
2.684462863946331102e-02
2.654216736273543736e-02
2.643854300146544767e-02
2.631207206992326048e-02
2.616496583039803342e-02
2.599930960597236426e-02
2.581705383527112610e-02
2.562001362023307374e-02
2.540987468353534187e-02
2.518820382736565791e-02
2.495646219531487409e-02
2.471601987452595392e-02
2.446817061945942562e-02
2.421414572279740121e-02
2.395512629569876081e-02
2.369225343846943083e-02
2.342663598344817480e-02
2.316126443785403860e-02
2.289684028178421218e-02
2.263250675157574276e-02
2.236928013729837933e-02
2.210814821921509160e-02
2.185006478801487795e-02
2.159594295175923037e-02
2.134664761207054687e-02
2.110298748918170916e-02
2.086570705816117449e-02
2.063547873145055167e-02
2.041289558620184783e-02
2.019846489441280007e-02
1.999260266831743085e-02
1.979562938693008034e-02
1.960776702345070135e-02
1.942913744716261160e-02
1.925976223247441096e-02
1.909956386674388149e-02
1.894836831509184513e-02
1.880590886920762220e-02
1.867183118133571018e-02
1.854569936477579520e-02
1.842700302498951476e-02
1.831516507533300503e-02
1.820955018352857224e-02
1.812438625461200783e-02
1.819557083643253900e-02
1.825053114893196091e-02
1.828834870592898829e-02
1.830793516703568130e-02
1.830806942331568432e-02
1.829057656016941022e-02
1.825749440830327919e-02
1.820105336534724033e-02
1.811992191154406656e-02
1.801286406434586887e-02
1.787878478866566576e-02
1.772526130813800033e-02
1.754482008718284691e-02
1.733515695765594500e-02
1.709604952481078369e-02
1.682756906588903437e-02
1.653946374438022490e-02
1.641404205954507048e-02
1.628660684375488055e-02
1.615315425039994326e-02
1.601360553280629234e-02
1.586961015838257022e-02
1.572090787904216469e-02
1.556614772540187118e-02
1.540545172938973320e-02
1.523898842048056895e-02
1.511139131532347225e-02
1.496326821244324014e-02
1.478186553238885169e-02
1.456024351240886062e-02
1.432887213321049416e-02
1.413349860262352355e-02
1.393453494301503080e-02
1.373238865320576714e-02
1.352747989554776119e-02
1.332023788703575601e-02
1.311109743533304083e-02
1.308870557795728355e-02
1.306099649706764926e-02
1.300721606127963267e-02
1.292840490171012248e-02
1.283151722021079987e-02
1.271368719514747760e-02
1.257451161822171690e-02
1.241551770250873959e-02
1.223831419468326791e-02
1.204457139496672470e-02
1.183690544879111885e-02
1.162077535564654159e-02
1.144409156328770640e-02
1.143236763198409757e-02
1.141622747958515559e-02
1.139572502198483994e-02
1.137093138886145945e-02
1.134193358178438478e-02
1.130883312373174091e-02
1.127174471013175916e-02
1.123079487029956733e-02
1.118612064822754534e-02
1.113786830964000850e-02
1.108619208232639215e-02
1.103193641741694389e-02
1.097575747498670540e-02
1.091660278710886514e-02
1.085464464834582851e-02
1.079005798529523649e-02
1.072301938232599582e-02
1.065370616524005838e-02
1.058229554423639057e-02
1.050896381663536661e-02
1.043388562989335834e-02
1.035723330464458254e-02
1.027917621697185639e-02
1.019988023930828470e-02
1.011950723855181526e-02
1.003821462981831919e-02
9.956154984345454151e-03
9.873475689161330046e-03
9.790318656987061219e-03
9.706820083501153593e-03
9.623110250061092316e-03
9.539313369212707935e-03
9.455547470475044250e-03
9.371924324177223486e-03
9.288549400118801050e-03
9.205521859328730933e-03
9.122934575689896006e-03
9.040874185447213968e-03
8.959421161914870799e-03
8.878649912761250873e-03
8.798628898286052491e-03
8.719420767685129303e-03
8.641082511446575645e-03
8.563665628070159935e-03
8.487216302735862972e-03
8.411775596287829684e-03
8.337379642863178286e-03
8.264059854110642270e-03
8.191843129055494457e-03
8.120752067549516506e-03
8.050805186365346186e-03
7.982017136564338936e-03
7.914398920911624308e-03
7.847958110455698771e-03
7.782699059268252326e-03
7.718623116146477829e-03
7.655728833243675979e-03
7.594012170222552878e-03
7.533466693620424065e-03
7.474083770847257842e-03
7.415852758510764302e-03
7.358761184318126855e-03
7.302794922735252395e-03
7.247938363453981965e-03
7.194174573281039188e-03
7.141485450472740207e-03
7.089851872070117821e-03
7.039253833646046815e-03
6.989670581852816707e-03
6.941080739627605335e-03
6.893462423729825907e-03
6.846793355582296570e-03
6.801050964548660017e-03
6.756212484314337054e-03
6.712255042481064110e-03
6.669155743489072787e-03
6.626891744720323808e-03
6.585440326911769920e-03
6.544778957745996453e-03
6.504885350169264426e-03
6.465737514708923099e-03
6.427313806559581746e-03
6.389592967420607526e-03
6.352554162439597203e-03
6.316177012459115413e-03
6.280441621877260079e-03
6.245328602251201677e-03
6.210819091848519477e-03
