1.738929752639818416e-01
1.742340492139231034e-01
1.735665913383144243e-01
1.769279564353644640e-01
1.806308175631737845e-01
1.853687018099626216e-01
1.956320521565877435e-01
2.064365621263695716e-01
2.282456892651152647e-01
4.330962931307272834e-01
2.480965549848673790e-01
2.714346662198679483e-01
3.098156599781506926e-01
3.559424553831598836e-01
4.882828730420888941e-01
4.683007748260969993e-01
3.475672532126021785e-01
3.639149220073254476e-01
4.492208179091901621e-01
4.024516632551081718e-01
5.534833408114326891e-01
6.037434638511055551e-01
6.307334560287157776e-01
6.386598996458523469e-01
7.143385130930662852e-01
6.490476059450248636e-01
5.034594202894707715e-01
5.180569977419652306e-01
4.050504085855545222e-01
3.987609425719982337e-01
3.665360011559874454e-01
3.793127303094881997e-01
3.964503133156609960e-01
4.194520311706016469e-01
3.453905418646240899e-01
3.169745309062797500e-01
3.760001303925722960e-01
4.143058954236464309e-01
3.812947356398031507e-01
3.416586238879689708e-01
3.772370327784514976e-01
3.871155105277857555e-01
3.848247550579271814e-01
4.074983059062328716e-01
4.382680256288341014e-01
3.785570293789350393e-01
4.127629490987958505e-01
4.330511057204719516e-01
4.423340746438130799e-01
4.465938342701762931e-01
4.710274891537170050e-01
5.129000884965290163e-01
5.061012400048341409e-01
5.031326551590524776e-01
5.080739537211558243e-01
5.013550708632511510e-01
4.922436264246912163e-01
5.344462600507873251e-01
6.193522597724607781e-01
6.572915696082781700e-01
6.902655183761451374e-01
6.974602925403662335e-01
6.448303976563968254e-01
6.647803578873757724e-01
7.101803108010784626e-01
7.469185254050029199e-01
7.582603419406908074e-01
7.330175705346673176e-01
7.380017125602553740e-01
8.354950284987265885e-01
8.787349444956429334e-01
8.908211000107487676e-01
9.021786422742191780e-01
9.151035764740038658e-01
9.237760870200829588e-01
9.249651369661372469e-01
9.027464312434138050e-01
8.431594373680041388e-01
7.710379953585366763e-01
6.945645260236965601e-01
6.205898615739741109e-01
5.680215769420805527e-01
5.454206252350588535e-01
5.484266567676195914e-01
5.685729351786832364e-01
5.948256974818967313e-01
6.072847104499090598e-01
6.006481589844239188e-01
5.984276634006565621e-01
5.722494632050250107e-01
5.405268217895908833e-01
4.962427508037131618e-01
4.544762565872650373e-01
4.238075801350694172e-01
4.060277799236262641e-01
3.956887051282876322e-01
3.944837582082783012e-01
3.906411630771465804e-01
3.795450210405290070e-01
3.621928847534086615e-01
3.526593539131450128e-01
3.424593747414515499e-01
3.293919635846145888e-01
3.136848568777073076e-01
2.954750633802432080e-01
2.750053728344758475e-01
2.782343504128097500e-01
2.763452767987377712e-01
2.673250977400218331e-01
2.523844308037815898e-01
2.456549106977052865e-01
2.371432689112977776e-01
2.253458320143476024e-01
2.111644109324649354e-01
1.957668464455880608e-01
1.798825141834469454e-01
1.643641398151094446e-01
1.520741081295748087e-01
1.409552174045987927e-01
1.309923538103539564e-01
1.225317353301307866e-01
1.158778891673586109e-01
1.111152949662322503e-01
1.081483096685368628e-01
1.067464159573647403e-01
1.066210477627362874e-01
1.073388684809511023e-01
1.085393042781588324e-01
1.099138136626254536e-01
1.111231781803958679e-01
1.119808615827462411e-01
1.123750539803572840e-01
1.122054397163020634e-01
1.114079597473362770e-01
1.100121747561810803e-01
1.080640221658146632e-01
1.056210188182892251e-01
1.027355624768709341e-01
9.947677299520700511e-02
9.591114185693382088e-02
9.210024061519946070e-02
9.064806261376026630e-02
8.950909174571883287e-02
8.797045261073674349e-02
8.608886108403644710e-02
8.402149861547029974e-02
8.178309111167252066e-02
7.939827381092669223e-02
7.693179585152069844e-02
7.444347867585192347e-02
7.204143849852964743e-02
6.969755962550268358e-02
6.744825867933852692e-02
6.532179248566150065e-02
6.333855614132061218e-02
6.151161224297488350e-02
5.984738983689438796e-02
5.834649706398116475e-02
5.700459802070211024e-02
5.581331150669287255e-02
5.476109664722259018e-02
5.383409752837643031e-02
5.301692571316486691e-02
5.229336564576382573e-02
5.164699339063613670e-02
5.106170383732289847e-02
5.052214541936313197e-02
5.001406456763404090e-02
4.952456458840822501e-02
4.904228548652302816e-02
4.855751251492202575e-02
4.806222199779941473e-02
4.755007332657175401e-02
4.702279003489812786e-02
4.648258134130075353e-02
4.591584137532978699e-02
4.532186467242230177e-02
4.470110082381800048e-02
4.405499900937681623e-02
4.338584878027140768e-02
4.269662163805310745e-02
4.199081718302291599e-02
4.127231687007362759e-02
4.054524772529994464e-02
3.981385775557823997e-02
3.908240422363676303e-02
3.835505547401471538e-02
3.763580657280361091e-02
3.693114617729408022e-02
3.624545541061033327e-02
3.557705566918112350e-02
3.492876417408582318e-02
3.430300554431218313e-02
3.370179775677630690e-02
3.312674717746964120e-02
3.257905159182725163e-02
3.205951016070775900e-02
3.156853924878672002e-02
3.110619311192356143e-02
3.067218848251975633e-02
3.026593215601058526e-02
2.988655075259528601e-02
2.953292190440916232e-02
2.920370619609198928e-02
2.889737926574008353e-02
2.861226355086131379e-02
2.834655923785684567e-02
2.809837404657360149e-02
2.786575154682977007e-02
2.764669776793139341e-02
2.743920591805566397e-02
2.724127908299183581e-02
2.705095081999567622e-02
2.686630360359661129e-02
2.668548511618586833e-02
2.650672240719955178e-02
2.632833397084647503e-02
2.614873981430511363e-02
2.596646960580019370e-02
2.578016900653167659e-02
2.558860430024556196e-02
2.539066544257248190e-02
2.518536765694207036e-02
2.497185170616126118e-02
2.474938296965377427e-02
2.451734945477368130e-02
2.428091806275587197e-02
2.403577501514805523e-02
2.377991128464443035e-02
2.351313751306770283e-02
2.323536637648895495e-02
2.294660685248063256e-02
2.264695816532430808e-02
2.233660349438330167e-02
2.201580352380846928e-02
2.168488990460306146e-02
2.134425869354193012e-02
2.099979756080410515e-02
2.064767682370126367e-02
2.028705984872384779e-02
1.991852258015011645e-02
1.954267579511732508e-02
1.916015935825210806e-02
1.877163671650982149e-02
1.837778965417393578e-02
1.797931332349469655e-02
1.757691156157640405e-02
1.717327894279468622e-02
1.676909465705649777e-02
1.682603887831954359e-02
1.689445810579265697e-02
1.695566731029777424e-02
1.700941839268524380e-02
1.705550029853795252e-02
1.709373778089247689e-02
1.712399007615362720e-02
1.714614950769095814e-02
1.716014003208067226e-02
1.716591574025822312e-02
1.716345932621462025e-02
1.715625119301541004e-02
1.714297751953003032e-02
1.712154901941010526e-02
1.709203719841439345e-02
1.705453487369018237e-02
1.700915465421223849e-02
1.695602744467522571e-02
1.689530097799819136e-02
1.682713838167893342e-02
1.675171678159306787e-02
1.666922594702752516e-02
1.658444156559709184e-02
1.649372390119950571e-02
1.639645830897417875e-02
1.629286784622129697e-02
1.618318259529182013e-02
1.606763858834691847e-02
1.594647678372121402e-02
1.581994209386980779e-02
1.568828246500082388e-02
1.555174800817831805e-02
1.541059018119300857e-02
1.526844002918973341e-02
1.512312540842683344e-02
1.497380002525793528e-02
1.482071299654741728e-02
1.466411172260548290e-02
1.450424133880375173e-02
1.434134421043060763e-02
1.417565946929945711e-02
1.400742259043311934e-02
1.383686500767241680e-02
1.366421376625199212e-02
1.348969121077947357e-02
1.331351470734163170e-02
1.313664604105448802e-02
1.296070785261423802e-02
1.278360114072595033e-02
1.260552330336256813e-02
1.242666594052868785e-02
1.224721473557961043e-02
1.206734935936004498e-02
1.188724339688770372e-02
1.170706429440496708e-02
1.152697332583387489e-02
1.134712557716520409e-02
1.116766994757842704e-02
1.098874916599102206e-02
1.081049982184461959e-02
1.063305240930946180e-02
1.048470433651959612e-02
1.041141741917566040e-02
1.033683117220743179e-02
1.026102136412004352e-02
1.018406237333051995e-02
1.010602714248755654e-02
1.002698713858864860e-02
9.947012318179068030e-03
9.866171097751086708e-03
9.784530328672918359e-03
9.702155276743586881e-03
9.619109605799923066e-03
9.535455365382422208e-03
9.451252981848288701e-03
9.366561253243185781e-03
9.281437347090347803e-03
9.195936801388500739e-03
9.110113528242574227e-03
9.024019820263731381e-03
8.937706359151439614e-03
8.851696170307917985e-03
8.766228300215506142e-03
8.680641367856329824e-03
8.594980512443358908e-03
8.509289341719648847e-03
8.423609950281175235e-03
8.337982939045408132e-03
8.252447436232601685e-03
8.167041119185550202e-03
8.081800237462258285e-03
7.996759636578096644e-03
7.911952782661539618e-03
7.827411787786035455e-03
7.743167435888652014e-03
7.659249209101862479e-03
7.575685314795483488e-03
7.492502712505995886e-03
7.409727141683075495e-03
7.327383149179955528e-03
7.245494117232534337e-03
7.164082291302472164e-03
7.083168808052477290e-03
7.002773723360993831e-03
6.922916040228295834e-03
6.843613736462910747e-03
6.764883792465680064e-03
6.686742218627166577e-03
6.609204082604711733e-03
6.532283536365090203e-03
6.455993842910482880e-03
6.380347402675763148e-03
6.305355779757760432e-03
6.231029727623130059e-03
6.157379214535698385e-03
6.084413448553874053e-03
6.012140902322305434e-03
5.940569337144998262e-03
5.887319574141912197e-03
5.878793238680429800e-03
5.868379900759606617e-03
5.856134616379911340e-03
5.842112729717820023e-03
5.826369771629574985e-03
5.808961363590115119e-03
5.789943126975253748e-03
5.769370597457566287e-03
5.747299144477221837e-03
5.723783895641910979e-03
5.698879665653719222e-03
5.672640890008468460e-03
5.645121562830794464e-03
5.616375179289689705e-03
5.586454681735641276e-03
5.555412409988560486e-03
5.523300055473925017e-03
5.490168618691269355e-03
5.456068370553362849e-03
5.421249414241409784e-03
5.386110127520211781e-03
5.350126632214098968e-03
5.313345996935200759e-03
5.275814438030572082e-03
5.237577297497453960e-03
5.198679023338015001e-03
5.159163152450305448e-03
5.119072295686628513e-03
5.078448125409329786e-03
5.037331364974025755e-03
4.999153589937081060e-03
4.995709632924837627e-03
