3.856399715464000622e-01
3.863741618526839727e-01
3.869270591119052249e-01
3.874356408383806127e-01
3.975307572994740690e-01
4.045545778522581237e-01
4.259642278355143530e-01
4.683563564298858783e-01
4.412655069668970365e-01
5.420113029562265705e-01
8.098444357816018124e-01
9.167649617049428157e-01
6.089350586362555218e-01
7.318732974378885370e-01
7.593108344974960344e-01
7.400924718099313182e-01
9.234308377492823627e-01
6.528105224046988342e-01
9.271770211966999797e-01
1.124613446058046806e+00
1.134651203277885934e+00
1.062027418687975455e+00
1.322254457851244513e+00
1.599577057367754351e+00
1.440540506146705146e+00
1.454253903027718842e+00
1.314802928655975922e+00
1.416155494160790118e+00
1.571663833048134951e+00
1.543828443361278557e+00
1.823643238233774611e+00
2.195661982094973208e+00
2.172680846559808199e+00
1.947180524779455135e+00
2.603264134082083903e+00
2.462600676012870693e+00
1.813095553539061600e+00
1.597150724195909977e+00
1.347457383668914987e+00
1.441934242581996983e+00
1.012763806874516170e+00
8.525124159074047858e-01
7.412643674965200269e-01
8.921006768206497517e-01
8.249326264193891367e-01
7.014043751645421265e-01
5.947478048956125196e-01
5.286279684845409665e-01
5.324395039824424414e-01
5.531341382216865554e-01
5.382655424402436051e-01
4.925071679843781025e-01
5.062936108826608939e-01
5.427109383727659608e-01
4.604633479455297884e-01
3.694986755879849927e-01
3.286981140415768388e-01
2.944458911799285317e-01
2.578431690361800421e-01
2.570685172993437684e-01
2.889311315771719846e-01
3.004066414827243903e-01
2.747839532079748293e-01
2.544186588953506467e-01
2.327362201433188782e-01
2.256653334891337848e-01
2.298925130014620455e-01
2.325042561398991403e-01
2.184074688518247154e-01
1.971938931616087631e-01
1.942397113262357977e-01
1.782486295413568123e-01
1.525118783249344578e-01
1.309700788768110857e-01
1.226941562481020653e-01
1.240909221248598093e-01
1.287512470857336278e-01
1.354966256261385393e-01
1.362524022644379662e-01
1.309889645863891450e-01
1.218089533652637196e-01
1.107562307210790548e-01
1.055436184543179640e-01
1.018065138237010253e-01
9.823786284206217911e-02
9.513928279341912764e-02
9.218137524914792047e-02
8.924165503233290331e-02
8.607994045306754938e-02
8.232900771792733829e-02
7.814478939312111128e-02
7.371035820948974859e-02
6.934079168125642512e-02
6.555225322837601731e-02
6.278197461083581676e-02
6.125214738209171228e-02
6.090101797887724489e-02
6.140094790628232435e-02
6.244435079174321529e-02
6.434660168999467578e-02
6.541581694320576512e-02
6.595349812651039867e-02
6.561784499975091556e-02
6.385333676911977840e-02
6.087383900659112251e-02
5.729260338514190198e-02
5.327569312362916837e-02
5.093773272770422966e-02
5.238223323076290905e-02
5.263507760648580835e-02
5.264682048645832196e-02
5.258090679089082869e-02
5.231118628673886439e-02
5.186857699950871148e-02
5.128120791223803737e-02
5.054921590174194651e-02
4.951733066489381191e-02
4.816275272503479227e-02
4.649395941271097094e-02
4.463245224757556723e-02
4.258399276357628660e-02
4.036805248157613463e-02
3.877994118115576927e-02
3.821749724234527884e-02
3.757029022208625141e-02
3.683913202177267060e-02
3.604554686205902608e-02
3.520550776586223868e-02
3.432962506589376517e-02
3.342416848243828786e-02
3.253100455301044525e-02
3.161667278907771828e-02
3.067588403133526126e-02
2.971180413949877849e-02
2.872932208425796330e-02
2.773539010244570335e-02
2.727987701073605539e-02
2.675723479249123710e-02
2.616523906260035878e-02
2.555129035294094811e-02
2.491067326467869339e-02
2.425882701169318825e-02
2.361710714822201282e-02
2.300519619510702288e-02
2.244009317629681172e-02
2.193523953942431992e-02
2.149983640497645648e-02
2.129784788299569215e-02
2.131896893077632124e-02
2.134743931511665430e-02
2.137913208500937662e-02
2.140981675521503452e-02
2.143523787219274099e-02
2.145119502245093970e-02
2.145362203052237141e-02
2.143866308637302695e-02
2.140274366442028106e-02
2.134263432136553063e-02
2.125550576875213232e-02
2.113897397759563826e-02
2.099113446423768459e-02
2.081701647526061280e-02
2.061942951932103224e-02
2.038773739439531107e-02
2.012191882606592652e-02
1.982244505896273851e-02
1.949025397406309659e-02
1.912671658065134145e-02
1.873359717626091325e-02
1.831300852296395554e-02
1.786736339585052319e-02
1.739932382626648011e-02
1.691563600775836812e-02
1.692513184037567828e-02
1.686711069349840914e-02
1.674111193555144136e-02
1.654793611276762430e-02
1.628954980064839173e-02
1.596897083948055351e-02
1.560718945141816028e-02
1.519631569597143343e-02
1.522596462546724205e-02
1.537712760332043439e-02
1.550901453671469157e-02
1.562085384712723693e-02
1.571210949609354313e-02
1.578246893941195536e-02
1.583182923276265502e-02
1.586028169318110664e-02
1.586809549817755349e-02
1.585570057880379691e-02
1.582367013142104220e-02
1.577270304134078399e-02
1.570360647726137468e-02
1.561727888139091691e-02
1.551469354639382035e-02
1.539688293779247104e-02
1.526492388918252764e-02
1.511992376858562435e-02
1.496300768749044864e-02
1.479530679946321897e-02
1.461794771372099989e-02
1.443204302902346796e-02
1.423868297758837213e-02
1.403892815318645744e-02
1.383380328678550722e-02
1.362879879597901633e-02
1.342076958726197249e-02
1.320978922367468250e-02
1.299670687649839840e-02
1.278231995925817668e-02
1.256737276647331043e-02
1.235255574711262988e-02
1.213850534600284699e-02
1.192580434849866734e-02
1.171498266564599197e-02
1.150651849976017972e-02
1.130083983398900808e-02
1.109832619213883820e-02
1.089931061974332843e-02
1.070408184003447498e-02
1.051288654386243158e-02
1.032593177491212579e-02
1.014338737655938461e-02
9.965388470243004629e-03
9.792037937999884326e-03
9.623408886648454272e-03
9.459547072733108172e-03
9.300473271672698300e-03
9.146185576581167612e-03
8.996661614983464741e-03
8.851860674176908333e-03
8.711725727860573920e-03
8.576185358484684704e-03
8.445155572210857886e-03
8.318541503595964018e-03
8.196239009876201548e-03
8.078136154594022997e-03
7.964114582339486964e-03
7.854050786328120246e-03
7.747817272050191127e-03
7.645283620046167301e-03
7.546317451952634474e-03
7.450785303822574437e-03
7.358553411357719905e-03
7.269488411665894247e-03
7.183457966220165372e-03
7.100331310055784523e-03
7.019979731877138730e-03
6.942276989788482774e-03
6.867099667670521941e-03
6.794327476287083736e-03
6.723843503938360840e-03
6.655534420838393056e-03
6.589290641143991448e-03
6.525006446683918014e-03
6.462580076035749632e-03
6.401913782479362082e-03
6.342913863912245064e-03
6.285490668101311601e-03
6.229558575846805626e-03
6.175035964943160691e-03
6.121845157260634961e-03
6.069912351213115238e-03
6.019167541870028629e-03
5.969544430464475068e-03
5.920980325129599625e-03
5.873416034295339365e-03
5.826795754612370919e-03
5.781066954037364369e-03
5.736180251968052771e-03
5.692089296931253026e-03
5.648750642944654239e-03
5.606123625562940173e-03
5.564170237892379633e-03
5.522855007766760450e-03
5.482144876071987083e-03
5.442009077136810216e-03
5.402419021412301070e-03
5.363348180703509868e-03
5.324771976417555161e-03
5.286667670984469478e-03
5.249014262464929761e-03
5.211792382990580903e-03
5.174984200401520559e-03
5.138573323894258214e-03
5.102544713238094977e-03
5.066884591671765199e-03
5.031580362759501164e-03
4.996620530734114003e-03
4.961994624698703310e-03
4.927693126275355974e-03
4.893707400967069188e-03
4.860029632894432260e-03
4.826652763033766232e-03
4.793570430497007435e-03
4.760776917434819504e-03
4.728267096539801734e-03
4.696036381965853698e-03
4.664080682879575071e-03
4.632396359786963673e-03
4.600980183691165751e-03
4.569829297549525028e-03
4.538941180399280913e-03
4.508313613689354446e-03
4.477944649829135142e-03
4.447832582883062651e-03
4.417975921311058894e-03
4.388373362572008975e-03
4.359023769529742943e-03
4.329926148663209781e-03
4.301079629830818762e-03
4.272483447611376446e-03
4.244136924111451339e-03
4.216039453103259324e-03
4.188190485539487577e-03
4.160589516168077158e-03
4.133236071457784336e-03
4.106129698480865189e-03
4.079269954820208093e-03
4.052656399525377158e-03
4.026288584817964283e-03
4.000166048787674733e-03
3.974288308693747079e-03
3.948654855178915755e-03
3.923265147038430475e-03
3.898118606653957433e-03
3.873214616011472124e-03
3.848552513347353217e-03
3.824131590114616171e-03
3.799951088655618200e-03
3.776010200114248306e-03
3.752308062886795803e-03
3.728843761354333226e-03
3.705616324988003207e-03
3.682624727793925180e-03
3.659867887987201373e-03
3.637344668046709351e-03
3.615053874800067037e-03
3.592994259972628023e-03
3.571164520761960833e-03
3.549563300619827146e-03
3.528189190306097855e-03
3.507040728915535033e-03
3.486116405156451832e-03
3.465414658751707691e-03
3.444933881798424493e-03
3.424672420395395711e-03
3.404628576236722656e-03
3.384800608264744003e-03
3.365186734509740835e-03
3.345785133736020513e-03
3.326593947387915598e-03
3.307611281360899221e-03
3.288835207934485971e-03
3.270263767611601268e-03
3.251894971029649015e-03
3.233726800857065695e-03
3.215757213666179011e-03
3.197984141872788760e-03
3.180405495531121642e-03
3.163019164248164535e-03
3.145823018948569558e-03
3.128814913767472873e-03
3.111992687762192740e-03
3.095354166677518389e-03
3.078897164686203187e-03
3.062619486050941614e-03
3.046518926777403748e-03
3.030593276217277612e-03
3.014840318641096549e-03
2.999257834766106030e-03
2.983843603216680077e-03
2.968595402037078196e-03
2.953511009982619576e-03
2.938588207990748113e-03
2.923824780402900503e-03
2.909218516247018965e-03
2.894767210510399823e-03
2.880468665267258994e-03
2.866320690799156485e-03
2.852321106712664422e-03
2.838467742987751952e-03
2.824758440944522778e-03
2.811191054211935499e-03
2.797763449615978983e-03
2.784473508104751398e-03
2.771319125528719316e-03
2.758298213402841578e-03
2.745408699738452040e-03
2.732648529640113733e-03
2.720015666041085672e-03
2.707508090306011764e-03
2.695123802850014991e-03
2.682860823610164029e-03
2.670717192639440393e-03
2.658690970572008191e-03
2.646780239033524364e-03
2.634983101104996801e-03
2.623297681633096016e-03
