1.890338975699388524e-01
1.887162671356389099e-01
1.918849145519264665e-01
1.902919886388714510e-01
1.919328538383205662e-01
1.963171186456071637e-01
2.110894816972094246e-01
2.490178919322172391e-01
2.682904705829760594e-01
3.125733269749548793e-01
3.853406810055218235e-01
3.470050712276502858e-01
4.481220684804727572e-01
4.421291489418743281e-01
6.186575844941784030e-01
5.620417585255218507e-01
4.586298578368704915e-01
5.596645485433342504e-01
5.112071778391147348e-01
4.806734153524929720e-01
4.926095128712029148e-01
5.300940193159940916e-01
5.080085251460916274e-01
5.446618832442285951e-01
5.890952028339405677e-01
6.450408750282905501e-01
8.063270676281458771e-01
8.090086786200486602e-01
8.289212098710598831e-01
8.837728155476027858e-01
9.505030353409157362e-01
1.049251973595921372e+00
1.240426053821055197e+00
1.153969933107934054e+00
9.170130327581531571e-01
1.007277901093408534e+00
1.106239165843043493e+00
1.157265737249115301e+00
1.299071174847094001e+00
1.319242283857902542e+00
1.281298930953887805e+00
1.252827373885003537e+00
1.492729898545094080e+00
1.827890869437322818e+00
1.932288805410922405e+00
1.662327844400333543e+00
1.354156968456460719e+00
1.240158222472256933e+00
1.257617458065980687e+00
1.215445127540243586e+00
1.044163007550461097e+00
9.347883369160323586e-01
8.230358181754251490e-01
7.924993684588274023e-01
8.117950088978567180e-01
7.143439414461789649e-01
6.916450493878394390e-01
6.652367299470639539e-01
6.559180111966806948e-01
6.521825555189921797e-01
6.097177885271027886e-01
5.476319638525455336e-01
4.674868906379107125e-01
4.958507470771262304e-01
4.878297560760263551e-01
4.608089106036730720e-01
4.319867029745386722e-01
3.766439843639385887e-01
3.241734801877462213e-01
3.394110522248703354e-01
3.288803767558511337e-01
3.002308991042599851e-01
2.786046470847627354e-01
2.701381490863896118e-01
2.678540269955705933e-01
2.534819011418185108e-01
2.461798361664466750e-01
2.371880448625073856e-01
2.253048032848945503e-01
2.143134729046078657e-01
2.059460970263917723e-01
2.003571801951110065e-01
1.941313777039664901e-01
1.840190240137014877e-01
1.685153546589043538e-01
1.637216534435141368e-01
1.522851877864981329e-01
1.470926889075564736e-01
1.413682376108572059e-01
1.300397020858780894e-01
1.238844829742551390e-01
1.188964502467690781e-01
1.121299071197074393e-01
1.047290144392636485e-01
1.107858344529825123e-01
1.176307754894193869e-01
1.218660195312651628e-01
1.210407874703820774e-01
1.157699909001397992e-01
1.204666619342755346e-01
1.200014912371333842e-01
1.154567411835536600e-01
1.085601340654576002e-01
1.010308569770262260e-01
9.454211907072489207e-02
8.963817642933626095e-02
8.624717517585271664e-02
8.381973554945727767e-02
8.106911129442750941e-02
7.710477512049093707e-02
7.477777018530051834e-02
7.475334184183092534e-02
7.269740407573371810e-02
6.839945528881635761e-02
6.307449802638405434e-02
6.435964746179624607e-02
6.464869214393478836e-02
6.397483763187090944e-02
6.270035482397923188e-02
6.084704008322688179e-02
5.861853132792600729e-02
5.740523433996635311e-02
5.713437391663399312e-02
5.639582356270750330e-02
5.542065199828526828e-02
5.426995155574730612e-02
5.441117927862255260e-02
5.519331156279459749e-02
5.502439465637763705e-02
5.375219886412387765e-02
5.152362915160947632e-02
4.834574455766806056e-02
4.435475409475529707e-02
4.151485992360361144e-02
4.357573844470108426e-02
4.485738321553153773e-02
4.528805476483324655e-02
4.500797323369524344e-02
4.396883356897020312e-02
4.241752343451792029e-02
4.038597387684886297e-02
3.801749008974376898e-02
3.778664881285471316e-02
3.753396473547790380e-02
3.716968953351303812e-02
3.675396271960008204e-02
3.625987422343186772e-02
3.568684005602908854e-02
3.504442232812814140e-02
3.435398613315687744e-02
3.364228938516846540e-02
3.287939100410557092e-02
3.207092380389398034e-02
3.122222313483077188e-02
3.033860192603838116e-02
2.944674392420297201e-02
2.854020830869628822e-02
2.761305453917758945e-02
2.667203205395419358e-02
2.746611022676838029e-02
2.822175439473656108e-02
2.884858816162471501e-02
2.929647531696629240e-02
2.954747435776258063e-02
2.959364181936282451e-02
2.943635454237959748e-02
2.912452002522597852e-02
2.864367489564592986e-02
2.800301924283555774e-02
2.722616149694803353e-02
2.633836743432568100e-02
2.537930570568213556e-02
2.437486184502183836e-02
2.332569429873048578e-02
2.225042760552695814e-02
2.139328336350119694e-02
2.071783401758330381e-02
2.002339348471312078e-02
1.931614281544990000e-02
1.879881580605596153e-02
1.914061263915549371e-02
1.943798634811252229e-02
1.971411859565964930e-02
1.995336178929449714e-02
2.015307586487904978e-02
2.031156043134401193e-02
2.042571973341987882e-02
2.049134592384651773e-02
2.050346774418405210e-02
2.047097808709441233e-02
2.038812685506189576e-02
2.023625002987591848e-02
2.001094166127077509e-02
1.970881125502332507e-02
1.932773192799326634e-02
1.887389119839108509e-02
1.836139910559411725e-02
1.777110501202305501e-02
1.710678802253955480e-02
1.695356746980477072e-02
1.677347545898183467e-02
1.659170988055061122e-02
1.681063638803148921e-02
1.710211916192084375e-02
1.737192984759465542e-02
1.760768262732056652e-02
1.780479327902172171e-02
1.796117085514569583e-02
1.807524050636033844e-02
1.814594384035937355e-02
1.817273008602136863e-02
1.815553923909362863e-02
1.809477838371845865e-02
1.800191687192778667e-02
1.787366932050023574e-02
1.770503802315316969e-02
1.749787249749070947e-02
1.725431779886419520e-02
1.697677301834654706e-02
1.666784964538075425e-02
1.633033044304177742e-02
1.596712939197420661e-02
1.558417349040866137e-02
1.518969073668620905e-02
1.477767586607560933e-02
1.435119664316889497e-02
1.391328973410770400e-02
1.384048825936228487e-02
1.381884038101845527e-02
1.374336913006815250e-02
1.361773405357018935e-02
1.344600813371136898e-02
1.323258928192607743e-02
1.298211423699674461e-02
1.270854350154039351e-02
1.240809694263216890e-02
1.208406626927804699e-02
1.174125560007414741e-02
1.138436326185624826e-02
1.101792738230361092e-02
1.075334659459890180e-02
1.068219757863279364e-02
1.060673909282237697e-02
1.052719184651416083e-02
1.044377838823937373e-02
1.035672227415078417e-02
1.026624729098555948e-02
1.017257673132154761e-02
1.007593271975672743e-02
9.976535587810605663e-03
9.874603296264848618e-03
9.770350903075852508e-03
9.663990075415193962e-03
9.555728644410345710e-03
9.445770200854974180e-03
9.334313730711966961e-03
9.221553288684366731e-03
9.107677708526239202e-03
8.992870348774691450e-03
8.877308872095151723e-03
8.761165057100615480e-03
8.644604641062213907e-03
8.527787191920965446e-03
8.410866008381269118e-03
8.293988046352201993e-03
8.177293870389078928e-03
8.060917628649308733e-03
7.944987049928126446e-03
7.829623461110074567e-03
7.714941824068134377e-03
7.601050789919754427e-03
7.488052770008386295e-03
7.376044021495365387e-03
7.265114746926010225e-03
7.155349205918159344e-03
7.047198476186955496e-03
6.940565723418513563e-03
6.835248403367544592e-03
6.731311143098633008e-03
6.643875733110528488e-03
6.664869363317672303e-03
6.679079013080026737e-03
6.686162318155796681e-03
6.685861015587363405e-03
6.677997203055781143e-03
6.662469170977834178e-03
6.639246887341449140e-03
6.608367210615809922e-03
6.569928901620111089e-03
6.524087499475712121e-03
6.471050121888228569e-03
6.411070244735171848e-03
6.344442510129675097e-03
6.271497607376567453e-03
6.192597265928028068e-03
6.165492825394934540e-03
6.146142587639437382e-03
6.122880543659808827e-03
6.095834571978439066e-03
6.065142874862204311e-03
6.030952615296687747e-03
5.993418614800793964e-03
6.035803689881043092e-03
6.078779353225742359e-03
6.116261444102972719e-03
6.148088006151228302e-03
6.174141576852086241e-03
6.194347251816386540e-03
6.208670561818407235e-03
6.217115196167786496e-03
6.219720605700728919e-03
6.216559514598594613e-03
6.207735369188271783e-03
6.193379750099412863e-03
6.173649771015413644e-03
6.148725485603161699e-03
6.118807322241593197e-03
6.084113563692658891e-03
6.044877887168966478e-03
6.001346977960840198e-03
5.953778228426066972e-03
5.902437531877678147e-03
5.847919303140441602e-03
5.791377745617319953e-03
5.731819590066480896e-03
5.669523167249133043e-03
5.604766384733315260e-03
5.537825187239708673e-03
5.468972138622542160e-03
5.398475125039862814e-03
5.326596178177974393e-03
5.253590416517258874e-03
5.179705102239305289e-03
5.105178810270236470e-03
5.030240706192959203e-03
4.955109928555954425e-03
4.879995071407242785e-03
4.805093762222056170e-03
4.753507812364000419e-03
4.716295250286617509e-03
4.677572782959579616e-03
4.637481643971516458e-03
4.596161137066147144e-03
4.553748162629439253e-03
4.510376787418715269e-03
4.466177855972011147e-03
4.421278642391002212e-03
4.375802541518573723e-03
4.329868797504802386e-03
4.283592268692858022e-03
4.237083226898545954e-03
4.190447189627872354e-03
4.143784783537318543e-03
4.097191637322466530e-03
4.050758302557339215e-03
4.004570200483677234e-03
3.958707593488674549e-03
3.913245579217819632e-03
3.868254105826540463e-03
3.823798006960015244e-03
3.779937054512293691e-03
3.736726028037405840e-03
3.694214799012468086e-03
3.652448428753069052e-03
3.611467278521851131e-03
3.571307130431360284e-03
3.531999318103389192e-03
3.493570865524103439e-03
3.456044633382181035e-03
3.419439471342379001e-03
3.383770375702618242e-03
3.349048651005915710e-03
3.315282074895978866e-03
3.282475065564325212e-03
3.250628850528315076e-03
3.219741636424524114e-03
3.189808778884699065e-03
3.173294405254151965e-03
3.168084610073158055e-03
3.166874905301958042e-03
3.165782331736451041e-03
3.164799017706501454e-03
3.163917364474181770e-03
3.163130039776794380e-03
3.162429971536134983e-03
3.161810341565945807e-03
3.161264579297741288e-03
3.160786355753316193e-03
3.160369577344251512e-03
3.160008379940729226e-03
3.159697123011205762e-03
3.159430383669188398e-03
3.159202951077807933e-03
3.159009820625207059e-03
3.158846188520645585e-03
3.158707446142900582e-03
3.158589174810903007e-03
3.158487140359936968e-03
3.158397287991776981e-03
3.158315737117772717e-03
