2.207402492656103388e-01
2.253513938766539548e-01
2.242471025472104196e-01
2.255922300226110289e-01
2.285951661754900832e-01
2.718211223943617916e-01
3.445485888305316324e-01
3.352542590265630840e-01
4.235294478246690031e-01
4.122086231029413184e-01
6.333491751137896308e-01
5.083334943217939772e-01
4.603235536351126256e-01
4.215471205401248311e-01
5.067219573946807332e-01
5.777976518596444899e-01
7.681976900911647865e-01
7.717336671146486360e-01
8.448015774421233637e-01
6.628975532058709597e-01
1.020835113669389616e+00
1.051258457005361358e+00
8.455078545140608526e-01
1.050782987240961086e+00
1.115657937637599240e+00
1.117593969130590503e+00
1.204913132866085368e+00
1.504081504271415737e+00
1.521553104698883718e+00
1.542399426849021982e+00
1.640515494140207364e+00
1.814950884666932662e+00
1.785462012255485398e+00
1.823031546286986604e+00
1.499751490037334767e+00
1.518617439634160071e+00
1.089806248819117140e+00
1.016977107006259651e+00
1.003153986893498439e+00
9.904635919953997947e-01
8.016359608270909876e-01
7.500496884836920231e-01
9.196790412415232208e-01
8.050490156351992610e-01
5.139902348710606583e-01
4.822587654325256046e-01
5.025999980876523221e-01
5.614404810925670564e-01
4.789028764944786021e-01
3.847378725485720574e-01
3.552171993896536817e-01
3.283951321362117426e-01
3.846448952439706082e-01
4.107705401837698500e-01
3.813116403161848078e-01
3.168449630137686324e-01
2.708740891110867910e-01
3.121097403172438112e-01
3.096114757528267147e-01
2.783258850754983804e-01
2.509039586013383505e-01
2.338856036315974107e-01
2.286021773174050919e-01
2.153550018521380727e-01
1.863454620192813160e-01
1.662471040041403891e-01
1.718396292548681203e-01
1.809452134985159721e-01
1.800869989528194326e-01
1.646996067933173269e-01
1.556058910844343723e-01
1.373359605993833554e-01
1.295765893098635713e-01
1.243454023954463639e-01
1.214929720941397007e-01
1.085553034942973449e-01
9.937229431984591355e-02
1.015218462276432088e-01
1.008952145224816799e-01
9.831509519941070141e-02
9.350241825753433100e-02
8.738188502131224999e-02
8.471261629348432465e-02
8.510417502053981009e-02
7.828511273807525761e-02
8.067828410928502836e-02
7.980949951813993970e-02
8.030784269364067696e-02
7.867056311082588904e-02
7.517545355154008069e-02
7.036888683679916323e-02
6.716440258159395160e-02
6.536193958725916575e-02
6.356166741874078041e-02
6.179456283128722388e-02
5.978069485807852718e-02
5.880807788293476029e-02
5.804939851369028680e-02
5.613504192938069404e-02
5.324828994094630424e-02
4.891802513692176946e-02
5.324992987865329042e-02
5.620434333117919901e-02
5.616227652895637579e-02
5.277570269414393056e-02
5.168241444957803049e-02
5.274002323471509157e-02
5.229646088750203314e-02
5.034717709610514458e-02
4.698471197321751891e-02
4.503065181434787873e-02
4.453764565816845100e-02
4.194349314605598511e-02
3.962969766604837463e-02
4.021706513315495557e-02
4.015967500417808034e-02
3.965007228415565188e-02
3.865873081854843268e-02
3.726474492356499774e-02
3.571253479007215764e-02
3.396762464708594220e-02
3.302507919303813988e-02
3.234165567927251711e-02
3.156040601932925266e-02
3.070745723656262069e-02
2.980787055450400888e-02
2.888488625939306456e-02
2.795936717203302210e-02
2.704942932165121938e-02
2.617024136007780472e-02
2.533396977426598945e-02
2.454984470243318229e-02
2.382432073290098595e-02
2.316130805067826912e-02
2.256245130071386773e-02
2.306643820418931984e-02
2.355391275501593495e-02
2.394663830378789687e-02
2.421802733352959244e-02
2.428696097427429645e-02
2.411046430681180672e-02
2.365962447948051148e-02
2.292380238268747206e-02
2.196167829389110426e-02
2.075728522472015600e-02
1.934226196371137754e-02
1.919086218367895003e-02
1.907112228947091190e-02
1.895307648877694873e-02
1.883317130000401740e-02
1.873755477081076246e-02
1.872313474382292925e-02
1.861631134031445714e-02
1.842896946587234408e-02
1.817518804325352760e-02
1.794760774389813490e-02
1.776249054821377529e-02
1.756304461809261863e-02
1.734919917143496262e-02
1.712113182374042780e-02
1.687923683843223222e-02
1.662409482143391293e-02
1.635644413250889745e-02
1.607715418738153018e-02
1.578720074593228592e-02
1.548764321966651994e-02
1.537592165633889368e-02
1.536308588489539509e-02
1.538154904683396856e-02
1.542581944881387182e-02
1.549494442012787528e-02
1.557743344051525265e-02
1.566334663985037567e-02
1.574388342125758108e-02
1.581036772906555671e-02
1.585459370024573308e-02
1.586912014344643226e-02
1.584750871865038546e-02
1.578450352872367429e-02
1.567615232756486635e-02
1.551987165890152814e-02
1.531445994766462287e-02
1.506006387338555859e-02
1.523492670088385029e-02
1.562137860197547815e-02
1.582705238449931898e-02
1.587295400973160603e-02
1.574793414938715358e-02
1.544600333777443844e-02
1.501698401725272587e-02
1.455473964736945375e-02
1.462246188603062193e-02
1.460848644471773351e-02
1.451774742623716807e-02
1.436216319447786681e-02
1.415673890586592772e-02
1.389604696185233433e-02
1.358933528576219268e-02
1.324622305789572435e-02
1.287639853288189556e-02
1.248934225119796050e-02
1.209408211585053829e-02
1.169898492834827580e-02
1.131158718498619792e-02
1.093846627860694046e-02
1.058515177863116573e-02
1.025607519514049569e-02
9.954555589828223069e-03
9.682817583432886885e-03
9.442037716252432711e-03
9.232414738788710315e-03
9.053259220446266409e-03
8.903097848709306400e-03
8.779787920134207377e-03
8.680637775345259946e-03
8.602529275990979454e-03
8.542038838316862170e-03
8.495554000763069075e-03
8.459382992351190469e-03
8.429855265761268882e-03
8.403411446542942767e-03
8.376681615750298376e-03
8.346551278069467422e-03
8.310214760726623850e-03
8.265216136820427092e-03
8.209478066871641125e-03
8.141319201685202553e-03
8.059460990052499246e-03
7.963024887368776519e-03
7.851521068162770761e-03
7.726656509094948638e-03
7.588978519421423104e-03
7.436714484492464895e-03
7.270634527749892176e-03
7.091760706054344235e-03
6.901329779357358481e-03
6.700755117876123004e-03
6.708370757278842023e-03
6.761034668475485003e-03
6.806653480788077935e-03
6.844462133962526777e-03
6.873831316415562540e-03
6.894265437941876455e-03
6.905398970680727729e-03
6.906991378316864293e-03
6.898920851097417595e-03
6.881177056735304429e-03
6.853853107867371314e-03
6.817136935925995241e-03
6.771302247931680271e-03
6.716699229000536869e-03
6.653745138236067530e-03
6.582914931143401573e-03
6.504732025522551135e-03
6.419759313419866158e-03
6.328590506640901364e-03
6.231841888888691935e-03
6.130144534671443102e-03
6.024137041533078780e-03
5.914458811232685236e-03
5.801743903803066073e-03
5.686615479177029552e-03
5.569680831826828368e-03
5.515032255254351951e-03
5.490913694505082827e-03
5.465841377893292108e-03
5.439854551547069345e-03
5.412992974371609589e-03
5.385296761897263515e-03
5.356806240980845936e-03
5.327561815051865164e-03
5.297603839547184931e-03
5.266972507017138316e-03
5.235857042715219394e-03
5.204616475020211117e-03
5.172804577908717005e-03
5.140459666729204832e-03
5.107619506842260744e-03
5.074321245523676603e-03
5.040601351058437984e-03
5.006495558562794670e-03
4.972038822024247087e-03
4.937265272474840143e-03
4.902208181675975392e-03
4.866899931168460966e-03
4.831371986240347305e-03
4.795654874523661709e-03
4.759778168946268533e-03
4.723770474666552123e-03
4.687659419787245166e-03
4.651471649516291350e-03
4.615232823495166517e-03
4.578967616146270049e-03
4.542699719649542084e-03
4.506451849458274414e-03
4.470245752044309066e-03
4.434102214658760047e-03
4.398041077081252942e-03
4.362081244905137260e-03
4.326240704345367914e-03
4.290536538509293757e-03
4.254984944614108137e-03
4.219601252497967754e-03
4.184399943850975780e-03
4.149394672252068074e-03
4.114598283928800303e-03
4.080022838985090591e-03
4.045679633095920248e-03
4.011579219537051225e-03
3.977731431484029037e-03
3.944145404469291856e-03
3.910829598928799132e-03
3.877791822839186768e-03
3.845039254194793435e-03
3.812578463516001250e-03
3.780415436155491141e-03
3.748555594429861006e-03
3.717003819435163794e-03
3.685764472717381526e-03
3.654841417543209028e-03
3.624238039839175040e-03
3.593957268765302603e-03
3.564001596927475566e-03
3.534373100085310641e-03
3.505073456577161104e-03
3.476103966091343127e-03
3.447465568201871222e-03
3.419158860228389656e-03
3.391184114759812542e-03
3.363541296602607766e-03
3.336230079297254451e-03
3.309249861107523612e-03
3.282599780508140518e-03
3.256278731211691493e-03
3.230285376647645638e-03
3.204618164029333308e-03
3.179275337864914067e-03
3.154254952981360924e-03
3.129554887155199232e-03
3.105172853177979014e-03
3.081106410501586405e-03
3.057352976447729690e-03
3.033909836921072373e-03
3.010774156729695977e-03
2.987942989423785466e-03
2.965413286793198207e-03
2.943181907879004189e-03
2.921245627621370938e-03
2.899601145121328931e-03
2.878245091487517410e-03
2.857174037371666610e-03
2.836384500099449653e-03
2.815872950450554277e-03
2.795635819160291122e-03
2.775669503008814862e-03
2.755970370659209003e-03
2.736534768178438930e-03
2.717359024226224246e-03
2.698439455003124113e-03
2.679772368897371387e-03
2.661354070881427787e-03
2.643180866661131497e-03
2.625249066496191004e-03
2.607554988938513753e-03
2.590094964199567227e-03
2.572865337367171660e-03
2.555862471424916356e-03
2.539082749995195953e-03
2.522522579999748448e-03
2.506178394033270820e-03
2.490046652627298223e-03
2.474123846306080284e-03
2.458406497524525270e-03
2.442891162389328966e-03
2.427574432303001607e-03
2.412452935413855141e-03
2.397523337973446467e-03
2.382782345490732333e-03
2.368226703929667779e-03
2.353853200559877235e-03
2.339658664923334810e-03
2.325639969541657467e-03
2.311794030611077303e-03
2.298117808548174289e-03
2.284608308486515017e-03
2.271262580711766021e-03
2.258077720933617753e-03
2.245050870571412005e-03
2.232179216930267520e-03
2.219459993304083965e-03
2.206890479035893398e-03
2.194467999552849203e-03
2.182189926235476082e-03
2.170053676377377630e-03
2.158056713000069786e-03
2.146196544656862534e-03
2.134470725200599515e-03
2.122876853514327460e-03
2.111412573174465367e-03
2.100075572108852772e-03
