1.749946970613177888e-01
1.746315486823143137e-01
1.762342618720798837e-01
1.757047649012124235e-01
1.760167320069021268e-01
1.775300179568541359e-01
1.867996381241106285e-01
1.982555039858341639e-01
2.236350102316276289e-01
3.067863437142709371e-01
3.074603429083312411e-01
3.300079370105165610e-01
3.462165610470532284e-01
4.039844025986284448e-01
3.730314682735497711e-01
4.048961120590012785e-01
3.241409689206416478e-01
4.672491486767346158e-01
5.722275242976183618e-01
6.670350261690067839e-01
6.337419006577791336e-01
3.973052928256706751e-01
4.542107826080543642e-01
4.297187473433644600e-01
3.256744961702541796e-01
3.375849385047305362e-01
3.315401783511789380e-01
3.204888366567175129e-01
3.880592422618215909e-01
3.447185610188778226e-01
3.419457962534798723e-01
4.562799928905647007e-01
4.744275306176283236e-01
4.786164370041282590e-01
4.008432979374427774e-01
4.398693712956697199e-01
5.102804416982633651e-01
5.182539300924619008e-01
4.266689913984257898e-01
5.158214318901106488e-01
5.952363011318396735e-01
5.452250660402016003e-01
5.463916167080924424e-01
5.529437136354454774e-01
6.242277037720694866e-01
7.023703814292198144e-01
7.524271218683271645e-01
7.626363662735384796e-01
8.006469849360209334e-01
7.823051799450202459e-01
6.964778758762562028e-01
7.096348243620610452e-01
7.773526956982214076e-01
9.451787955323662782e-01
9.452075400065579336e-01
9.238159708196340691e-01
9.243280845354763242e-01
1.000472385039440804e+00
1.133524369247554286e+00
1.212978600148170605e+00
1.241542786578881508e+00
1.412914535896368395e+00
1.382182095984655801e+00
1.137761232667519717e+00
9.232244811424052955e-01
8.330191278428282775e-01
8.226680572678054526e-01
8.001279667831400211e-01
7.076881586362295806e-01
6.228786910222980922e-01
6.096252315012282708e-01
6.362399975708804556e-01
6.576847307268397502e-01
6.009156833193076697e-01
5.096162092161525825e-01
5.004271516296399103e-01
4.937361106097630792e-01
4.738742927376128344e-01
4.462939371747084993e-01
4.172373550383690621e-01
3.903890629971432102e-01
3.672532995847275217e-01
3.469810745328179014e-01
3.298563451903179788e-01
3.328325270085519816e-01
3.526593621559502290e-01
3.536040813296679186e-01
3.502744923832017410e-01
3.397194276528909263e-01
3.127794710856747762e-01
2.898404050884412775e-01
2.635239026912226667e-01
2.411500790844366970e-01
2.187335315766091304e-01
2.041226336671149444e-01
1.989362658340588508e-01
1.952496857687678888e-01
2.004366729678397629e-01
2.058639498723369987e-01
2.071246964279379044e-01
2.055535907155203734e-01
1.993304221836386392e-01
1.897529635886412158e-01
1.808152779885263961e-01
1.742426529682651326e-01
1.665431278139082316e-01
1.629622501279668345e-01
1.738329916290166921e-01
1.745105417261662573e-01
1.668417181227272450e-01
1.567327541039999217e-01
1.516262256689061005e-01
1.446590990396693088e-01
1.377870796194754222e-01
1.321163901998814449e-01
1.276454003188333408e-01
1.237553267279182800e-01
1.196769414461455183e-01
1.148028866017659910e-01
1.089623543646608128e-01
1.021624941798540548e-01
9.482800225232808355e-02
8.780285789622484238e-02
8.163611737506547283e-02
7.685784459905010968e-02
7.397146304189196331e-02
7.409681651396171631e-02
7.574701313196326169e-02
7.826500990362993126e-02
8.060768265921804121e-02
8.182195636210107259e-02
8.115087521970382189e-02
7.816490501212543240e-02
7.829680047625128814e-02
7.933667487903346693e-02
8.033025399791218768e-02
7.839005673071595959e-02
7.368620723456013877e-02
7.415837526035846949e-02
7.312473557068750740e-02
7.046828819538474009e-02
6.643147116665236440e-02
6.135397743739229304e-02
5.603269254595990428e-02
5.628013574015504339e-02
5.570012897850608324e-02
5.443890142348084549e-02
5.256192858596613060e-02
5.025783969157403275e-02
4.892172298677403136e-02
4.793210475063880427e-02
4.692527933959687175e-02
4.592441287542314843e-02
4.491238245581130606e-02
4.389852086762589811e-02
4.289063060808821076e-02
4.189508410548276052e-02
4.091695099492088233e-02
3.996014197505260573e-02
3.902756030767354223e-02
3.812125360903808463e-02
3.724256013166635237e-02
3.639224519318612350e-02
3.557062472716891743e-02
3.478043674711828875e-02
3.402331449259176493e-02
3.329303206236392670e-02
3.258916390946205860e-02
3.191121086513422356e-02
3.125863750438123700e-02
3.063089821595803980e-02
3.002745360247860776e-02
2.944777887195507149e-02
2.889136584771224633e-02
2.835772013411165179e-02
2.784635484515413442e-02
2.735678214888126805e-02
2.688850370808900520e-02
2.644100092215762726e-02
2.601372569955977612e-02
2.560609232315997491e-02
2.553747520351631189e-02
2.552678325565027953e-02
2.548811076308143617e-02
2.542210263473953374e-02
2.532914641621472271e-02
2.520934495895763711e-02
2.506252784803408504e-02
2.488829612724198503e-02
2.468609361580760900e-02
2.445529734462787569e-02
2.419531934600642475e-02
2.390982307601769927e-02
2.360529909474932964e-02
2.327056030700547576e-02
2.290604957873036002e-02
2.251268067831401279e-02
2.209187914904026453e-02
2.164560066849962119e-02
2.117632660147714813e-02
2.068703756840735777e-02
2.018116681348712874e-02
1.989766638663661297e-02
1.969934796510992500e-02
1.949982265779665741e-02
1.929860636866429641e-02
1.909528494793250389e-02
1.888951380499995572e-02
1.868101681158446103e-02
1.846958455997017856e-02
1.825507204530263036e-02
1.803739584380474256e-02
1.781653085903592976e-02
1.759250670870857527e-02
1.736540382224653276e-02
1.713534931701675770e-02
1.690251271800582988e-02
1.666710158122518964e-02
1.642935707696899575e-02
1.618954958404164937e-02
1.594797434109963483e-02
1.570494719622336777e-02
1.546080049007295294e-02
1.521587910397740467e-02
1.498104570221973908e-02
1.477427129139124301e-02
1.457910658969170832e-02
1.439756335638365213e-02
1.423030920457568453e-02
1.407674461420547855e-02
1.393512380316953847e-02
1.380271088356277431e-02
1.367596223829150789e-02
1.355072597775698953e-02
1.342244962944594971e-02
1.347211770752080456e-02
1.364004069985870135e-02
1.381127143678868505e-02
1.397898304518272947e-02
1.413532576920808331e-02
1.427455377034848177e-02
1.439077693596871495e-02
1.448041450356742435e-02
1.454587041960455664e-02
1.457251789995901887e-02
1.455588749642446229e-02
1.449229636562857082e-02
1.439240572062460387e-02
1.424157228697630999e-02
1.403817814983971540e-02
1.378341936393251768e-02
1.348966161084336028e-02
1.314588780742207037e-02
1.275492131084159618e-02
1.232140121189712924e-02
1.218446813435202468e-02
1.214508351512136146e-02
1.208803115409488177e-02
1.201349724642056423e-02
1.192182153397259615e-02
1.181525319790902896e-02
1.176309538362058614e-02
1.168797529260087384e-02
1.159766426614793240e-02
1.148619468269091240e-02
1.135356218653877335e-02
1.120072674943829380e-02
1.102964099039363197e-02
1.084699790073086201e-02
1.066312273597301401e-02
1.062443885060953240e-02
1.057518519452275464e-02
1.051579454426163247e-02
1.044854597780468276e-02
1.037492619814062676e-02
1.029252889360281545e-02
1.020189307957869961e-02
1.010357318852262397e-02
1.006720506237680085e-02
1.003821010289316674e-02
9.996794993131269749e-03
9.943637762900223859e-03
9.881749413646993829e-03
9.812087065966777766e-03
9.732657927114835017e-03
9.644194686410962822e-03
9.547430754468311589e-03
9.443094745878977472e-03
9.331905520997083731e-03
9.214567781745425235e-03
9.098403343248486624e-03
9.047964869448900382e-03
8.994202888900411363e-03
8.937379994614006243e-03
8.877753060484857087e-03
8.815572274475458672e-03
8.751080305643098994e-03
8.684511598298192900e-03
8.616091785379883725e-03
8.546037214097971374e-03
8.474554575546846755e-03
8.401840630964640608e-03
8.328082026584684647e-03
8.253455190038387623e-03
8.178126300278152142e-03
8.133001851164068860e-03
8.097098139066127159e-03
8.058506044626431025e-03
8.015661090879280110e-03
7.968915612114053915e-03
7.918607299382349890e-03
7.865058657726636468e-03
7.808576644136592387e-03
7.749452468342787718e-03
7.687961540006051260e-03
7.624363545792071581e-03
7.558902640674570843e-03
7.491807738559281941e-03
7.423292888107052914e-03
7.353557720111214731e-03
7.282787954451559222e-03
7.211155954572684261e-03
7.138821319505578300e-03
7.065931502900172148e-03
6.992622451026845633e-03
6.919019251228174759e-03
6.845398673017545274e-03
6.772731029249096785e-03
6.700021343376197716e-03
6.627360140084276319e-03
6.554830205842652156e-03
6.482507175902558344e-03
6.410460099309139674e-03
6.338751979266418063e-03
6.267440287587037508e-03
6.196577450959403488e-03
6.126211308912154867e-03
6.056385542582242223e-03
5.987140073792729042e-03
5.918511434874979341e-03
5.850533109569536379e-03
5.783235845081743584e-03
5.716647936819078089e-03
5.650795485889720075e-03
5.608158715388978331e-03
5.576878146638765757e-03
5.545917667562128006e-03
5.515275199072919646e-03
5.484948097764529885e-03
5.454933201611352964e-03
5.425226873892572896e-03
5.395825044979535648e-03
5.366723252368595098e-03
5.337916678679411990e-03
5.309400187827159785e-03
5.281168359400256231e-03
5.253215521202455641e-03
5.225535780049487579e-03
5.198123051052003576e-03
5.170971084999869023e-03
5.144073494367758410e-03
5.117423777709912379e-03
5.091015342599633509e-03
5.064841527174706280e-03
5.038895620226234787e-03
5.013170880091987087e-03
4.987660552246597941e-03
4.962357885649372989e-03
4.937256147946512790e-03
4.912348639763845608e-03
4.887628707536098051e-03
4.863089755785217523e-03
4.838725258162262718e-03
4.814528767699189152e-03
4.790493926103088149e-03
4.766614472408085487e-03
4.742884250690400025e-03
4.719297217041327520e-03
4.695847446068235689e-03
4.672529136466919281e-03
4.649336616103517603e-03
4.626264346590663011e-03
4.603306927149782880e-03
4.580459098038548033e-03
4.557715743588571303e-03
4.535071894608410682e-03
4.512522730443058183e-03
4.490063580702032334e-03
4.467689926501912899e-03
4.445397401395930620e-03
4.423181792043160213e-03
4.401039038430421858e-03
4.378965233983932344e-03
4.356956625284125195e-03
4.335009611575469865e-03
4.313120744109777416e-03
4.291286725175489161e-03
4.269504406963021796e-03
4.247852516345167022e-03
4.226312261250554474e-03
