1.566993860501785796e-01
1.569002846109119609e-01
1.582701994931317302e-01
1.591714641345584602e-01
1.603449725875641108e-01
1.599536221518916557e-01
1.837487973302130706e-01
1.820067551525878513e-01
2.074699947968358660e-01
2.343585406842493279e-01
2.467727689183390472e-01
3.163824957852276465e-01
4.424346213421694318e-01
3.007717968187340607e-01
2.879921585992786248e-01
3.477735425986642759e-01
3.706989209611855629e-01
3.706117751558091755e-01
4.639208217369034104e-01
5.586601898966185864e-01
6.588203680959135999e-01
7.544527873096100734e-01
6.427756953911556437e-01
5.023617607011493513e-01
4.214591237426512094e-01
3.529665377151324224e-01
3.274523636824485662e-01
3.428422073917531954e-01
3.295203101263474155e-01
3.419786167853786640e-01
3.588895088402819789e-01
3.669064159012604964e-01
3.815038504855108314e-01
2.982833157612188590e-01
2.809587317000159512e-01
3.163643104010663287e-01
3.331665434227168987e-01
3.487840680708707009e-01
3.436001939050454812e-01
3.875574276157741638e-01
4.136473819375086070e-01
4.430097660212091726e-01
4.537561703649342637e-01
4.206173321651865971e-01
4.348420432430127880e-01
5.218862723701795936e-01
5.289291693254175586e-01
4.754681504719378560e-01
4.849229979630051424e-01
5.157993187087175357e-01
5.694375024459028545e-01
6.011263522156877759e-01
6.038125972057329927e-01
6.466503152727776094e-01
6.900109216429404224e-01
6.442065779966054118e-01
6.658634892585375553e-01
7.767473355883280917e-01
8.667017314755692814e-01
8.555252048631003525e-01
9.743134198211317321e-01
1.056473041663018586e+00
1.108731828595056257e+00
1.057419757298123208e+00
1.069109589145173844e+00
1.049250480806127150e+00
1.036559172206234392e+00
9.713549322253596241e-01
8.842136777622086052e-01
8.127477627805458349e-01
7.678603583180401149e-01
7.293002757844666561e-01
7.810209835071802997e-01
7.532708045353673221e-01
6.481501648955214634e-01
5.425033396794346485e-01
4.877901495825213152e-01
5.401089169424819758e-01
5.688794055538866079e-01
5.704272160563174099e-01
5.291340872818727226e-01
4.918261817128274926e-01
4.788307857666275202e-01
4.425720363749908182e-01
4.142541022112213311e-01
3.553828821063123033e-01
3.011157730776785058e-01
2.725410928091585583e-01
2.809899290283162099e-01
2.780474850472955950e-01
2.640011439121839332e-01
2.359173809300165736e-01
2.458806262836674972e-01
2.563350886527226424e-01
2.763880425083639625e-01
2.786918005433657308e-01
2.718111451487878472e-01
2.479468642088989982e-01
2.287293434338579790e-01
2.114812873128997517e-01
2.052549542418588280e-01
2.091412429284088548e-01
2.047084457370351718e-01
1.968651831476411762e-01
1.944173357302038108e-01
1.799814128593329454e-01
1.599574553038677627e-01
1.567426550030791010e-01
1.509741958846043675e-01
1.571481998488637177e-01
1.664225291930536144e-01
1.677241764628729648e-01
1.621042266486328598e-01
1.512467320349809852e-01
1.326388575664427527e-01
1.178297560860346316e-01
1.093463936346655285e-01
1.003243047479729921e-01
9.311719296726751749e-02
9.145870566016488235e-02
8.882148310722784434e-02
8.546650231296507028e-02
8.414361061232203398e-02
8.654761005423976250e-02
8.843226761033649852e-02
8.908797289485667625e-02
8.788891880475029061e-02
9.279838791228366135e-02
9.573659414165965054e-02
9.493403882237785862e-02
9.082565665079049555e-02
8.438658445999903945e-02
7.678227175918173053e-02
7.238995695733334290e-02
6.780829204030588975e-02
6.252805231692257215e-02
5.821796478253157825e-02
5.856313369401273256e-02
5.969088525580436982e-02
6.056994577719344852e-02
6.173648878789136235e-02
6.426512965157049617e-02
6.544070385929626199e-02
6.493773703087298010e-02
6.291246259406624297e-02
5.988703169878398930e-02
6.179207453508493708e-02
6.168062665179926268e-02
5.968658465345237640e-02
5.604430248230116152e-02
5.289175782292571126e-02
5.293475640089529560e-02
5.219620341025901777e-02
5.067158660519070768e-02
4.857258569756000427e-02
4.603151418730795641e-02
4.321516123380159113e-02
4.184168896822351019e-02
4.211211031522771320e-02
4.192050404850040241e-02
4.142965605987099231e-02
4.068042771501734212e-02
3.975380404725189359e-02
4.016441661813065916e-02
4.086090234131374566e-02
4.120055999234643190e-02
4.128427321294057817e-02
4.109394723341726341e-02
4.065115422848435828e-02
3.996960659309956726e-02
3.910239029520575643e-02
3.801004843228984742e-02
3.668334573117868619e-02
3.513976085607700001e-02
3.342327480851402244e-02
3.160125026022513051e-02
2.971001997749428414e-02
2.825713181348197753e-02
2.739695849716361487e-02
2.639851725392243498e-02
2.529502477949439887e-02
2.411525167608512266e-02
2.290850251978040694e-02
2.215423807426131209e-02
2.163967445058459851e-02
2.102080629229945846e-02
2.045191858848873293e-02
2.062438811000850969e-02
2.080474810299903082e-02
2.093405662391326430e-02
2.096527309326855909e-02
2.086626429681194550e-02
2.062108443185016460e-02
2.022961292834753524e-02
1.970578691116807793e-02
1.907477028171199185e-02
1.836945579822857680e-02
1.831787415240024655e-02
1.849862849982919499e-02
1.861275264325567419e-02
1.865072369932856480e-02
1.860877012348486834e-02
1.848847807112026162e-02
1.829613812426068506e-02
1.804190246114215773e-02
1.773882363565918233e-02
1.740184281280515027e-02
1.704678856088683025e-02
1.668943813109210333e-02
1.634468252327620982e-02
1.602582540713285222e-02
1.574403487124106243e-02
1.550795659797701842e-02
1.532348784385591939e-02
1.519370382812298796e-02
1.511892196169314223e-02
1.509688481829171355e-02
1.512303981687835100e-02
1.519089212263766489e-02
1.529240711236007182e-02
1.541843968167086118e-02
1.555916947580161976e-02
1.570452358292575429e-02
1.584457111722788886e-02
1.596987725388962498e-02
1.607180747744292593e-02
1.614277592624615773e-02
1.617643464495701830e-02
1.617359412395119600e-02
1.612921762939734105e-02
1.603716967346702910e-02
1.589656873003705839e-02
1.570789272652429666e-02
1.547287453787043847e-02
1.519436810485971096e-02
1.487619258896732619e-02
1.452296181295687980e-02
1.413990584696148654e-02
1.419410560467027765e-02
1.448900639075099452e-02
1.473786409042864703e-02
1.493565611840464401e-02
1.507907335255717803e-02
1.516649255215507530e-02
1.519789324722598325e-02
1.517472807690906436e-02
1.509975628026419617e-02
1.497685027985844186e-02
1.481842572631521075e-02
1.462321641554277865e-02
1.439539856540836965e-02
1.414108726907279540e-02
1.386648519038374480e-02
1.357770295968370108e-02
1.328060141814230502e-02
1.298065827327350187e-02
1.268286057411737756e-02
1.239162336752474419e-02
1.211073397861156184e-02
1.184332058305320907e-02
1.159184311717286267e-02
1.135810409965634649e-02
1.114327661419289503e-02
1.094794651356316255e-02
1.077216584176040118e-02
1.061551451254316367e-02
1.047716741608575863e-02
1.035596433179331553e-02
1.025048028539286490e-02
1.015909428966177419e-02
1.008005472870954385e-02
1.001153997976500162e-02
9.951713193009725442e-03
9.898770468032504558e-03
9.850981958346263431e-03
9.806725703744778241e-03
9.764514225959218530e-03
9.723014124162035129e-03
9.681059072740760135e-03
9.637656755246321733e-03
9.591990364301616542e-03
9.543415361797943572e-03
9.491452230513331562e-03
9.435775956443553242e-03
9.376202969474218066e-03
9.312676238236358359e-03
9.245249168500321857e-03
9.174068896749425217e-03
9.099359504107475821e-03
9.021405605368570946e-03
8.940536693503732535e-03
8.857112547558203958e-03
8.771509939786623772e-03
8.684110811089299983e-03
8.595292020683291054e-03
8.505416720221977561e-03
8.414827352287393425e-03
8.323840230753165592e-03
8.232741625007295935e-03
8.141785241278020474e-03
8.051190973125859143e-03
7.961144776984063753e-03
7.871799520307934395e-03
7.783276644413304399e-03
7.695668485618234120e-03
7.609041101814079285e-03
7.523437459416304485e-03
7.438880846375221789e-03
7.355378387746091401e-03
7.272924555794081820e-03
7.191504579222646881e-03
7.111097672170517414e-03
7.031680017737275412e-03
6.953227455725604148e-03
6.875717837521219851e-03
6.799133024178252889e-03
6.723460515442556372e-03
6.648694707964266336e-03
6.574837789930399780e-03
6.501900287764459524e-03
6.429901286258066749e-03
6.358868349495590613e-03
6.288837173565087028e-03
6.219851004421082623e-03
6.151959856971828816e-03
6.085219570964072247e-03
6.019690740083257982e-03
5.955437549002186651e-03
5.892526552161484431e-03
5.831025425460811644e-03
5.771001719986947227e-03
5.712521643541766669e-03
5.655648893371117633e-03
5.600443559646357122e-03
5.546961116542879072e-03
5.495251514293210925e-03
5.445358382558972317e-03
5.397318352562735858e-03
5.351160502433282250e-03
5.306905927784500050e-03
5.264567437193806709e-03
5.224149369869385100e-03
5.185647531373249915e-03
5.149049241274666205e-03
5.114333485341019531e-03
5.081471164205989682e-03
5.050425429097671337e-03
5.021152094622635328e-03
4.993600118741841828e-03
4.967712139667901372e-03
4.943425058734299965e-03
4.920670659649586075e-03
4.899376253822050609e-03
4.879465342557494020e-03
4.860858286833022630e-03
4.843472976703933584e-03
4.827225492114715390e-03
4.812030748858358263e-03
4.797803122568502013e-03
4.784457046133455335e-03
4.771907575231970275e-03
4.760070918326834641e-03
4.748864927847053739e-03
4.738209550049216415e-03
4.728027231888550994e-03
4.718243283467651698e-03
4.708786195849292908e-03
4.699587913765566546e-03
4.690584064399087871e-03
4.681714142167837413e-03
4.672921652020889556e-03
4.664154211711277198e-03
4.655363616163501334e-03
4.646505865033286747e-03
4.637541156904014319e-03
4.628433851625621959e-03
4.619152404549596580e-03
4.609669274274749012e-03
4.599960807540523326e-03
4.590007103678381967e-03
4.579791860975899673e-03
4.569302208500923036e-03
4.558528524966632724e-03
4.547464248016794795e-03
4.536105675423501328e-03
4.524451761467699305e-03
4.512503909388794476e-03
4.500265763094604687e-03
4.487742998860165013e-03
4.474943119346025573e-03
4.461875251165370315e-03
4.448549947156951387e-03
4.434978994978749575e-03
4.421175232434103493e-03
4.407152370905146124e-03
4.392924827353735309e-03
4.378507565402939110e-03
4.363915946221972632e-03
4.349165589184209556e-03
4.334272242954060640e-03
