1.692784499168830670e-01
1.688822279505608481e-01
1.695774150548361447e-01
1.707408554386888877e-01
1.704316223101210170e-01
1.728858203260316695e-01
1.870368294488515548e-01
1.793768011457931022e-01
2.063480562171741139e-01
2.649648926651819725e-01
3.471856024987103884e-01
2.616068115667090632e-01
5.282522759875466489e-01
4.502691968212335083e-01
4.063837782254574038e-01
3.810181807401200604e-01
3.706155320126762187e-01
4.069910242088242147e-01
4.452707236750151898e-01
5.599560318264470427e-01
4.831692811354474926e-01
5.086956865608835976e-01
4.276144113943365910e-01
5.610059349591003386e-01
7.764735283174658553e-01
7.416770599751498771e-01
6.073865162366708370e-01
6.217184554090339210e-01
4.523297496971070419e-01
4.157643896810861994e-01
3.844000204929911568e-01
3.245932687331031796e-01
3.324049075036025203e-01
3.675111299682075616e-01
3.386284492812485225e-01
3.553467844775473616e-01
3.265372538095363542e-01
3.111927128574357160e-01
3.049026707286570104e-01
3.468056509293495626e-01
3.620578516377466194e-01
3.927550713978832375e-01
4.403529506113305070e-01
3.701803382156623745e-01
3.391084634032994205e-01
3.812124458493577062e-01
4.456689743756200306e-01
4.637664928711066059e-01
4.655349751762706823e-01
4.670731955462253393e-01
4.880253816934143618e-01
5.547829249402046470e-01
5.808613711084035236e-01
6.095463774212984687e-01
5.989748948689084251e-01
6.230511018799396172e-01
5.690317265768058963e-01
5.567388197646166992e-01
5.501091957308560376e-01
5.542174702591174951e-01
5.453195604971312616e-01
5.022401438114897365e-01
5.469280641514424612e-01
6.716534031497676249e-01
7.333425263532743488e-01
7.540021337153229863e-01
7.718273040436128829e-01
7.951835345852650283e-01
8.222852328888722306e-01
8.098413506805294260e-01
8.796102914838056508e-01
1.036925512958175588e+00
1.140692622559175584e+00
1.174800301179053541e+00
1.127327975005334215e+00
1.179517269469799734e+00
1.155821984136177205e+00
1.019386503525919307e+00
8.600335557589319224e-01
7.300702110755388219e-01
6.485054685421682841e-01
6.170589958346442971e-01
6.136568638975371526e-01
6.091781607314447067e-01
5.865346978283032531e-01
5.275846103981199908e-01
4.485907400242606924e-01
4.352384933635716213e-01
4.269913721044845123e-01
4.164288633194407341e-01
4.344865692038437643e-01
4.655980314564637790e-01
4.763065566843568410e-01
4.588859540219169530e-01
4.117034878644466045e-01
3.594278981434035902e-01
3.334365161387321530e-01
3.176091259947714796e-01
3.010043006342131844e-01
2.836558977030755324e-01
2.657566643631735781e-01
2.481051126180407462e-01
2.632134852619056886e-01
2.701017942895362345e-01
2.711915843942891424e-01
2.758821605470579974e-01
2.711097736916012191e-01
2.586610110835094734e-01
2.406367158624891089e-01
2.253707595539380382e-01
2.149125451433398781e-01
2.023113225596760989e-01
1.883535614416826653e-01
1.733431262303122833e-01
1.576696567138972938e-01
1.448104357670060016e-01
1.338826673018276570e-01
1.223651684495135616e-01
1.163374361058829021e-01
1.160224820435832305e-01
1.159674738255611348e-01
1.160432783879166291e-01
1.161361926926948451e-01
1.162109102232378871e-01
1.161736778650598739e-01
1.159389896668299030e-01
1.154659851752832950e-01
1.147311335780565600e-01
1.137812107876172152e-01
1.126514419205482676e-01
1.112669270062714710e-01
1.120648610429863246e-01
1.104736882877837417e-01
1.065688626395497191e-01
1.073223010773049074e-01
1.046851724689010082e-01
9.948169627690046923e-02
9.717261917090408430e-02
9.488411413305204711e-02
9.256292815015983166e-02
9.022904372333219458e-02
8.968059902403942296e-02
8.948170858123631610e-02
8.840360218598329600e-02
8.657690309023170772e-02
8.409177360760355935e-02
8.097251457374066153e-02
7.733514704130756146e-02
7.334766012429908000e-02
7.085324555663811974e-02
7.073277824106932732e-02
7.339766181542184409e-02
7.442923661204177421e-02
7.383541596256606998e-02
7.290239735908629615e-02
7.426815030969903531e-02
7.419884337982780853e-02
7.286783140267957815e-02
7.047674073819765184e-02
6.720657006599414784e-02
6.332286585725271921e-02
5.903623943442344590e-02
5.780115159846265643e-02
5.661526982742570713e-02
5.533290500929288064e-02
5.393546480092396150e-02
5.243948442143826771e-02
5.090480834985818687e-02
4.932091924773747416e-02
4.767822192703548290e-02
4.599082059912502907e-02
4.512189686955157819e-02
4.454782287558202436e-02
4.399389970960384394e-02
4.344378323453558510e-02
4.289745625476731883e-02
4.235491239861931267e-02
4.181615287064500280e-02
4.164729450886179435e-02
4.168597306500827770e-02
4.137825006516165222e-02
4.205135887832481267e-02
4.229955418001689338e-02
4.207948268658073809e-02
4.185855641030956920e-02
4.163754956038388799e-02
4.118543642749830647e-02
4.049504472781016717e-02
3.960565489311140136e-02
3.855445113070010699e-02
3.734998235413452411e-02
3.605546748427279624e-02
3.468871136880034151e-02
3.377533660660058529e-02
3.330803128508302846e-02
3.284393653633257970e-02
3.238305649251693730e-02
3.192540184965773908e-02
3.147099062069007303e-02
3.101984873205407972e-02
3.057201045766605799e-02
3.012751868859557189e-02
2.968642504057256160e-02
2.924878980495381267e-02
2.881468175124150821e-02
2.838417779198434965e-02
2.796028309136951162e-02
2.754259113350640900e-02
2.712847048036812203e-02
2.671803213211673689e-02
2.631139198918228117e-02
2.590867000242370530e-02
2.550998928285776179e-02
2.511547518539644294e-02
2.472525437969834428e-02
2.433945392120246201e-02
2.395820033344884387e-02
2.358161871219864938e-02
2.320983186094474279e-02
2.284295946543435027e-02
2.248111731433475105e-02
2.216151319959071275e-02
2.208648828925209931e-02
2.197539163882816435e-02
2.183133053618072084e-02
2.166534148842546442e-02
2.146988529690646574e-02
2.124857876494034778e-02
2.100541702331527871e-02
2.074851500602461693e-02
2.048387222579578504e-02
2.020915254212027334e-02
1.992818327726083444e-02
1.964444179916383093e-02
1.936097122345737179e-02
1.908357820629457205e-02
1.881444086948717495e-02
1.855120046712154663e-02
1.829485302584081541e-02
1.804587102271404397e-02
1.783131821409279089e-02
1.765805548854317009e-02
1.749384071813363251e-02
1.733757976431725412e-02
1.718795684015295491e-02
1.704348433018829795e-02
1.690255238000122617e-02
1.676347710087608758e-02
1.662454640318218255e-02
1.648406264352967818e-02
1.634038144041231877e-02
1.619194617454979002e-02
1.604103600580964947e-02
1.588289282428581584e-02
1.571622241253082392e-02
1.554003858181305861e-02
1.535354161754759472e-02
1.515612518746887842e-02
1.494737906501119457e-02
1.472708801020131998e-02
1.449522718936686189e-02
1.443604958252074459e-02
1.452191221155301436e-02
1.460964118954615788e-02
1.469793413874878607e-02
1.478550599801837367e-02
1.487110511853829801e-02
1.495352771052720076e-02
1.503163056347993354e-02
1.510434199641549208e-02
1.517067103241488864e-02
1.522971481881387444e-02
1.528066434277541852e-02
1.532280851140651982e-02
1.535553668720020769e-02
1.537833978078772569e-02
1.539081001721684383e-02
1.539263949707184859e-02
1.538361768162583784e-02
1.536499854877229967e-02
1.533851922556425315e-02
1.530109353878437994e-02
1.525283833892335586e-02
1.519394470615405626e-02
1.512467175145252793e-02
1.504534017242889141e-02
1.495632566226697338e-02
1.485805226315134800e-02
1.475098574519792885e-02
1.463562708497827616e-02
1.451250610737937069e-02
1.438217534680032335e-02
1.424678093309831618e-02
1.410736350930030629e-02
1.396230310296264765e-02
1.381218430633972261e-02
1.365758954376342788e-02
1.349909490642171167e-02
1.333726637963724218e-02
1.317265646329032411e-02
1.300580118423609599e-02
1.283721749222290105e-02
1.266740103030418625e-02
1.249682426592551264e-02
1.232593496688906554e-02
1.215515500479642623e-02
1.198487946643128112e-02
1.181547605251006758e-02
1.164728474239836060e-02
1.148061770362003575e-02
1.131575942290296080e-02
1.115296703804479449e-02
1.099247084838420041e-02
1.083447498229921091e-02
1.067915820229578885e-02
1.052667482704212204e-02
1.037715575174264458e-02
1.023070954984555032e-02
1.008742363819689625e-02
9.947365491348218736e-03
9.810583889288501669e-03
9.677110186768393338e-03
9.546959591230476730e-03
9.420132438379550874e-03
9.296615456699673999e-03
9.176383010778140295e-03
9.059398317129901956e-03
8.945614625142376403e-03
8.834976357976320055e-03
8.727420208338399973e-03
8.622876185755546166e-03
8.521268611779198726e-03
8.422517061269462618e-03
8.326537247720734725e-03
8.233241851866761676e-03
8.142541293053163001e-03
8.054344443170973616e-03
7.968559283914378177e-03
7.885093508236138207e-03
7.803855066782762646e-03
7.724752661290870681e-03
7.647696186447115393e-03
7.572597122301663077e-03
7.499368879249102525e-03
7.427927097693249291e-03
7.358189905306104610e-03
7.290078133518525412e-03
7.223515496704783004e-03
7.158428735370340676e-03
7.094747726899304843e-03
7.032405565937482027e-03
6.971338616551322684e-03
6.911486539083614225e-03
6.852792293724215868e-03
6.800978026781385327e-03
6.767771595766745515e-03
6.734770388588256357e-03
6.701972767223222070e-03
6.669377186254337245e-03
6.636982185807055977e-03
6.604786384900656997e-03
6.572788475200846102e-03
6.540987215092380382e-03
6.509381424135853023e-03
6.477969977819240596e-03
6.446751802674320804e-03
6.415725871629047311e-03
6.384891199730413809e-03
6.354246840062022575e-03
6.323791879930984461e-03
6.293525437383790978e-03
6.263446657839536087e-03
6.233554711047392498e-03
6.203848788168755610e-03
6.174328099163167889e-03
6.144991870220336584e-03
6.115839341541328723e-03
6.086869765146854690e-03
6.058082402942911900e-03
6.029476524869872150e-03
6.001051407260412328e-03
5.972806331286619440e-03
5.944740581542728476e-03
5.916853444759637669e-03
5.889144208645353401e-03
5.861612160802837611e-03
5.834256587767049779e-03
5.807076774122389012e-03
5.780072001757982462e-03
5.753241549120381194e-03
5.726584690626092614e-03
5.700100696089990815e-03
5.673788830275749984e-03
5.647648352465120362e-03
5.621678516067536539e-03
5.595878568414898793e-03
5.570247750403552189e-03
5.544785296357343171e-03
5.519490433870876886e-03
5.494362383670219757e-03
