1.926939185948395306e-01
1.917811560285774819e-01
1.946465549944237650e-01
1.979324961480807277e-01
1.967880427279516953e-01
2.024450036293275468e-01
2.313587611016733048e-01
2.366709151999417393e-01
2.321013127421199251e-01
3.208236630311513404e-01
4.915239756263974358e-01
3.489580250471162048e-01
3.381923183752518769e-01
3.911520486185875445e-01
4.655725367931591308e-01
4.624663961684525315e-01
4.977993178749916536e-01
5.987096886437096588e-01
7.303972173527887302e-01
5.615956353193299888e-01
4.983071110828896644e-01
4.261892689664353306e-01
5.041829630427986375e-01
4.203263741225775063e-01
4.371224762995560287e-01
4.417343628214916440e-01
4.393097972705913845e-01
4.343665796948582014e-01
4.459178794187299011e-01
4.455817030349535912e-01
5.525231106913558454e-01
6.383825314890197999e-01
5.793484252402196777e-01
5.629418152043282886e-01
6.081018192831360025e-01
6.542965246729800510e-01
7.555255731755400328e-01
8.029503591302672438e-01
6.924143050103837016e-01
7.167136942005745137e-01
7.748910811592846226e-01
7.742834964288518584e-01
8.852413566265581180e-01
1.075561380934366928e+00
1.111696907782415256e+00
1.080369841411638054e+00
1.038674479037829501e+00
1.079975090251150682e+00
1.281264330300279530e+00
1.127270544110953843e+00
1.321104219040955208e+00
1.439167117204809720e+00
1.411431144887318467e+00
1.525608897479918236e+00
1.496517283608922888e+00
1.404495511125888552e+00
1.396625782180207942e+00
1.324807070307324697e+00
1.222353059495296712e+00
1.117727046614609199e+00
1.026976519289396261e+00
9.594897233768833189e-01
9.087412337302749332e-01
8.615920653990311040e-01
8.067233416295328530e-01
7.428953940059614958e-01
8.069794463902336679e-01
8.521546272942852607e-01
8.174906142497154748e-01
7.830774638118891406e-01
7.074409168957567218e-01
6.571991417131500812e-01
5.895975792515704139e-01
5.338718004448473886e-01
4.956301151877958722e-01
4.703639521736444618e-01
4.478805503567019897e-01
4.248512443822158313e-01
3.962436465693924270e-01
3.619995176341301302e-01
3.743938022608047644e-01
3.638387037517365474e-01
3.415171484678296010e-01
3.163822244193418842e-01
3.226616197245966711e-01
3.185626963417969026e-01
2.993880321626908869e-01
2.985196604822838440e-01
3.066092075521820726e-01
3.040769575498621924e-01
2.926575911421276377e-01
2.740617634134342451e-01
2.507053911153287462e-01
2.436551064937710065e-01
2.369083609449445238e-01
2.261209397695671530e-01
2.119740007124491232e-01
2.076582640123803558e-01
2.085184472775275244e-01
2.013095142093333789e-01
1.878119206472882996e-01
1.705320760588609763e-01
1.655967832224043423e-01
1.629053350802651123e-01
1.580533164641315103e-01
1.511105474892226186e-01
1.448938417226045827e-01
1.479564617439292351e-01
1.514343752707392465e-01
1.531747164691127094e-01
1.499531485896345440e-01
1.407366772365838958e-01
1.326600501964895207e-01
1.214821688070664152e-01
1.082916994257406701e-01
1.036544132327187340e-01
1.008916356645406381e-01
9.813101583537355010e-02
9.525708167695071116e-02
9.232759758119567228e-02
8.938969894589728071e-02
8.648167840189353861e-02
8.464566601371042998e-02
8.905663475339151147e-02
9.205609801818773197e-02
9.341733317818301519e-02
9.297103180940691214e-02
9.080904424122075713e-02
8.715088590958301740e-02
8.423692804166196813e-02
8.441073212356590971e-02
8.362415547329374310e-02
8.182763354034021386e-02
7.945442797640639432e-02
7.652692588562792775e-02
7.329250747730980953e-02
7.005950850324273171e-02
6.689361476253651018e-02
6.395248013917065322e-02
6.135408386201374881e-02
5.917702801631193749e-02
5.746283030066347969e-02
5.621938332427003221e-02
5.542501002128753101e-02
5.503279020153854784e-02
5.497502414846378027e-02
5.516781562757088614e-02
5.551579842337798359e-02
5.591701181786733199e-02
5.626787364593699436e-02
5.647975805511024766e-02
5.653056436981284544e-02
5.626922398136426084e-02
5.562872317834762631e-02
5.465687579114121564e-02
5.325348464259537645e-02
5.140751918239375162e-02
4.919803955436510834e-02
4.655106291411451047e-02
4.426718072587967207e-02
4.605597603860284855e-02
4.758280647912725703e-02
4.876022767086985593e-02
4.959286138679998984e-02
5.005645159033696168e-02
5.014750494929298696e-02
4.987710785097937416e-02
4.925053300444446475e-02
4.829892693383486257e-02
4.703242636466274662e-02
4.550759424564044392e-02
4.371025871776145627e-02
4.175391014249715815e-02
3.959790704821503082e-02
3.731334577800918262e-02
3.528966732071513179e-02
3.417109587312252422e-02
3.293461824774084751e-02
3.161152641896156773e-02
3.030631391829925747e-02
2.998632147230834502e-02
2.968476613326309285e-02
3.002340055889701764e-02
3.025139067271157001e-02
3.037663521376240267e-02
3.044189941177392195e-02
3.042057958642937349e-02
3.032047146944647636e-02
3.014998571845097994e-02
2.991731424570115427e-02
2.963358948150324884e-02
2.932630507679857487e-02
2.897719353402757742e-02
2.859272746041024646e-02
2.817885738188066064e-02
2.774100279663406499e-02
2.728405676071107497e-02
2.681522405200846212e-02
2.634902506243453485e-02
2.587396410420219825e-02
2.539313847688358036e-02
2.490925883064530263e-02
2.442468550041677205e-02
2.394146488458747182e-02
2.346136487187188563e-02
2.298590854449074697e-02
2.251640559007979034e-02
2.205398103352594272e-02
2.159960105699950533e-02
2.115409580758033717e-02
2.071953779299642168e-02
2.029815818085070264e-02
1.988687957902892517e-02
1.948620431585531415e-02
1.909656806543949190e-02
1.871834737662641038e-02
1.835186544041161535e-02
1.799739636312938304e-02
1.765516820619170146e-02
1.732536503920860740e-02
1.700812823527388801e-02
1.670355721707215274e-02
1.641170983792503146e-02
1.613260255845294644e-02
1.586621055576711153e-02
1.561246787653559551e-02
1.537126772481305255e-02
1.514246295192450339e-02
1.492586679848771636e-02
1.472125391891082428e-02
1.452836170517625945e-02
1.440860174386789441e-02
1.430696529442478972e-02
1.421480007930212008e-02
1.413161149536362043e-02
1.405681159961593742e-02
1.398973231026585939e-02
1.392963869664657316e-02
1.387574219580946060e-02
1.382721360206205438e-02
1.378319568523733718e-02
1.374281530671444228e-02
1.370519491648444603e-02
1.366946333058121146e-02
1.363476570475540169e-02
1.360027263718489692e-02
1.356518834997321073e-02
1.352875791522728521e-02
1.349027350801687217e-02
1.344907968196490389e-02
1.340457767788772597e-02
1.335622878729143988e-02
1.330355680359355044e-02
1.324614960333024560e-02
1.318365990691360359e-02
1.311580527569901344e-02
1.304236740599953696e-02
1.296319078519981259e-02
1.287818077691504914e-02
1.278730120317025584e-02
1.269057149221507023e-02
1.258806345907728316e-02
1.247989778480971049e-02
1.236624025734680936e-02
1.224729783471408852e-02
1.212331458700197616e-02
1.199456757030966346e-02
1.186136268108875166e-02
1.172403053564530229e-02
1.158292241455561970e-02
1.151158847100744280e-02
1.144676306086781122e-02
1.137982055129524439e-02
1.131077667087299933e-02
1.123966025066054468e-02
1.116651216637231173e-02
1.109138429009483284e-02
1.101433845671852263e-02
1.093544545145086651e-02
1.085478402285249694e-02
1.077243992544413970e-02
1.068850499599105323e-02
1.060307626619660069e-02
1.051625511432544187e-02
1.042814645794501796e-02
1.033885798904837956e-02
1.024849945299730059e-02
1.015718197154675227e-02
1.006501741071254979e-02
9.972117793114037079e-03
9.878594754662304092e-03
9.784559045026550161e-03
9.690120071012704381e-03
9.595385481711116854e-03
9.500460794475083445e-03
9.405449060240576170e-03
9.310450566581376930e-03
9.215562577253621698e-03
9.120879106207175138e-03
9.026490724598778409e-03
8.932484398997566841e-03
8.838943358852239737e-03
8.745946991539127816e-03
8.653570763389831569e-03
8.561886164326919582e-03
8.470960675104064266e-03
8.380857754883673169e-03
8.291636847567234944e-03
8.203353405518573616e-03
8.116058928680032827e-03
8.029801017920315878e-03
7.944623440974043355e-03
7.860566209597137644e-03
7.777665666600795842e-03
7.695954581679184496e-03
7.615462254405001331e-03
7.536214624065986668e-03
7.458234384074568374e-03
7.381541101539936325e-03
7.306151339469430309e-03
7.232078782003847385e-03
7.159334361314902313e-03
7.087926385528488943e-03
7.017860666998132838e-03
6.949140650489038853e-03
6.881767540576494598e-03
6.815740427833515830e-03
6.751056413265885993e-03
6.687710730762604430e-03
6.625696867192815316e-03
6.565006679661249123e-03
6.505630509847260858e-03
6.447557295295864611e-03
6.390774677062136498e-03
6.335269103964542847e-03
6.281025933307884945e-03
6.228029527537094247e-03
6.176263347314641002e-03
6.125710040679896440e-03
6.076351528145867119e-03
6.028169084182685884e-03
5.981143414345081212e-03
5.935254729077351493e-03
5.890482813352652426e-03
5.846807092447239840e-03
5.804206694347284652e-03
5.762660508232866560e-03
5.722147239573161133e-03
5.682645461663555532e-03
5.644133663912106677e-03
5.606590296725656036e-03
5.569993813388072687e-03
5.534322708813982708e-03
5.499555555474709354e-03
5.465671036302319728e-03
5.432647975228782795e-03
5.400465364818072579e-03
5.369102391616678918e-03
5.338538459176009159e-03
5.308753208722197768e-03
5.279726537847822046e-03
5.251438617065271909e-03
5.223869904524800455e-03
5.197001159041907820e-03
5.170813451163880359e-03
5.145288173036390370e-03
5.120407046399318846e-03
5.096152129455623798e-03
5.072505822302216492e-03
5.049450871360772197e-03
5.026970372219446634e-03
5.005047772100624202e-03
4.983666870722844831e-03
4.962811820763564016e-03
4.942467127131307952e-03
4.922617645752889320e-03
4.903248581650501009e-03
4.884345486192026749e-03
4.865894254048754204e-03
4.847881119459184797e-03
4.830292652155986251e-03
4.813115752771933084e-03
4.796337648059902960e-03
4.779945885616822786e-03
4.763928328500833045e-03
4.748273149439683621e-03
4.732968825007058920e-03
4.718004129576369200e-03
4.703368129089323738e-03
4.689050174842017762e-03
4.675039897045290237e-03
4.661327198425323746e-03
4.647902247842820682e-03
4.634755473708352877e-03
4.621877557714495176e-03
4.609259428276763979e-03
4.596892254254417859e-03
4.584767438583746586e-03
4.572876612089623802e-03
4.561211627278252689e-03
