2.106596099282993240e-01
2.107191883681957534e-01
2.113415377376007542e-01
2.152428874641725831e-01
2.180037710569510956e-01
2.224567290101210348e-01
2.293551315005355196e-01
2.707001078666949057e-01
2.857373890146018280e-01
2.640433767476725868e-01
4.182007003486042374e-01
4.231726174720373268e-01
2.631152510728038130e-01
3.943094726936927086e-01
4.132481525565481761e-01
3.273532432532929581e-01
4.088278094614815061e-01
4.362302619779452328e-01
5.068208179966183780e-01
7.103132543800236842e-01
6.470863546984494397e-01
5.508701617582335563e-01
5.150471514201805379e-01
3.900619050655853570e-01
3.657476399010122226e-01
3.646508220068849782e-01
4.207537325007237872e-01
4.044472286726913945e-01
4.358819970435790503e-01
4.885822390269967674e-01
5.522397049174250228e-01
5.978775132466669362e-01
5.421521723316722330e-01
4.918600323560786136e-01
5.181340153365059376e-01
6.507882818341368392e-01
6.412416792553307099e-01
6.050195369230381148e-01
6.081799754171617334e-01
5.821031954575234257e-01
6.523057561928643500e-01
7.744293831773340075e-01
7.548117629910748860e-01
6.570859522184744339e-01
6.703146951040702683e-01
7.881045051531341272e-01
9.268659061610217131e-01
9.322829162351220500e-01
9.648523719444260793e-01
1.118254840968531116e+00
1.078950385083351060e+00
1.085064535438079014e+00
1.219594598094478233e+00
1.273514098941952888e+00
1.248997138642491622e+00
1.154667864555904755e+00
1.032281837870117958e+00
1.013742438467987395e+00
1.148309680672630728e+00
1.431496277362312775e+00
1.590698866037269177e+00
1.552323527960062677e+00
1.362346140458686072e+00
1.254983513798062278e+00
1.143424271255057523e+00
1.022528352611498548e+00
9.237398788591850707e-01
8.489409096848352654e-01
7.902321745452699497e-01
7.406536362578833854e-01
7.469730985777469634e-01
7.959314849322179919e-01
7.751164306505186063e-01
6.895720090872614616e-01
6.187861922250927904e-01
5.821026303704004423e-01
5.291620350826894414e-01
4.748091393536714167e-01
4.284351533609481177e-01
3.951624663406264615e-01
3.761580305590949136e-01
3.691045458397699264e-01
3.700944840343948772e-01
3.723033353044369886e-01
3.708143829014040604e-01
3.655363520536614730e-01
3.749050975369995764e-01
3.730889355255798678e-01
3.571095088096782333e-01
3.472658798637398014e-01
3.271351950975717182e-01
2.961224613123140115e-01
2.932710430925429268e-01
2.832313764237292530e-01
2.667821219848473535e-01
2.628931552934830052e-01
2.586530666371671394e-01
2.500589054576654036e-01
2.374637786439707798e-01
2.259756608802853672e-01
2.336990389620798303e-01
2.365347387291964476e-01
2.327790921579909467e-01
2.204542907868623502e-01
2.054957556192927304e-01
1.944887738551503154e-01
1.858986020326254818e-01
1.734585053659887521e-01
1.624254176760217827e-01
1.628080774533255115e-01
1.588272466271464234e-01
1.556805967073770502e-01
1.517745901796924701e-01
1.487333737100953457e-01
1.494647669885717511e-01
1.519630658049272165e-01
1.550148613632792438e-01
1.572596807663854124e-01
1.572620797504834245e-01
1.541401913511965538e-01
1.478094256717709110e-01
1.417384941552937982e-01
1.373938385437682985e-01
1.306904700940728636e-01
1.223808375957449596e-01
1.133189669389843696e-01
1.058357182700218752e-01
1.011961340530928427e-01
9.711997537098780720e-02
9.404101436172489226e-02
9.208984429574723629e-02
9.126128495952894049e-02
9.115804173103787822e-02
9.143897560811226066e-02
9.177971870939288790e-02
9.186653846327876016e-02
9.151605369858528682e-02
9.076293336551088942e-02
8.953722543546555057e-02
8.792340468806360276e-02
8.605657042055551986e-02
8.402237048765150151e-02
8.184597501477185177e-02
7.955749202894056571e-02
7.715129679947532737e-02
7.459163737900957603e-02
7.182283446818898964e-02
6.908835304509355901e-02
6.816903693690903876e-02
6.697386133651402063e-02
6.549611817028955230e-02
6.371642620554934799e-02
6.181748421235239849e-02
5.998930268652816894e-02
5.933922912666556027e-02
5.904295084185644249e-02
5.836349480350332131e-02
5.732006374516520480e-02
5.588141667852041666e-02
5.413856540241161058e-02
5.205361278772459993e-02
5.160413834792421800e-02
5.149876963558166348e-02
5.129971096096596489e-02
5.101079560290696507e-02
5.063595300986731274e-02
5.017894434032676293e-02
4.968954954089450232e-02
4.912844461904117277e-02
4.849272255825446548e-02
4.778454576766080764e-02
4.700585023098337312e-02
4.616375317130980149e-02
4.529548770927108170e-02
4.436041808389874774e-02
4.336085061139039604e-02
4.229955034665918573e-02
4.117983591518046410e-02
4.013070978797959876e-02
3.953302503427973819e-02
3.875936158330096221e-02
3.785474957740980750e-02
3.681899418936813301e-02
3.563806127772781857e-02
3.433276383917775038e-02
3.295646234261813412e-02
3.147934003163842948e-02
2.991995692771740392e-02
2.961203728763169701e-02
2.969078652853885877e-02
2.972771647932606967e-02
3.008780581017226480e-02
3.066573183803880318e-02
3.101059433939635027e-02
3.116860428282532819e-02
3.110506705940123406e-02
3.159069584597980901e-02
3.199854382252411561e-02
3.224849130634761113e-02
3.235574073425542818e-02
3.229736508303514275e-02
3.209175342069804648e-02
3.177455301687247963e-02
3.132207223888560516e-02
3.074808700784584237e-02
3.009407613465895845e-02
2.935682175916750833e-02
2.854020878879652209e-02
2.765934267519635018e-02
2.673609261993660155e-02
2.579391794658859524e-02
2.515533227565672214e-02
2.488308972243201064e-02
2.457056907458634101e-02
2.421516848349317824e-02
2.381810406550682185e-02
2.338716907774949019e-02
2.293839898967613145e-02
2.247686526444049246e-02
2.200018922893062431e-02
2.151404832662002706e-02
2.102349986141849314e-02
2.053297779144133348e-02
2.005457802792741037e-02
1.958324793397024643e-02
1.912058609867142711e-02
1.866883479666215165e-02
1.822974954955052310e-02
1.780464273610534581e-02
1.739442926288947353e-02
1.699967296765195202e-02
1.662063262383634346e-02
1.631841003555167813e-02
1.613472637013428287e-02
1.595107025432762268e-02
1.576853949527256410e-02
1.558804035296721888e-02
1.541030450671363773e-02
1.523590635761251644e-02
1.506528027822760102e-02
1.489873748601175038e-02
1.473648227708960687e-02
1.457862741604958219e-02
1.442520852690653936e-02
1.427619737792536724e-02
1.413151399352101725e-02
1.399103756120283377e-02
1.385461613155678298e-02
1.372207513430175226e-02
1.359322475279811301e-02
1.346786621532996935e-02
1.334579707339722185e-02
1.322681554470338423e-02
1.311072400436243124e-02
1.299771562872088435e-02
1.288817612166484605e-02
1.278094382283557345e-02
1.267586191594122745e-02
1.257278486055374810e-02
1.247157860943635781e-02
1.237212051784161715e-02
1.227429900623814088e-02
1.217801303080299005e-02
1.208317141092920752e-02
1.198969205655067531e-02
1.189750113226012082e-02
1.180653219026521657e-02
1.171672529800351324e-02
1.162802618319852890e-02
1.154038541239709587e-02
1.145375761796378448e-02
1.136810078234802047e-02
1.128337558716046088e-02
1.119954483108582047e-02
1.111657291899417928e-02
1.103442542184655470e-02
1.095306870636698730e-02
1.087246963152512132e-02
1.079259530836429101e-02
1.071341291832670836e-02
1.063488958574281690e-02
1.055699229868344025e-02
1.047968787292181438e-02
1.040294295371367930e-02
1.032672404962239020e-02
1.025099759366985067e-02
1.017573002646125942e-02
1.010088789669082339e-02
1.002643797500514522e-02
9.952347376957836750e-03
9.878583691458532601e-03
9.805115111886890042e-03
9.731910566855385414e-03
9.658939847983615684e-03
9.586173733040373110e-03
9.513584102647161880e-03
9.441144048693856511e-03
9.368827974187763155e-03
9.296611682697486848e-03
9.224472457910384143e-03
9.152727016674850127e-03
9.081572684467176942e-03
9.010423120022032287e-03
8.939261876573177321e-03
8.868074207092695518e-03
8.796847081860010090e-03
8.725569196230501326e-03
8.654230969073745464e-03
8.582824532367964998e-03
8.511343712784847845e-03
8.439784005449891061e-03
8.368142541140904944e-03
8.296418047009233160e-03
8.224610801672620902e-03
8.152722585540122732e-03
8.080756626446861102e-03
8.008717541873567117e-03
7.936611277705549194e-03
7.864445044479207933e-03
7.792227251435786782e-03
7.719967438876954198e-03
7.647676209575329266e-03
7.575365158922825991e-03
7.503046805184515611e-03
7.430734519339095637e-03
7.358442455434280327e-03
7.286185481296381800e-03
7.213979110173343243e-03
7.141839433530311997e-03
7.069783054961106469e-03
6.997827025456119718e-03
6.925988780591300908e-03
6.854286079146509024e-03
6.782736943851429452e-03
6.711359603726350237e-03
6.640172438798708048e-03
6.569193926778219353e-03
6.498442591820853716e-03
6.427936955600377887e-03
6.357695490460535913e-03
6.287736574858374811e-03
6.218078451065553111e-03
6.148739184915232719e-03
6.079736628102835015e-03
6.011088382174034975e-03
5.942811765279709495e-03
5.874923780435823382e-03
5.807441086469026376e-03
5.740379970564883985e-03
5.673756323192260566e-03
5.607585614662607271e-03
5.546029648074151698e-03
5.544079401695122845e-03
5.541839250167985946e-03
5.539301586855480825e-03
5.536459444956625883e-03
5.533306488562450901e-03
5.529837002360824330e-03
5.526045881064321590e-03
5.521928617583334031e-03
5.517481291236273240e-03
5.512700554515611098e-03
5.507583619993862596e-03
5.502128246533605389e-03
5.496332724856469593e-03
5.490195862897562229e-03
5.483716970786208823e-03
5.476895845620217800e-03
5.469732755648660551e-03
5.462228424612866097e-03
5.454384015734354413e-03
5.446201115484147759e-03
5.437681717448283707e-03
5.428828205874196289e-03
5.419643339446935867e-03
5.410130234824896481e-03
5.400292350297860276e-03
5.390133469572773971e-03
5.379657685457937301e-03
5.368869383857555189e-03
5.357773227758098541e-03
5.346374141289624189e-03
5.334677294335678568e-03
5.322688086824934293e-03
5.310412133612790568e-03
5.297855249548686155e-03
5.285023434569761057e-03
5.271922859311176969e-03
5.258559850879825255e-03
5.244940878959130325e-03
5.231072542189715673e-03
5.216961554855623247e-03
5.202614734043944922e-03
5.188038986759406675e-03
5.173241297920982452e-03
5.158228718290244937e-03
5.143008352882302500e-03
5.127587349816780000e-03
5.111972889399061561e-03
5.096172173674219479e-03
