1.488002528711760974e-01
1.489228159974507470e-01
1.500921225447041929e-01
1.502413676797168807e-01
1.511955651078995821e-01
1.525364351192534107e-01
1.577702825245511919e-01
1.742135301660209246e-01
1.731514108743300306e-01
1.961472679788879292e-01
1.939662073385462759e-01
2.637444224989006214e-01
3.350600478059517773e-01
2.888691951658086121e-01
3.086789824376146019e-01
3.342139165859501770e-01
3.898876644671809277e-01
4.430351238530755298e-01
4.475806556646896306e-01
4.136504165376923003e-01
3.474806661158276744e-01
4.196107657274905089e-01
4.058677594220069795e-01
4.761676076599833940e-01
5.108711267961566493e-01
5.091543720394225980e-01
5.885321058036121489e-01
6.078645479835350640e-01
7.434279957884635248e-01
6.685868117728483995e-01
5.750682736565930764e-01
5.633711472530228415e-01
5.726351038475161470e-01
5.315086198280298824e-01
5.076752155968474733e-01
4.433792415924846519e-01
3.525474586430111246e-01
3.288156961629152275e-01
3.334863867194741149e-01
3.196736321672895009e-01
2.985152649159119043e-01
2.962653450560154833e-01
3.068256140125767417e-01
2.984739432723308994e-01
2.739067941428160458e-01
2.828292086289050378e-01
2.744365193004855707e-01
3.061434259852504614e-01
3.468945443851110255e-01
3.827205238045534030e-01
3.753922830362159679e-01
3.679772022757742400e-01
3.938968946826436612e-01
3.721700697182072082e-01
3.572827473886142635e-01
3.686126672958158212e-01
3.982504924774541988e-01
3.931496171626018832e-01
3.269694034817510198e-01
3.999566787025266024e-01
4.181887766668864748e-01
4.198119065085200163e-01
4.262407517281566749e-01
4.888305704474617541e-01
5.485884766604902651e-01
5.440806292793051169e-01
4.864544661890743416e-01
4.809471128688183050e-01
5.335584177579096865e-01
5.921803521554495076e-01
6.598742238780640479e-01
7.510473889495674626e-01
7.969707790429350069e-01
7.704044519804520430e-01
8.247862248289151710e-01
7.411403212456716405e-01
6.195710592787777582e-01
5.711284204955685562e-01
6.370145333033950807e-01
6.783705584488958218e-01
6.807736460907811704e-01
6.657637785184395973e-01
6.536771016093909648e-01
6.622034465460571173e-01
6.994128779393797846e-01
7.574910565613889313e-01
8.185699980656410135e-01
8.653072830092175538e-01
8.839563240973500324e-01
8.682746709590906109e-01
8.575036280402996702e-01
8.609507783872837328e-01
8.477929076859153090e-01
8.419099004811865239e-01
8.538547425416815884e-01
8.767039478248884743e-01
8.980447396340103250e-01
8.965483194253199839e-01
8.705626195417887070e-01
8.106172789060230865e-01
7.621573410255941816e-01
7.390505400935365454e-01
6.602839907529504115e-01
6.103052716184267368e-01
5.827437916811214480e-01
5.443764794526280149e-01
4.995670852852165944e-01
4.455170687380823891e-01
4.058210415872902099e-01
3.988582041729822891e-01
4.096731768678944507e-01
4.128193782167252079e-01
3.970344887061735828e-01
3.679308865050047173e-01
3.385836469506917079e-01
3.190658163345206910e-01
3.106659075976146989e-01
3.062742258207930557e-01
3.007717704162793382e-01
2.929354907153138288e-01
2.785758151390846371e-01
2.618163183978935993e-01
2.484802859328760771e-01
2.453726580620893272e-01
2.616067659983330462e-01
2.785711702337941298e-01
2.923008777430251559e-01
2.997171550344246982e-01
2.996974961250262748e-01
2.934274659435458510e-01
2.825350882013429876e-01
2.677443431401080320e-01
2.758280781258724002e-01
2.821956882211117956e-01
2.788505368400033269e-01
2.692604028031044816e-01
2.584333651610120075e-01
2.504005589363956230e-01
2.447825641592630830e-01
2.377218570993638591e-01
2.367470450873161714e-01
2.403700089988331512e-01
2.338603286204816445e-01
2.188434607545465538e-01
2.048642183376354342e-01
2.026416442165867304e-01
2.054573207637739318e-01
2.018533049123867607e-01
1.927096271257218163e-01
1.843084967703411958e-01
1.795828329261362488e-01
1.714895249897937513e-01
1.616439371415918369e-01
1.515620210729063111e-01
1.423412222729239507e-01
1.348166948804766230e-01
1.291042562690370155e-01
1.250066517895691010e-01
1.220281373957862736e-01
1.196643626416641348e-01
1.173296161132788978e-01
1.146538686824467024e-01
1.115419853233263203e-01
1.078455306773475203e-01
1.037972000917321558e-01
9.945211413214048723e-02
9.506343521253571294e-02
9.088682726958050018e-02
8.706768571765470532e-02
8.375447617253557742e-02
8.102640673774244573e-02
7.889278777856960356e-02
7.730206585857371526e-02
7.615768239285956864e-02
7.533704606334945542e-02
7.470967361801378326e-02
7.415115109524574033e-02
7.355833486466556437e-02
7.289131915400719197e-02
7.201432221961016900e-02
7.221480966449271566e-02
7.347525271431000482e-02
7.475692573825856724e-02
7.596874649873669449e-02
7.703998503017488175e-02
7.785338294109336865e-02
7.828728035280467512e-02
7.823998805973157722e-02
7.761572743764219573e-02
7.633533495555666626e-02
7.434633143768380747e-02
7.163148309361269672e-02
6.821426172851587089e-02
6.416016963598583644e-02
5.981014580909374545e-02
5.829926018504844737e-02
5.607479064240853545e-02
5.322110998214442390e-02
4.986893820007384098e-02
4.616697956087568999e-02
4.693414545823848538e-02
4.802097061971454667e-02
4.896567895692421901e-02
4.972370323608119730e-02
5.031522126414483126e-02
5.072145295247321162e-02
5.096890116026354944e-02
5.103550302258149513e-02
5.096913265503292406e-02
5.074259506909378770e-02
5.039914993147109890e-02
4.992485333631300343e-02
4.936495572831271772e-02
4.870056690168223651e-02
4.797944943309864763e-02
4.719714358453236391e-02
4.636127959088268830e-02
4.550602443506386596e-02
4.463600741916916304e-02
4.375136027301924219e-02
4.286232794106068639e-02
4.197846454869424981e-02
4.112324179488746623e-02
4.028080242401508443e-02
3.945414041764498669e-02
3.864474631254973674e-02
3.785282126586275719e-02
3.707750437558093165e-02
3.631710314468990924e-02
3.558036459779054944e-02
3.485512239428605746e-02
3.413638612402028483e-02
3.342128157453463227e-02
3.270703235495762973e-02
3.199108440975208245e-02
3.127120461543612950e-02
3.054555404292987053e-02
2.981273723360682373e-02
2.975050834779311912e-02
2.981957680424243695e-02
2.988316366415991882e-02
2.994050773409973054e-02
2.998351332269179673e-02
3.001031961106837703e-02
3.001921131451011637e-02
3.000865837535159411e-02
2.997932087557976522e-02
2.993909173204372873e-02
2.987620171371895353e-02
2.979003059709642992e-02
2.968021179957144526e-02
2.954662668538194856e-02
2.939323423345851366e-02
2.922561963499210880e-02
2.903497952904977517e-02
2.882200690709163515e-02
2.858756233403027952e-02
2.833265203084132586e-02
2.806000060012316458e-02
2.777918802846587876e-02
2.748113198234925295e-02
2.716718409236522705e-02
2.683873922091978281e-02
2.649721719507464393e-02
2.614404603943973338e-02
2.578064681030962230e-02
2.541582243278043413e-02
2.504455433916498094e-02
2.466665791491350762e-02
2.428341525074095147e-02
2.389605235595529745e-02
2.350573323485329394e-02
2.311355529561962691e-02
2.272054598593926250e-02
2.232766054137311912e-02
2.193578073465513381e-02
2.154749506848595633e-02
2.116467751121578478e-02
2.078470709221038118e-02
2.040819335336043969e-02
2.003567737164629534e-02
1.966763416893193075e-02
1.930447545700624337e-02
1.894655264790783000e-02
1.859416006625334503e-02
1.824753830764465692e-02
1.790687769453416442e-02
1.757232178560262995e-02
1.732715820023160783e-02
1.709511397490762891e-02
1.686821816666351712e-02
1.664694749137644522e-02
1.643027726683377043e-02
1.621816645625738865e-02
1.601055684728371065e-02
1.580737477692969323e-02
1.560853279782257845e-02
1.576258543942076970e-02
1.609504542445698572e-02
1.641121929014212680e-02
1.670893013453647949e-02
1.698855954599481563e-02
1.724436074727669910e-02
1.747419183245395649e-02
1.767621929733399072e-02
1.784890738262334339e-02
1.799588276442595433e-02
1.811423530825261030e-02
1.820055799933998492e-02
1.825432386620671685e-02
1.827872632740248568e-02
1.827539746267905357e-02
1.823933364296163179e-02
1.817083475350808955e-02
1.807373847240940912e-02
1.795071930508020802e-02
1.779710578325998521e-02
1.761385826409758021e-02
1.740363701501229654e-02
1.717264456322386418e-02
1.691543389781919454e-02
1.663346829471124000e-02
1.632831943132246819e-02
1.600456733084694785e-02
1.566460662974365065e-02
1.530625406771102086e-02
1.493137743126517897e-02
1.454189528242670441e-02
1.442034313787957274e-02
1.435692628563133878e-02
1.429826191937235737e-02
1.444951598102578103e-02
1.457464209932068239e-02
1.467724317995334517e-02
1.475186015435663717e-02
1.479856665941399474e-02
1.482053970359749513e-02
1.481955559863935672e-02
1.479183904728422448e-02
1.473809822476483677e-02
1.466529408837105586e-02
1.456899817305911532e-02
1.444941554642748330e-02
1.431039850467218273e-02
1.415417848167861530e-02
1.397825703093058709e-02
1.378406897257345061e-02
1.357706722599605689e-02
1.335609018868431225e-02
1.312112851917975227e-02
1.287377741048718188e-02
1.261650251199113344e-02
1.235318926383273917e-02
1.208193496687086366e-02
1.180431333771378259e-02
1.152186712270831907e-02
1.123609832554643695e-02
1.094845925310625537e-02
1.083987310220905706e-02
1.076787308420754617e-02
1.069489885102836366e-02
1.062100951266118677e-02
1.054626561933181064e-02
1.047072893930363867e-02
1.039446223916881858e-02
1.031752906760012752e-02
1.023999354374966961e-02
1.016192015084206764e-02
1.008337353643192283e-02
1.000441831908836267e-02
9.925118903257579978e-03
9.845539301813059294e-03
9.765742967502500857e-03
9.685792633097364823e-03
9.605750161033517823e-03
9.525676402547278779e-03
9.445631066220457409e-03
9.365672596430611729e-03
9.285858061674629946e-03
9.206243052308674124e-03
9.127303940410612035e-03
9.048856035552504604e-03
8.970732231394508080e-03
8.892982096375167192e-03
8.815653371804682212e-03
8.738791922778333873e-03
8.662441697484039166e-03
8.622200158544108400e-03
8.609494637559764185e-03
8.595464867843089635e-03
8.580501974267877238e-03
8.564100832026371249e-03
8.546308497343110128e-03
8.527172904884111615e-03
8.506742717218528788e-03
8.485067179565920076e-03
8.462195980305739842e-03
8.438179117199566537e-03
8.413066769706318074e-03
8.386909177326203751e-03
