1.744411577605975150e-01
1.742887203677028762e-01
1.770061479652139669e-01
1.763883637058219489e-01
1.802645281798524457e-01
1.859698956685562621e-01
2.042892350563558501e-01
2.285230740375759906e-01
2.372082301503531110e-01
3.476730709742634762e-01
2.972158777572997956e-01
3.083546785005749080e-01
4.408421384389377140e-01
3.472206309933815183e-01
3.515523108451394374e-01
3.608452707012813065e-01
4.828130452548222706e-01
5.053164186294959448e-01
5.511725390922458390e-01
6.285864959834011056e-01
7.435638066606803376e-01
8.189872618336709875e-01
5.679369051606929508e-01
3.961075165718846436e-01
4.272387290622077782e-01
3.767724134662893687e-01
3.925055027703919230e-01
4.005161381500649265e-01
3.980963292716367397e-01
4.355616713619990255e-01
4.575500047288397210e-01
3.777907355541115786e-01
3.743198660632457431e-01
4.228718080507370414e-01
4.695407975865490968e-01
3.655310645151018112e-01
3.949110550312841528e-01
4.420231931825985283e-01
5.099713342062863752e-01
4.296272661883886457e-01
3.985138797062069416e-01
3.969792306500576906e-01
5.444770450035573139e-01
5.848250498951388376e-01
5.414198974409966114e-01
5.728088649083397099e-01
6.092518250811277403e-01
6.068706006290912613e-01
7.237856659080178501e-01
7.741665083642085277e-01
7.929686818407523097e-01
9.157046210452995938e-01
9.243053293264414938e-01
8.739841501186764727e-01
8.591814700654395454e-01
8.720427709236416858e-01
8.654360374451232074e-01
8.359717162797527523e-01
8.339828395857855625e-01
9.096225761747097627e-01
1.035582983792223244e+00
1.131867439474885328e+00
1.142440938126056071e+00
1.211328780650525072e+00
1.288412569619146630e+00
1.247261221225911543e+00
1.197230562915935215e+00
1.099473599577748928e+00
1.013277035250863101e+00
9.638912893384232738e-01
8.737294276097447021e-01
7.724635430102085865e-01
6.940805513914686253e-01
6.504165649364266333e-01
6.315165659968332568e-01
6.263180048461743921e-01
6.163673303654947366e-01
6.017295648076075310e-01
5.977435748545070204e-01
5.882732020974926757e-01
5.932755188115403922e-01
5.759314631001006823e-01
5.388948196194369711e-01
4.675697973110572447e-01
4.665299354818250865e-01
4.718370661008564060e-01
4.571150419942172638e-01
4.283603222454147597e-01
4.112171726393323290e-01
3.831827328348005879e-01
3.486762717700260805e-01
3.554363584050797553e-01
3.491553787986501067e-01
3.306453783767634436e-01
3.068949853756144375e-01
2.835316472709736302e-01
2.699094431148657547e-01
2.531367829961110316e-01
2.456992111300023707e-01
2.569504730680970961e-01
2.650873026509979469e-01
2.680425857185877447e-01
2.651168813416411862e-01
2.554168800340355650e-01
2.398239016689259762e-01
2.305940473841129879e-01
2.227892817263191494e-01
2.113346213487664604e-01
1.966203681090250566e-01
1.797157636888473964e-01
1.800859902256758127e-01
1.753336882840594302e-01
1.743773297541314216e-01
1.730822936435588155e-01
1.673979216817999827e-01
1.586034782384015684e-01
1.478069741291757611e-01
1.363075170233828681e-01
1.250057945226680789e-01
1.149212735361981458e-01
1.067310472412482669e-01
1.009403774032932855e-01
9.879304105165397087e-02
9.781184405844280116e-02
9.879557063177073217e-02
1.017339280858569617e-01
1.054047242897524356e-01
1.090237383231618257e-01
1.119684235032356590e-01
1.137383728538376992e-01
1.140499139443005433e-01
1.127186353563359167e-01
1.096732226803628502e-01
1.050448855142153137e-01
9.881562143848590662e-02
1.041772977162662150e-01
1.118039906946325379e-01
1.148605799370054775e-01
1.133058661630231695e-01
1.079561883322679994e-01
1.000190827474871924e-01
9.085943880476124446e-02
8.760208675027301994e-02
8.474717635541234584e-02
8.209333925239598040e-02
8.002905032884209680e-02
7.851021840131768015e-02
7.703716638976675080e-02
7.487457978558993699e-02
7.130883847727302605e-02
6.587457398029640532e-02
6.205734156012344266e-02
6.604343286498773336e-02
6.905050819639460546e-02
7.071166675712101113e-02
7.079741639751455096e-02
6.933446626982169014e-02
6.871224727237344732e-02
6.930837959546891358e-02
6.907921635048114295e-02
6.805630388753973470e-02
6.629559447046004528e-02
6.387333296065303423e-02
6.088758993012406001e-02
5.746691299195926667e-02
5.368792158853814139e-02
5.092492667079105695e-02
4.992134056197408687e-02
4.853798410851501571e-02
4.684680570862121557e-02
4.491426348746159480e-02
4.279969921296910423e-02
4.055459652958501998e-02
3.822175388011973124e-02
3.838035433727982060e-02
3.845924309389212731e-02
3.839718610138831423e-02
3.821106218182768188e-02
3.792106701507342442e-02
3.756109887858161828e-02
3.711835527789655864e-02
3.664628078951993884e-02
3.612608969964178213e-02
3.558532238650276291e-02
3.504585760560145064e-02
3.449926198054268506e-02
3.395568727341155557e-02
3.343317817868633052e-02
3.293666048382920541e-02
3.245712906536096787e-02
3.199588080351959546e-02
3.155251876219350438e-02
3.112524116980250680e-02
3.072073175959316726e-02
3.033304261348397299e-02
2.995024986630509881e-02
2.956782040245025875e-02
2.918108912933283991e-02
2.878545768679308808e-02
2.837656470359597310e-02
2.796254605910025379e-02
2.753344299895487193e-02
2.708043717008478540e-02
2.660115071820449290e-02
2.609386246781625687e-02
2.555752394517126283e-02
2.499175583026021219e-02
2.440873159514202195e-02
2.380110527460243403e-02
2.317213671271736372e-02
2.342473763255688290e-02
2.360286906420756142e-02
2.370591341819339171e-02
2.374808645459481130e-02
2.370768816525522030e-02
2.358422108598604711e-02
2.338859171756652033e-02
2.312647153769172362e-02
2.278626295788957132e-02
2.237183690844321560e-02
2.190488762477242959e-02
2.174994710164342843e-02
2.225701838439736457e-02
2.272538957669060361e-02
2.303802425030249817e-02
2.319115752726660928e-02
2.318134953068253304e-02
2.300066258764871946e-02
2.266226245337330664e-02
2.232100988951040907e-02
2.240667665504014749e-02
2.234863184681312384e-02
2.215807977097004888e-02
2.183863521994217766e-02
2.139947750455991823e-02
2.085568596705318287e-02
2.023432520554116834e-02
1.954053157083828623e-02
1.879768034087990480e-02
1.802845518650195156e-02
1.774930069616679346e-02
1.755405250594474151e-02
1.734857880564462385e-02
1.713397089696876152e-02
1.691130518338140529e-02
1.668163706004559266e-02
1.644599549781287917e-02
1.620537830193283582e-02
1.596074802003157045e-02
1.571302847117954024e-02
1.546310186443505992e-02
1.521180647237824896e-02
1.496368304401433230e-02
1.471559136913042423e-02
1.446803082248443624e-02
1.422166395254613469e-02
1.397710527962378602e-02
1.397064538025461454e-02
1.404031413650839305e-02
1.413309328335630652e-02
1.424052360468325978e-02
1.435499261343944032e-02
1.447309956138043141e-02
1.458113351529466591e-02
1.467140292965847005e-02
1.473700317498302312e-02
1.477196643867934207e-02
1.477899615110208828e-02
1.475070433146100785e-02
1.468051412767350065e-02
1.461773801168859965e-02
1.478279936805576046e-02
1.491766032091939795e-02
1.502256266096334801e-02
1.510097519231312982e-02
1.514439308486924089e-02
1.515237921974086320e-02
1.512506829048585258e-02
1.506310059032995446e-02
1.497726815722915349e-02
1.486005827374028802e-02
1.471213593085165909e-02
1.453540105232429581e-02
1.433192102513830037e-02
1.411106453735793201e-02
1.386968136414782476e-02
1.360771888683938446e-02
1.332737042112963448e-02
1.303077255884373294e-02
1.272114493903882433e-02
1.240507651663338116e-02
1.207809452340290884e-02
1.174191745434057313e-02
1.139813962742297106e-02
1.104823160235592940e-02
1.069354404640544126e-02
1.033685374187031866e-02
1.019635250198086540e-02
1.005379391296978148e-02
9.907098425635724182e-03
9.858795690495986835e-03
9.887151500551964733e-03
9.910162161747245943e-03
9.927989508124427862e-03
9.940763564778817493e-03
9.949402041421029352e-03
9.955485863516579451e-03
9.956711041855767150e-03
9.953107487707255757e-03
9.944689118562140620e-03
9.932891514371511646e-03
9.917919466399747683e-03
9.898081316617540759e-03
9.873363923819692203e-03
9.845826125031995404e-03
9.814325224380379339e-03
9.777888606310857628e-03
9.738235139676056779e-03
9.694902203019750350e-03
9.646659948542050597e-03
9.595775163680184822e-03
9.540710904821008906e-03
9.480894844648259448e-03
9.419115600193598420e-03
9.352811236500386052e-03
9.282179281568771548e-03
9.209737319124770838e-03
9.133118997438514561e-03
9.052582136799339207e-03
8.970613283352675202e-03
8.885019405430759354e-03
8.796438041546887632e-03
8.706507663587334869e-03
8.613615228235123322e-03
8.519743563235654057e-03
8.424057007862830598e-03
8.327672951256585160e-03
8.231073566040362360e-03
8.133967242827239846e-03
8.035631550709253917e-03
7.937227238097076601e-03
7.837961690205719895e-03
7.737794294882961894e-03
7.637711897968615417e-03
7.537866217177534474e-03
7.437835369692804427e-03
7.337873381143313056e-03
7.238223254504995430e-03
7.139528474738929611e-03
7.042105116111146632e-03
6.945566393746807100e-03
6.850105228333737764e-03
6.755899662462593568e-03
6.663112449561391266e-03
6.571890774921410397e-03
6.482366103689767532e-03
6.394963224207375792e-03
6.309604352531499559e-03
6.226191051662146626e-03
6.144796463377019159e-03
6.065478883028125462e-03
5.988282210151914253e-03
5.913236475604662090e-03
5.840358437120060121e-03
5.769652235213665499e-03
5.701110100144140928e-03
5.634713102185296210e-03
5.570431936591065808e-03
5.525613540717885797e-03
5.491314941154841305e-03
5.456929422678631798e-03
5.422498908292708829e-03
5.388064728839113762e-03
5.353667507167638069e-03
5.319347050645304234e-03
5.285142251239111598e-03
5.251090993801444708e-03
5.217230071723651108e-03
5.183595110691914878e-03
5.150220499505981341e-03
5.117139328383491122e-03
5.084383334491710850e-03
5.051982854041663779e-03
5.019966781408914842e-03
4.988362534487014201e-03
4.957196026150081751e-03
4.926491642026900250e-03
4.896272223432706489e-03
4.866559056101894300e-03
4.837371863923584613e-03
4.808728807518002080e-03
4.780646487436544627e-03
4.753139951803424246e-03
4.726222707779591421e-03
4.699906737115488661e-03
4.674202515087857480e-03
4.649119032644546956e-03
4.624663821856042634e-03
4.600842983912409832e-03
4.577661219775890425e-03
