3.015914457347964039e-01
3.014005131339204668e-01
3.019700654397667883e-01
3.036495581021350643e-01
3.056928278255858777e-01
3.082667825807355322e-01
3.087351155784020529e-01
3.110819260046577828e-01
3.371024656636464334e-01
4.425825736887846751e-01
4.643277283181249659e-01
4.343471237086009573e-01
5.327800306099752525e-01
7.755375590345969794e-01
5.215668446800882929e-01
6.165917035380555911e-01
6.326318689346890345e-01
6.348639018217228092e-01
8.111777420706940411e-01
8.548287718528788659e-01
7.251611183976760522e-01
8.857078015397861215e-01
7.556619831586293135e-01
6.525094303504790361e-01
6.040582894124951752e-01
7.350099751701123507e-01
6.488769072026316920e-01
7.590870593403116207e-01
6.678072715706080409e-01
7.809143891183327746e-01
8.119916527675112849e-01
8.224928791922122562e-01
8.722022604311053806e-01
8.897242548642890769e-01
9.823510102733522542e-01
1.074200808851043298e+00
1.175329643979124983e+00
1.067374130019829170e+00
1.262223303482022274e+00
1.226145816312801173e+00
1.155787682616287837e+00
1.323600612838007340e+00
1.608037974401837600e+00
1.762233055459136333e+00
1.743144594729740593e+00
1.742468765704011879e+00
2.032625051933676819e+00
2.300302363247172188e+00
1.996465058391994507e+00
1.955820916350922811e+00
1.905075471710570456e+00
1.875533190163439112e+00
1.889642907179851283e+00
1.894748597899130527e+00
1.893563737229441823e+00
2.125147801978461093e+00
2.256618394656204174e+00
2.317212360434409035e+00
2.346084889427496378e+00
2.369269982439327737e+00
2.402557218159162122e+00
2.114845750203471209e+00
1.794729550971290166e+00
1.446292075903368168e+00
1.105283401821016920e+00
9.281204585688288544e-01
8.260049717821763560e-01
7.266323657056201757e-01
6.628260719906615694e-01
6.350858286229099647e-01
6.080043406327970690e-01
5.896227573306205283e-01
5.787965656746386633e-01
5.708446291398582284e-01
5.507879192122039358e-01
5.537293832064308363e-01
5.431522125823432523e-01
5.509772993832652288e-01
5.360084657033299393e-01
4.946107014283727676e-01
4.752307487511976958e-01
4.460499119911580657e-01
4.068720029303736774e-01
3.910492148108249966e-01
3.865524052040557601e-01
4.139930341031263228e-01
4.163249148346809814e-01
3.952260285096184655e-01
3.897592123267000219e-01
3.688910476671908856e-01
3.409438856573281940e-01
3.133536996852373524e-01
2.918961528332792432e-01
2.772521411711189043e-01
2.676165599869820833e-01
2.599228569188962168e-01
2.509686543922284296e-01
2.388705681425031535e-01
2.236818789349870884e-01
2.063194135100293314e-01
1.902392971486959738e-01
1.815169202343344945e-01
1.724292978440629120e-01
1.644554498036395751e-01
1.590466584129396344e-01
1.569241858010577417e-01
1.580100345866662648e-01
1.615386193340476728e-01
1.662847339189406359e-01
1.708364871320011413e-01
1.744638258760275173e-01
1.756280957390916331e-01
1.743510845315635049e-01
1.699096960751841912e-01
1.625070911255347694e-01
1.526018376534247212e-01
1.403363824499360424e-01
1.324843046451601170e-01
1.299007906689266523e-01
1.265893669668556876e-01
1.232399314717679828e-01
1.189869465291063383e-01
1.140188774294793317e-01
1.101760264509962645e-01
1.105408731976445375e-01
1.101542967383751792e-01
1.092339760947098615e-01
1.076799417081935051e-01
1.057663735448990117e-01
1.033991688516830987e-01
1.008765624758097140e-01
9.813349342433937139e-02
9.524212729908261565e-02
9.236387035862773931e-02
8.952831166576384614e-02
8.672832241752062576e-02
8.400389958536945423e-02
8.138182607605715102e-02
7.887733652277517660e-02
7.653582134731364006e-02
7.433145315428550670e-02
7.223426589717682478e-02
7.023354109958131197e-02
6.831587164779868993e-02
6.646659170837819486e-02
6.467097459918376423e-02
6.315030796366008503e-02
6.360501738225270152e-02
6.363420316923458497e-02
6.329675686753873098e-02
6.262120130218555569e-02
6.155886277828021003e-02
6.014244229416834675e-02
5.841383052892566013e-02
5.757028152982972269e-02
5.718641740191497680e-02
5.676764972554707023e-02
5.631141902836397928e-02
5.581634201886879337e-02
5.528217900693452314e-02
5.470975912287981413e-02
5.410087305724055329e-02
5.348444217448896504e-02
5.284063517543586413e-02
5.216842031873259594e-02
5.147194943795763145e-02
5.075563590873564263e-02
5.002401484273929361e-02
4.928161507696467158e-02
4.853284552647949696e-02
4.778189757438514040e-02
4.703266438310441805e-02
4.628867732379591399e-02
4.555305915235881298e-02
4.482849309497146523e-02
4.411720665112546513e-02
4.342096866331546928e-02
4.274109802978401373e-02
4.207848234574024238e-02
4.143360472892963775e-02
4.080657711706930924e-02
4.020056835699316322e-02
3.961689951181231878e-02
3.904912227052224211e-02
3.849634415860139769e-02
3.795750202988759647e-02
3.743140424405760891e-02
3.691677090206296752e-02
3.641227149892606318e-02
3.591655949984234181e-02
3.542830348214619923e-02
3.494621461179513167e-02
3.446907033261832620e-02
3.399573424548401473e-02
3.352517223672817070e-02
3.305646498509100251e-02
3.258881703336785618e-02
3.212156265399165184e-02
3.165416877170938725e-02
3.118623522783595461e-02
3.071749268526271712e-02
3.024779847783271719e-02
2.977713070647989430e-02
2.930558087817044036e-02
2.883334537135757991e-02
2.836071599609764696e-02
2.788806989961080396e-02
2.741585904678463595e-02
2.694459948471755739e-02
2.647486057697979317e-02
2.600725437218196975e-02
2.554242524793823646e-02
2.508103995121824595e-02
2.501106529094040271e-02
2.493459857863599555e-02
2.480506597007232916e-02
2.462428322223843627e-02
2.439467180719736769e-02
2.411919058220795067e-02
2.380126159084391957e-02
2.344469197935586391e-02
2.305359393044563096e-02
2.263230439422995316e-02
2.219083340231438675e-02
2.173470789691458321e-02
2.126077144582968689e-02
2.077350789374692724e-02
2.027728585414500725e-02
1.977630330677646042e-02
1.927453912847711809e-02
1.895414887005173257e-02
1.871428240465161652e-02
1.845912481402920205e-02
1.819141379549408036e-02
1.791384002085867969e-02
1.762901776137873813e-02
1.742692741779391929e-02
1.733731576305905589e-02
1.724733744982960559e-02
1.715690029365635888e-02
1.706592280231126330e-02
1.697433371137532787e-02
1.688207151132797498e-02
1.678908396940231862e-02
1.669532764903883942e-02
1.660076742974381236e-02
1.650537602968602663e-02
1.640913353326143784e-02
1.631202692546891014e-02
1.621404963488301890e-02
1.611520108643117385e-02
1.601548626544277432e-02
1.591491529404406163e-02
1.581350302055169535e-02
1.571126862292751558e-02
1.560823522645543582e-02
1.550442953661188873e-02
1.539988148690682630e-02
1.529462390228360225e-02
1.518869217801840227e-02
1.508212397430622013e-02
1.497495892613201138e-02
1.486723836882595726e-02
1.475900507847661448e-02
1.465030302758634113e-02
1.454117715518236757e-02
1.443167315130675261e-02
1.432183725543251934e-02
1.421171606847957888e-02
1.410135637786898329e-02
1.399080499530243327e-02
1.388010860674791791e-02
1.376931363414845427e-02
1.365846610846692399e-02
1.354761155351853763e-02
1.343679488008088334e-02
1.332606028982369697e-02
1.321545118863972842e-02
1.310501010892639075e-02
1.299477864013848238e-02
1.288479736737797171e-02
1.277510581759554349e-02
1.269721313826171691e-02
1.265701487906479607e-02
1.261581078801466207e-02
1.257355375259072185e-02
1.253020449576434416e-02
1.248573116993144209e-02
1.244010895327873033e-02
1.239331965018321616e-02
1.234535129716055404e-02
1.229619777520647543e-02
1.224585843009431442e-02
1.219433770081315184e-02
1.214164475779915507e-02
1.208779315078665692e-02
1.203280046776017409e-02
1.197668800432710907e-02
1.191948044538313801e-02
1.186120555775668425e-02
1.180189389547097768e-02
1.174157851683727515e-02
1.168029471383104194e-02
1.161807975384909070e-02
1.155497263358934087e-02
1.149101384512616307e-02
1.142624515411924668e-02
1.136070938977223888e-02
1.129445024656416940e-02
1.122751209744640363e-02
1.115993981828481904e-02
1.109177862324888485e-02
1.102307391075123960e-02
1.095387111990367771e-02
1.088421559696652746e-02
1.081415247132231673e-02
1.074372654108417605e-02
1.067298216749805635e-02
1.060196317808007570e-02
1.053071277811355906e-02
1.045927346995607909e-02
1.038768698011495288e-02
1.031599419352761081e-02
1.024423509458947772e-02
1.017244871489203159e-02
1.010067308723928622e-02
1.002894520539478022e-02
9.957300989627024951e-03
9.885775257062657043e-03
9.814401697637869723e-03
9.743212854042192228e-03
9.672240106576700941e-03
9.601513661679524428e-03
9.531062544563165262e-03
9.460914594995600488e-03
9.391096467113542109e-03
9.321633631270311374e-03
9.252550379669030600e-03
9.183869833972541086e-03
9.115613955671297147e-03
9.047803558296280829e-03
8.980458322068460633e-03
8.913596809793984665e-03
8.847236485016552604e-03
8.781393731037817271e-03
8.716083871876554798e-03
8.651321193756880343e-03
8.587118968096036850e-03
8.523489475207170901e-03
8.460444028739156144e-03
8.397993000835705935e-03
8.336145847808998019e-03
8.274911136287699254e-03
8.214296569670322470e-03
8.154309014802844924e-03
8.094954529032369686e-03
8.036238386914399193e-03
7.978165107578981050e-03
7.920738481352041643e-03
7.863961596979140642e-03
7.807836868033050243e-03
7.752366059623490291e-03
7.697550314597304856e-03
7.643390179287700044e-03
7.589885629513657556e-03
7.537036095410028398e-03
7.484840486543588821e-03
7.433297216180606570e-03
7.382404225160827012e-03
7.332159005626906478e-03
7.282558623561819107e-03
7.233599741667226177e-03
7.185278641022216015e-03
7.137591242484077510e-03
7.090533127591996422e-03
7.044099558787365184e-03
6.998285499078799043e-03
6.953085631279738027e-03
6.908494376513640844e-03
6.864505912231616547e-03
6.821114189562912759e-03
6.778312950284661603e-03
6.736095743080671751e-03
6.694455939215772193e-03
6.653386747820818140e-03
6.612881230438252822e-03
6.572932315104488589e-03
6.533532809940189451e-03
6.494675416144206868e-03
6.456352740529185986e-03
6.418557307466629495e-03
6.381281570440345934e-03
6.344517922851867012e-03
6.308258708838582196e-03
6.272496233181965725e-03
6.237222770735992121e-03
6.202430575823586825e-03
6.168111890798446718e-03
6.134258954388607278e-03
6.100864009499462962e-03
