2.609478894285477968e-01
2.602835057784377848e-01
2.628900883776888464e-01
2.625478238345349546e-01
2.633340222270662001e-01
2.675686058602578243e-01
2.705010267256710565e-01
2.793774113834375239e-01
2.838538919574078445e-01
2.947398559260814288e-01
3.451595854579851408e-01
4.533424604528324409e-01
3.662714375376254772e-01
4.836878653672095352e-01
5.542331758752540027e-01
5.729355536412599204e-01
5.514380043528159803e-01
4.238933848486469702e-01
5.723881396199490545e-01
4.880267573776622680e-01
5.356008464443988704e-01
6.782863471015508905e-01
7.171118867202338487e-01
7.439296122658374255e-01
1.028850835910059658e+00
1.143799388685595941e+00
9.861814957597895281e-01
9.953475090370220713e-01
9.475326504350399803e-01
1.162386517187794510e+00
1.028244436917057580e+00
1.182859738320656273e+00
1.138657749404916597e+00
6.704872463174196273e-01
4.667487139396758189e-01
4.250490587727587255e-01
3.829774981503615283e-01
3.661515554727540755e-01
3.662287742801913493e-01
3.727070845986317771e-01
3.992236375036953833e-01
4.344385901238951297e-01
5.013239055730925875e-01
5.272721040161900685e-01
5.456388968072407586e-01
5.033423639578658015e-01
4.373685794050567455e-01
4.657655899695633539e-01
5.128864718155623503e-01
5.715480989813435109e-01
5.562101079732165720e-01
5.993221351825505083e-01
6.032169187662598242e-01
5.899118111396129960e-01
6.502889889442438065e-01
6.526128622349405273e-01
7.018022365966474219e-01
7.808725964505111028e-01
8.372957029054338696e-01
8.512764923891827928e-01
8.427769054368036139e-01
8.155226432507488576e-01
7.026184821786382040e-01
7.073056690317649498e-01
8.013963668090959835e-01
8.803124457550809412e-01
9.397390023825322736e-01
9.722665745762569811e-01
9.788896918680869419e-01
1.003329392169181933e+00
9.160345058922227945e-01
8.546807230812591971e-01
9.590618027605781748e-01
1.144109910471726943e+00
1.192486150815445622e+00
1.086415664788603852e+00
9.310018497903476131e-01
8.704708352603743871e-01
9.415628316674925502e-01
1.043894841692040831e+00
1.118841954061824628e+00
1.137114293075048188e+00
1.117247918944128227e+00
1.125518543192431498e+00
1.154145244973652895e+00
1.195581872851708916e+00
1.227847884139321222e+00
1.257248395301251209e+00
1.237337832508772051e+00
1.197024023830338457e+00
1.105224144218565518e+00
1.000257408317898333e+00
8.715824572651269531e-01
7.397787635236421355e-01
6.219262565264336295e-01
5.279628053185595471e-01
4.681569072725454417e-01
4.449398555340364214e-01
4.371868296373569440e-01
4.374461454341023181e-01
4.301963889557654519e-01
4.161875356812951843e-01
4.021390002000673203e-01
3.906812591124750877e-01
3.919057768843756118e-01
3.837758777941293609e-01
3.676488057175479884e-01
3.548046725587874484e-01
3.422501959577712305e-01
3.251018411716700141e-01
3.045130475270211856e-01
2.860536906625940623e-01
2.880762178605114632e-01
2.879138617158070179e-01
2.858706316697456895e-01
2.821435369674016869e-01
2.768952413952812663e-01
2.700801993711822724e-01
2.617144012089445693e-01
2.518187096369015610e-01
2.434353165175786871e-01
2.415624445354284666e-01
2.384277084916492928e-01
2.340571782360837683e-01
2.286963682545486432e-01
2.222340243588741271e-01
2.146824075779276420e-01
2.062220275713220752e-01
1.968857472161370525e-01
1.912123144920864770e-01
1.872824743421692972e-01
1.824946661184455310e-01
1.769874960227016403e-01
1.709095291407842498e-01
1.644118860703125129e-01
1.576408669038654453e-01
1.507326518391841619e-01
1.477195282944412102e-01
1.488750321903118956e-01
1.494663253726472851e-01
1.476851775167686009e-01
1.439069711969573340e-01
1.419475161820490106e-01
1.450169432134238157e-01
1.465109169142314594e-01
1.466571355469279414e-01
1.457524684350267330e-01
1.440027085527851858e-01
1.415214192860616838e-01
1.384795886382374774e-01
1.351024383250083727e-01
1.313268027493894041e-01
1.272878551170310291e-01
1.230099240820825141e-01
1.184379609911394848e-01
1.136920100280592455e-01
1.086149650794648591e-01
1.033764812698471924e-01
1.012220853532848908e-01
1.008010060223008958e-01
9.998343519946870095e-02
9.858850293284295019e-02
1.004097749190879657e-01
1.048603475187185746e-01
1.070740764577058773e-01
1.071291715387981680e-01
1.052309756910160404e-01
1.017088901695845649e-01
9.697073333895146752e-02
9.147020421594138917e-02
8.736350037132184498e-02
8.532425377194446936e-02
8.310556951380466961e-02
8.101740192663973994e-02
7.932747593159150679e-02
7.819608255583178347e-02
7.766860184308106707e-02
7.770591628868578349e-02
7.810951270196489493e-02
7.864103546434371428e-02
7.905963177291953914e-02
7.911613780711851396e-02
7.861848204962733344e-02
7.742735672724111728e-02
7.548767091925888406e-02
7.416776794056040290e-02
7.259879408966428416e-02
7.011083826746655756e-02
6.877905502702005847e-02
6.792485388431566962e-02
6.633352870242664734e-02
6.399791992363072779e-02
6.101605063766511738e-02
5.840416425142107987e-02
5.770837942391921632e-02
5.692633444487130850e-02
5.629277690503498022e-02
5.520216897016825414e-02
5.640778999003367294e-02
5.759693771343510349e-02
5.850687886458146719e-02
5.913326777574115511e-02
5.950788115594660144e-02
5.964639824890896613e-02
5.951957455574970884e-02
5.914174606655554778e-02
5.859640942155158044e-02
5.783496779835506363e-02
5.687938006605015862e-02
5.577809039981624500e-02
5.455771207937969852e-02
5.321177996816945505e-02
5.176542898045974339e-02
5.025158032992334267e-02
4.871031449483722436e-02
4.713481986460708872e-02
4.554665970015064208e-02
4.396577504057164881e-02
4.241028761560253907e-02
4.089635579923825426e-02
3.943808040985061908e-02
3.804745655750074035e-02
3.673436729278301699e-02
3.550661452252183714e-02
3.436998249355214391e-02
3.332832909726452658e-02
3.238370030997182736e-02
3.153646321810853886e-02
3.078545329327852381e-02
3.012813184610348485e-02
2.956074989737252426e-02
2.907851504409809246e-02
2.867575825534938658e-02
2.834609790039428756e-02
2.808259868001527354e-02
2.787792349313503171e-02
2.772671863085842542e-02
2.762244079568233410e-02
2.755264056638863715e-02
2.750967750791311062e-02
2.748614143910045604e-02
2.747493653392024671e-02
2.746935313709623211e-02
2.746312754651707502e-02
2.745049016554355556e-02
2.742620255361248247e-02
2.738558400767049719e-02
2.732883549608712895e-02
2.725061343499282293e-02
2.714611368733868546e-02
2.701285377917022820e-02
2.684891109051716282e-02
2.665290449344841564e-02
2.642397097676588494e-02
2.616173804968577321e-02
2.586629268418215444e-02
2.553814751755706380e-02
2.517820499255770880e-02
2.478772006609860842e-02
2.436916170717797273e-02
2.393086288221522168e-02
2.346699998102733803e-02
2.297980142854755617e-02
2.247166667029925485e-02
2.194513055996833231e-02
2.140282919902394485e-02
2.084746746357721281e-02
2.028178840900589711e-02
1.970854470133909589e-02
1.942420601935188409e-02
1.951238497977062294e-02
1.957737690911101266e-02
1.962062993568548103e-02
1.964612319650473754e-02
1.964714329782578719e-02
1.962356844625239363e-02
1.957545406073487107e-02
1.950302185306568639e-02
1.941166964921239857e-02
1.930073544085797801e-02
1.916685840472898833e-02
1.901077245014030220e-02
1.883332103268721414e-02
1.864196604163078849e-02
1.843275029131681217e-02
1.824192571498177429e-02
1.816599259854502491e-02
1.807435065405868860e-02
1.796744189216648718e-02
1.784576127590271552e-02
1.770985111248467303e-02
1.756029558699346779e-02
1.739771545813955517e-02
1.722276293521320459e-02
1.703611675087276026e-02
1.683847744290517881e-02
1.663056285455632999e-02
1.641316867819504061e-02
1.619178585552852670e-02
1.596208798814070101e-02
1.572481757471306044e-02
1.548071655740556642e-02
1.523052317471671087e-02
1.497496904731815230e-02
1.471477649377961154e-02
1.445065607258387216e-02
1.418330434403302677e-02
1.391340184754505556e-02
1.364161128623922470e-02
1.336857591329314310e-02
1.309491811066136255e-02
1.282123815327177070e-02
1.254811315007760102e-02
1.227609615290509680e-02
1.200571542551849037e-02
1.173747386236071236e-02
1.147184855007466787e-02
1.120929046158495625e-02
1.095022427474831930e-02
1.076008585725782112e-02
1.070159447178170922e-02
1.064322462438560546e-02
1.060838078921301497e-02
1.072066743162479116e-02
1.082842044340983842e-02
1.093114949409784882e-02
1.102840747408754228e-02
1.111978992438034976e-02
1.120493431177708825e-02
1.128351916522401382e-02
1.135526308750544819e-02
1.142064609919390961e-02
1.147967171908256465e-02
1.153134214724188013e-02
1.157551294979930999e-02
1.161207368726787856e-02
1.164094647795266800e-02
1.166208451774183169e-02
1.167547056793268902e-02
1.168111541884668710e-02
1.167905633897720237e-02
1.166935551641625976e-02
1.165209850084897129e-02
1.162739265231568439e-02
1.159536560309581965e-02
1.155616373855093866e-02
1.150995070125849368e-02
1.145690592395966212e-02
1.139722319485095108e-02
1.133110925858860779e-02
1.125878245691048184e-02
1.118047141082455578e-02
1.109641374720318936e-02
1.100685487157326663e-02
1.091204678828804411e-02
1.081224697043376391e-02
1.070771727902419812e-02
1.059872293319990069e-02
1.048553153126549793e-02
1.036906388225897202e-02
1.024995428846813168e-02
1.012737383429117115e-02
1.000158962485066076e-02
9.872867294040825123e-03
9.741470315334474148e-03
9.607659360332185261e-03
9.471691704445226942e-03
9.333820678024278700e-03
9.194295162894003740e-03
9.053359131435675250e-03
8.911251228591399523e-03
8.768204393608784383e-03
8.624445521758934349e-03
8.480195163239771794e-03
8.402697696695883914e-03
8.422307587272933813e-03
8.439401229576601673e-03
8.454014008085628668e-03
8.466183370156282750e-03
8.475948666172171755e-03
8.483350994245152099e-03
8.488433050955137768e-03
8.491238987095065319e-03
8.491814268838911509e-03
8.490205544143840030e-03
8.486460514497600263e-03
8.480627811753864778e-03
8.472756880200466023e-03
8.462897863394398118e-03
8.451101496288847617e-03
8.437419002216818564e-03
8.421901994266929939e-03
8.404602381906538244e-03
8.385572281692154836e-03
8.364863932780025255e-03
8.342529616745159721e-03
8.318621581535680723e-03
8.293191969740728794e-03
8.266658192992113255e-03
8.239324897588195737e-03
