2.740001791089715644e-01
2.739125101856582090e-01
2.752336502068431501e-01
2.755889460965538218e-01
2.786550896214209372e-01
2.813301458421201828e-01
2.862718483294641181e-01
2.935402311454948232e-01
2.894999754093861011e-01
3.238665846491601275e-01
3.692609216270873462e-01
3.433702002728244440e-01
4.629260319239009158e-01
5.342852014184708009e-01
4.563722470881844684e-01
4.613047909358759524e-01
5.876274228883462403e-01
6.212937216730337608e-01
6.146304652383995926e-01
7.429891694614925157e-01
7.337060260231437203e-01
7.953992199015771369e-01
9.899716474775779318e-01
1.022915136881596965e+00
1.105247872574371737e+00
1.111085981023512081e+00
1.028717416078003266e+00
8.589092500065261815e-01
8.986363580233233117e-01
9.767614710491977492e-01
1.089079714761822082e+00
7.229788358928417313e-01
4.842025226319740527e-01
4.324684386818056780e-01
4.051572982208900831e-01
3.666840153343267072e-01
3.978217682063036054e-01
4.481917261852332302e-01
4.533295193835184533e-01
4.399335521980228814e-01
4.370375563530937701e-01
4.800216320696904515e-01
4.702007612025524419e-01
5.830966652794158378e-01
5.993512407134086173e-01
6.419331218005902562e-01
6.917433699338308983e-01
6.709658141218098892e-01
6.528754505520389939e-01
6.519984845918251892e-01
6.302128356318601465e-01
6.284098137739717593e-01
6.247265215527606497e-01
6.010689853437107821e-01
6.782404697320485454e-01
7.741544931807358143e-01
8.702501687710088030e-01
9.193152414694225616e-01
9.515583582829826303e-01
1.004904978787511505e+00
1.025476123398986195e+00
9.935140895284730878e-01
9.435380477040128389e-01
9.241873211613025330e-01
9.035555668454675615e-01
9.003543237719776604e-01
9.486727987058658496e-01
1.056433727564256575e+00
1.202757993090047162e+00
1.380840759836730935e+00
1.520353132396717211e+00
1.585887074198508717e+00
1.551988538102557103e+00
1.579136058747281801e+00
1.533427271873953446e+00
1.413832355177274902e+00
1.306494218304239174e+00
1.190468205101358423e+00
1.203586612623018803e+00
1.329114518884470630e+00
1.421585922581409367e+00
1.452601637730622341e+00
1.434781500530358134e+00
1.411268712336867015e+00
1.350961582295881813e+00
1.228232033592499661e+00
1.059841297614954936e+00
9.209596567217775975e-01
8.183083094156358150e-01
7.422600905204441712e-01
6.990849938210371706e-01
6.806579287379244114e-01
6.679658714704307387e-01
6.288476673399200356e-01
5.694360888578479107e-01
5.262544345133763901e-01
5.060655528219653032e-01
5.110964960169364080e-01
4.986757508729562915e-01
4.712893705800810795e-01
4.339649738866549478e-01
4.114343882357973659e-01
3.844583494002437041e-01
3.560942523923783520e-01
3.289188624598655131e-01
3.083171581982808163e-01
2.930944608683623276e-01
2.895890721673488599e-01
2.823703018855923119e-01
2.719594858710689955e-01
2.582713487414589060e-01
2.516949639727495969e-01
2.479159482751827071e-01
2.371359860170010048e-01
2.319350243907415399e-01
2.261843713445929327e-01
2.193778403855766446e-01
2.128730891135155456e-01
2.108892548146154844e-01
2.078754088266337730e-01
2.039148289313397755e-01
1.988217466443240877e-01
1.928557882588136096e-01
1.858791940027152145e-01
1.782685739759397869e-01
1.753861432625729855e-01
1.792703727231993172e-01
1.786993493165325853e-01
1.803881228649180379e-01
1.831467266843158082e-01
1.814058460668282469e-01
1.754583877211592091e-01
1.660168111284885395e-01
1.641470536251703194e-01
1.611255894742219807e-01
1.563784763095847907e-01
1.504465735031745022e-01
1.438021250042464949e-01
1.368183572871139175e-01
1.297603656461367438e-01
1.227912710583387301e-01
1.159891335938798423e-01
1.145311358613830682e-01
1.136804162836584642e-01
1.126967954416688150e-01
1.114370978054608774e-01
1.100339927872828194e-01
1.083398080236590705e-01
1.063880164260004452e-01
1.041086521298773687e-01
1.014291596203842072e-01
9.839629259082523227e-02
9.610743713424306500e-02
9.614872512396965831e-02
9.602508362772056716e-02
9.568013461444214995e-02
9.515272001632842092e-02
9.436103505639931166e-02
9.320990709162010890e-02
9.172998929506605281e-02
8.993822758153585673e-02
8.772908468013231043e-02
8.519026362451977141e-02
8.232533563896372863e-02
7.909327247296364660e-02
7.564263046384517297e-02
7.192652595458812192e-02
7.223025627661781856e-02
7.284198975899976169e-02
7.319856509052628801e-02
7.325748599926409921e-02
7.303169889559599226e-02
7.256133755624154247e-02
7.180877827330173213e-02
7.084857777307076998e-02
6.966530489764584388e-02
6.827218356179462488e-02
6.676819969428793300e-02
6.510126962576562315e-02
6.330521268260499990e-02
6.147351634602527676e-02
5.957706598318770336e-02
5.763196951606265606e-02
5.566242882367280348e-02
5.368956378014436842e-02
5.176834071320112612e-02
5.157645698589752997e-02
5.238043404809907683e-02
5.294484764569720031e-02
5.328319402815081401e-02
5.342477778118345788e-02
5.341923222993717052e-02
5.323630193318066445e-02
5.289378074001582081e-02
5.241010524448018459e-02
5.185263291117783724e-02
5.118405466976357759e-02
5.042015451455127140e-02
4.957581015492461968e-02
4.866488889039175675e-02
4.773450176831645075e-02
4.676199241180492572e-02
4.575474073881827947e-02
4.472227223646209338e-02
4.367300454793215242e-02
4.261427387462191074e-02
4.155237562679419544e-02
4.050467513903967948e-02
3.947007980306743019e-02
3.844353925134415262e-02
3.742799005274766860e-02
3.642568247503546325e-02
3.565678358692318806e-02
3.496456691295103669e-02
3.424383590471823807e-02
3.347656145425530888e-02
3.266791433548434792e-02
3.184434017877913609e-02
3.098599724353010704e-02
3.061313587948114381e-02
3.039722180403856694e-02
3.017858422153666884e-02
2.995733257618296910e-02
2.973347349209261997e-02
2.950694023811251815e-02
2.927761999641435853e-02
2.904665568753226831e-02
2.881886757947041411e-02
2.858767078834625538e-02
2.835298565738787052e-02
2.811477537853410841e-02
2.787305470686361059e-02
2.762789553859272204e-02
2.737942957957590837e-02
2.712784838619597405e-02
2.687340109983988451e-02
2.661639022261731019e-02
2.635716579313095859e-02
2.609611832278756899e-02
2.583367084231050909e-02
2.557027038894941692e-02
2.530637924145733020e-02
2.504571142627853506e-02
2.478681712988079280e-02
2.452858672359992803e-02
2.427146734153686619e-02
2.401588314050667403e-02
2.376222942156874449e-02
2.351086765970526737e-02
2.326212147835234056e-02
2.301627357827836645e-02
2.277356360572959509e-02
2.253418692444511540e-02
2.229829423918450876e-02
2.206599200498074453e-02
2.183734354531546157e-02
2.161237079686130491e-02
2.139105659268978818e-02
2.117334739533428822e-02
2.095915639085526791e-02
2.074836685764469904e-02
2.054083572824963802e-02
2.033639726735120626e-02
2.013486679434904961e-02
1.993604438808813106e-02
1.973971851580163736e-02
1.954566953845732202e-02
1.935367305019114817e-02
1.916412067867072355e-02
1.897775859691578845e-02
1.879274563007848897e-02
1.860886836598665481e-02
1.842592133112906649e-02
1.824370890334160375e-02
1.806204695344667405e-02
1.788076422167180282e-02
1.769970343566515739e-02
1.751872218094610231e-02
1.733769353765692023e-02
1.715650649723659410e-02
1.697506617630920034e-02
1.679329384466796832e-02
1.661112678480147070e-02
1.642851800156513997e-02
1.624543579909382487e-02
1.606186324322125825e-02
1.587779752590959617e-02
1.569324924805711591e-02
1.550824163639352542e-02
1.532280970840990859e-02
1.513699939920778136e-02
1.495086666206158280e-02
1.476447655461846607e-02
1.457790231990692409e-02
1.439122447201599854e-02
1.420452989383632139e-02
1.401791095379328715e-02
1.383146464763853646e-02
1.364529177034759684e-02
1.345949612128577964e-02
1.327418374776154035e-02
1.308946222757735936e-02
1.290543999338885327e-02
1.282110896673707007e-02
1.281070360170434748e-02
1.279907042732179867e-02
1.278614674406477504e-02
1.277187570985087450e-02
1.275620629724295678e-02
1.273909322334065147e-02
1.272049685545468406e-02
1.270038309550857759e-02
1.267872324585993769e-02
1.265549385881639677e-02
1.263067657257957097e-02
1.260425793560603427e-02
1.257622922152144482e-02
1.254658623608302832e-02
1.251532911839543794e-02
1.248246213769178825e-02
1.244799348719821327e-02
1.241193507594533056e-02
1.237430232022423623e-02
1.233511393552959648e-02
1.229439172953397316e-02
1.225216039749985227e-02
1.220844732039772819e-02
1.216328236642929238e-02
1.211669769648183667e-02
1.206872757432139905e-02
1.201940818109998622e-02
1.196877743560296505e-02
1.191687481934959950e-02
1.186374120782356795e-02
1.180941870712553035e-02
1.175395049670412660e-02
1.169738067825642873e-02
1.163975413053361732e-02
1.158111637033487455e-02
1.152207506527822695e-02
1.146272750404168234e-02
1.140248178136049964e-02
1.134138445933136237e-02
1.127948218144918593e-02
1.121682156798918355e-02
1.115344911737841359e-02
1.108941111309323484e-02
1.102475353613281868e-02
1.095952198294782021e-02
1.089376158872358558e-02
1.082751695584365306e-02
1.076083208736475401e-02
1.069375032536803993e-02
1.062631429436770684e-02
1.055856584894190008e-02
1.049054602615707120e-02
1.042229500232325079e-02
1.035385205370571542e-02
1.028525552153454307e-02
1.021654278087870751e-02
1.014775021305311907e-02
1.007891318185043066e-02
1.001006601317066744e-02
9.941241977799102070e-03
9.872473277572072631e-03
9.803791034338151314e-03
9.735225281767319674e-03
9.666804960172616090e-03
9.598557913540726322e-03
9.530510889098071925e-03
9.462689539359681740e-03
9.395118426161553141e-03
9.327821026683254593e-03
9.260819741568089916e-03
9.194135904650039756e-03
9.127789794441093507e-03
9.061800647070822334e-03
8.996186670711002129e-03
8.930965061326878382e-03
8.866152019530297926e-03
8.804920355920918540e-03
8.760013580074371004e-03
8.714713383263558710e-03
8.669064699747408217e-03
8.623110806607775167e-03
8.576893323620916887e-03
8.530452217759526556e-03
8.483825811176638407e-03
8.437050793051993625e-03
8.390162234629502946e-03
8.343193607451580840e-03
8.296176804423989817e-03
8.249142163360229096e-03
8.202118493190356172e-03
8.155133102018015737e-03
8.108211827179023778e-03
8.061379067151569489e-03
8.014657814842680861e-03
7.968069692307537186e-03
7.921634986569095829e-03
