1.594932646141825616e-01
1.594818127207784653e-01
1.607535960874008074e-01
1.597786039505623701e-01
1.594564142463354428e-01
1.586311341489195503e-01
1.812423139581346154e-01
2.002649960973928722e-01
2.141432849924838067e-01
2.983483336568131805e-01
4.103118518606351239e-01
3.581306162040875374e-01
3.311895556675555907e-01
3.297860794738774470e-01
5.061944932339753622e-01
3.789535758803126431e-01
5.753535332279507974e-01
3.987416598142762836e-01
5.437411378126103534e-01
6.137053074683542775e-01
6.626120002495536898e-01
5.194377529217690803e-01
4.179547677535507266e-01
3.652210451094992649e-01
3.834997667897925289e-01
3.914093881958904952e-01
3.686242782673024299e-01
4.540247377708242493e-01
4.460376711452886944e-01
3.850886737800633397e-01
3.379275995309589664e-01
3.824353959128218294e-01
3.815021300736377574e-01
4.271381028382578160e-01
4.991970611378486189e-01
4.381095653682035018e-01
4.754597848783568836e-01
5.297164144647018569e-01
6.116998650760877565e-01
4.949348187269003163e-01
4.819199834403198324e-01
5.157418053022577720e-01
6.677754253121500616e-01
6.345402741949797143e-01
5.850673286824490393e-01
6.148092515863115004e-01
7.476584863164125183e-01
8.148613762024914386e-01
7.735315284426618199e-01
7.174411440414844021e-01
7.261060051458473330e-01
8.776257370427005267e-01
9.524274257623098761e-01
9.003074511416437886e-01
8.982581306021432122e-01
1.036692217778175884e+00
1.043614156003128901e+00
8.984280246874766229e-01
1.012808042382379980e+00
1.207780532170801280e+00
1.411715289542257779e+00
1.497191607242791322e+00
1.436075101195800841e+00
1.312898202126238312e+00
1.096033360979960625e+00
9.138967101852967234e-01
8.133016352477514532e-01
7.392305915164412156e-01
6.403344542014836049e-01
5.264210750993670862e-01
4.638193128131611331e-01
4.763333004054525199e-01
5.123938835434278527e-01
5.418428479870794900e-01
5.680519752353100360e-01
5.510310400306307477e-01
5.108164207064063156e-01
4.659156174866763700e-01
4.278104348707901794e-01
3.968122636774021328e-01
3.619825141164741966e-01
3.471535808882206808e-01
3.533152056778903760e-01
3.468298106040185735e-01
3.254521134319861564e-01
2.935449562484865882e-01
2.682366433923618620e-01
2.458293336586037936e-01
2.298100199516109332e-01
2.238314253348040184e-01
2.263188623690008394e-01
2.307478681113959984e-01
2.312638806788445134e-01
2.370381607368037269e-01
2.347898833821173148e-01
2.317612395309119611e-01
2.267927253961976031e-01
2.162661912523357322e-01
2.082287733720232792e-01
2.029720706335839120e-01
1.958260571149918750e-01
1.882296317573371736e-01
1.811210811178511071e-01
1.744564432808712595e-01
1.680362412900704983e-01
1.614049499174566027e-01
1.537174959329152824e-01
1.445581602108296781e-01
1.343538439786111371e-01
1.341265705519284757e-01
1.321281574392789149e-01
1.282761145267998781e-01
1.226608760667682041e-01
1.202052627015291475e-01
1.184501693856940541e-01
1.158236771485663119e-01
1.123845650664909573e-01
1.085224903677458053e-01
1.041730821740725482e-01
9.976706099591245436e-02
9.530967719703176133e-02
9.098489099421822046e-02
8.702096796214373042e-02
8.344997429135368738e-02
8.031836269306651122e-02
7.765016124835208422e-02
7.542927564496203219e-02
7.360718689472024734e-02
7.211182037888336227e-02
7.085673197246328270e-02
6.974987505036359114e-02
6.872453118621182910e-02
6.772030211449348025e-02
6.663145555174225521e-02
6.603841028518746270e-02
6.479906899458433289e-02
6.252494958202878261e-02
6.075408479540615747e-02
5.884858604877829524e-02
5.785626096776628341e-02
5.855938383972233291e-02
5.829532819438677099e-02
5.712593347611035627e-02
5.514795633933830543e-02
5.429784898983181646e-02
5.454275666438819503e-02
5.446082576521330681e-02
5.409437194142441285e-02
5.343213027707446189e-02
5.253047614924091085e-02
5.151172122054424596e-02
5.033914671394117135e-02
4.905855210573936004e-02
4.771073676653234813e-02
4.634346088327082752e-02
4.500154819948190554e-02
4.367167657241643325e-02
4.237186433217258325e-02
4.111514758486042864e-02
3.991031847188278303e-02
3.876271305181328009e-02
3.767498250054597542e-02
3.664779898553294224e-02
3.568046451401313962e-02
3.477140616069511470e-02
3.391855366213702982e-02
3.311960511334014617e-02
3.237219340635579673e-02
3.167397031737057000e-02
3.126204704247297766e-02
3.142706651021833636e-02
3.130869430346754773e-02
3.098140391930232981e-02
3.042996540384213314e-02
2.971742264527321362e-02
2.906324584810119141e-02
2.879667262820122600e-02
2.854521878734782303e-02
2.830766042059862375e-02
2.808203142850264691e-02
2.786570083385273705e-02
2.765547480694855245e-02
2.744771904227095993e-02
2.723849588181193049e-02
2.702682131789728784e-02
2.681821073539803618e-02
2.659617210599283382e-02
2.635694776652592122e-02
2.609714377011080819e-02
2.581383376170494001e-02
2.550464217543531656e-02
2.546854668481749948e-02
2.578186159639563393e-02
2.603239686936585986e-02
2.622848092133047912e-02
2.636539081535677412e-02
2.642738080354757949e-02
2.641246667499150616e-02
2.634609376672663802e-02
2.620463438719821195e-02
2.598761047611783045e-02
2.572063522164467694e-02
2.538852972415189119e-02
2.499134314796599282e-02
2.455521492333442510e-02
2.406815186347192534e-02
2.353262466030094438e-02
2.296486887211057065e-02
2.237206949387540375e-02
2.174980246042308024e-02
2.110493998458665837e-02
2.044411733057582489e-02
1.978107891192039045e-02
1.911795462834899734e-02
1.847644149596500834e-02
1.851261099210818606e-02
1.878384105690978148e-02
1.898044999979382405e-02
1.947969370137894729e-02
1.987835024031043424e-02
2.016422276399943911e-02
2.036542240129384992e-02
2.045901024472690857e-02
2.047871631071982931e-02
2.068819747898377123e-02
2.089038176339842734e-02
2.098413204118771205e-02
2.094625333926954797e-02
2.081546393659656699e-02
2.057037687633123807e-02
2.024321993874483860e-02
1.982724521517177999e-02
1.933430553727825268e-02
1.878391531622146740e-02
1.855352568388579648e-02
1.867925445837081283e-02
1.871195266697971843e-02
1.865038426939560554e-02
1.849989592338605049e-02
1.827771903400615336e-02
1.797496464589722412e-02
1.761794607531019796e-02
1.719429599813110041e-02
1.672653008061820989e-02
1.620595141010412396e-02
1.565504751018855986e-02
1.506332994467501560e-02
1.444959546928074184e-02
1.381308078798657892e-02
1.350980263763322357e-02
1.333354653979885659e-02
1.316430970776760398e-02
1.299166347449133216e-02
1.281365679872085474e-02
1.263082729641182810e-02
1.244361933627109035e-02
1.225238890647042944e-02
1.205740945028466009e-02
1.186044104698223516e-02
1.166456176887427539e-02
1.146507746126998809e-02
1.126201811250210696e-02
1.105537176331346585e-02
1.084509464829584366e-02
1.063112156300446802e-02
1.041337625855684804e-02
1.019178166449382847e-02
9.970856715690227731e-03
9.745841728583884075e-03
9.516615166454880231e-03
9.436537740824290851e-03
9.400875355529277402e-03
9.365748779189029399e-03
9.332412395999273302e-03
9.299259576048100537e-03
9.265725589980733368e-03
9.231495133695312785e-03
9.196258408686815849e-03
9.159713863426077046e-03
9.121570779666974063e-03
9.081551677415828500e-03
9.039394518495592890e-03
8.994854690459429258e-03
8.947706758296609247e-03
8.897745974572645114e-03
8.844789541980332612e-03
8.788677627144197632e-03
8.729274126247091314e-03
8.666467187142699521e-03
8.600169494908048093e-03
8.530318330260543147e-03
8.456875412270210141e-03
8.379826538567395483e-03
8.309353600232579143e-03
8.275484505405853938e-03
8.321562166420388984e-03
8.364462141114444374e-03
8.403939123454065574e-03
8.439766451530302319e-03
8.471737228671980674e-03
8.499665229627962476e-03
8.523385597731429966e-03
8.542755337832658516e-03
8.557653614082096072e-03
8.567981861311227756e-03
8.573663720852999284e-03
8.574644812243991873e-03
8.570892353282882209e-03
8.564479279594118533e-03
8.553466074037922515e-03
8.537732247465781507e-03
8.517319530120226120e-03
8.492287746859896250e-03
8.462713823930099674e-03
8.428690733252856837e-03
8.390326386564592870e-03
8.347742491375010135e-03
8.301073379978624045e-03
8.250464821852458372e-03
8.196072829699422441e-03
8.138062468054445622e-03
8.076606673108647008e-03
8.011885091129320943e-03
7.944082942760517102e-03
7.873389919017670727e-03
7.800264123871765605e-03
7.726049562911623154e-03
7.649459233557948969e-03
7.570689697541654883e-03
7.489937367665908466e-03
7.407397673391743001e-03
7.323264280942099781e-03
7.237728369801777438e-03
7.150977965046836915e-03
7.063197326878303296e-03
6.974566396052580240e-03
6.885260295232711360e-03
6.795448884996471879e-03
6.705296372959790134e-03
6.614960975197192554e-03
6.524594627088687281e-03
6.434342742828353529e-03
6.344344020339946766e-03
6.254730290290356869e-03
6.165626406140834077e-03
6.077150173213499013e-03
5.989412314048511536e-03
5.968021474701973479e-03
5.946169557311894831e-03
5.923769127764286734e-03
5.900835715857812372e-03
5.877385491474615940e-03
5.853435183111482289e-03
5.829001999819234670e-03
5.804103557113240650e-03
5.778757806515608456e-03
5.752982968948781688e-03
5.726797471629750495e-03
5.700219888854895361e-03
5.673268886095758808e-03
5.645963167829472912e-03
5.618321428741937691e-03
5.590362308170105515e-03
5.562104347978109008e-03
5.533565953494111629e-03
5.504765357413011519e-03
5.475720586936517510e-03
5.446449433416608067e-03
5.416969424939475745e-03
5.387297801491010805e-03
5.357451492585405678e-03
5.327447097234525031e-03
5.297300866381646559e-03
5.267028687218243237e-03
5.236646069831415139e-03
5.206168135566220309e-03
5.175609607320392179e-03
5.144984801590941209e-03
5.114307621988686478e-03
5.083591554446051722e-03
5.052849663753254499e-03
5.022094591358725393e-03
4.991338554482855142e-03
4.960593346389556915e-03
4.929870337559324502e-03
4.899180477986896966e-03
4.868534300284580937e-03
4.837941923587615357e-03
4.807413058283565438e-03
4.776957011262337495e-03
4.746582691875857879e-03
4.716298618430279053e-03
4.686112925119710095e-03
4.656033369397615321e-03
4.626067339698814417e-03
4.596221863483767288e-03
4.566503615624423369e-03
4.536918926950329889e-03
4.507473792881169262e-03
4.478173882462988323e-03
