1.036504943320347150e-01
1.037529304192827406e-01
1.042535717010467933e-01
1.041702293000789648e-01
1.054738879450511091e-01
1.069550811872580637e-01
1.122095166224946761e-01
1.202541576302146170e-01
1.592261000067151100e-01
1.665322078925403071e-01
1.856389617240374323e-01
2.454359592126537926e-01
2.641843911994346539e-01
2.579167580211101929e-01
3.191803532908685792e-01
3.181601693628857142e-01
2.773647411253182260e-01
3.017172181030547962e-01
3.117048413861842615e-01
3.081506653651697736e-01
3.149386969679842663e-01
3.902639447683893814e-01
4.249859995116413991e-01
3.873581986670233679e-01
4.024086375342413868e-01
4.502179691184925447e-01
5.640904850200172405e-01
6.319790251732158026e-01
4.979298188134405057e-01
3.953041490488231058e-01
3.752136122088270409e-01
3.493188508642442458e-01
3.242748516293609828e-01
2.924134533879884090e-01
2.715287489725262682e-01
2.854396519979088276e-01
2.506772130726132031e-01
2.530767199035012238e-01
2.628567545649856951e-01
2.805770399629380907e-01
2.665731372344787298e-01
2.636654415729023926e-01
2.849437857965253507e-01
3.203306620775706048e-01
3.456647519338972296e-01
3.944575784574835819e-01
4.131788951716456881e-01
3.896840812713905366e-01
4.119888274899915492e-01
3.978778507219539740e-01
3.731482870443967315e-01
3.638663707774310585e-01
3.350834397853543756e-01
3.824379214241424574e-01
4.278991504270793778e-01
4.567358135428169486e-01
4.056717794779677866e-01
4.173052921699061946e-01
3.976441814420145771e-01
3.880055459158665010e-01
3.896760030069940650e-01
3.834310077862168042e-01
4.031234939163808595e-01
4.737230728123835166e-01
5.658794268462579158e-01
6.221550420859639496e-01
5.752666862110543677e-01
5.450359496083649891e-01
5.391554436437878683e-01
6.605602203564814312e-01
7.261716076567463762e-01
7.453601730532947167e-01
6.736280736834561189e-01
6.335747625205144784e-01
6.704727260366146746e-01
6.868147316495356591e-01
7.114154170236310915e-01
7.645378180427203629e-01
8.381298694084309275e-01
8.943631526912394492e-01
8.978349579972991767e-01
8.554977190112523777e-01
7.877244938449499134e-01
7.901116242322733241e-01
6.877638321644248265e-01
6.077913455840190382e-01
5.929865856930275347e-01
5.895992197974555538e-01
5.433961533087543483e-01
5.214291422743472237e-01
4.977075196123456613e-01
4.311012921816007037e-01
4.063837581334977522e-01
4.376163596181004145e-01
4.575479651688533766e-01
4.271843357708217659e-01
3.945376840932237616e-01
3.772408186286668741e-01
3.482862506615626574e-01
3.320463059372486536e-01
3.229470854278329583e-01
3.391317368126759990e-01
3.476551712563824559e-01
3.346950864749047572e-01
3.371071572472822964e-01
3.366826284011782411e-01
3.338433861329585528e-01
3.424853487229673754e-01
3.370916381052997957e-01
3.118641475676222075e-01
2.898656218123817352e-01
2.704435120394425573e-01
2.612889434335062822e-01
2.600851124062072417e-01
2.604042922402537430e-01
2.655062240433865850e-01
2.723552779338915819e-01
2.731839988703402833e-01
2.652660842071796199e-01
2.437949320422099775e-01
2.262181950399955732e-01
2.245893331697907114e-01
2.177377471797517783e-01
2.072527404179461130e-01
1.955609542115716026e-01
1.838138205295983263e-01
1.718325584952057339e-01
1.591254222039910626e-01
1.460279704316267135e-01
1.355319462650563245e-01
1.427188805484599365e-01
1.454776839293005775e-01
1.498811062659279603e-01
1.628161775648321319e-01
1.672520976092576050e-01
1.681006675639814540e-01
1.701681550243936969e-01
1.627436584516340767e-01
1.480287640905007251e-01
1.295857056629441395e-01
1.143756103702431720e-01
1.041168773046180218e-01
9.504786133712027352e-02
9.488519682798765564e-02
9.460254382943417140e-02
9.689931247026892236e-02
1.006614105515721419e-01
1.007380805228602766e-01
9.646681541271963367e-02
9.413894602516750809e-02
9.097799974996376160e-02
8.717899676610493809e-02
8.294829447778463705e-02
7.998575670388717584e-02
8.142474985670060394e-02
8.295480921780103156e-02
8.272266182540724544e-02
8.793427895222460933e-02
9.236587303214052747e-02
9.302165833769839021e-02
9.031362526381354894e-02
8.837291572740529899e-02
8.565282540669262590e-02
8.103554501592348525e-02
7.476643579922334637e-02
7.093645668001391513e-02
6.846307656952152487e-02
6.700420183878630365e-02
6.704706020263059840e-02
6.837511953822994482e-02
7.023191720846434782e-02
7.157476885111023479e-02
7.152657878374518718e-02
6.954339156444308556e-02
6.556101083567526799e-02
6.021975399302065962e-02
5.830312651391438006e-02
5.643032388946951639e-02
5.501194460891799254e-02
5.439194959582443339e-02
5.316777025898474646e-02
5.135546344643274891e-02
5.116805086448584367e-02
5.137198660274391870e-02
5.306131696227257138e-02
5.432147014667509238e-02
5.502149330409214500e-02
5.504135958392289418e-02
5.431864363224197384e-02
5.281950665039966686e-02
5.058060266817773765e-02
4.767793284995815173e-02
4.899569921502849867e-02
5.023579773590883257e-02
5.066218505285198515e-02
5.034670931458359866e-02
4.942008896492478681e-02
4.805622914364365145e-02
4.644995382216351998e-02
4.480581950253020168e-02
4.332427341557381489e-02
4.212410223698827283e-02
4.126913877742495462e-02
4.076479833857905855e-02
4.054217738726578063e-02
4.045586289618428866e-02
4.037163495052037421e-02
4.012776761218014160e-02
3.961289985272031799e-02
3.871816994729092992e-02
3.740384876638465361e-02
3.568048556265733529e-02
3.360508944315310220e-02
3.251784256400827577e-02
3.245807659023538377e-02
3.182197754139159257e-02
3.069630387819601708e-02
2.923556505405103950e-02
2.757352475420882590e-02
2.687676486191878725e-02
2.647377225070946666e-02
2.591454589111136242e-02
2.520573179095905378e-02
2.438063961183373554e-02
2.349366852277402773e-02
2.260714590996186837e-02
2.177959502242747883e-02
2.144112420585399248e-02
2.139980173968801178e-02
2.129130859404254270e-02
2.107440983084956504e-02
2.092963564169716961e-02
2.077228147794618618e-02
2.050336672181500217e-02
2.018501043217769617e-02
2.039818453038029847e-02
2.056646550188388767e-02
2.064237815522361463e-02
2.060028489721553793e-02
2.039999555352859165e-02
2.076934390744888254e-02
2.150494186059615995e-02
2.215826076023067262e-02
2.265979021773752849e-02
2.296770641020951659e-02
2.303835906167736591e-02
2.324086215971005870e-02
2.424299860925538744e-02
2.486487073318551996e-02
2.505217177480413213e-02
2.476708623334139547e-02
2.521785820879387380e-02
2.601663794387378686e-02
2.650431373696890414e-02
2.669212448352547770e-02
2.657269273994972494e-02
2.620210232930295438e-02
2.559928502124447780e-02
2.483599070271955492e-02
2.394737305479129053e-02
2.301175102860506666e-02
2.206936816665274956e-02
2.116660725832951104e-02
2.034350470425425744e-02
1.962850485153794233e-02
1.903823960499803278e-02
1.857825176779915113e-02
1.824444255097872752e-02
1.802499489042298092e-02
1.790252406885593436e-02
1.785623074796937812e-02
1.786387245115893252e-02
1.790342076618284262e-02
1.795432625147523262e-02
1.800313229525302497e-02
1.803408590981922174e-02
1.803144308154453271e-02
1.798513319073464373e-02
1.788745219421945462e-02
1.792271483875914131e-02
1.792671955913714352e-02
1.788734481322775197e-02
1.779462925742394605e-02
1.764545507821966772e-02
1.744980474854839272e-02
1.719061317314786105e-02
1.686635967753102872e-02
1.648714513663678341e-02
1.656587773931551821e-02
1.671932109301331112e-02
1.683368545173848790e-02
1.689302176501129502e-02
1.690403520173681950e-02
1.686711866417756403e-02
1.733202396930023231e-02
1.778400826588207376e-02
1.809178822631731312e-02
1.824773929409166315e-02
1.824273251914799998e-02
1.807687870696566765e-02
1.775562268329045415e-02
1.733953355864552986e-02
1.746373678773329927e-02
1.759435154664869619e-02
1.759200421184182322e-02
1.747262505315008707e-02
1.724070012751710915e-02
1.690942585956577149e-02
1.650062195330194784e-02
1.602335380792301381e-02
1.550246549290535715e-02
1.495255228672722619e-02
1.438845475276304825e-02
1.383126267821909762e-02
1.329437916736454610e-02
1.278712820447918189e-02
1.231917124419847943e-02
1.210532731261658446e-02
1.191229332693125378e-02
1.172812849790260889e-02
1.156313088651097012e-02
1.142339249281332757e-02
1.130887151145570230e-02
1.121989285697764377e-02
1.115446124971766588e-02
1.111165726443174954e-02
1.108384703263624871e-02
1.106431702673833783e-02
1.104639589797949684e-02
1.102551921768273914e-02
1.099613110081706577e-02
1.095014931521959972e-02
1.088304440353917921e-02
1.079666674667072689e-02
1.068420580132186520e-02
1.054453940412363594e-02
1.038106579954692701e-02
1.019487038588902383e-02
9.986145479353262036e-03
9.758425400233881886e-03
9.517556016562929780e-03
9.268085248659100814e-03
9.012482292218203239e-03
8.755386293565012995e-03
8.501189759739876187e-03
8.253868406253120696e-03
8.016845378799883695e-03
7.875278200480433782e-03
7.767149860415010175e-03
7.661073635357576461e-03
7.557162887157254857e-03
7.455517495153878883e-03
7.356224236046442558e-03
7.259357206114648055e-03
7.164978280299562872e-03
7.073137601858498109e-03
6.983874097395825938e-03
6.897216012498979566e-03
6.813181462846630565e-03
6.731778996969347249e-03
6.653008165844701872e-03
6.576860096755161519e-03
6.503318066868583706e-03
6.432358074181627854e-03
6.363949402727779765e-03
6.311392331637817772e-03
6.303655579777911466e-03
6.294590706889834075e-03
6.284252500934148916e-03
6.272934223591147308e-03
6.260788379552877612e-03
6.247524036426742658e-03
6.233197120829497666e-03
6.217863519335914239e-03
6.201578894951147169e-03
6.184398516700950060e-03
6.166377102436811433e-03
6.147568674037795153e-03
6.128026425021710494e-03
6.107802600127661824e-03
6.086948386232053296e-03
6.065513814478271960e-03
6.043547672957325957e-03
6.021097429862102071e-03
5.998209166088516210e-03
5.974927517548292953e-03
5.951295626204440407e-03
5.927355099617463187e-03
5.903145978638547203e-03
5.878706712492813048e-03
5.854074141268994676e-03
5.829283485044282724e-03
5.804368339212156482e-03
5.779360675929681897e-03
5.754290850914611788e-03
5.729187615297378321e-03
5.704078132320117983e-03
5.678987998229391432e-03
5.653941267194882540e-03
5.628960479743454724e-03
