1.453377077637085790e-01
1.447243830625779271e-01
1.453070343133237852e-01
1.455912697465803207e-01
1.473705868486792081e-01
1.505173770542861389e-01
1.781107033696670283e-01
1.889339770814956465e-01
2.285365346638191242e-01
2.277884129551582815e-01
2.576648213902358320e-01
2.933467348788662554e-01
4.286051663122164013e-01
3.959501448011858993e-01
2.686885279814663074e-01
3.797811365218605739e-01
4.146521787103067402e-01
4.550291072529815128e-01
5.347417851077941320e-01
5.135094788871799043e-01
5.505877840895966324e-01
6.168883463025196523e-01
5.323088593469513796e-01
4.837559365181983151e-01
5.294001833366063225e-01
3.992184171265386605e-01
3.647182925583358770e-01
3.147983850956109220e-01
2.894952028642898134e-01
2.751114063202078630e-01
3.393734424935797578e-01
3.748119607832524625e-01
3.754605390479290872e-01
3.612360766305267590e-01
3.078379858979174988e-01
3.459907876329192389e-01
3.790402417358000320e-01
3.126963463250376218e-01
3.044661859740261933e-01
3.667287043429477422e-01
4.170575856134517423e-01
4.427442563205978288e-01
4.165135901143474650e-01
4.966826748435648198e-01
5.218225931817552787e-01
4.887127568927756571e-01
5.420733755967197531e-01
5.880207223351769930e-01
5.737710061420130403e-01
6.387689688235984597e-01
6.695036392738272779e-01
5.790025997102788979e-01
5.953521908988035349e-01
6.393835376880119270e-01
6.675071079268944940e-01
6.876708740510258933e-01
7.014604185088973987e-01
7.180353704293443995e-01
7.433004624975614316e-01
7.702401250312043146e-01
7.897119588267950130e-01
7.969187486747163485e-01
8.101606733167606711e-01
8.439531219247715654e-01
8.524736222245278272e-01
8.457582659007577552e-01
8.335213404144742322e-01
8.731511663996421868e-01
8.713608550915385997e-01
8.446994605717137450e-01
8.284740106454163699e-01
7.893409497635003325e-01
7.343520045096354476e-01
6.828131434786139931e-01
6.193855966878776265e-01
5.550192571953255216e-01
4.992992518538055258e-01
4.587777448442341144e-01
4.329063485585928905e-01
4.162862309356885615e-01
4.031809179541610555e-01
3.995354085539722933e-01
3.918687804363349958e-01
3.794237026555103975e-01
3.620436173009084491e-01
3.413043830269292811e-01
3.193035065221736524e-01
3.008989964837293640e-01
2.822352295765029329e-01
2.692134590162666985e-01
2.623010739839976013e-01
2.546967502176520903e-01
2.460847718342560886e-01
2.361275837025235691e-01
2.292429329973367791e-01
2.253752195600549346e-01
2.196716024637138664e-01
2.121019126872003557e-01
2.027525492480415081e-01
1.931364880326683076e-01
1.891193860641595947e-01
1.838270238255620970e-01
1.774637937748751448e-01
1.702706206810183087e-01
1.624445752518937081e-01
1.541321432205118025e-01
1.454895317500063401e-01
1.393964409898303114e-01
1.351598411951049905e-01
1.305630429244479251e-01
1.257706489434242680e-01
1.209525975297986999e-01
1.160176653878855629e-01
1.112291089507293218e-01
1.064162714740701371e-01
1.025732331660259150e-01
9.926677313974492656e-02
9.601991413831678646e-02
9.471881819996355589e-02
9.338605088028184564e-02
9.197822835048725942e-02
9.059973379526412018e-02
8.918545045876599686e-02
8.766528653046633257e-02
8.609824045187830510e-02
8.448348532970560709e-02
8.272220435141207362e-02
8.084264025304994938e-02
7.891455408924910597e-02
7.682023251846074874e-02
7.456301892778380291e-02
7.227898744122636387e-02
6.984299806469224103e-02
6.726682455703868191e-02
6.462622755421877641e-02
6.278112948947185690e-02
6.080368931020264933e-02
5.858365168367744846e-02
5.678452164126827212e-02
5.566543810927448294e-02
5.449339485350664786e-02
5.327274048842974702e-02
5.200847039680801115e-02
5.070607345860481813e-02
5.337370234142010256e-02
5.543929081107510509e-02
5.676553354303429111e-02
5.730562182972381152e-02
5.708100124696588451e-02
5.698143395938175260e-02
5.702746966952479402e-02
5.651700893176058588e-02
5.526177537885004765e-02
5.637737383942810487e-02
5.694233591077389051e-02
5.676191057842636112e-02
5.599720513210461326e-02
5.479751224112574398e-02
5.330735101680634386e-02
5.168975263143864990e-02
5.005680186141931581e-02
4.849577157135605276e-02
4.709873431602035199e-02
4.589851327133167430e-02
4.489613028792281690e-02
4.408336460854913458e-02
4.339854587973931976e-02
4.281590381238972731e-02
4.224853121117190524e-02
4.164543827579463009e-02
4.095627101637487610e-02
4.013424563126595512e-02
3.913954861841898586e-02
3.794235231732924485e-02
3.652526030279300978e-02
3.624426566676548084e-02
3.606704251029974745e-02
3.556249108194779740e-02
3.472906222663424414e-02
3.357815283089537334e-02
3.323213600622943603e-02
3.297845813501626422e-02
3.227781555923850410e-02
3.117836576653569905e-02
2.973044889925945469e-02
2.801418611423123553e-02
2.668710162439387815e-02
2.572186775719846261e-02
2.479610311408177170e-02
2.397826834103031213e-02
2.459292762622756340e-02
2.511715486690782942e-02
2.553863745986953426e-02
2.586462024635777582e-02
2.612141906203836392e-02
2.628296234174196111e-02
2.635366255111520895e-02
2.635018128029694220e-02
2.628875671316149160e-02
2.615190342793009479e-02
2.594557293485778501e-02
2.567578226808383060e-02
2.537482517396520698e-02
2.502405190072273800e-02
2.462562799777312517e-02
2.418491499917566415e-02
2.370700328868078147e-02
2.320686171146733173e-02
2.269038680753633630e-02
2.214858222080333741e-02
2.158536282468393949e-02
2.100435901927073454e-02
2.040893083647282724e-02
1.980218484965974926e-02
1.918801632403191806e-02
1.858016857067784286e-02
1.867663145396637053e-02
1.925199085824105816e-02
1.971399693172772374e-02
2.005675683914325685e-02
2.027682728852577346e-02
2.037208879808454290e-02
2.034490994452666998e-02
2.020525997378149613e-02
1.994768223124760917e-02
1.957835518321685356e-02
1.911031937546725512e-02
1.855450619981943716e-02
1.791385553852243087e-02
1.719945865449919176e-02
1.655539266869944862e-02
1.630569052173849384e-02
1.599205750514278226e-02
1.567640417482894094e-02
1.572155592213680259e-02
1.573233317199580414e-02
1.570217740135683437e-02
1.562991542955413996e-02
1.552073464961183785e-02
1.538661474402671335e-02
1.521829611859177450e-02
1.501885625950706571e-02
1.479165212701946848e-02
1.455124298114394629e-02
1.428842028599005762e-02
1.400630342296580767e-02
1.370794602043033834e-02
1.339630676515829628e-02
1.308219120750016631e-02
1.275999760774066370e-02
1.243183844808851309e-02
1.210009923141748718e-02
1.176698224208055227e-02
1.143449783415920532e-02
1.110445894264268200e-02
1.078135141349053500e-02
1.046444046304188802e-02
1.015370736352503266e-02
9.850218127685456820e-03
9.738656428685805652e-03
9.690780268613719342e-03
9.643029587449451073e-03
9.595727211311563809e-03
9.548317701475286454e-03
9.500784660709440249e-03
9.453113928243250461e-03
9.405293497259350349e-03
9.357313428387518950e-03
9.309165760327850481e-03
9.260844418241291273e-03
9.212345120739708418e-03
9.163665285848072301e-03
9.114803936845855548e-03
9.065761608158190779e-03
9.016540252041151809e-03
8.967143146169339121e-03
8.917574802789219809e-03
8.867840879486769967e-03
8.817948091955780596e-03
8.767904129004048738e-03
8.717717569906380595e-03
8.667397804386583679e-03
8.616954955282122089e-03
8.566399803923919337e-03
8.515743718585785590e-03
8.464998585604403131e-03
8.414176743768375655e-03
8.363290921444326009e-03
8.312354176920271065e-03
8.261379841595892920e-03
8.210381466196830375e-03
8.159372769896021740e-03
8.108367592400881826e-03
8.057379848746000495e-03
8.006423486969760014e-03
7.955512448509451454e-03
7.904660631068399779e-03
7.853881854286180048e-03
7.803189827700615817e-03
7.752598121160710239e-03
7.702120137555435592e-03
7.651769087826789349e-03
7.601557967986938107e-03
7.551499538276515953e-03
7.501606304274480684e-03
7.451890499843159994e-03
7.402364071890325976e-03
7.353038666782111404e-03
7.303925618444701874e-03
7.255035937868717540e-03
7.206380304252751542e-03
7.157969057245398663e-03
7.109812190750712177e-03
7.061919347758988108e-03
7.014299816390404813e-03
6.966962526941725652e-03
6.919916050079638267e-03
6.873168595719533411e-03
6.826728013092547669e-03
6.780601791263280408e-03
6.734797060692966977e-03
6.689320595338585189e-03
6.644178815396735091e-03
6.599377790697379120e-03
6.554923244569286524e-03
6.510820558201548848e-03
6.467074775526246259e-03
6.423690608384463596e-03
6.380672442135157038e-03
6.338024341539228584e-03
6.295750057015864383e-03
6.253853031015520203e-03
6.212336404718632465e-03
6.171203024982133654e-03
6.130455451175802380e-03
6.090095962539414723e-03
6.050126565350047447e-03
6.010549000294929459e-03
5.971364749934806801e-03
5.932575046127590290e-03
5.894180877577464422e-03
5.856182997326054782e-03
5.818581930242617065e-03
5.781377980550648360e-03
5.744571239204335558e-03
5.708161591383200881e-03
5.672148723771604402e-03
5.636532131840654367e-03
5.601311127030554789e-03
5.566484843908286149e-03
5.532052247097659151e-03
5.498012138240285576e-03
5.464363162750358188e-03
5.431103816533321485e-03
5.398232452506845566e-03
5.365747287051182875e-03
5.333646406290265367e-03
5.301927772312718667e-03
5.270589229127061077e-03
5.239628508650330703e-03
5.209043236380613007e-03
5.178830937093190090e-03
5.148989040264486707e-03
5.119514885422985287e-03
5.090405727359012533e-03
5.061658741126301951e-03
5.033271027026550021e-03
5.005239615320744746e-03
4.977561470826031079e-03
4.950233497515574808e-03
4.923252542736216569e-03
4.896615401483881726e-03
4.870318820499335358e-03
4.849633173299116272e-03
4.833260720316072227e-03
4.816833355535306456e-03
4.800353734612516909e-03
4.783824616536182239e-03
4.767248853581277680e-03
4.750629381820341973e-03
4.733969211852878320e-03
4.717271420036331549e-03
4.700539140254443582e-03
4.683775555716997857e-03
4.666983891546527125e-03
4.650167407413941315e-03
4.633329390675389875e-03
4.616473149872993634e-03
4.599602008465688598e-03
4.582719298949065011e-03
4.565828357303386605e-03
4.548932517731997353e-03
4.532035107630992890e-03
4.515139442956242477e-03
4.498248823772481482e-03
4.481366530120281522e-03
4.464495818099553127e-03
4.447639916188865852e-03
4.430802021934930612e-03
4.413985298609860407e-03
