1.277047827147632375e-01
1.280820921575116234e-01
1.304318036416116378e-01
1.296017522473349726e-01
1.328438875607773906e-01
1.380394134026773079e-01
1.454730210503434318e-01
1.473795369641612840e-01
1.698884718065650778e-01
2.130394525326623212e-01
2.238409915793393712e-01
2.015672297771631261e-01
3.138789410556412363e-01
3.855876756712349751e-01
3.832861655546751511e-01
3.338484007436456902e-01
3.170486669749345010e-01
3.484841684880398693e-01
3.172383990030670509e-01
4.289560489075659455e-01
4.140511092363720058e-01
4.856297437205318035e-01
4.847202663199271511e-01
6.091346173358508365e-01
6.394116206349235165e-01
6.262839067200939303e-01
5.068617154617515164e-01
4.367662418697881299e-01
3.870987343934184644e-01
3.366104069988196668e-01
2.944385917665078845e-01
3.517249120785186922e-01
3.863591066540339458e-01
3.492691124369032285e-01
3.130050899373348905e-01
2.988332423814922811e-01
2.982538954433439637e-01
3.142973594388839831e-01
2.965821926941291653e-01
2.853531367122846829e-01
2.629423382706399526e-01
2.935095732516090350e-01
3.106444539007237604e-01
3.242167204729583529e-01
3.395721484677035606e-01
3.047279971432289569e-01
3.025144421929101268e-01
3.477375624910567509e-01
3.621356417758522239e-01
3.463757408019565442e-01
3.526434438945616479e-01
3.889926630388895190e-01
3.827013314158629331e-01
3.670997030194589894e-01
3.917714535895905903e-01
4.226392656478403786e-01
4.459760596279715994e-01
4.928976881140587629e-01
5.341792179674510477e-01
5.211543191256766683e-01
4.668978619964349042e-01
4.297061664603389342e-01
4.616066871230938284e-01
5.489448949821642554e-01
6.327301907181512863e-01
7.013395167353706494e-01
7.476759539922229747e-01
7.557330304180256419e-01
7.240750577326353632e-01
6.276100126656626310e-01
6.155458705525993501e-01
6.651465256330513220e-01
7.053882753672081618e-01
7.329978756426653863e-01
7.491567205398679263e-01
8.194928864258571588e-01
7.591384057697895260e-01
7.507309811252320664e-01
7.695265787056946305e-01
7.645601277917296601e-01
7.412793105403904237e-01
7.003239142928766592e-01
6.997156410242372226e-01
6.880941992485816172e-01
6.422280802899763552e-01
5.934880099446366852e-01
5.345005575577496115e-01
4.747080634879529137e-01
4.251828415282547513e-01
3.871102669048614997e-01
3.556207921284778029e-01
3.256889698444941361e-01
2.961970263674015280e-01
2.699949349561783229e-01
2.523007249147634079e-01
2.506813949817895404e-01
2.487520592900809568e-01
2.561019265409927304e-01
2.649054954211160773e-01
2.739721419152572612e-01
2.759671544299958090e-01
2.695245309118204924e-01
2.551969556821459539e-01
2.344296548340271680e-01
2.285521008687612654e-01
2.178182721388594034e-01
2.040564844904572683e-01
1.909895389379391850e-01
1.815773713033609071e-01
1.769980972915179140e-01
1.763627141890877215e-01
1.803110340836264480e-01
1.839900025756191770e-01
1.854967914364551718e-01
1.868235272792013180e-01
1.858578135962491718e-01
1.799760906021299067e-01
1.690485494402212130e-01
1.611699813743413257e-01
1.594907658184868959e-01
1.554313158870936906e-01
1.495182340172713786e-01
1.465468919183219587e-01
1.436719174685986422e-01
1.396365123040567979e-01
1.348500044338592496e-01
1.296555089372608272e-01
1.243042889911878807e-01
1.189470376832038878e-01
1.136382992874492570e-01
1.131316666448481251e-01
1.127028156187010050e-01
1.120902019209840950e-01
1.111840599619590420e-01
1.099283945565719817e-01
1.081920608981892795e-01
1.058224439544999118e-01
1.027400848188278343e-01
9.888737940808091376e-02
9.428609345366385786e-02
8.887934402082316165e-02
8.841132743210010358e-02
8.825249924653330580e-02
8.821081965354723997e-02
8.626525549600701226e-02
8.253901086842797830e-02
7.741021458375728359e-02
7.300750946254698504e-02
7.201330282973109065e-02
7.246873925162757024e-02
7.251022600885802250e-02
7.221878609055940035e-02
7.157001348534233753e-02
7.055663392059420558e-02
6.926856419502983031e-02
6.768778554193312369e-02
6.583218753229960751e-02
6.375668633524311790e-02
6.150489455679083312e-02
5.907347046888748732e-02
5.649228514941100066e-02
5.382382984183118474e-02
5.138246719051207251e-02
5.076987668881530885e-02
5.006338139760436318e-02
4.931131494921627695e-02
4.849459572936538204e-02
4.760962521038461515e-02
4.670953493972254678e-02
4.575723470523471170e-02
4.478134546650592435e-02
4.378631258176454710e-02
4.277175162232584732e-02
4.175597989379438435e-02
4.073146170727610232e-02
3.971418738998550024e-02
3.870083023478520373e-02
3.769850140604385363e-02
3.670980064164784673e-02
3.573615299942669438e-02
3.477875925934614115e-02
3.384496439873953266e-02
3.292731966853130327e-02
3.203382250405317072e-02
3.116975658208912675e-02
3.032968650049429685e-02
2.951610467513770403e-02
2.879100219319854354e-02
2.885961369913286889e-02
2.920317155011445051e-02
2.942592588052590427e-02
2.954348170317872349e-02
2.955764189710008774e-02
2.950241094121709012e-02
2.937098560843536682e-02
2.917514674721599643e-02
2.893627542478316786e-02
2.863959435909719034e-02
2.831620210359145004e-02
2.794326455861908046e-02
2.755129738999482700e-02
2.712264805032901446e-02
2.666257858060165284e-02
2.624437799194567073e-02
2.638894840620422538e-02
2.646282835645383247e-02
2.644358019416475150e-02
2.634810937623216498e-02
2.616976128136055263e-02
2.590907670394510670e-02
2.557547231236420235e-02
2.515046555471609976e-02
2.466587295859200626e-02
2.409589514471213376e-02
2.344789546453398404e-02
2.274495304128964016e-02
2.196928946262431681e-02
2.197264951828005811e-02
2.204227554844726336e-02
2.207018779327682076e-02
2.205228607007609851e-02
2.200113733275303740e-02
2.190761415828797881e-02
2.176588826055407544e-02
2.159351113897254801e-02
2.137459872412677403e-02
2.111372779655055695e-02
2.081977702580518202e-02
2.048098361239161433e-02
2.011013055475886768e-02
1.970449019064137233e-02
1.926037261125160965e-02
1.879241763782308478e-02
1.829459126393108426e-02
1.776707452105948451e-02
1.721923671172454623e-02
1.678872476660976318e-02
1.654883816933553145e-02
1.634267743741735571e-02
1.622678725278442480e-02
1.610655846737580124e-02
1.598200041409708616e-02
1.585314604264664515e-02
1.572004999455835911e-02
1.558278673915631379e-02
1.544144877439218230e-02
1.529973000731251268e-02
1.515445168470346687e-02
1.500537859590738918e-02
1.485265344563066470e-02
1.469642955070247191e-02
1.453686946110485483e-02
1.437414365443602689e-02
1.420842930276915682e-02
1.403990911148885780e-02
1.386877022869941953e-02
1.369520322425436809e-02
1.352207354085428401e-02
1.334730587850876428e-02
1.317056788154105477e-02
1.299205431182425159e-02
1.281195955107187860e-02
1.263047693815462676e-02
1.244779816187900796e-02
1.226411270686796930e-02
1.207960735007803689e-02
1.189446570590520225e-02
1.170886781733112073e-02
1.156741927487117336e-02
1.156102576432822306e-02
1.155275796709362597e-02
1.154335511041328782e-02
1.153297046031992457e-02
1.152064704192187587e-02
1.150636727424636865e-02
1.149011898959563863e-02
1.147189512788586788e-02
1.145169343916617802e-02
1.142951619410893446e-02
1.140536990324548736e-02
1.137926504476534546e-02
1.135121580133282605e-02
1.132123980553769935e-02
1.128935789471296330e-02
1.125559387449895539e-02
1.121997429151887042e-02
1.118252821492398200e-02
1.114328702700190417e-02
1.110228422240854169e-02
1.105955521603495945e-02
1.101513715962701943e-02
1.096906876659051525e-02
1.092139014512057138e-02
1.087214263932263954e-02
1.082136867817633588e-02
1.076911163227304256e-02
1.071541567782235450e-02
1.066032566810642263e-02
1.060388701174424381e-02
1.054614555799063963e-02
1.048714748845461231e-02
1.042693921526840345e-02
1.036556728546496157e-02
1.030307829113156007e-02
1.023979509464765722e-02
1.017679827881622090e-02
1.011278911348098900e-02
1.004781345670245109e-02
9.981916888593121359e-03
9.915144650408999963e-03
9.847541588289895551e-03
9.779152101136218481e-03
9.710020092675481634e-03
9.640188927527416907e-03
9.569701390864018137e-03
9.498599651788971684e-03
9.426925230021811555e-03
9.354718965829270441e-03
9.282020993057544384e-03
9.208870715050583924e-03
9.135306783286660515e-03
9.061367078716835860e-03
8.987088695480089165e-03
8.912507926928681448e-03
8.837660254050474021e-03
8.762580335693048728e-03
8.687302000891747658e-03
8.611858243004885324e-03
8.536281215527427232e-03
8.460602229575177671e-03
8.384851752866379071e-03
8.309059409959483611e-03
8.233253984097953573e-03
8.157463419969484750e-03
8.081714827766643683e-03
8.006034488316920300e-03
7.930447859061355229e-03
7.854979581045746020e-03
7.779653486634554790e-03
7.704492608145301763e-03
7.629519186964760918e-03
7.554754683462227248e-03
7.480219787352943017e-03
7.405934428764210202e-03
7.331917789453442150e-03
7.258188314911439426e-03
7.184763726249856521e-03
7.111661032990425520e-03
7.038896545674705289e-03
6.966485889118212774e-03
6.894444015465114872e-03
6.822785217793231848e-03
6.751523143601369237e-03
6.680670808580611852e-03
6.610563849470770491e-03
6.541007487387868503e-03
6.471877039050171095e-03
6.403183592645267722e-03
6.346737638749204435e-03
6.317616900428516327e-03
6.288482459979221131e-03
6.259259313392030732e-03
6.229954421040929773e-03
6.200574600483949386e-03
6.171126527042048761e-03
6.141616734379538867e-03
6.112051615267499564e-03
6.082437422415174454e-03
6.052780269410407837e-03
6.023086131809503828e-03
5.993360848144652260e-03
5.963610121214404231e-03
5.933839519279194077e-03
5.904054477441383897e-03
5.874260299002475628e-03
5.844462156921127055e-03
5.814665095269286495e-03
5.784874030843369271e-03
5.755093754663808195e-03
5.725328933626767057e-03
5.695584112189003810e-03
5.665863713991740880e-03
5.636172043555758883e-03
5.606513288061992263e-03
5.576891519077672825e-03
5.547310694280964058e-03
5.517774659286257127e-03
5.488287149384016989e-03
5.458851791373936675e-03
5.429472105345785338e-03
5.400151506485920648e-03
5.370893306864929148e-03
5.341700717266509649e-03
5.312576848982281455e-03
5.283524715588098705e-03
5.254547234801754466e-03
5.225647230174532143e-03
5.196827432947277205e-03
5.168090483771257612e-03
5.139438934502619030e-03
