1.094217627497116180e-01
1.091586357169364307e-01
1.111463191015445440e-01
1.107958738874711691e-01
1.117442141904736175e-01
1.141173862200868666e-01
1.319772367980901751e-01
1.671778504928930209e-01
1.843325644359667947e-01
2.126732311933711150e-01
1.770727056615597483e-01
1.851394284745609686e-01
2.833168257253526612e-01
2.902015253704277598e-01
3.150157390180602923e-01
2.597930723435631917e-01
2.770615281963134668e-01
2.894924643535874975e-01
3.197752086930263360e-01
3.893352637465062882e-01
4.585775895856583073e-01
5.513391092862035547e-01
4.041239147375023655e-01
4.124443275821426114e-01
3.487308314036645651e-01
3.088172709062890209e-01
2.798869270995553160e-01
3.437936218936518129e-01
2.639314820417916763e-01
3.036546849074545085e-01
2.841592037127808057e-01
2.285001453925164239e-01
2.543842790883261151e-01
2.999139769864526683e-01
2.778596804892112804e-01
2.915123435256937734e-01
3.274782574713108185e-01
3.422374000669029526e-01
3.432501148161463678e-01
3.684152482170815479e-01
4.024336695722778856e-01
3.821874395941710079e-01
3.853220416308497653e-01
3.320017613076384211e-01
3.536279385954861909e-01
3.579655203600675684e-01
3.643683104709230514e-01
3.728537488573231973e-01
4.250560386861339524e-01
4.260313042428129915e-01
5.090747490729129465e-01
5.603377068068691180e-01
5.813149227776427397e-01
5.824146643914411836e-01
5.391965190283209974e-01
5.768693290794369988e-01
5.833212695405440851e-01
4.833388415754182321e-01
5.353668228626079495e-01
6.152593327443032223e-01
6.845092911760174426e-01
7.256348777066951028e-01
8.669910415224417743e-01
9.200999245421110917e-01
8.737571462099117392e-01
7.734097723924506784e-01
7.205197012829910319e-01
6.766405121948687595e-01
6.357508978337731431e-01
6.886925529399093859e-01
6.781421724366626380e-01
5.879585869214388749e-01
4.829853585506468372e-01
4.279963831500449012e-01
4.275918869493654517e-01
4.359700898387966483e-01
4.268676111575548382e-01
4.181917533824240918e-01
3.977017794549040364e-01
3.867174585785450036e-01
3.915788342952613021e-01
3.930529859356051703e-01
3.897959219002400388e-01
3.561683420085529073e-01
3.182327369087381563e-01
3.099588627857217671e-01
2.932874333247920684e-01
2.789142463540294492e-01
2.696485093369607178e-01
2.616875787011647692e-01
2.544677352187745822e-01
2.449514935906595137e-01
2.324616284810328004e-01
2.278189217233175801e-01
2.160656756568750392e-01
2.099186643707736388e-01
2.028637611328041324e-01
1.927972736156161326e-01
1.934560750044093114e-01
1.867332135658831549e-01
1.843244798910108062e-01
1.742832280104770482e-01
1.691107180421760614e-01
1.635969725475743819e-01
1.599931387865345389e-01
1.550277682381850930e-01
1.486298142751038831e-01
1.433006746610814564e-01
1.406438922121598656e-01
1.309307833113091679e-01
1.177067595408720496e-01
1.084820891926440156e-01
1.069484003384983950e-01
1.035918006553858961e-01
1.009332004130744781e-01
9.771302415433916200e-02
9.728732496129571805e-02
9.187079743806385312e-02
9.051037855434643231e-02
8.894156468884248379e-02
8.683868681387379995e-02
8.411659345414206068e-02
8.094756972540680107e-02
7.739213682778034453e-02
7.348309233890100434e-02
6.934964544114614882e-02
6.740845035476107638e-02
7.026626903977419014e-02
6.992607316429877429e-02
6.760349667724130374e-02
6.471918659441942834e-02
6.242170455042207744e-02
6.145517569223117593e-02
6.171496861218971064e-02
6.257948691677069075e-02
6.340022121802064980e-02
6.349371168220689643e-02
6.330731288163474191e-02
6.287086969927394020e-02
6.086329867678311190e-02
5.989540092252583492e-02
5.932333200360045272e-02
5.794320390307841628e-02
5.589120480027581078e-02
5.332691019714323050e-02
5.280533259327543222e-02
5.347766953547902768e-02
5.339314802785721792e-02
5.258616428327785725e-02
5.116538149807180885e-02
4.934489925501776841e-02
4.736593616878245067e-02
4.544550700566796220e-02
4.384870123681890164e-02
4.260059512540683574e-02
4.168412040557399612e-02
4.092346894029655346e-02
4.008109216242641826e-02
3.889447662611124346e-02
3.716838254579388906e-02
3.478162230852187287e-02
3.396344166879058241e-02
3.500077055449798275e-02
3.558438199824751069e-02
3.561287483634897888e-02
3.503291120272269271e-02
3.384178314718915004e-02
3.330821588853058457e-02
3.363016399892672370e-02
3.346688313345303617e-02
3.282587605219679933e-02
3.174710646859091323e-02
3.029644705580940289e-02
2.854990664531265737e-02
2.762957521733483759e-02
2.686497609557081043e-02
2.632943438409330456e-02
2.581084839486795859e-02
2.523980358453100856e-02
2.462589897359385160e-02
2.397836933335078038e-02
2.331745949342885899e-02
2.264604168536995740e-02
2.196294915242955059e-02
2.134197684648870413e-02
2.081800703409147565e-02
2.027988979100490974e-02
1.971947014376963445e-02
1.929634274462966453e-02
1.894117752909015018e-02
1.855214370709749178e-02
1.814111037287427161e-02
1.770443318275919872e-02
1.761477862370298617e-02
1.821757364583961869e-02
1.873824650439319048e-02
1.916737233001981899e-02
1.950133148677460695e-02
1.975697826206036789e-02
1.991823845433512638e-02
1.998945485045060602e-02
1.997692662289962326e-02
1.988828084553726644e-02
1.975054167153394297e-02
1.955480642378851219e-02
1.930743955367659331e-02
1.901645980734878102e-02
1.868924964414473561e-02
1.834119762478710752e-02
1.797549356703738790e-02
1.758946424680927004e-02
1.718699238778732472e-02
1.677109937445338955e-02
1.634402693590991315e-02
1.590734169863483941e-02
1.547202928414243353e-02
1.526426486740339351e-02
1.505123128889750660e-02
1.482905629681991952e-02
1.459735003736455615e-02
1.436153086066121846e-02
1.411794970868945377e-02
1.386286842738020976e-02
1.359578120437029448e-02
1.331630367125564984e-02
1.304888276825676152e-02
1.294372544398464907e-02
1.276096744818599679e-02
1.250361775078280210e-02
1.262472753478661308e-02
1.276300004023870303e-02
1.288732857112163087e-02
1.298999417432677127e-02
1.306883489998183351e-02
1.312324902008256584e-02
1.315341248284644660e-02
1.316823687296339411e-02
1.315821710208408754e-02
1.312371871274597632e-02
1.306535912797082179e-02
1.298399439712387068e-02
1.308474377006470409e-02
1.312209923807647338e-02
1.308963600485776001e-02
1.300027981067142756e-02
1.284647589464570777e-02
1.264279434572640991e-02
1.243570230296676266e-02
1.230528327448836279e-02
1.214876966422415681e-02
1.196941397415006783e-02
1.177551744310166050e-02
1.156827542011604898e-02
1.134722898349623151e-02
1.111543772336803099e-02
1.087580305365759732e-02
1.063318271154186333e-02
1.039089907982819819e-02
1.014763542841501213e-02
9.905417832502686273e-03
9.666010867698521594e-03
9.430914360184568246e-03
9.201365566032616156e-03
8.978346193269348338e-03
8.762593632810917327e-03
8.556125785745157669e-03
8.357946724011003706e-03
8.272317033646173906e-03
8.248654209291401279e-03
8.215727101196062740e-03
8.178354369015766387e-03
8.134969902237458930e-03
8.085707351179232533e-03
8.031342566023181792e-03
7.972455236679562920e-03
7.909447886891386725e-03
7.842567879534554504e-03
7.772609006593536249e-03
7.701431162736548097e-03
7.626330835051925786e-03
7.547186418086613939e-03
7.463841038385671950e-03
7.376124289681889115e-03
7.283871868766537798e-03
7.186942794809554960e-03
7.085233999918612129e-03
6.978692175527545505e-03
6.869256322097912378e-03
6.755527331373087710e-03
6.637049857378974141e-03
6.514025919774603379e-03
6.386727061250013771e-03
6.255491707529741569e-03
6.120720784954012880e-03
5.997056616017177114e-03
5.965903245093525167e-03
5.934718546989463557e-03
5.903325849404165125e-03
5.871566217959962516e-03
5.839298568885962354e-03
5.806399593443065804e-03
5.772763513622758240e-03
5.738301688637982047e-03
5.702942090098848428e-03
5.666628665195717028e-03
5.629320604174593325e-03
5.590991529415333637e-03
5.551628621264658066e-03
5.511231695368750544e-03
5.469812244974010806e-03
5.427392460520577035e-03
5.384004238015872162e-03
5.339688186346142930e-03
5.294492642575854106e-03
5.248472703687701545e-03
5.201689281395565495e-03
5.154208186760694983e-03
5.106140897694245659e-03
5.058144627318834560e-03
5.009640940581756678e-03
4.960706357739573698e-03
4.911418472558379440e-03
4.861855288834941204e-03
4.812094606100322108e-03
4.762213455234871884e-03
4.712287583958217618e-03
4.662390991821948119e-03
4.612595514056841081e-03
4.562970452984560846e-03
4.513582255843966162e-03
4.464494237334878587e-03
4.415766345101723028e-03
4.367454966272429906e-03
4.319612772831164967e-03
4.272288603875677715e-03
4.225527382268100610e-03
4.179370063525205022e-03
4.133853614759205181e-03
4.089011021042586111e-03
4.044871317220829696e-03
4.001459642787304899e-03
3.958797317482764047e-03
3.916901935817398810e-03
3.875787477934994427e-03
3.835464435286084321e-03
3.795939948886447625e-03
3.757217958335685743e-03
3.719299360074565779e-03
3.682182172784308986e-03
3.645861708916861219e-03
3.610330750483746898e-03
3.575579727733411463e-03
3.541596899804844070e-03
3.508368535784153579e-03
3.475879095228811243e-03
3.444111407357787827e-03
3.413046847571171542e-03
3.386429693664379237e-03
3.371612875759825729e-03
3.357049329564287289e-03
3.342727882538993906e-03
3.328637627134976937e-03
3.314767925452081002e-03
3.301108412934641422e-03
3.287649001665475176e-03
3.274379882840499929e-03
3.261291528785029148e-03
3.248374694352556408e-03
3.235620417805822741e-03
3.223020021190768809e-03
3.210565110292000653e-03
3.198247574148076720e-03
3.186059584095666131e-03
3.173993592496883540e-03
3.162042331097554212e-03
3.150198808973740747e-03
3.138456310275906502e-03
3.126808391623733894e-03
3.115248879174647729e-03
3.103771865557165832e-03
3.092371706458897033e-03
3.081666230029131426e-03
3.078032521841554854e-03
3.073936544062308429e-03
3.069365151536196032e-03
3.064305291045912438e-03
3.058744215119188915e-03
3.052669689033562887e-03
3.046070188862559820e-03
3.038935088747701449e-03
3.031254835664529482e-03
3.023021110433953083e-03
3.014226973819415789e-03
3.004866996647703303e-03
2.994937373481955899e-03
2.984436019310173719e-03
2.973362648788444636e-03
2.961718838155303745e-03
2.949508069871012612e-03
2.936735760021368102e-03
