2.458364975189545054e-01
2.466675650349179350e-01
2.483392850292462928e-01
2.476638156571909222e-01
2.506732275677436839e-01
2.534937582455225602e-01
2.557284443151784381e-01
2.585638384994755623e-01
2.656444793655682313e-01
2.786628828727091278e-01
2.964686042250175846e-01
3.789830242429755858e-01
4.239340667344684288e-01
3.945567334228755052e-01
4.226580839430789105e-01
5.705780195990407533e-01
7.126983674896848475e-01
5.147085947706536713e-01
4.853469408106934613e-01
4.537747302561546681e-01
5.107971116577504356e-01
5.272995767283066293e-01
6.440093301605780418e-01
6.747604442562074034e-01
7.005919849854932435e-01
6.818896430685620347e-01
5.905492809728359882e-01
7.233132665760761970e-01
7.306817981899237369e-01
7.506406352677249538e-01
8.306165072220075274e-01
8.966004410311074757e-01
9.087242166326786608e-01
8.085213721316854008e-01
9.584885919878538552e-01
9.868345948820606006e-01
1.220361989675283310e+00
9.369037427125950224e-01
9.168036608909883034e-01
8.429297754856504010e-01
7.057761070973259665e-01
5.780984441873119328e-01
5.209099155558358785e-01
5.182955504971755722e-01
5.128387452667433344e-01
4.804393191124781692e-01
4.331578091885333048e-01
4.409562295920608221e-01
4.969344596895733934e-01
4.814927063248903294e-01
5.316561208244884318e-01
4.926649642236031745e-01
5.088446817759965102e-01
5.737079498408397260e-01
6.073074655558199364e-01
5.875729001109877281e-01
6.794706741597714705e-01
7.042099105593156994e-01
7.125010687180685087e-01
8.086537165937539573e-01
8.212297694555692473e-01
8.452708168351209528e-01
8.888414827907170634e-01
8.756899351330126313e-01
8.831269015224398888e-01
7.707773122444981917e-01
7.310268872447610589e-01
8.152114803995728076e-01
1.033845041348795180e+00
1.134493490328175147e+00
1.096761601278286591e+00
1.056890975909529740e+00
1.014165600835331693e+00
9.500724325208902421e-01
9.818361481705637495e-01
1.076654954437463951e+00
1.098202554846495538e+00
1.065594825513004995e+00
1.074911721902080730e+00
1.108395623276528630e+00
1.153900088271191393e+00
1.201278799993027668e+00
1.233472289306828840e+00
1.245744991098769683e+00
1.237259695446054408e+00
1.260799098380754657e+00
1.317950035121245866e+00
1.427461639802855009e+00
1.472966234089450488e+00
1.533730367235073500e+00
1.512093766852959265e+00
1.419120892728494843e+00
1.297683953607121854e+00
1.193334511871513293e+00
1.145476438752761617e+00
1.184821970639127864e+00
1.298326040143556792e+00
1.441209332374536745e+00
1.562790099322193926e+00
1.625515262926909843e+00
1.613174714965565526e+00
1.525745748306294169e+00
1.373959372475576091e+00
1.265851729461090702e+00
1.262075331624936458e+00
1.252993040225185428e+00
1.239639889986881460e+00
1.238482500991477497e+00
1.391517195500722170e+00
1.601024902255791416e+00
1.795684027816808692e+00
1.908005268793259379e+00
1.845766371089170299e+00
1.682185203651958227e+00
1.618758327035348499e+00
1.561866166782926335e+00
1.458311176276610777e+00
1.318744351459820274e+00
1.183936166679774082e+00
1.030998678057459594e+00
8.845184805737417166e-01
8.376152117936683794e-01
8.096661027636666841e-01
7.808039389578445011e-01
7.512273367077372255e-01
7.211194698160414696e-01
6.906800369761164626e-01
6.601201619306794610e-01
6.294020205220433040e-01
5.986251573648699864e-01
5.678717243503407230e-01
5.411865334733464428e-01
5.209115429726450808e-01
5.007642377751329033e-01
4.807695313673113202e-01
4.609467848293850034e-01
4.413121668873620784e-01
4.218800964852782998e-01
4.045095244421288427e-01
3.919564655883251425e-01
3.794921885656225014e-01
3.672281360363617297e-01
3.549548574467977780e-01
3.428598024769415886e-01
3.309192052514636218e-01
3.190153924845658406e-01
3.074282954627728381e-01
2.958269653631295792e-01
2.976688515642088029e-01
3.053592846591828835e-01
3.082021879853096835e-01
3.063176440266118794e-01
3.121336667690891020e-01
3.128141292290431141e-01
3.079196959048201565e-01
2.983058835966954092e-01
2.850592870090392639e-01
2.693984186318281737e-01
2.525876098268554082e-01
2.356897175645466247e-01
2.196656936477996980e-01
2.053445543235689341e-01
1.935365703376024094e-01
1.917230197368896272e-01
1.885315732868927396e-01
1.925364653492684375e-01
1.986393975653721056e-01
2.040399785392821019e-01
2.086121361719524836e-01
2.118604430380799375e-01
2.133531098549695526e-01
2.126864176426515873e-01
2.096474723963420161e-01
2.040486451924395650e-01
1.965546499499627731e-01
1.981937538614330918e-01
1.973731634416394098e-01
1.944819910568113819e-01
1.899453714755006128e-01
1.843605734062973012e-01
1.783344218681511828e-01
1.724121965435971016e-01
1.670593566372053362e-01
1.626137528894461559e-01
1.591038114657014335e-01
1.565416607916444991e-01
1.545726391536022537e-01
1.529684487129500947e-01
1.512343849789796191e-01
1.490065810676146352e-01
1.459684080330091172e-01
1.418829096806897838e-01
1.381176241875357869e-01
1.382114519991724522e-01
1.370695845931086398e-01
1.346110834528080613e-01
1.308447362486326593e-01
1.279251434539860899e-01
1.238542486956288047e-01
1.182683760198617456e-01
1.115627973443818061e-01
1.042958740847339666e-01
9.696268751442665979e-02
9.009006332668705042e-02
8.906888069925129880e-02
8.867746108084170742e-02
8.786185907796136008e-02
8.661015824554378628e-02
8.499275172644993326e-02
8.345023769239438838e-02
8.480887813087532867e-02
8.590382801970852800e-02
8.668542399507397911e-02
8.713912769247864065e-02
8.726579039232161550e-02
8.710232884385886443e-02
8.667078395493332810e-02
8.595529907237081657e-02
8.498102005330408770e-02
8.378318432957534978e-02
8.243212735336905017e-02
8.091160493380962493e-02
7.925606620663261381e-02
7.750021598475335949e-02
7.567822252745885769e-02
7.382301685227170285e-02
7.196568918903710477e-02
7.014760551381755971e-02
6.837704036390646056e-02
6.667727219070811173e-02
6.506850402630717789e-02
6.356758776750605355e-02
6.218796402951274477e-02
6.094232028609551655e-02
5.984462269646886184e-02
5.888978678240282261e-02
5.807779080007048622e-02
5.740587557690950138e-02
5.686880840053801928e-02
5.645916858704260605e-02
5.616764717255461059e-02
5.598335377449749350e-02
5.589412433568487215e-02
5.588682416794757413e-02
5.594764143239779747e-02
5.606236691891701429e-02
5.621665669659740849e-02
5.639627489251125558e-02
5.658731450564243731e-02
5.677639477103447324e-02
5.695083414826120766e-02
5.709879851449006782e-02
5.720942459615165065e-02
5.727291906865135396e-02
5.728063409826014696e-02
5.722512038568246251e-02
5.710015900818223022e-02
5.691780226684664545e-02
5.666211236538508389e-02
5.632614515184874299e-02
5.590830846869843801e-02
5.540814435559115320e-02
5.482627108598752547e-02
5.416431568948366221e-02
5.342901868307584762e-02
5.263706475498049209e-02
5.177412516487366057e-02
5.084489919735971780e-02
4.985469057549337529e-02
4.880931677898438237e-02
4.771501878404708213e-02
4.657837227070254354e-02
4.540620121112542290e-02
4.420549464695665981e-02
4.299127046997375939e-02
4.282491595760092029e-02
4.298307105817363027e-02
4.309164642587767768e-02
4.313815674018239149e-02
4.312175604027627257e-02
4.304212795995462915e-02
4.289946132973799370e-02
4.269442297251290624e-02
4.243941365386438846e-02
4.213244014139169713e-02
4.176718758951932647e-02
4.134582670339444904e-02
4.087085159791515460e-02
4.034504518029982667e-02
3.977144446237931841e-02
3.916034048038691262e-02
3.851625907176249586e-02
3.783370554389298840e-02
3.711635322324748770e-02
3.636797238905632029e-02
3.559240024659754420e-02
3.479351229081752844e-02
3.397519517650274268e-02
3.314132119031600043e-02
3.229572439455501848e-02
3.144217850143547072e-02
3.091770875733507867e-02
3.055752794970695990e-02
3.018232720082493145e-02
2.979292063642193650e-02
2.939013080880445092e-02
2.931117862498106713e-02
2.926136950600771724e-02
2.920895406518666387e-02
2.915397709328573089e-02
2.909648403344495746e-02
2.903652089610560261e-02
2.897466469140702605e-02
2.891283698747046035e-02
2.884866049338911942e-02
2.878218144336366913e-02
2.871344635343319601e-02
2.864250195806105834e-02
2.856939515040640351e-02
2.849417292604493335e-02
2.841688232993511143e-02
2.833757040626776191e-02
2.825628415155871306e-02
2.817307047079935928e-02
2.808797613560219328e-02
2.800104774579652289e-02
2.801890012615321571e-02
2.828469815429394962e-02
2.852980813429797577e-02
2.875289086106876113e-02
2.895275988519026636e-02
2.912837983900973607e-02
2.927886410687639135e-02
2.940347189847332052e-02
2.950160477731869277e-02
2.957280270084488780e-02
2.961673962500584872e-02
2.963321872292526069e-02
2.962271239216838700e-02
2.959243684102642880e-02
2.953485847389511476e-02
2.945021018130920126e-02
2.933882744229031683e-02
2.920114227696312542e-02
2.903767710822596770e-02
2.884903856828284138e-02
2.863591128221098722e-02
2.839905165932351747e-02
2.813928172068595052e-02
2.785826976565591168e-02
2.756288456783053883e-02
2.724712840443934206e-02
2.691200903951942308e-02
2.655857195464668072e-02
2.618789484008133064e-02
2.580108225482374493e-02
2.539926046577229216e-02
2.498357247879583187e-02
2.455517326906892298e-02
2.435743693571053997e-02
2.423628598902306461e-02
2.411461763492963456e-02
2.399246081687366611e-02
2.386984393455150733e-02
2.374679484708096949e-02
2.362417733713455606e-02
2.350235356044310178e-02
2.338014193205552663e-02
2.325756852655446252e-02
2.313465890152213017e-02
2.328879033201625842e-02
2.343508628121700535e-02
2.356759086022365557e-02
2.368605253607190819e-02
2.379026472916997287e-02
2.388006449856624330e-02
2.395533116659656972e-02
2.401598488594773942e-02
2.406669534619584536e-02
2.410332078719263499e-02
2.412534997145819940e-02
2.413283870349984192e-02
2.412587630398611849e-02
2.410458401495292960e-02
2.406911339511641837e-02
2.401964471167488541e-02
2.395638533280110630e-02
2.387956812637117426e-02
2.378944986923081650e-02
2.368630967017337774e-02
2.357288855177413697e-02
2.344984883347273064e-02
2.331464828178634111e-02
2.316763275959605323e-02
2.300916337716506568e-02
2.283961506770516500e-02
2.265937519673186240e-02
2.246884220727639672e-02
2.226842430268198558e-02
2.205853816841232828e-02
