3.260220202079627816e-01
3.254093776619952361e-01
3.277997821424058489e-01
3.266247881391808883e-01
3.275890576971631218e-01
3.299035621712678723e-01
3.335608710123621479e-01
3.393079256557110512e-01
4.110974680197366782e-01
5.455364713886152739e-01
5.683492126590635740e-01
8.084741134852448941e-01
5.766518470015419284e-01
6.526439349254874456e-01
6.478635184587200335e-01
7.603153140052471004e-01
8.955240476081228751e-01
9.774474872827704219e-01
9.956449330277957754e-01
9.814779813627733107e-01
1.049041234276305801e+00
1.025864117619069038e+00
1.162194017367979670e+00
8.220690090298782282e-01
6.887823757826722071e-01
7.252207887965427258e-01
9.112220075448617118e-01
9.088428708354655550e-01
1.009247757549238456e+00
1.139919969762012153e+00
9.939404878859137149e-01
1.316584902510082200e+00
1.158209008418836783e+00
1.166719420925042439e+00
1.253218673030612518e+00
1.263338180073117822e+00
1.431362938574392896e+00
1.646934862608392169e+00
1.446154849121908503e+00
1.286712175100023670e+00
1.378104738139970475e+00
1.456227107957411837e+00
1.603312030502575647e+00
1.782961435804381933e+00
1.910764988797716279e+00
2.030412442151535934e+00
2.271017569253836133e+00
2.324083947301118780e+00
2.193893949253435949e+00
2.223355526530357729e+00
2.370442806358075138e+00
2.543164897356874121e+00
2.367390013148313876e+00
2.165314736955183950e+00
2.465507430178498272e+00
2.203533011848237244e+00
1.910806673346176821e+00
1.966966976553883528e+00
2.296762821655418119e+00
2.624665444317798357e+00
2.575713424063867496e+00
2.659070935555322368e+00
2.837801646918626908e+00
2.678662524832946090e+00
2.083955995169902042e+00
1.498987344539424171e+00
1.102941634940762805e+00
9.435995645947863331e-01
8.819038260262125339e-01
7.627667387317356162e-01
6.656783118967817270e-01
6.186509168049945107e-01
6.194350624579861853e-01
6.216975758679417208e-01
6.070879401658363372e-01
6.107415223122887316e-01
6.143597830096263479e-01
5.769432613082509098e-01
5.240489162910328957e-01
4.719733636432599244e-01
4.535416210192675934e-01
4.546549289819424300e-01
4.299363920610517198e-01
3.797668832138722528e-01
3.450773809873047271e-01
3.354263681580531564e-01
3.778874111605212138e-01
4.097496629134108059e-01
4.074473019333855750e-01
4.127401340573642607e-01
4.100492743826734121e-01
3.992220902066720423e-01
3.826547690066826046e-01
3.655701648854216002e-01
3.715668060034776343e-01
3.556319037882539891e-01
3.518155260223065350e-01
3.542584265330704363e-01
3.399576238701374487e-01
3.110340988037160748e-01
3.014260722387047675e-01
2.953808444941993239e-01
2.786678075154510603e-01
2.526231280773971188e-01
2.400903323382170829e-01
2.380268858976994639e-01
2.341906512138390573e-01
2.286495176663808360e-01
2.210309382343720042e-01
2.114153768928277166e-01
2.002229153298824005e-01
1.875413836095624343e-01
1.798903603017380226e-01
1.757503727367127899e-01
1.708840311301059456e-01
1.654147382012986500e-01
1.595708438694518339e-01
1.532998238645573441e-01
1.538347771108280193e-01
1.567635344254459939e-01
1.563856134190474145e-01
1.584189015511440757e-01
1.566825643464035411e-01
1.515698433695278347e-01
1.435614987388266484e-01
1.378343340020981300e-01
1.377508531707563877e-01
1.351755009024274978e-01
1.307690339529155032e-01
1.250672790759581043e-01
1.189023811307791528e-01
1.126472390107401550e-01
1.068023370646433712e-01
1.044346714666068432e-01
1.027559462887916025e-01
1.019314541575542660e-01
1.048665138222711762e-01
1.080419408112172630e-01
1.111534021612348572e-01
1.138212570326585932e-01
1.152383003721914045e-01
1.151713966190343746e-01
1.129302790074319107e-01
1.083487965417685023e-01
1.047854553389893639e-01
1.055269587223431893e-01
1.049282687532989145e-01
1.029217632087643802e-01
9.937912913880805887e-02
9.536059669318652787e-02
9.540159609619253134e-02
9.441276753094154928e-02
9.231762350501585002e-02
8.909406850081577622e-02
8.492661263244212499e-02
7.986640764790098324e-02
7.407448144434944370e-02
7.072158725797482448e-02
7.144302806816980878e-02
7.179455932613192093e-02
7.175144109119661884e-02
7.127005568174744898e-02
7.037283826622148242e-02
6.920891010098040308e-02
6.770184368509843398e-02
6.586770479512051024e-02
6.374540532836250883e-02
6.146856173691975234e-02
5.899045857363117290e-02
5.871839465134232050e-02
5.839620394541568393e-02
5.796360383306946307e-02
5.742764445038468779e-02
5.679585056345239080e-02
5.607610427381244655e-02
5.527653385682788911e-02
5.441119318027951013e-02
5.352546314179937315e-02
5.307163653686160915e-02
5.305485340716945691e-02
5.285777707081570215e-02
5.251812173179761650e-02
5.206796442335686476e-02
5.148232237012521223e-02
5.101877549571824655e-02
5.221260219751946291e-02
5.278305064793679946e-02
5.271024890545208258e-02
5.200125007103054836e-02
5.082704160946348998e-02
5.016728212412208121e-02
4.931881856208686354e-02
4.835288255535243745e-02
4.728208328769772928e-02
4.611657952875530819e-02
4.488541545578893233e-02
4.361461333578004612e-02
4.233623736963777751e-02
4.107869411678917448e-02
4.135671244249297662e-02
4.160700427824340353e-02
4.165720152978556051e-02
4.152368676602818248e-02
4.120788331291969780e-02
4.073441369322244876e-02
4.012558663107760465e-02
3.940097275504940433e-02
3.858880049300140308e-02
3.771927264295143328e-02
3.677287243562694929e-02
3.575911768285400250e-02
3.468594577297172410e-02
3.356020497842703010e-02
3.238812803131017187e-02
3.117575554764735052e-02
3.034454498013046397e-02
3.061820502669004504e-02
3.093491424832353620e-02
3.114276897077867742e-02
3.124022360646409521e-02
3.122676549279460034e-02
3.110313141450683078e-02
3.089196835242051520e-02
3.058631749680189998e-02
3.018011551797085759e-02
2.978087068335266707e-02
2.989496061240621769e-02
2.992217938561236856e-02
2.986463132946338972e-02
2.972568161467769449e-02
2.950987392800014444e-02
2.922281258732030082e-02
2.887101556640145339e-02
2.846174544568555106e-02
2.800282549784027103e-02
2.750244799602218418e-02
2.697982783946506827e-02
2.643536360022349929e-02
2.587263534542681015e-02
2.529950422834533960e-02
2.472336204484773883e-02
2.415100525520048891e-02
2.358853170312173730e-02
2.304126106315310119e-02
2.282337466738408940e-02
2.274038806642968147e-02
2.263233978990688774e-02
2.250573755439006993e-02
2.236123805242149279e-02
2.220438203260693619e-02
2.204033602280644141e-02
2.187379957138929978e-02
2.170893136857238170e-02
2.154929436577470228e-02
2.139781951013864855e-02
2.125678728038694551e-02
2.112782584623098744e-02
2.101192438766476614e-02
2.090945988939882025e-02
2.082023557798762595e-02
2.074352908038419249e-02
2.067814835379469876e-02
2.062249345710896395e-02
2.057462230020882382e-02
2.053231860787852955e-02
2.049316046614375539e-02
2.045458797235909232e-02
2.041396867951604521e-02
2.036865970455269126e-02
2.031606555322412050e-02
2.025369089853889040e-02
2.017918772714682660e-02
2.009039643971530925e-02
1.998538065113700246e-02
1.986245558374961917e-02
1.972021007892837616e-02
1.955752237100504345e-02
1.937356986704371828e-02
1.916783326384582931e-02
1.894393569223681156e-02
1.870100283668682875e-02
1.843629266540178918e-02
1.815039264706988509e-02
1.784414758248788896e-02
1.751864009010153933e-02
1.717516880763073420e-02
1.681522482508143734e-02
1.644046684216354803e-02
1.605269551796776120e-02
1.565382744683545616e-02
1.524586916052254708e-02
1.483089151761996308e-02
1.474097787934740972e-02
1.475661416609643124e-02
1.476556736857987349e-02
1.476758141286864910e-02
1.476244765232495072e-02
1.475000315933058456e-02
1.473012885673315522e-02
1.470274751576385215e-02
1.466782164542472684e-02
1.462535129734148127e-02
1.457537180814297111e-02
1.451795149958678977e-02
1.445318935538210219e-02
1.438121269187974532e-02
1.430217483809614540e-02
1.421625283943628998e-02
1.412364519691151378e-02
1.402456965418900393e-02
1.391972825772304183e-02
1.381195950368159509e-02
1.369837924496957252e-02
1.357925641852936183e-02
1.345486967480050491e-02
1.332550559429329477e-02
1.319145699314163735e-02
1.305302131893480364e-02
1.291049913917421098e-02
1.276419272263120894e-02
1.261440471390823034e-02
1.246143690104258885e-02
1.230558907457790681e-02
1.214715797730307398e-02
1.198643634245114345e-02
1.182371201803809543e-02
1.165926717522850278e-02
1.149337759747892651e-02
1.132631204780520755e-02
1.115833171081903781e-02
1.098968970632573615e-02
1.082063067094674903e-02
1.065139040445979915e-02
1.060856632449989553e-02
1.066478679596912990e-02
1.070737078874841111e-02
1.073645413800166162e-02
1.079541410947668437e-02
1.087602027827769095e-02
1.094722461071645329e-02
1.100900515989959409e-02
1.106138171586025683e-02
1.110441317748367233e-02
1.113819488878724923e-02
1.116285596065835599e-02
1.117855659483880590e-02
1.118548542747843655e-02
1.118385690667793655e-02
1.117390871756646087e-02
1.115589926624318586e-02
1.113010523380661941e-02
1.109681920828731530e-02
1.105634740325780151e-02
1.100900746831545880e-02
1.095512639816042556e-02
1.089503854277207133e-02
1.082945258035737483e-02
1.076028114063713563e-02
1.068584996816934578e-02
1.067579534852079043e-02
1.070664359160123681e-02
1.073117412952522172e-02
1.074947135795620116e-02
1.076163879832382764e-02
1.076779743993346722e-02
1.076808411685691545e-02
1.076264992661290013e-02
1.075165869515582601e-02
1.073528549270781444e-02
1.071371520432567309e-02
1.068714115839123832e-02
1.065576381508659930e-02
1.061978951714808057e-02
1.057942930433990354e-02
1.053489779217208454e-02
1.048641211548118762e-02
1.043419093717185518e-02
1.037845352157094198e-02
1.031941887176776075e-02
1.025730493017723739e-02
1.019232784054940888e-02
1.012470127122699556e-02
1.005463579668908723e-02
9.982338336246718291e-03
9.908011648127379445e-03
9.831853876474056300e-03
9.754058149136423175e-03
9.674812224776266692e-03
9.594298185579554564e-03
9.512692175059392005e-03
9.430164176691629638e-03
9.346877833060845964e-03
9.262990301089471523e-03
9.178652143171674854e-03
9.094007250088647146e-03
9.009192794533330689e-03
8.924339212822679501e-03
8.839570212694422557e-03
8.755002804703183872e-03
8.670747355973649345e-03
