4.780972138307221231e-01
4.782540097274894930e-01
4.749227650119841049e-01
4.824560559452068520e-01
4.955381234063065965e-01
5.147421652423438410e-01
5.469213602896493276e-01
6.406932196621655251e-01
8.613676717798844917e-01
7.541780325649803940e-01
7.894303395016452063e-01
7.889327592169764758e-01
1.093617276861192478e+00
1.242069890429481127e+00
9.432111915563659021e-01
9.921418807415300911e-01
1.120206339902697579e+00
1.146251283479766236e+00
1.156916155417500702e+00
1.333732821919735079e+00
1.291855373486208824e+00
1.273283306482607458e+00
1.656293337098485807e+00
1.933118811686071803e+00
1.719488587595021878e+00
2.074944999980964155e+00
2.686641920814134998e+00
2.240051689578963945e+00
2.592478484455527088e+00
3.292954690592037270e+00
3.032439362842359376e+00
3.088930065532774716e+00
3.201374130209218460e+00
2.994603305653188219e+00
3.779506188929389943e+00
3.003806377971802721e+00
2.765926193381785581e+00
3.091994640886900125e+00
3.407951449630038709e+00
3.752434755925631915e+00
3.965819278284198557e+00
3.322813676917855119e+00
2.444864619208055423e+00
1.661380800834129090e+00
1.333438268126670323e+00
1.118273213904214858e+00
9.668227974698975213e-01
8.523106904563890751e-01
8.289200541704471181e-01
8.166233144951967615e-01
7.871863862699206571e-01
7.430682135817756606e-01
6.887431697078064685e-01
6.255837116905814677e-01
5.934779508481946575e-01
5.830304484834346601e-01
5.664091378645310648e-01
5.234980028721911705e-01
5.116121300211651235e-01
4.911744169055750064e-01
4.723877119525767831e-01
4.515746464768142787e-01
4.219210470003956770e-01
3.804566600436171675e-01
3.561636719703186182e-01
3.344221240531478623e-01
3.190843304291658966e-01
3.258927575365657692e-01
3.321686012315435699e-01
3.303489059405739781e-01
3.259911634321775997e-01
3.168862545618284510e-01
2.896237443104899834e-01
2.757644636965695395e-01
2.703744223650375589e-01
2.595537093278155738e-01
2.549617324456471823e-01
2.844173390231174992e-01
2.753738506059366098e-01
2.460741369157885827e-01
2.312219474864272706e-01
2.174152482856105961e-01
2.003114571298448554e-01
1.783285515449621050e-01
1.602859272979027805e-01
1.611038674544539862e-01
1.608458468531950847e-01
1.769831758685432299e-01
1.847631807726160258e-01
1.791022594653694233e-01
1.819390608856706337e-01
1.701577206516003138e-01
1.568678397080175424e-01
1.413292730199524894e-01
1.273528280712439287e-01
1.173614765105777530e-01
1.126768919360051774e-01
1.119622573124362253e-01
1.133718678504022220e-01
1.152377484553871456e-01
1.161651044472593042e-01
1.158196323400482730e-01
1.135689421513121911e-01
1.083330484925655313e-01
1.011438078838975962e-01
9.671293022058212452e-02
8.917287288394323830e-02
8.733217299752198126e-02
8.572879138450717473e-02
8.379378913759745473e-02
8.156766725857818312e-02
7.911678079787902440e-02
7.660304974304353587e-02
7.395925353062389462e-02
7.125188906396036359e-02
6.854443759979132744e-02
6.589450423874093632e-02
6.335178227561766295e-02
6.095680775445518063e-02
5.874041864947464331e-02
5.672380395500127570e-02
5.491901615332556164e-02
5.332982151930829029e-02
5.195277239593357188e-02
5.077840048077564977e-02
4.979244758622536349e-02
4.897706826366057808e-02
4.831195574487956446e-02
4.777535798789046134e-02
4.734496376414597946e-02
4.699864952601824630e-02
4.671508629172770738e-02
4.647421215030855812e-02
4.625758047166491499e-02
4.604859679012908436e-02
4.583265889912303825e-02
4.559721522637306956e-02
4.533175630125260008e-02
4.502775330045408197e-02
4.467855644561356809e-02
4.427926458638688917e-02
4.382657575149174339e-02
4.331862688731032140e-02
4.275482949696617074e-02
4.213570649115534750e-02
4.146273429918790471e-02
4.073819318090485253e-02
3.996502773328203251e-02
3.914671879926624742e-02
3.828716735058411424e-02
3.739059041943240680e-02
3.646142877982301578e-02
3.550426581270008791e-02
3.452375681167513949e-02
3.352456788278615485e-02
3.290742363704293738e-02
3.262061777037982696e-02
3.249467365269981950e-02
3.243749166920908283e-02
3.232138846848275904e-02
3.214785452577897940e-02
3.191881416211098804e-02
3.203194993442616545e-02
3.268482471265147377e-02
3.309503106078871826e-02
3.325155938291498442e-02
3.315093144291911958e-02
3.279667593419539201e-02
3.219863751589713274e-02
3.266236766788306600e-02
3.399811582475915223e-02
3.506681551127203283e-02
3.583514564079049586e-02
3.631845087340036804e-02
3.651754928139283596e-02
3.638767428644412716e-02
3.595816476995063182e-02
3.529001572256963704e-02
3.434315086501463221e-02
3.314972842859861824e-02
3.180872218770647297e-02
3.076758151358252244e-02
3.029917588398273534e-02
2.978055554656111950e-02
2.921918621245680331e-02
2.919083232103823408e-02
2.962709278542935074e-02
2.987926079675521859e-02
2.997870797090992911e-02
2.995134082780694443e-02
2.978262923061550035e-02
2.949025020269393019e-02
2.909237274365661374e-02
2.860708908306004369e-02
2.806013492170816165e-02
2.748285716786132496e-02
2.686415009041442231e-02
2.621788479657085474e-02
2.555628398436674692e-02
2.488982187990366676e-02
2.422719067793363198e-02
2.357532517933294894e-02
2.293947667388704370e-02
2.232332686393944526e-02
2.172913271013944200e-02
2.115789344984336101e-02
2.060953162653273926e-02
2.008308072869935748e-02
1.958144958277305975e-02
1.917732417967722008e-02
1.887645790170044274e-02
1.859583886449789336e-02
1.833131419571910892e-02
1.808077293628596385e-02
1.784200863514519980e-02
1.761277862690640780e-02
1.739085705447028854e-02
1.717408138421272490e-02
1.696039232380231604e-02
1.674786719159944079e-02
1.653474690737082378e-02
1.631945687314975690e-02
1.610062209403793562e-02
1.587707695092741011e-02
1.564787008347335098e-02
1.541226487237255631e-02
1.516973602714007802e-02
1.491996279199185246e-02
1.466281927578684356e-02
1.439836240121215340e-02
1.412681794537329338e-02
1.384856511925775489e-02
1.356412010226192011e-02
1.327411891428839467e-02
1.307982563367842375e-02
1.294213641674892175e-02
1.279970398931999653e-02
1.275355807393202014e-02
1.273682120593686712e-02
1.271128592658679959e-02
1.267667540685615303e-02
1.263280599933360414e-02
1.257958386545751650e-02
1.251700080746997491e-02
1.244512943773601853e-02
1.236411781410678111e-02
1.227418365923705484e-02
1.217560827632113880e-02
1.206873026211553387e-02
1.195393911159127985e-02
1.183166879797642977e-02
1.171743190676181358e-02
1.166282422639978826e-02
1.160503178045431578e-02
1.154407199283149360e-02
1.147998205847157796e-02
1.141281726541561528e-02
1.134264934538867925e-02
1.126956486094202355e-02
1.119366363707021902e-02
1.111505724355007531e-02
1.103386753301895985e-02
1.095022523976597537e-02
1.086426864151856554e-02
1.077614228859934478e-02
1.068599580045543652e-02
1.059398273216671273e-02
1.050025951110374056e-02
1.040498444333146956e-02
1.030831679039009678e-02
1.021041591450889095e-02
1.011144049178275099e-02
1.001154779167492785e-02
9.910893020635526754e-03
9.809628728414504853e-03
9.707904274261196925e-03
9.606360644399982579e-03
9.505155725137584902e-03
9.403848185748527044e-03
9.302571551949204154e-03
9.201454454202784294e-03
9.100620386749986440e-03
9.000187509022527024e-03
8.900268487186896102e-03
8.800970372402386679e-03
8.702394513861353223e-03
8.604636503876682274e-03
8.507786152468940072e-03
8.411927489112880005e-03
8.317138789256987852e-03
8.223492623654619915e-03
8.131055927777559519e-03
8.039890090138349099e-03
7.950051056559994181e-03
7.861589449427117474e-03
7.774550699528494889e-03
7.688975189297585222e-03
7.612679471618778552e-03
7.553437571342767019e-03
7.493868453020917537e-03
7.434065183867083135e-03
7.374117212703989316e-03
7.314110283602710295e-03
7.254126370185181617e-03
7.194243628631980143e-03
7.134536368692529981e-03
7.075075040836852243e-03
7.015926238775767841e-03
6.957152715915715033e-03
6.898813414496125090e-03
6.840963506549736436e-03
6.783654445201167671e-03
6.726934025917621733e-03
6.670846455802132390e-03
6.615432431026740424e-03
6.560729220492649699e-03
6.506770755741758498e-03
6.453587725824470184e-03
6.401207676440909267e-03
6.349655112802448861e-03
6.298951605383591897e-03
6.249115898108450855e-03
6.200164018166799858e-03
6.152109387292307822e-03
6.104962933566881154e-03
6.058733203746233600e-03
6.013426475241959168e-03
5.969046867715266380e-03
5.925596453954437397e-03
5.883075369294150578e-03
5.841481919937131610e-03
5.800812689208049815e-03
5.761062642137168045e-03
5.722225227918994496e-03
5.684292479846527607e-03
5.647255113079494883e-03
5.611102619462423821e-03
5.575823360000014758e-03
5.541404654317733450e-03
5.507832867168210335e-03
5.475093492338101164e-03
5.443171233219699749e-03
5.412050080441895179e-03
5.381713386750444812e-03
5.352143938415919802e-03
5.323324023940809342e-03
5.295235499672301498e-03
5.267859852241773416e-03
5.241178258357520256e-03
5.215171641330778630e-03
5.189820725057103269e-03
5.165106084844755391e-03
5.141008195707978332e-03
5.117507477758681880e-03
5.094584339321928286e-03
5.072219216775896052e-03
5.050392612663383470e-03
5.029085130807348439e-03
5.008277509312339913e-03
4.987950651074858632e-03
4.968085652541752960e-03
4.948663829560790567e-03
4.929666741977365048e-03
4.911076215660175812e-03
4.892874362982779432e-03
4.875043601217181853e-03
4.857566669330180484e-03
4.840426643210500590e-03
4.823606948943650469e-03
4.807091374906481175e-03
4.790864082251358215e-03
4.774909613969945121e-03
4.759212902812615976e-03
4.743759277737584837e-03
4.728534469410548141e-03
4.713524614343190221e-03
4.698716258192342857e-03
4.684096358064911494e-03
4.669652283603110444e-03
4.655371817644559859e-03
4.641243155600624157e-03
4.627254904466088746e-03
4.613396080861234885e-03
4.599656108531502939e-03
4.586024815135749007e-03
4.572492428488037636e-03
4.559049572500211214e-03
4.545687262122362522e-03
4.532396898469658215e-03
4.519170262971470425e-03
4.505999511648128494e-03
4.492877168545911758e-03
4.479796119461622317e-03
4.466749604762666921e-03
4.453731212549001672e-03
4.440734871073243051e-03
4.427754841517656664e-03
4.414785710186376784e-03
4.401822380721481798e-03
4.388860066278633260e-03
