4.079938040403801036e-01
4.082323924134450555e-01
4.116106541538967489e-01
4.109787153183544484e-01
4.130567288063730080e-01
4.140048322364785482e-01
4.169158040581241731e-01
4.267161851942420370e-01
4.917614503451638308e-01
5.107569969917240549e-01
5.307274661898589985e-01
5.578243570157285225e-01
7.627974077539633191e-01
6.664917428034184965e-01
6.667849550502710221e-01
8.210805718630782568e-01
9.047509854535330520e-01
8.713504595214511816e-01
7.474255372211501269e-01
1.004420112237397467e+00
9.506485598264714509e-01
7.375718344953304806e-01
7.869257730851302313e-01
8.577012356453053155e-01
9.308424107439114970e-01
1.133168670248840160e+00
1.114838965080995337e+00
1.117264314190885566e+00
1.383673708055811025e+00
1.278735547501636649e+00
1.430888388874458350e+00
1.258562682113099740e+00
1.358034088937578376e+00
1.759783370940470659e+00
1.996121346685012510e+00
1.748328051343461587e+00
1.530512259825782539e+00
1.821359107067432426e+00
2.028914315246415967e+00
2.202916592769535775e+00
2.476766900912784841e+00
2.725377063291136714e+00
2.682059287935848690e+00
2.216909233395500500e+00
2.347162135275716821e+00
2.746710513801068565e+00
2.630972670055695684e+00
2.303405429573009311e+00
2.366388317547556852e+00
2.340993912062788951e+00
2.262429471597847019e+00
2.635465260875637039e+00
2.959397797165691291e+00
3.078029963768892596e+00
3.050624748550704091e+00
2.725962046240670400e+00
2.279721785212260876e+00
1.780934303483424186e+00
1.337591218428984874e+00
1.027938575497886697e+00
9.912744878430816975e-01
1.060827636395837104e+00
1.039960510093121293e+00
9.082797717123045622e-01
7.519662333312838731e-01
7.006990118672620227e-01
7.401969313316609789e-01
7.851136338556378158e-01
7.339130917301283086e-01
6.560408423305374992e-01
5.548498740643347249e-01
5.187201892965978001e-01
5.399020208288178857e-01
5.570284908979294958e-01
5.415512353115352617e-01
5.043647763405895157e-01
4.623312818416678849e-01
4.192175290878055183e-01
4.209505632820323973e-01
4.085279265438627738e-01
3.994218113403558146e-01
3.705905045783376428e-01
3.435676030281216153e-01
3.187818563896799851e-01
3.277962477609339675e-01
3.365478376181971210e-01
3.208434246491119191e-01
3.287970492461808614e-01
3.266336092481435527e-01
3.138031407082951252e-01
2.936394697409150933e-01
2.690575064740651223e-01
2.432762220115425311e-01
2.188197030394845310e-01
2.022219902173562900e-01
1.965712772285126142e-01
1.901657581180938583e-01
1.838512851223783329e-01
1.893266860032947196e-01
1.975486573243531718e-01
2.028840422667100296e-01
2.044473594861583310e-01
2.019795788566394468e-01
1.959963420227540110e-01
1.865326708113929921e-01
1.745042950563944484e-01
1.613795234754167585e-01
1.540993712729592513e-01
1.536787486585693696e-01
1.522011923171519010e-01
1.498864463440405526e-01
1.475788687698927071e-01
1.452775095891343793e-01
1.430140139939363730e-01
1.408709737824404284e-01
1.389026009079485924e-01
1.368265653459961873e-01
1.346170618445181322e-01
1.323613050435844818e-01
1.301904272095436577e-01
1.278825813083926399e-01
1.253874635710151286e-01
1.227340617898114439e-01
1.198323495112369047e-01
1.163198817063883228e-01
1.120800995884930484e-01
1.072025189106550758e-01
1.013084255444234166e-01
9.873692650431603601e-02
9.723518387853793965e-02
9.491395902048647970e-02
9.180751856814421685e-02
8.910023144596201927e-02
9.103718821679715467e-02
9.275077794444333557e-02
9.295983334557501865e-02
9.200933557830338894e-02
8.979656539643030011e-02
8.679300574351977993e-02
8.312929113163730621e-02
7.905079393194257287e-02
7.491706136842139763e-02
7.098150118915394491e-02
6.738106758183293188e-02
6.427277525204121156e-02
6.174432847465586433e-02
5.981555854040102732e-02
5.844530575754847135e-02
5.754240282183255978e-02
5.697926940382927463e-02
5.660664214005334954e-02
5.626810627966067485e-02
5.581332655499604556e-02
5.515003225371774287e-02
5.419000492797537011e-02
5.280206434435851665e-02
5.093898321082617614e-02
4.933309943132224012e-02
5.350454407783710592e-02
5.752110358432515475e-02
6.111713583945765221e-02
6.443168220133120572e-02
6.760011970737073161e-02
6.950973463993027901e-02
7.094710319712752011e-02
7.178724824115784164e-02
7.075988771103697283e-02
6.980650332000647162e-02
6.761549921032415644e-02
6.430428283419889479e-02
6.006618945592179931e-02
5.543088443857518977e-02
5.448533764604927832e-02
5.285871143120257631e-02
5.066476632391540835e-02
4.802523143213646706e-02
4.511687702462658517e-02
4.352725804702164969e-02
4.386148958113580965e-02
4.407209344188840056e-02
4.416240093841751480e-02
4.413749722572229972e-02
4.400391713368507346e-02
4.376935008729933990e-02
4.344235960390155360e-02
4.303212163210897584e-02
4.254818486682785533e-02
4.200025515459546166e-02
4.139800520031793746e-02
4.075091000537559710e-02
4.006810780539270950e-02
3.935828573215953419e-02
3.862958899095701032e-02
3.788955201082782470e-02
3.714755540971247799e-02
3.641796580235305558e-02
3.569365182893952798e-02
3.497953259869939630e-02
3.427984125897774736e-02
3.359814423275307022e-02
3.293736914856924825e-02
3.229983971326470110e-02
3.168731590629002282e-02
3.110103802344039645e-02
3.054177324603728552e-02
3.000986356837794314e-02
2.950527406721380197e-02
2.902764064655370679e-02
2.857631653046382308e-02
2.815041691185482878e-02
2.774886128501665578e-02
2.737041310292841895e-02
2.701371650117736709e-02
2.667732991866271844e-02
2.635975652315538514e-02
2.605947141843072828e-02
2.577494566516747715e-02
2.550466719576753929e-02
2.524715874155600281e-02
2.500099292127614531e-02
2.476480466256337706e-02
2.453730114435616685e-02
2.431726945962040323e-02
2.410358220247546535e-02
2.389520118656626377e-02
2.369117949815465266e-02
2.349066208359991761e-02
2.329288506253630875e-02
2.309717394972073470e-02
2.290294095712619785e-02
2.270968153672068418e-02
2.251697031167292778e-02
2.232445653162850110e-02
2.213185917481472545e-02
2.193896180649256705e-02
2.174560729199694759e-02
2.155169245025326252e-02
2.135716272257262918e-02
2.116200692003746692e-02
2.096625210478011980e-02
2.076995864882279219e-02
2.057321550758009487e-02
2.037613573637064510e-02
2.017885227200501633e-02
1.998151399445356746e-02
1.978428207875053066e-02
1.958732664255767586e-02
1.939082368963735217e-02
1.919495234711829021e-02
1.899989239002480151e-02
1.880582204559357734e-02
1.861291606573427584e-02
1.842134405683922352e-02
1.823126905215074339e-02
1.804284631320238197e-02
1.785622234495746335e-02
1.767153410912163797e-02
1.748890842023662420e-02
1.730846150893070728e-02
1.713029873668711275e-02
1.695451444792430221e-02
1.678119194379025167e-02
1.661040356483181948e-02
1.644221086836943763e-02
1.627666488840635861e-02
1.611380646626011867e-02
1.595366664038815052e-02
1.579626708551610387e-02
1.564162059144107164e-02
1.548973157232510015e-02
1.534059659929410541e-02
1.519420494809644966e-02
1.505053915604456609e-02
1.490957558221402135e-02
1.477128496525297215e-02
1.463563297482304085e-02
1.450258075273775683e-02
1.437208543950984491e-02
1.424410068447441897e-02
1.411857713649804225e-02
1.399546291318385510e-02
1.387470404740902621e-02
1.375624490963603917e-02
1.364002860532414173e-02
1.352599734676252462e-02
1.341409279885264622e-02
1.330425639920060701e-02
1.319642965247414500e-02
1.313004512931959834e-02
1.337509200720726765e-02
1.359360999003939550e-02
1.378038147763601708e-02
1.393399341179470466e-02
1.405423377147437328e-02
1.414943952266594848e-02
1.420889865029861289e-02
1.423218145602101435e-02
1.422054690611227259e-02
1.418268452534386832e-02
1.410877915994422117e-02
1.399935880901203959e-02
1.385972346560743369e-02
1.369269706089931878e-02
1.349275042473174063e-02
1.326121671683620946e-02
1.300713714148259495e-02
1.272679284012061957e-02
1.241936335910411894e-02
1.231427525320189127e-02
1.226181955434289990e-02
1.219357906920046954e-02
1.214720427636049004e-02
1.218096128770122452e-02
1.220060322923450895e-02
1.220696337593874317e-02
1.220444287628932867e-02
1.218821388431050312e-02
1.215849763707024626e-02
1.211555365705941495e-02
1.205967708629534889e-02
1.199119602899226082e-02
1.191046892048935359e-02
1.181788193736199241e-02
1.171384646104589242e-02
1.159879660521818436e-02
1.147318681461325512e-02
1.133829016151269124e-02
1.119776381224034563e-02
1.104796800030002392e-02
1.088941042992878569e-02
1.072260905231503872e-02
1.054809014770608649e-02
1.036638648938128376e-02
1.017803558683350908e-02
9.983578006300453112e-03
9.875713169737988795e-03
9.839391725104250364e-03
9.801903294694248869e-03
9.763258187464323931e-03
9.723466820111652253e-03
9.683342599230147438e-03
9.642563429790819082e-03
9.600651660252534914e-03
9.557618367804623927e-03
9.513475017998370559e-03
9.468233523757330419e-03
9.421906303740524777e-03
9.374506339778152994e-03
9.326047231886959790e-03
9.276543251422577144e-03
9.226009391092306403e-03
9.174461411107528302e-03
9.165730439059729950e-03
9.156013760406124524e-03
9.139548648910754067e-03
9.116533330515527722e-03
9.087176204459125606e-03
9.051695123204707080e-03
9.010316661813009761e-03
8.963980166318033863e-03
8.914068790250971250e-03
8.858905144282672867e-03
8.798740635798458359e-03
8.733831907818713491e-03
8.664440074333097652e-03
8.590829956048973842e-03
8.513269319322509798e-03
8.432028119649484163e-03
8.347377753705795267e-03
8.259590319677555942e-03
8.168937890569272220e-03
8.087592366497392549e-03
8.057029188738545900e-03
8.026908698601717407e-03
7.997219659370747094e-03
7.967950804004126850e-03
7.939090847022468866e-03
7.910628496039651472e-03
7.882552463176444382e-03
7.854851476479974767e-03
7.827514290886466650e-03
7.800529699022002231e-03
7.773886541916793375e-03
7.747573719214455139e-03
7.721580199120514805e-03
7.695895028308323907e-03
7.670507341153795337e-03
7.645406368845667107e-03
7.620581448134136106e-03
7.596022029717698805e-03
7.571717686126646328e-03
7.547658119627463809e-03
7.523833169359997984e-03
7.500232818316071061e-03
7.476847199819485618e-03
7.453666603902608760e-03
7.430681483035030122e-03
7.407882457477040807e-03
7.385260320603713111e-03
7.362806043415790445e-03
