9.403192624689442614e-01
9.401162017686310879e-01
9.445978913714486724e-01
9.461732782860619029e-01
9.579669652041342687e-01
9.619107216344909839e-01
9.832039861910182310e-01
9.993343996711033794e-01
1.034955787668707661e+00
1.095366651115260437e+00
1.239382435734315502e+00
1.139992274052522125e+00
1.285669823820767554e+00
1.363112885627835835e+00
1.730734978721422568e+00
1.765250763614025553e+00
2.107760568973813697e+00
2.082360630117374711e+00
2.655769182371662041e+00
2.219358530374646588e+00
2.313202417075533646e+00
2.525945811706007404e+00
2.338482263774654957e+00
1.928801795497254057e+00
1.997000986052907656e+00
1.888899733578087714e+00
1.845895960613830100e+00
2.086924948649439227e+00
2.643002354044607483e+00
3.022674470448139861e+00
2.927162552506965998e+00
2.940378029433920126e+00
3.182573191835524895e+00
3.303138569559402438e+00
3.061270465533128426e+00
3.155385018270405961e+00
3.698940986688764365e+00
3.884522724597137433e+00
4.959203477172558827e+00
5.214157487187558893e+00
4.208195611331122521e+00
5.056843793926415920e+00
5.761381972579971311e+00
6.397828381142738330e+00
6.082237247410477998e+00
4.648957159836239583e+00
4.796174325629142032e+00
5.027873411604939058e+00
4.926764573673207970e+00
5.254682062005443299e+00
5.626533706542999447e+00
5.363534466772359899e+00
4.824236789500704781e+00
4.604091921062541282e+00
4.348299762608792030e+00
4.755551633631363018e+00
5.526537121762769900e+00
4.964115495808322009e+00
4.572805542365089515e+00
4.411673259921812473e+00
4.969800221605370716e+00
5.835780279385547331e+00
6.379630047489457390e+00
6.289647136546733464e+00
6.526922885567036481e+00
6.323022375638852388e+00
6.395054244505830709e+00
7.239788345653995982e+00
7.390510035503486286e+00
6.890943713599984477e+00
5.668490416605384219e+00
4.370580555728369454e+00
3.554034393528670233e+00
2.893532209748721495e+00
2.381220715168490987e+00
2.066838078907661025e+00
1.890746666458257730e+00
1.766078246052176892e+00
1.675811577879959380e+00
1.598526612608564434e+00
1.503973030670764155e+00
1.532037205810759417e+00
1.488478543711767133e+00
1.398208671716711482e+00
1.269113844434510030e+00
1.276127120986753738e+00
1.274445063754236829e+00
1.281439810996217066e+00
1.247387807043755847e+00
1.191278735463814131e+00
1.138972487424850799e+00
1.203536324463129414e+00
1.167861598371883636e+00
1.102830312579339278e+00
1.052913097844447421e+00
9.940462498984203865e-01
9.256069696729805063e-01
8.590359490405264919e-01
8.126904929302309899e-01
7.347345705395411652e-01
6.579780445781775455e-01
6.471455301002106975e-01
6.477307326769295992e-01
6.755194011431699952e-01
6.950676555968784420e-01
6.950877626686610133e-01
6.750999415076074373e-01
6.521609038939321090e-01
6.767785422575450793e-01
6.668801725115360846e-01
6.271917924219905238e-01
5.727443595899651685e-01
5.582629580219644616e-01
5.540947609032855770e-01
5.396212978120089598e-01
5.109769411370111980e-01
4.771799791203252816e-01
4.819715588580686383e-01
4.854738644528640568e-01
4.870161574941264671e-01
4.882435829808471905e-01
4.725356252774861043e-01
4.628830495847202631e-01
4.410193404006398921e-01
4.224774459950725314e-01
4.234227639729479242e-01
4.189694181690205022e-01
4.101168339308286503e-01
3.968912804751925649e-01
3.806814154857430244e-01
3.613963286272997011e-01
3.540152319974777528e-01
3.471878973051423234e-01
3.388636786849801297e-01
3.295147774300113408e-01
3.362124075754066022e-01
3.405840716325029827e-01
3.409571896306606287e-01
3.374385994594786831e-01
3.312456706079857649e-01
3.221070549836860253e-01
3.108959075008151940e-01
2.979578122060463907e-01
2.880457428877278292e-01
2.841063731005224469e-01
2.860480828347742310e-01
2.849751679435242879e-01
2.804916417453061639e-01
2.730950251675376417e-01
2.633983545589368980e-01
2.519466693237500388e-01
2.390291985968502619e-01
2.265272200482497666e-01
2.185198520071667816e-01
2.106639028932042190e-01
2.030464240426695099e-01
1.957377881190437707e-01
1.887930107650415412e-01
1.822531789136068170e-01
1.761469259217937067e-01
1.704919034124096622e-01
1.667882941167108668e-01
1.630517284882204154e-01
1.593310761490141780e-01
1.555969886216820031e-01
1.519312791249180783e-01
1.483877095382674371e-01
1.451675532521637113e-01
1.428505130819509861e-01
1.408352567716482373e-01
1.391056736210364575e-01
1.376408294257923659e-01
1.364159965024099308e-01
1.354036074337028328e-01
1.345741315735762555e-01
1.338968739785960094e-01
1.333406967173794144e-01
1.328746626575363077e-01
1.324686019680038906e-01
1.320936018117024324e-01
1.317224200789376964e-01
1.313298245330022651e-01
1.308928593973594512e-01
1.303910421591594482e-01
1.298064941553146723e-01
1.291250826129071994e-01
1.284098973688946599e-01
1.275756923329683101e-01
1.267910454513901664e-01
1.260761219761590002e-01
1.252796595181238926e-01
1.243999821205036688e-01
1.234366326307917983e-01
1.224373227323760360e-01
1.213636324072395883e-01
1.202100115709021644e-01
1.189793063190798528e-01
1.176749613301832781e-01
1.163009034146515186e-01
1.148614329183141325e-01
1.133611239710375918e-01
1.118047342673451766e-01
1.101971247884275112e-01
1.085431896125082507e-01
1.068477957307324422e-01
1.051157325856239555e-01
1.033516708781664906e-01
1.015601300566700560e-01
9.974545379059580885e-02
1.014914646450464503e-01
1.031849583834961309e-01
1.045992130165775691e-01
1.057300707607871509e-01
1.065760372947775758e-01
1.071380837358583554e-01
1.074308504264803871e-01
1.075379357667568675e-01
1.073756152388882223e-01
1.069520779672021443e-01
1.062770324919486004e-01
1.053615218780323964e-01
1.042177458601877132e-01
1.029497942965105911e-01
1.014780890159054927e-01
9.981566947220983643e-02
9.797746648350294518e-02
9.597883992282019161e-02
9.383544433781419725e-02
9.238598756975872905e-02
9.175568775399393917e-02
9.078553530019219109e-02
8.943139853188117327e-02
8.769617804999216282e-02
8.561083240114213122e-02
8.320918184478515167e-02
8.054446515306624976e-02
8.008281379976966985e-02
8.080250221533256949e-02
8.098739408854334354e-02
8.071392759958127827e-02
7.999091964618094963e-02
7.879839384562573046e-02
7.726659336138519407e-02
7.555704674128389808e-02
7.660382787733570342e-02
7.733077542082819611e-02
7.781632801607363259e-02
7.800663025229701009e-02
7.790810176940810017e-02
7.753663856969010559e-02
7.691029121484242725e-02
7.610553540462462740e-02
7.509647000040751974e-02
7.389106511245621678e-02
7.251131104763074153e-02
7.097933700742885266e-02
6.931707430004847847e-02
6.808578184027125335e-02
6.757995350273633683e-02
6.703034176600190797e-02
6.644251835502708314e-02
6.582188235429670131e-02
6.517363126951290775e-02
6.450273572889533846e-02
6.381391780663725477e-02
6.311163291193813696e-02
6.240005515711573303e-02
6.168306609042890909e-02
6.118428161449217251e-02
6.075216604646088009e-02
6.027755981306351374e-02
5.976680354416518542e-02
5.922576100569006130e-02
5.865979702026950099e-02
5.807376426045644108e-02
5.747199823581544686e-02
5.685831974822128099e-02
5.623604405358608588e-02
5.560799595561510128e-02
5.497653004591257497e-02
5.434355531654063570e-02
5.371056338595403545e-02
5.307865960377874254e-02
5.244859633988520342e-02
5.182869524795676724e-02
5.121705348894882437e-02
5.060719069654637942e-02
4.999884850620365390e-02
4.939158806077474650e-02
4.889434966912128977e-02
4.848971454401922176e-02
4.809653649435071537e-02
4.771372895771729128e-02
4.734018113523669191e-02
4.697476942482227413e-02
4.661636804810530971e-02
4.626385885664347636e-02
4.591614030601917640e-02
4.557213559822545501e-02
4.523079999769372139e-02
4.489112733301407754e-02
4.455215570252091251e-02
4.421297240536163631e-02
4.387271812614674388e-02
4.353059040301819616e-02
4.318584641236675875e-02
4.284046255483377197e-02
4.263947738574101060e-02
4.270306660073782540e-02
4.274184174960774657e-02
4.275509248533310852e-02
4.274537688705502131e-02
4.271872216223478180e-02
4.266489885174885172e-02
4.258353785203073533e-02
4.247437833832008736e-02
4.233727177951908394e-02
4.217218460117509726e-02
4.197919955980305290e-02
4.175851589944130221e-02
4.151044837287779649e-02
4.123542521048689097e-02
4.093398512848111376e-02
4.060677346618040556e-02
4.025453755000891337e-02
3.987812137350719294e-02
3.947845969134117228e-02
3.905657161533714061e-02
3.862049228196420825e-02
3.816757316694583541e-02
3.769546245654732675e-02
3.720543188932051715e-02
3.669880294118006009e-02
3.617693919517942641e-02
3.610073358042052011e-02
3.608426159874274231e-02
3.603814410560384623e-02
3.596287806161976158e-02
3.585905906697970519e-02
3.572737570838615401e-02
3.556860359146706702e-02
3.538359912170444682e-02
3.517329309339663201e-02
3.493868414285927065e-02
3.468083211818197981e-02
3.440085141846358635e-02
3.409990434480969501e-02
3.377919451040353738e-02
3.343996034444617765e-02
3.313613490629847835e-02
3.294172783804080046e-02
3.274493804253989643e-02
3.254584930346002963e-02
3.234454792319171879e-02
3.214112232254719842e-02
3.205288487648771945e-02
3.203517575858060712e-02
3.201391883124917598e-02
3.198910436332659535e-02
3.196072940314144406e-02
3.192879739944099599e-02
3.189331782550271915e-02
3.185430581136686201e-02
3.181178178179868560e-02
3.176577110282037542e-02
3.171630373626170563e-02
3.166341390379124460e-02
3.160713976056798991e-02
3.154752307811781176e-02
3.148460893902104568e-02
3.141844544051770188e-02
3.134908341075281352e-02
3.127657613465871511e-02
3.120097909235059266e-02
3.112234970717926014e-02
3.104074710660841702e-02
3.095623189302634456e-02
3.086886592716141589e-02
3.077871212098749060e-02
3.068583424274046526e-02
3.059029673230603472e-02
3.049216452661115268e-02
3.039150289731825522e-02
3.028837729598723646e-02
3.018285321137013921e-02
3.007499603528356741e-02
2.996487093809590760e-02
2.985254275314245045e-02
2.973807587057770985e-02
2.962153413869986901e-02
2.950298077444945752e-02
2.938247828092025588e-02
2.926008837321147568e-02
2.913587191103271870e-02
2.900988883821980710e-02
2.888219812910414186e-02
2.875499304669633382e-02
2.862689264810747494e-02
2.849721058333874041e-02
2.836600169114682907e-02
