7.505927643155491102e-01
7.517706140988020813e-01
7.523226504488567112e-01
7.539444616223228701e-01
7.557648277786137569e-01
7.574131549681377695e-01
7.585143245698610093e-01
7.595064895816040496e-01
7.627701536548168182e-01
7.654705407666004824e-01
7.679504507115606504e-01
7.692709544637538199e-01
7.733948070637912675e-01
7.788143049378543070e-01
8.738848154636219556e-01
9.009600702560377483e-01
9.246559115231736126e-01
9.748136608574168305e-01
1.073980521969167823e+00
9.768485218910319956e-01
1.262042128783413153e+00
1.707992068824922383e+00
1.353797928138136486e+00
1.438776039304594079e+00
1.743325198807305076e+00
1.563955027014392707e+00
1.728233452641593004e+00
2.472544637457424699e+00
2.513981503336578438e+00
2.421028346299963996e+00
2.216645816874025066e+00
1.860253024352894524e+00
2.250664996513146665e+00
2.330591328316597100e+00
2.392796600449072830e+00
1.987984899768462155e+00
2.257690231151722848e+00
2.179417245746188669e+00
2.047435286255679276e+00
1.687892976926055333e+00
1.824471059464394695e+00
2.101703974230559879e+00
2.219974548472658959e+00
2.254506027677529278e+00
1.809719988639248767e+00
1.511216147661711418e+00
1.378771353571746738e+00
1.230746828442165430e+00
1.399935947243382550e+00
1.644814296805418241e+00
1.761411903969787085e+00
1.882856366350094568e+00
2.018390120457919323e+00
2.089204855307185582e+00
1.907962891900150337e+00
1.987046797237276285e+00
1.982058827532281020e+00
2.058993085539714940e+00
2.090229428826679392e+00
2.098689925066779871e+00
2.124540443863713435e+00
2.193642670701518416e+00
2.304926008662911752e+00
2.440727218574323398e+00
2.564007014725268707e+00
2.652966077883621487e+00
2.731660160792700687e+00
3.000900283141359814e+00
3.224099949742489812e+00
3.254161830830899493e+00
3.208527531944592504e+00
2.962112427274860238e+00
2.758533374078899314e+00
2.676182346893480446e+00
3.209673341034034788e+00
3.610030918688968526e+00
3.797158602705823061e+00
3.858640268724386591e+00
3.900240029539265851e+00
3.842921520768407095e+00
3.733475229560816899e+00
3.666529325778800530e+00
3.596496667044807083e+00
3.357457151938991302e+00
3.440274564057240525e+00
3.848225681449756408e+00
4.091800632718203268e+00
4.105434740774256852e+00
3.852925166793925271e+00
3.471211254642563304e+00
3.770777442646763067e+00
3.664019094908182339e+00
3.380967283787546407e+00
3.229004191832635318e+00
3.400165802064552878e+00
3.804847005356202239e+00
4.178420737820746744e+00
4.321375009465543648e+00
4.169584564201137766e+00
3.760833519833405525e+00
3.418866845020720024e+00
3.252981961164871816e+00
3.105426712289331537e+00
3.037191330507123865e+00
3.068159205383835797e+00
3.181806373370982488e+00
3.331765043753720068e+00
3.475069363516978704e+00
3.580416396026500081e+00
3.703647149204924105e+00
3.779359481639672946e+00
3.809740779246455933e+00
3.811150340412138959e+00
3.823743769573807683e+00
4.035268096947754124e+00
4.188594993275619238e+00
4.294691338870631370e+00
4.389574955794826039e+00
4.437243403882063397e+00
4.425207074251269468e+00
4.392618635228132895e+00
4.272085679078929665e+00
4.143167672033957416e+00
3.942609497836457422e+00
3.670412040571754186e+00
3.385998680678092843e+00
3.099851606829937545e+00
2.793934698733585353e+00
2.492970597171802805e+00
2.219684418704257478e+00
1.993277752260245173e+00
1.823624517200449269e+00
1.706977956342275782e+00
1.630338753966991794e+00
1.574932712963563297e+00
1.533352871345823543e+00
1.510567557218863932e+00
1.475570799760507645e+00
1.421994789101840295e+00
1.348385593924176895e+00
1.257695090114055780e+00
1.156138852311416443e+00
1.131062432016457064e+00
1.119521708777907909e+00
1.094266684393622402e+00
1.055525050073364390e+00
1.046983168452035207e+00
1.026753426193432350e+00
9.956150806322362490e-01
9.544913042107885381e-01
9.050145033637441161e-01
8.955666279349291381e-01
9.095905968833765121e-01
9.104407791102484548e-01
8.974307064040625281e-01
8.714404039233394350e-01
8.346547983953609418e-01
7.901973656658549672e-01
7.420133019148965614e-01
6.944573442406170027e-01
6.517100936635360497e-01
6.173183607022807440e-01
5.942053773843921638e-01
5.832735667919500822e-01
5.837949742103590856e-01
5.939540445971621674e-01
6.165343289892094569e-01
6.424514888184998940e-01
6.654783300933327927e-01
6.847110500719042481e-01
6.991863976229418798e-01
7.088323531745450712e-01
7.131683822208786383e-01
7.120003203311158213e-01
7.295937201083088075e-01
7.431245048398542608e-01
7.495941608415433999e-01
7.489455141026761797e-01
7.412352510239433867e-01
7.360235407238040484e-01
7.387803942932918977e-01
7.378327423327577517e-01
7.333996572966177130e-01
7.257399111131593861e-01
7.151433033008460782e-01
7.020684292715432262e-01
6.867130290054102026e-01
6.693778550349854806e-01
6.503910573249801486e-01
6.300711586428976441e-01
6.087214439514487818e-01
5.866692075258015393e-01
5.667230191493698443e-01
5.592901717105515091e-01
5.495888335213129361e-01
5.378875336572882526e-01
5.283092499115877860e-01
5.190288032382091021e-01
5.093192728183004725e-01
4.994291455910498945e-01
4.892476814393244555e-01
4.792014944176335445e-01
4.690761221930059288e-01
4.592150634977867907e-01
4.495339673030236405e-01
4.400918502968007573e-01
4.311110811658260822e-01
4.224271630276075218e-01
4.140850326952584259e-01
4.062864883487395939e-01
3.988825355441452669e-01
3.927316769430982957e-01
3.863780807117579430e-01
3.800689939250014304e-01
3.736987322010480450e-01
3.672026990427256221e-01
3.616672579688327560e-01
3.565283368823405907e-01
3.515443154730475417e-01
3.466778878438912526e-01
3.419072012326119236e-01
3.373019649973589273e-01
3.327083400274962188e-01
3.280965322158034270e-01
3.235125500482188277e-01
3.189227910981976000e-01
3.142438800223033013e-01
3.094966428891169907e-01
3.047294633732126057e-01
3.011837158232507639e-01
3.029969800582901773e-01
3.045848257520336055e-01
3.057470836209705278e-01
3.065027923079154948e-01
3.069835001974686728e-01
3.084396684319307136e-01
3.119318352327568045e-01
3.142668165634184829e-01
3.155187773755752101e-01
3.157463979685791178e-01
3.148802261504067834e-01
3.130322159905518653e-01
3.102983918348968251e-01
3.066154161310090664e-01
3.022050108656121337e-01
2.970313848314237726e-01
2.912036482447543095e-01
2.848391556367206867e-01
2.779520421001187569e-01
2.735402855676397071e-01
2.694526726656203408e-01
2.653232535693142435e-01
2.611601109058702130e-01
2.569473800128021512e-01
2.527144977906873868e-01
2.484893395126264726e-01
2.442980053917583605e-01
2.401646426967838366e-01
2.361450408523523004e-01
2.322400965422831420e-01
2.284462961967263506e-01
2.247794204108303495e-01
2.212529214188709292e-01
2.178779286769022827e-01
2.146632795771281077e-01
2.116155728842161188e-01
2.087392424256806767e-01
2.060366485296078465e-01
2.035081847224431695e-01
2.011523972475486033e-01
1.989661150258857369e-01
1.969445877965398384e-01
1.950816302708980599e-01
1.933697702864649592e-01
1.918003990730866859e-01
1.903639219097452151e-01
1.890499075981489363e-01
1.878472353438820630e-01
1.867442377961927580e-01
1.857288391500561131e-01
1.847886873751988235e-01
1.839195616325991212e-01
1.831156412623204111e-01
1.823513102597683344e-01
1.816143093273177300e-01
1.808926277189529253e-01
1.801745900673366596e-01
1.794489345622240495e-01
1.787048824785187617e-01
1.779321991394741953e-01
1.771212464668789344e-01
1.762630273393079317e-01
1.753492220278959624e-01
1.743722170306055141e-01
1.733677387238599099e-01
1.722902080063631325e-01
1.711316765862745670e-01
1.698873391116792197e-01
1.685531375101624596e-01
1.671257539984313811e-01
1.656025993360477622e-01
1.639817967708509794e-01
1.623021537959295491e-01
1.605324445979980641e-01
1.586628168609631462e-01
1.566938596830178554e-01
1.546267508352312248e-01
1.524632244751842891e-01
1.502055373060937338e-01
1.478706296944617971e-01
1.454779285372042597e-01
1.429989948681810730e-01
1.404377157466417392e-01
1.377983283384527080e-01
1.350853833635272394e-01
1.323037088741762235e-01
1.294583745775167161e-01
1.265579450918343785e-01
1.236337042631437538e-01
1.238305827645993923e-01
1.250281347233178630e-01
1.261623977447471345e-01
1.272300454819702276e-01
1.282280523864131327e-01
1.291536933879272875e-01
1.300045422437962894e-01
1.308026653070995249e-01
1.315354672994275553e-01
1.321884998479402884e-01
1.327604024322195653e-01
1.332500895186524148e-01
1.336567432064611760e-01
1.339798051784901745e-01
1.342502199363073134e-01
1.344465172905428829e-01
1.345589798631836587e-01
1.345879188344152599e-01
1.348345412007116162e-01
1.349739093675667578e-01
1.350242855489638127e-01
1.349506265415071904e-01
1.347551389150394296e-01
1.344814532415736785e-01
1.341011491484087326e-01
1.336064390948032699e-01
1.330112681863509505e-01
1.323468617044798179e-01
1.315771295511674599e-01
1.307057875121543922e-01
1.297638546283920724e-01
1.287468339579992127e-01
1.276389124972321931e-01
1.264443018208281644e-01
1.252060776280962684e-01
1.238924677733039270e-01
1.225037967803464245e-01
1.210535043385078807e-01
1.195661756477265081e-01
1.181413505630106719e-01
1.181662866429611519e-01
1.182762608793266751e-01
1.180506128772071950e-01
1.174967306423398000e-01
1.166428928208383814e-01
1.154896003716680830e-01
1.140410708191925276e-01
1.123101469606284375e-01
1.103367276069298075e-01
1.081180880737261790e-01
1.056618615194696298e-01
1.030093561177752304e-01
1.001658958332701244e-01
9.906329337487786157e-02
9.863718355005933469e-02
9.847099035353244767e-02
9.905407041168022564e-02
9.945384634846421434e-02
9.967988996204971142e-02
9.972409307066834594e-02
9.959546162310005391e-02
9.932056784825704643e-02
9.888304950361344325e-02
9.854899471733986893e-02
9.822275608517418155e-02
9.781380022436335364e-02
9.730366558281272615e-02
9.672079775371109078e-02
9.604533073002967380e-02
9.529878870534626290e-02
9.447694205485530905e-02
9.357616112363559280e-02
9.262699839041277361e-02
9.160572457739790675e-02
9.052323400924355834e-02
8.940396411148346378e-02
8.832952027881355028e-02
8.835933843146458189e-02
8.837108675465427110e-02
8.836513287434105690e-02
8.834185138847738816e-02
