6.428768785868900215e-01
6.420417747222105787e-01
6.412183649256802953e-01
6.437703567505680402e-01
6.454179191572930741e-01
6.477673979338408605e-01
6.491724023239270336e-01
6.568812620662127788e-01
6.603795793685495186e-01
6.669865141071061876e-01
6.761102061538958319e-01
6.888953386408986912e-01
7.080529745860102420e-01
7.567372053124095110e-01
8.249609823952469556e-01
8.077384525507882440e-01
9.619395348835204640e-01
1.015427058105739855e+00
1.038473448468655302e+00
9.905081738738201746e-01
1.128240207517603233e+00
1.004959050305812118e+00
1.088777423705906910e+00
1.417272653534553228e+00
1.477743343054893854e+00
1.225111389286695385e+00
1.399126571254246221e+00
1.433968019130097193e+00
1.402783312052327869e+00
1.753955013860625911e+00
2.177118268967581649e+00
2.046750852064422865e+00
1.998858982687441443e+00
1.965012541488954101e+00
1.952452369283900202e+00
1.933804906222764908e+00
2.140330534243425564e+00
2.131941377111351343e+00
1.953189884724036318e+00
2.117366656812436521e+00
2.284268110103576888e+00
2.243481918094222927e+00
2.278073181689137972e+00
2.072153127336996636e+00
2.213082186412385077e+00
2.249354803097243671e+00
2.242625539688348102e+00
2.158665199583202909e+00
1.716202508071246413e+00
1.404074666577956654e+00
1.308847384184580465e+00
1.343020713792328236e+00
1.307431156544354156e+00
1.152875295193443783e+00
1.300922119666602983e+00
1.354948394766635422e+00
1.427389622752114784e+00
1.682733015383556019e+00
1.800574922891248431e+00
1.957904465962655660e+00
1.812697288479110824e+00
1.839631628157586407e+00
1.976660415644737379e+00
2.128390432400245391e+00
2.311536321074489031e+00
2.207865265192309412e+00
2.127997283776045911e+00
2.320670801181498710e+00
2.154669829167615624e+00
1.990494401509352196e+00
2.271315396004323528e+00
2.340073893933872995e+00
2.195326948296589809e+00
2.162067123583359951e+00
2.068563694854843149e+00
2.113495456203127176e+00
2.340632559807283020e+00
2.632176057624560528e+00
2.766673011648010494e+00
2.781007838864333781e+00
2.722138175751081413e+00
2.678018627001227614e+00
2.639179959901372108e+00
2.551142545133943784e+00
2.735568517694365820e+00
2.906444656563656803e+00
3.054357751982224922e+00
3.171926001595876343e+00
3.251045706938118229e+00
3.286094300093691079e+00
3.343368862292081634e+00
3.336614015486075058e+00
3.293333610536666178e+00
3.323185516706210318e+00
3.452623283634782769e+00
3.498356877853806779e+00
3.497877305990674479e+00
3.486480686222585224e+00
3.479432055608739915e+00
3.462476067752056519e+00
3.488962172138288409e+00
3.634186924970792987e+00
3.739735419541394990e+00
4.088734002864559791e+00
4.224039283225836883e+00
4.174674497169172938e+00
4.086852850538219784e+00
3.783195637095253971e+00
3.418044284244945441e+00
3.171831658461275349e+00
3.153379346494535440e+00
3.310024591962847484e+00
3.493456035904816570e+00
3.581859522500558501e+00
3.528294274763973615e+00
3.345686807852086719e+00
3.164227907022319819e+00
3.191479358345909567e+00
3.219310106692908846e+00
3.249166448460338863e+00
3.278573502911227067e+00
3.308617702126376514e+00
3.335962688704884993e+00
3.359426845295856001e+00
3.514135562188809736e+00
3.738880115429422002e+00
3.926027112144244491e+00
4.070041046320475253e+00
4.168475909842152660e+00
4.223018776600189206e+00
4.232582474249202420e+00
4.200698462654835375e+00
4.131844632491176839e+00
4.030896821539528219e+00
3.924942503871293731e+00
3.801141635740417968e+00
3.669599316519184473e+00
3.488274480955233958e+00
3.337634624256081484e+00
3.177339727204578690e+00
2.998896152400878812e+00
2.816015271874423576e+00
2.659482988954677829e+00
2.492602650641953410e+00
2.318052438292631301e+00
2.138615302306831278e+00
1.978379320648675277e+00
1.875837197835198644e+00
1.772992561607308115e+00
1.678875088106976277e+00
1.604371728935963803e+00
1.529450186008659340e+00
1.454478331173028494e+00
1.379793030025402656e+00
1.306157346405063757e+00
1.239619537419322404e+00
1.188801970586395695e+00
1.138268558580429524e+00
1.088483731569176882e+00
1.040034592878902764e+00
1.007911374723167386e+00
9.760975020653243073e-01
9.808547407623999792e-01
9.973597749726919037e-01
1.007250003088471457e+00
1.015211141665481209e+00
1.023353896582358757e+00
1.029843847722794026e+00
1.031178663342635415e+00
1.031834446631451518e+00
1.028316101079949307e+00
1.039702812357574668e+00
1.056700559376210879e+00
1.059718177152241703e+00
1.052218096231180011e+00
1.038288668504481427e+00
1.022368063849359521e+00
1.006317804109342351e+00
9.905060878315355977e-01
9.735571126201409964e-01
9.533358923798419537e-01
9.281153415625783554e-01
8.974290339386459259e-01
8.621463080664397705e-01
8.248455390989589686e-01
7.959274091874930512e-01
7.693603364039266479e-01
7.477600211896070492e-01
7.315526270654417740e-01
7.196469522485523518e-01
7.122457265363250078e-01
7.095995385490088125e-01
7.205313457338002880e-01
7.331311711332351155e-01
7.391666455734665631e-01
7.384658217771032929e-01
7.532376099701695304e-01
7.595951768609627841e-01
7.574223170972240737e-01
7.471716326140560582e-01
7.299419513675836635e-01
7.256312912574022223e-01
7.200365162356261450e-01
7.089044099994078474e-01
6.934359738883910662e-01
6.747824633558290319e-01
6.539014171550903143e-01
6.315267536781870028e-01
6.083526763048192620e-01
5.847469404901589618e-01
5.607155985993049763e-01
5.378482616904484148e-01
5.320799014451993436e-01
5.255823214869511650e-01
5.177563446889102972e-01
5.083511738401551572e-01
4.969477904757589881e-01
4.831348331808195118e-01
4.667012601120455462e-01
4.476740066497564841e-01
4.259230637209565073e-01
4.016231765207405879e-01
3.975686129493761212e-01
3.949199105376743346e-01
3.906722288695263501e-01
3.952070842907719483e-01
3.991418677126504222e-01
4.019012510946616268e-01
4.035736750183325228e-01
4.040090429821850959e-01
4.032925056252313345e-01
4.014322498374226500e-01
3.984512117883652893e-01
3.945191872811207867e-01
3.895972948588712348e-01
3.839597141304246786e-01
3.775560860881234659e-01
3.706640629040926505e-01
3.633074649879305951e-01
3.556414292487325990e-01
3.478697722647464685e-01
3.399923463492462994e-01
3.322019641037822213e-01
3.246473285986447022e-01
3.173404018513873437e-01
3.103768165109170862e-01
3.038343281338917179e-01
2.978054949303953203e-01
2.923197131139968485e-01
2.873697593552014817e-01
2.829641620364722887e-01
2.790952583875738191e-01
2.757405432060865413e-01
2.728642320179372471e-01
2.704189820268580458e-01
2.683477177380921286e-01
2.666015759418460251e-01
2.651430795125553908e-01
2.638560461015038716e-01
2.626637133760240661e-01
2.614884525921178371e-01
2.603001254670747611e-01
2.590432104398502910e-01
2.575888484952299495e-01
2.559186165782594835e-01
2.540118943350426206e-01
2.517297882151624533e-01
2.491665016530354437e-01
2.461491460174969892e-01
2.447379806674070402e-01
2.460969556854173124e-01
2.472456568710711955e-01
2.482250911348314326e-01
2.489339213340524826e-01
2.494238298397957188e-01
2.496149381568749936e-01
2.495261878979988801e-01
2.491374304670749551e-01
2.484027841320260444e-01
2.473885079874174053e-01
2.460041956346998848e-01
2.442943335139169392e-01
2.422465989599260350e-01
2.398194949049103353e-01
2.371030525375104892e-01
2.340046477860444341e-01
2.305904426359248194e-01
2.268413588402539427e-01
2.227588592980124238e-01
2.183898300888850730e-01
2.136884085386270837e-01
2.093586948874159859e-01
2.059296256170158046e-01
2.021322544596271531e-01
1.998521713951071366e-01
1.997057553812970898e-01
1.990719839727086160e-01
1.979261059724365113e-01
1.962531645807328862e-01
1.941409008590488094e-01
1.956423223139698020e-01
1.969238926305711956e-01
1.980003122173629171e-01
1.988694318062200206e-01
1.995195882869065795e-01
1.999806353500776790e-01
2.002093260824298615e-01
2.002704630626550575e-01
2.000977203315946196e-01
1.997606361073225867e-01
1.992048093939504383e-01
1.984806999722412424e-01
1.975566206516323198e-01
1.964670692385608319e-01
1.951919009937888860e-01
1.937620986124217737e-01
1.921552428233034571e-01
1.904133483900921908e-01
1.884964004887126621e-01
1.864728986950235923e-01
1.842839668450835799e-01
1.819966170998401633e-01
1.795771433827970942e-01
1.770435971880620352e-01
1.744272948363075060e-01
1.716952877194739824e-01
1.688961610455984030e-01
1.660206952595305596e-01
1.630604243202783132e-01
1.600611312989306534e-01
1.570095973088227181e-01
1.551053934375503096e-01
1.553718711876640179e-01
1.555392544466127902e-01
1.556328568062398665e-01
1.556507899779047133e-01
1.555775062527450792e-01
1.554544694701006091e-01
1.552439660735605020e-01
1.549710257700347427e-01
1.546335421124654108e-01
1.542195155972898024e-01
1.537644913594905793e-01
1.532355152412223920e-01
1.526544883022197541e-01
1.520230654561610384e-01
1.513264496030241324e-01
1.505954282022691215e-01
1.498116548796722403e-01
1.489715451484983355e-01
1.481057124952307735e-01
1.471935954787799428e-01
1.462339014262712955e-01
1.452466451880529141e-01
1.442296697108346182e-01
1.431736145248799497e-01
1.420816141334904636e-01
1.409771648431299707e-01
1.398469164518780505e-01
1.386886618857956222e-01
1.375053094035438295e-01
1.363058379500452499e-01
1.351016140085017359e-01
1.338794882279974729e-01
1.326420831213103724e-01
1.313919390561400224e-01
1.301315116503191371e-01
1.288717345629261102e-01
1.276132754969034611e-01
1.263503858640229460e-01
1.250851873647828016e-01
1.238197107062635749e-01
1.225558951063550894e-01
1.212955881070204439e-01
1.200405456772293822e-01
1.187924325913040646e-01
1.175620215588463885e-01
1.163408350393134172e-01
1.151302673290416079e-01
1.139316542116092235e-01
1.127462456695936949e-01
1.115752074391601900e-01
1.104196227214535170e-01
1.092804940313558543e-01
1.081587451713408449e-01
1.070552233113059443e-01
1.059707011664535597e-01
1.049058792538419688e-01
1.038613882191322807e-01
1.028377912204563455e-01
1.018355863544595230e-01
1.008552091204340528e-01
9.989703490507992334e-02
9.896138148434227566e-02
9.804851152887746057e-02
9.715863510695194050e-02
9.629191217621980992e-02
9.544845506014885961e-02
9.462833089476244131e-02
9.383156405011210122e-02
