8.179605844935203263e-02
8.163091991164847516e-02
8.172287959906324173e-02
8.256689883481432846e-02
8.383156738856416268e-02
8.540296360113155960e-02
8.816147252567625714e-02
9.930434203794767656e-02
1.445412837546744544e-01
1.195183508997871291e-01
1.159834902540707868e-01
1.665642944742848075e-01
1.576523032604263685e-01
2.013999709181634734e-01
1.598564173825033907e-01
2.294470513785364651e-01
2.178158380497961788e-01
2.553416222174720307e-01
1.857367578175103673e-01
2.105253044695343800e-01
2.102567915499525819e-01
2.683453907136443828e-01
2.469573705049615819e-01
2.475128026572180895e-01
2.859770243694615410e-01
3.279668658711857310e-01
4.143351923564291273e-01
3.617242784706120595e-01
3.366449942610959534e-01
3.073009958609247971e-01
2.488414000068872867e-01
2.116176061027462141e-01
1.746151508120563633e-01
1.923397480083772759e-01
2.052629117746121168e-01
1.909369348286160673e-01
1.830836894853105634e-01
1.704185769008276230e-01
1.708187747164847115e-01
1.884904542987427267e-01
2.088216711117256152e-01
2.077843177014311593e-01
2.106482274197019056e-01
1.944201148459038242e-01
2.055599507078119670e-01
2.094773732179751047e-01
2.220025310537545316e-01
2.291764429526864377e-01
2.495122659931163500e-01
2.617136214150446727e-01
2.547896481304268157e-01
2.846238664718136469e-01
3.276359152023721188e-01
3.181446161090287772e-01
3.074744079121197737e-01
3.041411152583391453e-01
2.998723900645395846e-01
3.264376794219661648e-01
3.065788556205579773e-01
2.958761970766328186e-01
3.217017801379425390e-01
3.259542456266564248e-01
3.199021828294380532e-01
3.048330111625809358e-01
2.927470436322987535e-01
2.982868312927546284e-01
3.030598129136276575e-01
3.241871167984838320e-01
3.842975271135458115e-01
4.329015228108642477e-01
4.147046181758912153e-01
3.720384770581994793e-01
3.792331707148956510e-01
4.061192830134888188e-01
4.306027019314157545e-01
4.127362018532884091e-01
3.977262811497958572e-01
3.936918392345433726e-01
4.531409501991438549e-01
5.544348520424714488e-01
6.212850987773644862e-01
6.423668705279886870e-01
6.299863109490718704e-01
5.896460669330709781e-01
5.436393834289620086e-01
4.770345453624704191e-01
4.330153683740729509e-01
4.379294828114811966e-01
4.357256552816305417e-01
4.252576234493110618e-01
4.059486562419926114e-01
3.794478629543201476e-01
3.468781944468575240e-01
3.165407718569257511e-01
3.245480179902316964e-01
3.322384408383672882e-01
3.125266073924152233e-01
2.747504827160858754e-01
2.571246974899985549e-01
2.489991196146362218e-01
2.404941569836535897e-01
2.317591009455909068e-01
2.244476664928291010e-01
2.168722377400325030e-01
2.086953321044808518e-01
1.998014023180454402e-01
1.903131233290414337e-01
1.801493368571971676e-01
1.828582287475170598e-01
1.946260194311280889e-01
1.994764542103164007e-01
1.975161733412263698e-01
1.939047956079704982e-01
1.913472512160560302e-01
1.876601626348631535e-01
1.838547896957956063e-01
1.864487337164537906e-01
1.809915928377802408e-01
1.697696307898508561e-01
1.541626403705658455e-01
1.427458223283607497e-01
1.306183993404906318e-01
1.226517355851102081e-01
1.141323067529097790e-01
1.063118411540745073e-01
9.987505156644789495e-02
9.496985483354682123e-02
9.083730145229429453e-02
8.608411858581738185e-02
8.132959284787438792e-02
7.954427798126031957e-02
8.008840967119472409e-02
8.032639471072131054e-02
8.011534822948628010e-02
7.935776723376945785e-02
7.804349373914498678e-02
7.622407048711701827e-02
7.387669373688347807e-02
7.106577311130816976e-02
6.915340111439487181e-02
6.830120757193158809e-02
6.712119376324486575e-02
6.565355044258841533e-02
6.396896684101481545e-02
6.211605570997845438e-02
6.012262563068564852e-02
5.858152993665523972e-02
5.734378299851845134e-02
5.572380694159138892e-02
5.383137044301816027e-02
5.175666833612565382e-02
4.963301730250372495e-02
4.743716356700884013e-02
4.593086451499859418e-02
4.480209158277612125e-02
4.384872077159552434e-02
4.303659181528374927e-02
4.238366906981412552e-02
4.205208194921192938e-02
4.149397316859728541e-02
4.073980520821755130e-02
4.027974791438069385e-02
3.980028801818269457e-02
3.930246368828922698e-02
3.875796036813220630e-02
3.813054567290242308e-02
3.744833464606933671e-02
3.666592978887360521e-02
3.640064192715370545e-02
3.669910374433918432e-02
3.693982498379151658e-02
3.714513736946855466e-02
3.727134745494558449e-02
3.734831117866524441e-02
3.733134671123556486e-02
3.725795426955713641e-02
3.708110069903684802e-02
3.684766156205084714e-02
3.650983815799018622e-02
3.611103000032233473e-02
3.561852164173306967e-02
3.505682108067842417e-02
3.442341613581973575e-02
3.370520707903289226e-02
3.295006429763504968e-02
3.212220015000578910e-02
3.123101480986036071e-02
3.031756270355156352e-02
2.935350067330188759e-02
2.834732118798430692e-02
2.731815674524603124e-02
2.627820025732186329e-02
2.538480072592050329e-02
2.565767503246438666e-02
2.572348139259057059e-02
2.554920052234259387e-02
2.519296446712808793e-02
2.462725707106494522e-02
2.391410458739257408e-02
2.309041471853224073e-02
2.292624573208888392e-02
2.272979508997964582e-02
2.251157979231463435e-02
2.225942201359965011e-02
2.199131037774683037e-02
2.170071220972028328e-02
2.138495885716381814e-02
2.105719834832489243e-02
2.071708166259818296e-02
2.035963743192455502e-02
1.998758609803857542e-02
1.961332430660234910e-02
1.923287873814788843e-02
1.884403137042479567e-02
1.844890071137440454e-02
1.825690483507850029e-02
1.811976556637370436e-02
1.798219695199072127e-02
1.783848385907584738e-02
1.768911105739899223e-02
1.753469420289452754e-02
1.737581960812121379e-02
1.721304369162029654e-02
1.704689272071370845e-02
1.687786281215617259e-02
1.670642015732435801e-02
1.653300144151585716e-02
1.635801442860447194e-02
1.618183868505692832e-02
1.600482641964480479e-02
1.582730341680880712e-02
1.564957004452277589e-02
1.547435387443378378e-02
1.530037363175436663e-02
1.512675552664885341e-02
1.495371689915919733e-02
1.478145516459804069e-02
1.461014893208867522e-02
1.443995911377979509e-02
1.427103001715914095e-02
1.410349041441691896e-02
1.393745458395601391e-02
1.377302331938166403e-02
1.361028490304670192e-02
1.344931604117261675e-02
1.329018275871575103e-02
1.313294125257611668e-02
1.297763870223391132e-02
1.282431403737014676e-02
1.267299866254821203e-02
1.252371713915408254e-02
1.237648782523428394e-02
1.223132347414712315e-02
1.208823179305021367e-02
1.194721596233297781e-02
1.180827511758014009e-02
1.167140479542089215e-02
1.153659734466574126e-02
1.140384230465927955e-02
1.127312675224729534e-02
1.114443561899791310e-02
1.101775198055920425e-02
1.089305731961703362e-02
1.077033176406010963e-02
1.064955430209113020e-02
1.053139201011163775e-02
1.041509195126386414e-02
1.030063188741382404e-02
1.018798995274064131e-02
1.007714382556504015e-02
9.968070840744306521e-03
9.860748088639001430e-03
9.755152501581643848e-03
9.651260928979664075e-03
9.549050202072658852e-03
9.448497189335111970e-03
9.349578843365548286e-03
9.252272240221454461e-03
9.156554611909029431e-03
9.062403372710929952e-03
8.969796140165006704e-03
8.878710751280903535e-03
8.789125274451980302e-03
8.701018017793042680e-03
8.614367534276017035e-03
8.529152624032287563e-03
8.445352334453986795e-03
8.362945958284552506e-03
8.281913030030002912e-03
8.202233321113859207e-03
8.123886833926879242e-03
8.046853795074269955e-03
7.971114648028805594e-03
7.896650045327649470e-03
7.823440840578716957e-03
7.751468080286053920e-03
7.680712995820060222e-03
7.611156995348897052e-03
7.542781656157587604e-03
7.475568717120017158e-03
7.409500071703657188e-03
7.344557761189376109e-03
7.280723968514481517e-03
7.217981012486661928e-03
7.156311342644695872e-03
7.095697534421820801e-03
7.036122285094544015e-03
6.977568410061973925e-03
6.920018839776563395e-03
6.863456617103100808e-03
6.807864895302824342e-03
6.753226936335220490e-03
6.699526109851209645e-03
6.646745892420839394e-03
6.594869867363109019e-03
6.543881724861646924e-03
6.493765262507850827e-03
6.444504386268336098e-03
6.396083111582762451e-03
6.348485564994378605e-03
6.301695985895871405e-03
6.255698728542210575e-03
6.210478264377049945e-03
6.166019184412997907e-03
6.122306201906843777e-03
6.079324155063049739e-03
6.037058009956840568e-03
5.995492863510000318e-03
5.954613946499637440e-03
5.914406626721989066e-03
5.874856412076792309e-03
5.835948953737788922e-03
5.797670049310056466e-03
5.760005645946085148e-03
5.722941843442071880e-03
5.686464897294221145e-03
5.650561221655583770e-03
5.615217392254706619e-03
5.580420149231990479e-03
5.546156399849081799e-03
5.512413221067869601e-03
5.479177862128478856e-03
5.446437746867640803e-03
5.414180476016519812e-03
5.382393829283804894e-03
5.351065767379430300e-03
5.320184433795734080e-03
5.289738156552860511e-03
5.259715449752815596e-03
5.230105014921169852e-03
5.200895742293094696e-03
5.172076711905562556e-03
5.143637194515451871e-03
5.115566652405036455e-03
5.087854740024478489e-03
5.060491304450943917e-03
5.033466385769056785e-03
5.006770217226106691e-03
4.980393225281509219e-03
4.954326029551937502e-03
4.928559442529211951e-03
4.903084469249202257e-03
4.877892306774068813e-03
4.852974343563886891e-03
4.828322158735211082e-03
4.803927521160733863e-03
4.779782388509529016e-03
4.755878906129488125e-03
4.732209405809571084e-03
4.708766404495479292e-03
4.685542602879174540e-03
4.662530883833326638e-03
4.639724310871696025e-03
4.617116126376949806e-03
4.594699749923376701e-03
4.572468776327853236e-03
4.550416973813152348e-03
4.528538281939234467e-03
4.506826809556841069e-03
4.485276832742707102e-03
4.463882792529350919e-03
4.442639292734790364e-03
4.421541097667256413e-03
4.400583129778552066e-03
4.379760467346165143e-03
4.359068342001376668e-03
4.338502136346136795e-03
4.318057381461669689e-03
4.297729754415635130e-03
4.277515075746399567e-03
4.257409306930200199e-03
4.237408547810454784e-03
4.217509034038773030e-03
4.197707134517194433e-03
4.177999348765792237e-03
4.158382304380968744e-03
4.138852754387410335e-03
4.119407574706937698e-03
4.100043761504619175e-03
4.080758428643118697e-03
