1.705850417745021497e-01
1.702781681674646608e-01
1.713933574198482634e-01
1.751555011990295063e-01
1.741268570871953303e-01
1.772232569333554442e-01
1.901756038104098212e-01
2.124016596852707495e-01
2.065563078138874797e-01
2.511286889856231275e-01
3.996827340399560780e-01
3.472793009871277259e-01
3.945409090385473827e-01
4.301412783904332016e-01
4.389207754758084334e-01
4.273542503151806504e-01
5.414178917788381451e-01
4.799312132015202126e-01
5.101127305272823431e-01
5.496442421867965278e-01
7.146374851949822693e-01
7.874838663338076250e-01
7.393995973390606880e-01
7.470964169826281864e-01
6.952807246643115668e-01
5.185218723530383711e-01
5.154735095890703445e-01
4.853518476731800146e-01
4.649842601205648740e-01
4.421633592812976854e-01
4.227535294494190743e-01
4.411652819344151766e-01
4.282375798302054948e-01
4.946261064840717925e-01
4.587148920165490251e-01
4.344090286234959519e-01
4.019381165786747312e-01
4.224731124178376929e-01
4.525135783847198945e-01
4.607394511006162596e-01
4.378347320797025266e-01
4.311812342439751977e-01
4.563059033395845399e-01
4.991713171872446675e-01
5.374028135760627878e-01
5.643134754038967582e-01
5.629043118851395633e-01
6.462011006893829679e-01
6.623063513290200488e-01
6.796188371878206791e-01
6.363470416503683724e-01
7.006323114704455790e-01
7.104352267153980494e-01
7.353717361802641905e-01
8.511428557534418404e-01
9.961630892366570844e-01
1.034605297259316492e+00
1.021284584436604970e+00
9.604258067423194767e-01
9.500466875606803363e-01
1.030572656363209383e+00
1.048885154883355986e+00
9.571677826578347537e-01
9.479601671193481627e-01
1.055007695916539756e+00
1.132311724475694836e+00
1.174444952801178443e+00
1.181193437826260295e+00
1.197574775318570595e+00
1.312602708730427725e+00
1.383075606432134341e+00
1.356519390783902601e+00
1.241057532018279952e+00
1.090054382163186730e+00
9.087295115538817081e-01
7.375260327771471225e-01
6.154026523516741287e-01
5.995937719534787380e-01
5.822949256368195048e-01
6.333627236737381372e-01
7.125992054178262869e-01
7.496932059679337623e-01
7.336824576314691093e-01
6.763680691895750385e-01
6.108552594840315209e-01
5.550373772794616745e-01
4.889827100384411818e-01
4.251841521618257569e-01
4.108327416171593249e-01
4.081100070531072377e-01
4.319401096457637368e-01
4.390996467451833696e-01
4.183699603943226708e-01
3.749027862218601292e-01
3.618442583011856062e-01
3.450575024010708591e-01
3.291665979477969572e-01
3.215880749961466112e-01
3.231986763971443355e-01
3.138762225943861339e-01
3.102267952002046303e-01
3.122152683765234693e-01
3.048513187270852076e-01
3.018905846318787334e-01
2.956364888986380834e-01
2.841224161343999244e-01
2.692567181034888901e-01
2.525328927150892744e-01
2.346334058622163987e-01
2.173060063001793774e-01
2.081510400998918542e-01
1.995574402112092749e-01
1.980523006003216402e-01
1.900745169209887842e-01
1.832893584000422627e-01
1.777744851926854053e-01
1.705355438560717252e-01
1.634304647405375732e-01
1.574269309261362160e-01
1.524347841159016392e-01
1.474999271990634353e-01
1.412715957554548929e-01
1.325735683574106871e-01
1.229667435943748444e-01
1.211925591222513532e-01
1.215137073786169697e-01
1.197663029349102931e-01
1.184082562035975172e-01
1.234709790777682586e-01
1.271240455251439194e-01
1.290446772389890473e-01
1.291138369329221380e-01
1.271692338768716790e-01
1.233041102529590510e-01
1.177303191386909059e-01
1.121555607444601754e-01
1.121157142519561972e-01
1.170853790112998533e-01
1.185364451093221805e-01
1.165559274285668662e-01
1.115845283552487910e-01
1.042096530244326358e-01
9.519553916709619368e-02
8.517352795384038056e-02
8.124924506698891213e-02
7.829911760125379816e-02
7.434769257960421873e-02
6.970474741934998275e-02
6.584734698395162955e-02
6.248213121268356846e-02
6.202783794138432005e-02
6.173686645357949476e-02
6.147497300419141331e-02
6.131018247716679692e-02
6.124879413379064746e-02
6.131068141262589061e-02
6.149519971627487314e-02
6.178556572606705433e-02
6.220234123997186310e-02
6.266520832133534724e-02
6.313073979267341818e-02
6.355425411133125424e-02
6.395389336950027537e-02
6.423862053565079777e-02
6.436838816220913362e-02
6.436954178187771769e-02
6.414378047141776340e-02
6.374219288759641611e-02
6.309573187994663157e-02
6.221074923317124195e-02
6.110692844599847906e-02
5.974767091222686621e-02
5.814240374704630204e-02
5.633170256439461177e-02
5.436600048338327551e-02
5.235749992832162969e-02
4.980256110088608634e-02
4.704632203363073861e-02
4.597001883095341163e-02
4.491193563994415328e-02
4.375545326651891775e-02
4.248309977762758372e-02
4.162834022943397161e-02
4.097366436052007205e-02
4.013016485699003044e-02
3.905869722018290302e-02
3.914622972041367777e-02
3.919324104205836740e-02
3.915620993717332937e-02
3.906449995752288296e-02
3.889466638105242707e-02
3.864648684187674960e-02
3.832379426176447945e-02
3.794592027945564022e-02
3.751728114813106252e-02
3.702833232432296146e-02
3.648514508118278626e-02
3.589823242126086167e-02
3.528931271967536420e-02
3.464377407614228910e-02
3.396814786803721564e-02
3.326885253636503725e-02
3.255273769362897196e-02
3.184012602371286138e-02
3.111980768966352701e-02
3.039708731977404377e-02
2.967686193008801585e-02
2.896359045400822077e-02
2.826127333005134731e-02
2.757344136437394830e-02
2.690315299918943914e-02
2.625299906510929204e-02
2.562511406886042870e-02
2.502291931828966656e-02
2.444636066894123605e-02
2.389519649024313824e-02
2.369390336841138353e-02
2.360053980358484474e-02
2.347540790026392266e-02
2.332877596696409858e-02
2.316510363768057093e-02
2.298427774949851968e-02
2.279059687185213887e-02
2.258786227534986812e-02
2.237934359666353748e-02
2.216776409148435087e-02
2.195616581252811741e-02
2.175039731615774699e-02
2.154622694402046762e-02
2.134440996651517167e-02
2.114528529290295514e-02
2.094882517454842163e-02
2.075468825996830760e-02
2.056227417808739050e-02
2.037077805287776378e-02
2.017924358617570121e-02
1.998703080014076552e-02
1.979744028650925677e-02
1.960452222462238589e-02
1.940717978078590131e-02
1.920437122809421845e-02
1.899513880582792344e-02
1.877863250366178932e-02
1.855412885581989371e-02
1.832104493145454011e-02
1.807894778952845449e-02
1.782913870569313719e-02
1.757355647860488895e-02
1.730841242909786706e-02
1.703386450026596333e-02
1.675021387781782875e-02
1.645789577883836896e-02
1.615746847178350584e-02
1.584960092449413591e-02
1.553505945604356960e-02
1.546594646851536838e-02
1.557518692403923530e-02
1.565155758350822088e-02
1.568822818901886157e-02
1.568550928512305737e-02
1.564413630603155025e-02
1.556524461629646763e-02
1.545221344756762122e-02
1.531333439453428681e-02
1.514197027521512438e-02
1.494044614171505074e-02
1.471130420681503528e-02
1.445725972098423941e-02
1.441963147762415250e-02
1.437449538135309075e-02
1.431903801176271154e-02
1.425346023206762285e-02
1.417801932769954636e-02
1.409302382797106637e-02
1.399882822153629240e-02
1.389582763475115910e-02
1.378445253469380745e-02
1.366728091949866858e-02
1.354465389771689759e-02
1.341494742781056647e-02
1.327867592843927531e-02
1.313636589152610175e-02
1.298855160624735362e-02
1.283577114732719834e-02
1.267856264085506952e-02
1.251746081700717481e-02
1.235299385468238871e-02
1.218568051927433268e-02
1.201602759256976440e-02
1.184452758964926224e-02
1.167165675648320668e-02
1.149787333918029369e-02
1.132361611441773386e-02
1.114930316920567828e-02
1.097533091701204805e-02
1.080207333648150470e-02
1.062988141861325765e-02
1.045908280723335283e-02
1.028998161844335048e-02
1.012285842345958531e-02
9.957970381343762140e-03
9.795551505449010335e-03
9.635813051024316733e-03
9.503999788515665043e-03
9.437439154336845978e-03
9.370317152406139327e-03
9.302704705228374144e-03
9.234670947735315952e-03
9.166283121862166955e-03
9.097606486349234592e-03
9.028704241689330251e-03
8.959637467958359025e-03
8.890465075696444078e-03
8.821243768179099637e-03
8.752028014540925993e-03
8.682870032701689098e-03
8.613819781465472183e-03
8.544924960830122679e-03
8.476231019820573004e-03
8.408157039637455948e-03
8.340766087196993875e-03
8.273666238352010704e-03
8.206895038690856584e-03
8.140487916231365154e-03
8.074478218975259317e-03
8.008897255873897655e-03
7.943774340915388602e-03
7.879136840238297468e-03
7.815010221007110888e-03
7.751418102749925258e-03
7.688382309957054496e-03
7.625922926137405737e-03
7.564058348910308004e-03
7.502805345589018751e-03
7.442179109624153660e-03
7.382193317008080811e-03
7.322860182955657181e-03
7.264190518324504207e-03
7.206193785985422207e-03
7.148878156409747137e-03
7.092250563122719925e-03
7.036316757161742083e-03
6.981081360862169231e-03
6.926547920836457345e-03
6.872718959845954337e-03
6.819596027775225514e-03
6.767179751447711250e-03
6.715469883335082983e-03
6.664465348968006894e-03
6.614164293300415706e-03
6.564564125674584617e-03
6.515661563511392779e-03
6.467452674850734592e-03
6.419932919334643724e-03
6.373097188159326972e-03
6.326939842504591439e-03
6.281454750609190806e-03
6.236635323823733375e-03
6.192474551004687085e-03
6.148965031895733610e-03
6.106099009051126417e-03
6.063868398562421817e-03
6.022264819626925621e-03
5.981279622693225911e-03
5.940903916682012398e-03
5.901128594700272810e-03
5.861944358921330166e-03
5.823341744174200668e-03
5.785311140360269860e-03
5.747842814037121967e-03
5.710926928703433450e-03
5.674553564182054088e-03
5.638712735144246410e-03
5.603394408420296971e-03
5.568588519390916744e-03
5.534284987860428433e-03
5.500473732516227877e-03
5.467144685000374302e-03
5.434287802778872342e-03
5.401893081565757246e-03
5.372869215175603633e-03
5.357863931747138680e-03
5.342824881723456758e-03
5.327761655958816213e-03
5.312683508618959785e-03
5.297599354014493125e-03
5.282517764240401460e-03
5.267446967985277284e-03
5.252394850008387100e-03
5.237368951803998522e-03
5.222376472660599823e-03
5.207424271704908132e-03
5.192518870611352241e-03
5.177666456752444066e-03
5.162872887119000428e-03
5.148143692735894679e-03
5.133484083297825025e-03
5.118898952699515829e-03
5.104392884509802338e-03
5.089970158172861178e-03
