1.474791958007682646e-01
1.468123928031214165e-01
1.476701657437961279e-01
1.485505466175172928e-01
1.498451901927016217e-01
1.539668077821042536e-01
1.606018550399276046e-01
1.746471977080929217e-01
2.063580344155536150e-01
2.041799250300133095e-01
2.061442071434816115e-01
2.280184359233899671e-01
2.326496571910352251e-01
3.054600202158211930e-01
3.208578408429192397e-01
2.392772759530586157e-01
3.746811443734068825e-01
4.741782104483527327e-01
3.556862937138804415e-01
3.536993735942111639e-01
3.831868584837916925e-01
4.283036698311568635e-01
4.662398911791829081e-01
4.656484526354966458e-01
4.617674989366099547e-01
5.047399260662615017e-01
5.376877087246260123e-01
5.881781164922557092e-01
6.022762105925704157e-01
7.667883453003849770e-01
7.051467179613886138e-01
6.850280416325204014e-01
4.394915674298887631e-01
4.507440313671677856e-01
3.860047109735744164e-01
3.933161010135254321e-01
3.839800853942457737e-01
3.601452267200133672e-01
3.479433668244972244e-01
3.428339920726942713e-01
3.103627618156309942e-01
2.643568901934398863e-01
3.458366186665523534e-01
3.677252913674425860e-01
3.262042033065092328e-01
3.585369395911332524e-01
3.837538510176385920e-01
3.759270810449482081e-01
3.863240913271548393e-01
3.899381491637312069e-01
4.091760604476239460e-01
4.117464933147249040e-01
4.122343264584351630e-01
4.336433989662886179e-01
4.659497058564759375e-01
4.430418484947788449e-01
4.521340615861194068e-01
4.619843457682545895e-01
4.413836471287675423e-01
4.130295990605177270e-01
4.167888424618161336e-01
4.243837426183088568e-01
4.807535711594607686e-01
5.267148262128967806e-01
5.150249619782815147e-01
4.945603575250669404e-01
5.532602441817937589e-01
5.994401340819791590e-01
6.426498057880487558e-01
6.936619448846550462e-01
6.618675294560970590e-01
6.314422890961733925e-01
7.650325469743352036e-01
8.765395087756383541e-01
8.551877937416527686e-01
7.461691193917223686e-01
6.488945092071481957e-01
6.583144331884774880e-01
6.722339475691108124e-01
6.736803383690936897e-01
7.115288948787272805e-01
7.870569335427859414e-01
8.505771601860268039e-01
8.631591657629553715e-01
8.164055201558281238e-01
7.334347214928623737e-01
7.403422799603720517e-01
8.008394312875944943e-01
8.760173834408712112e-01
1.053080910160187456e+00
1.164677502018981237e+00
1.159050686160657540e+00
1.054602354558769051e+00
9.744238885487419566e-01
9.271492650540379410e-01
8.699679935643220841e-01
8.114713654956283717e-01
7.505512206304625344e-01
6.925361382479811034e-01
6.423412568631460262e-01
6.034244274682222242e-01
6.087011903561218018e-01
6.410097449644824863e-01
6.703366515988335994e-01
6.818576395997734130e-01
6.692048641423320454e-01
6.577103518603641952e-01
6.211144733450510991e-01
5.765567664100827994e-01
5.222347938157577696e-01
4.946065877535382738e-01
4.636538113443590126e-01
4.352004229224989418e-01
4.094279953857973275e-01
3.856603365584113097e-01
3.653263699851645452e-01
3.492651227294650829e-01
3.371605454163738580e-01
3.280342540011643715e-01
3.206781806147182001e-01
3.139508227819323150e-01
3.070641609450690535e-01
2.992757197282089332e-01
2.901231594569316785e-01
2.793615340169540717e-01
2.725998714914337206e-01
2.666439722886916330e-01
2.591144838684200646e-01
2.501484182343229334e-01
2.399268632798508827e-01
2.286249142986166993e-01
2.165993288869487443e-01
2.099764213090427045e-01
2.210657498135959464e-01
2.255036132380907332e-01
2.241931674954669440e-01
2.183907159572660850e-01
2.090874345013734592e-01
2.001423109054020211e-01
1.977006702427934748e-01
1.937225716452667112e-01
1.879163048340999065e-01
1.798901570795346239e-01
1.694318386965968926e-01
1.707095246049208925e-01
1.734363627457495838e-01
1.751868525317044900e-01
1.757272546793125778e-01
1.749234762041327051e-01
1.728475843275608381e-01
1.695250923277299426e-01
1.651578092226912431e-01
1.598591490407286209e-01
1.538415825777506851e-01
1.472149513030847623e-01
1.400896958641705825e-01
1.364460384893450562e-01
1.335929916010555885e-01
1.302621022900838366e-01
1.265673885736867676e-01
1.226111058552496191e-01
1.184805239125368420e-01
1.142467329607416843e-01
1.099650067155278493e-01
1.057103881131268297e-01
1.015089557064567799e-01
9.809850450239743225e-02
9.565459190691183444e-02
9.233733515010009163e-02
9.378720187407502129e-02
9.492117468187631635e-02
9.543364154230947471e-02
9.535197563216822603e-02
9.467150068099133842e-02
9.342442739115533468e-02
9.156871517481868228e-02
8.919761129375027020e-02
8.629202765341795200e-02
8.294078181484138002e-02
7.967068655501416408e-02
7.605141446752902712e-02
7.212622036326403474e-02
7.116530168167915782e-02
7.026194935327119417e-02
6.932630427169073073e-02
6.834546082703486791e-02
6.735691208813612829e-02
6.630325957751358190e-02
6.517880159738384527e-02
6.398077766968289504e-02
6.271929233140433047e-02
6.142288161696801002e-02
6.005873125807267149e-02
5.863414009302878732e-02
5.715828104222604733e-02
5.564524984211385167e-02
5.413310498556064831e-02
5.270494573833612445e-02
5.189885292427590807e-02
5.105272311970295018e-02
5.019606679188916981e-02
4.931604461162858444e-02
4.841840936254017402e-02
4.751165770259071358e-02
4.660406942128612201e-02
4.570558944689051550e-02
4.483259939688422069e-02
4.397855249923493526e-02
4.314932650342729464e-02
4.234991438576796163e-02
4.188711845893100527e-02
4.193778937305323029e-02
4.182758042761612616e-02
4.159308210838779524e-02
4.121756805393586576e-02
4.071866821071459808e-02
4.011916729135650561e-02
3.940952908443532549e-02
3.859865396074553534e-02
3.769556337698400789e-02
3.802584019366742063e-02
3.883364731522116753e-02
3.957292845772249906e-02
4.024150779163768871e-02
4.083085384096128007e-02
4.134396899544100917e-02
4.176154738274489436e-02
4.210051716143628497e-02
4.232980806182465305e-02
4.246992020735695234e-02
4.249899488562133842e-02
4.241688137086392640e-02
4.223241800926945400e-02
4.192115431450339769e-02
4.151312527949411330e-02
4.097935523738970715e-02
4.034212703437944220e-02
3.959127948235904859e-02
3.874009185794829307e-02
3.778719480231280264e-02
3.674681920320893580e-02
3.561554138100778144e-02
3.441835407987699214e-02
3.314094585262336579e-02
3.208650170002966956e-02
3.109458446040203744e-02
3.005734060260667820e-02
2.897378803503214764e-02
2.784360179048783052e-02
2.669190228479246044e-02
2.612587078552091116e-02
2.625833817863505032e-02
2.671469757025233746e-02
2.716828451387664350e-02
2.755431975342865353e-02
2.788377089198115083e-02
2.814230555369907558e-02
2.833187082625151718e-02
2.845486977584840704e-02
2.853212423277492679e-02
2.855185609148585060e-02
2.851373022380617600e-02
2.842124759061094227e-02
2.828472839229367181e-02
2.811378796659392762e-02
2.789892057993997171e-02
2.764393167441615839e-02
2.735261447267010176e-02
2.703682790827062823e-02
2.669956017049172556e-02
2.633601647853964223e-02
2.594963628453845692e-02
2.554372070825945695e-02
2.512141690469905583e-02
2.469574982837926744e-02
2.426035433378318298e-02
2.381614146541260330e-02
2.336557658578983232e-02
2.291093935605139492e-02
2.245432315651614899e-02
2.199763623264551493e-02
2.154366009903642756e-02
2.109826814556460886e-02
2.065684442112007344e-02
2.022063234113919208e-02
1.979071439573108077e-02
1.936801925591990353e-02
1.895332941661335979e-02
1.854728926141975889e-02
1.815041344496734141e-02
1.776309549958613940e-02
1.738561658394106868e-02
1.701815429823550288e-02
1.666079149915355648e-02
1.641451040712305076e-02
1.617641913888371447e-02
1.594520080302645401e-02
1.572083587491819243e-02
1.550327187919245918e-02
1.529242587264731390e-02
1.508818688661228875e-02
1.489041832451885698e-02
1.469896031339620532e-02
1.451363200526979355e-02
1.433423382571055033e-02
1.416054966659003461e-02
1.399234901918857549e-02
1.382938904496124229e-02
1.367141657959915907e-02
1.351817006807763157e-02
1.336938142629797224e-02
1.322477782696721699e-02
1.308408340600354658e-02
1.294702088719453664e-02
1.281331312218802511e-02
1.268268454359818692e-02
1.255486252979423449e-02
1.242957867900158428e-02
1.230656999265373162e-02
1.218557996627843074e-02
1.206966667467315908e-02
1.216010691325748218e-02
1.224808124466451181e-02
1.233351189795627370e-02
1.241629538456722956e-02
1.249630472442756803e-02
1.257503834677949940e-02
1.265091965890005436e-02
1.272359624130456855e-02
1.279287166011808079e-02
1.285853887198190777e-02
1.292038303036252382e-02
1.297818427575547946e-02
1.303172048083114237e-02
1.308076992441967699e-02
1.312511387074713487e-02
1.316453903370238578e-02
1.319883990671436025e-02
1.322827571018251984e-02
1.325443172833007562e-02
1.327494395461910857e-02
1.328965293077615135e-02
1.329841595589136352e-02
1.330110840917643478e-02
1.329762488285595595e-02
1.328788012430656348e-02
1.327180978930056834e-02
1.324937100981868690e-02
1.322054278061593653e-02
1.318818945618370139e-02
1.314946741521350396e-02
1.310439165368896229e-02
1.305302332998510909e-02
1.299544506722179020e-02
1.293176043978531628e-02
1.286209333777028896e-02
1.278658721863780781e-02
1.270540425792161809e-02
1.261872440952117522e-02
1.252849407473109918e-02
1.243389157335725650e-02
1.233434573681185288e-02
1.223009330688783897e-02
1.212138343882224537e-02
1.200847644907859259e-02
1.189164254224900873e-02
1.177116052601409786e-02
1.164731652242747932e-02
1.152040268409973769e-02
1.139071592161455294e-02
1.125855664975324889e-02
1.112422755819083946e-02
1.098851939463373756e-02
1.085215271500959179e-02
1.071442226193457768e-02
1.057562876754326517e-02
1.043606992366435775e-02
1.029603939067162341e-02
1.015582585917249904e-02
1.001571216577839055e-02
9.875974466682794009e-03
9.736881468031430634e-03
9.598693715834397122e-03
9.461662944618656756e-03
9.326031486249846195e-03
9.192031737284672363e-03
9.059885686084437686e-03
8.929804497492864132e-03
8.801988154898184730e-03
8.676625158157704257e-03
8.553892276223069163e-03
8.433954352636193266e-03
8.320007055222089845e-03
8.299381090029355271e-03
8.278822003718357136e-03
8.258328778385832028e-03
8.237900417837621531e-03
8.217535946045597534e-03
8.197234405316885381e-03
8.176994854687837794e-03
