1.729503799392457519e-01
1.731881052687499478e-01
1.707473865264257096e-01
1.764826141337934862e-01
1.788898710969457351e-01
1.840738631283900806e-01
2.035111173296148268e-01
1.998116378270787807e-01
2.175647998233251057e-01
2.612675620992675474e-01
4.046551394286694303e-01
4.381680865390396029e-01
3.499194255279574062e-01
3.697102340978968282e-01
4.223070074532564444e-01
4.578457095659078657e-01
4.467378143889617070e-01
4.200133537153764030e-01
5.880489986810295555e-01
6.678378307382877299e-01
5.575270751156726767e-01
6.699506652141997698e-01
5.007343974398013042e-01
5.067581347129277436e-01
4.734914439522029395e-01
5.234703749149317575e-01
3.980357196773918194e-01
4.095697251227882196e-01
4.102132268907374146e-01
3.753331984608646588e-01
3.830931192763434856e-01
3.802056273292461208e-01
3.625964256209630032e-01
3.773140598187082473e-01
3.829119700241780944e-01
3.962983643895443553e-01
5.021319564775250655e-01
5.082070651255590210e-01
4.922229695340699651e-01
5.473892314400924386e-01
5.341718695465459410e-01
5.228437681805179205e-01
5.357373204527572375e-01
5.188810682320280643e-01
6.066863961057080701e-01
6.905015170038379946e-01
5.205655433056968207e-01
5.795929557699366352e-01
6.721254337461527451e-01
7.948820095356829984e-01
7.987083194063203662e-01
7.131894425502220969e-01
8.147610318469411528e-01
9.125839078082552680e-01
9.926702553314390443e-01
1.012074577574343826e+00
9.768010615255267037e-01
9.799184648076350035e-01
9.899542899732690637e-01
1.002004708048531922e+00
1.047399919974927762e+00
1.116154020967603966e+00
1.184931156110301087e+00
1.236375164029387186e+00
1.564269094500343682e+00
1.602712182838549992e+00
1.349102034797080130e+00
1.146813037086704234e+00
1.135006938785334318e+00
1.130365710498350662e+00
1.083129800219230221e+00
9.633976832414933300e-01
8.106386857295294623e-01
6.891352501898182492e-01
6.025410399824494556e-01
5.526791424735857383e-01
5.262959934001602003e-01
5.078683004928354894e-01
5.073351617917040146e-01
5.084353254805892286e-01
5.043032815914452183e-01
5.040261769675058456e-01
4.924438736805314409e-01
4.704699028753545620e-01
4.431284526620053454e-01
4.245287717773506553e-01
4.011734226489139243e-01
3.747471890548534357e-01
3.455911902590619311e-01
3.168130714926941649e-01
3.001191081079073730e-01
3.135462417671594504e-01
3.254013833197916816e-01
3.427651756835665697e-01
3.416288033643274380e-01
3.268764554940186695e-01
3.050078772446078723e-01
2.826601764126842053e-01
2.639232221834840741e-01
2.503449180940708341e-01
2.446004796236295464e-01
2.394369760392082713e-01
2.306778943608338850e-01
2.185778151138395853e-01
2.188515892121675743e-01
2.132441855375142581e-01
2.123249285422897925e-01
2.082171624520004483e-01
1.980941433797661078e-01
1.849641879393552346e-01
1.836017191061004583e-01
1.811997054805114804e-01
1.742329897337144551e-01
1.716860656343837110e-01
1.760404289377701104e-01
1.757805591021228686e-01
1.710137466583240284e-01
1.628826517847741517e-01
1.531049712947366304e-01
1.434115941726428201e-01
1.353833198016330952e-01
1.295646372084635622e-01
1.259796634003388371e-01
1.237827830744502866e-01
1.218605261847792720e-01
1.192581573755133462e-01
1.152630289156347521e-01
1.114603776682655811e-01
1.141390715591983906e-01
1.152838905175925382e-01
1.147379049053123129e-01
1.122749699458097938e-01
1.078917257741535823e-01
1.017085830049494211e-01
9.400185219978618445e-02
9.090230172585901658e-02
9.166801317508055380e-02
9.145829539289143661e-02
9.017097960506635645e-02
8.775745046232340252e-02
8.422917639713112248e-02
7.965588568703244055e-02
7.640693703527585978e-02
7.590047849043275729e-02
7.456974858308480780e-02
7.237148063579566803e-02
6.956282496386757830e-02
6.614274910362236137e-02
6.236760205214782887e-02
5.831174608341719440e-02
5.621600056634677017e-02
5.730131921331133721e-02
5.738156566298063116e-02
5.657984018030533940e-02
5.511372261074899692e-02
5.328284421844589613e-02
5.123376351855664368e-02
4.925166513968168291e-02
4.743126135548997313e-02
4.585431136929746937e-02
4.454767811140958322e-02
4.348002295155378033e-02
4.251772333721433317e-02
4.308033899326733918e-02
4.367235099490328343e-02
4.450020051151933748e-02
4.556760341161261718e-02
4.650227586045207334e-02
4.723568602812740214e-02
4.764482114889134062e-02
4.768448209648985109e-02
4.728011244661275980e-02
4.648027333052390936e-02
4.525065751831224004e-02
4.364697802800510812e-02
4.176658998383632471e-02
3.965882200099714316e-02
3.741192867441229392e-02
3.590354811180997835e-02
3.599294003322407037e-02
3.594452892347303058e-02
3.575746840250454417e-02
3.546596676640320633e-02
3.505315957170946489e-02
3.451466758505523924e-02
3.388546109391963462e-02
3.316142171829809804e-02
3.233910726155761473e-02
3.145463513885755208e-02
3.050371638072288394e-02
2.948810740384132101e-02
2.843241655992795325e-02
2.867823489652860172e-02
2.938898069822547254e-02
2.998186006403502288e-02
3.041513516958856481e-02
3.067589093192389996e-02
3.074796201195154760e-02
3.094534995236063873e-02
3.098286924722314095e-02
3.083871993815047799e-02
3.049092309228591813e-02
2.996609098708832852e-02
2.926436726144387643e-02
2.842380576120567826e-02
2.744278370862059807e-02
2.760945095284375247e-02
2.799418704471417010e-02
2.900515438698311049e-02
2.981196087499603936e-02
3.041060728379889680e-02
3.083180957088689847e-02
3.107158270460092658e-02
3.112040670632094941e-02
3.101240944691207799e-02
3.076501359235356281e-02
3.036938675525978001e-02
2.985266240436407204e-02
2.925179249195765732e-02
2.855356109584801169e-02
2.777555510273942152e-02
2.694933684222818732e-02
2.608665655640421063e-02
2.518776452544866512e-02
2.426576360719520306e-02
2.333231581338434876e-02
2.275154483397424238e-02
2.217199011220191696e-02
2.158049079781010002e-02
2.098168991513753995e-02
2.038806403103731249e-02
1.979680367885163980e-02
1.920726976964869104e-02
1.870429185699960806e-02
1.831121059865518236e-02
1.791166544317579837e-02
1.758199968535121421e-02
1.749299501891550535e-02
1.739583898961753056e-02
1.729120031277498262e-02
1.717961739700882631e-02
1.706151271368688480e-02
1.693720777468819133e-02
1.681314590689565042e-02
1.668348179625586680e-02
1.654794672635151107e-02
1.640661226527334593e-02
1.625951888748210922e-02
1.610668781999810215e-02
1.594813173288902111e-02
1.578386419685526287e-02
1.561390786766267240e-02
1.543830138755531226e-02
1.525710502201500091e-02
1.507040507277135170e-02
1.487881546880539738e-02
1.468647700046527699e-02
1.448888279628271492e-02
1.428624102413685558e-02
1.407879229234674373e-02
1.386680850528240402e-02
1.365059110257053898e-02
1.343046878130555420e-02
1.320679479894602479e-02
1.300853214564576601e-02
1.290446291738174718e-02
1.280061080290963681e-02
1.269693257410399803e-02
1.259339650118795374e-02
1.248998145302699508e-02
1.238667599906290162e-02
1.228347752115664139e-02
1.218039134117753809e-02
1.207742987095928103e-02
1.197461178884466973e-02
1.187196124736244855e-02
1.176950711519910570e-02
1.166728225622833126e-02
1.156532284781810332e-02
1.146366773952980748e-02
1.136235785363522502e-02
1.126143562762822910e-02
1.116094449911497408e-02
1.106092843250702958e-02
1.096143148724997712e-02
1.086249742646507033e-02
1.076416936506678287e-02
1.066648945602574096e-02
1.056949861316168471e-02
1.047323626912028370e-02
1.037774016661566386e-02
1.028304618117745727e-02
1.018918817371630876e-02
1.009619787076184404e-02
1.000410477085249966e-02
9.912936074701519940e-03
9.849426866626161126e-03
9.852094110528055934e-03
9.847491063718613602e-03
9.835683614037598124e-03
9.817612464476809311e-03
9.794621544040087169e-03
9.764784040347241484e-03
9.728264700023752862e-03
9.685248437597895887e-03
9.635937607252779979e-03
9.580549419120161156e-03
9.519313508567555857e-03
9.494806141996147211e-03
9.469112684245974132e-03
9.434723112679295476e-03
9.391899391149987827e-03
9.340925749740833575e-03
9.282105520488121916e-03
9.215758158049194501e-03
9.142216450823052384e-03
9.061823925235093502e-03
8.974932443547514391e-03
8.883711096237791038e-03
8.787880979615738872e-03
8.686521645636057637e-03
8.579995141678583778e-03
8.468663136875340461e-03
8.352885546935195915e-03
8.233019306695316120e-03
8.109417281207327230e-03
8.052715205859557052e-03
8.046051232626768787e-03
8.036506736844063747e-03
8.024140194311983956e-03
8.009012150289131216e-03
7.991184900619278941e-03
7.970722207607024851e-03
7.947689047857945874e-03
7.922151389847326836e-03
7.894175998041666475e-03
7.863830261748331815e-03
7.831182045519663459e-03
7.796299559421846111e-03
7.759251246573676403e-03
7.720105685832158969e-03
7.678931507964232260e-03
7.636321732159724943e-03
7.592643520067053273e-03
7.547113921481953501e-03
7.499800457947117770e-03
7.450770488017519413e-03
7.400091166733314789e-03
7.347829408173187256e-03
7.294051851377444419e-03
7.238824827519848258e-03
7.182214328743881208e-03
7.124285977503273803e-03
7.065104996037161605e-03
7.004736175880450950e-03
6.943243846621480371e-03
6.880691844398454347e-03
6.817143479025437706e-03
6.752661500821918739e-03
6.687308066014916071e-03
6.621144701367594892e-03
6.554232268278999823e-03
6.486630925584254380e-03
6.418400092042851959e-03
6.349598408349364440e-03
6.281051292480435873e-03
6.212043773679218339e-03
6.142603736283349346e-03
6.072786628080049064e-03
6.002646953848495351e-03
5.932238237358409237e-03
5.861612983808622661e-03
5.790822643381061258e-03
5.719917576294451106e-03
5.648947018927993370e-03
5.577959051808831920e-03
5.507000569105780473e-03
5.436117249994529277e-03
5.365353532387831526e-03
5.294752588116843212e-03
5.224356301086286423e-03
5.177241616885696132e-03
5.144461375781236336e-03
5.111981244030994881e-03
5.079798797858886550e-03
5.047911691426021884e-03
5.016317649601282659e-03
4.985014460925225356e-03
4.953999971028722436e-03
4.923272076374671583e-03
4.892828718217149923e-03
4.862667876970737553e-03
4.832787566970891090e-03
4.803185831255556322e-03
4.773860737089817563e-03
4.744810371357967294e-03
4.716032836521684597e-03
4.687526246753632303e-03
4.659288724364214589e-03
4.631318396522710219e-03
