2.768253856641019750e-01
2.776289203921015192e-01
2.785415906698738286e-01
2.800720553556493297e-01
2.811190091389772494e-01
2.809276479274216975e-01
3.123007671629872140e-01
3.189222138167300269e-01
3.879619346566835492e-01
3.620098196989105510e-01
3.616551636289354610e-01
4.481877178016699381e-01
5.772852746971784965e-01
4.839920459007316378e-01
7.381976817008311098e-01
8.250232333088025616e-01
6.429695429681487884e-01
5.457684089737286914e-01
5.301175912290868597e-01
6.239128061588360419e-01
6.956512198276603165e-01
6.651395197651857050e-01
6.790311272005488119e-01
7.001619210473243315e-01
8.924109986660583305e-01
8.239164206560065651e-01
7.241956626707432010e-01
9.901868210916343616e-01
9.560018018882072699e-01
9.802532445618477031e-01
1.098897550822991009e+00
1.287672921561263895e+00
1.183183311517106207e+00
1.019777813739273675e+00
1.204793142268365980e+00
1.607237687376767310e+00
1.609536868451833858e+00
1.703215886261002732e+00
1.509202817308459066e+00
1.543092941276059005e+00
1.579867801874956790e+00
1.492357873865595819e+00
1.590337702656529073e+00
1.752269032574302221e+00
1.856857159197637941e+00
1.799789768161319969e+00
1.524831170334232988e+00
1.297154380439831112e+00
1.262723799251477041e+00
1.272545334489983970e+00
1.192765193851204719e+00
1.153745257773005406e+00
1.227932174189086734e+00
1.098194227145111057e+00
9.742340631052139877e-01
8.392838555570668602e-01
7.223431530459062389e-01
7.347767416575866628e-01
7.257242861657020594e-01
5.992089675638067048e-01
5.613899522683984955e-01
5.122083778487016570e-01
5.407107438119058695e-01
5.024426988554094864e-01
4.520342436404176101e-01
4.162289572501511326e-01
4.097536763642921076e-01
4.248553763162377650e-01
4.517641445678747814e-01
4.640651613563909761e-01
4.292235427384919477e-01
4.007897778824757173e-01
3.865776512344858973e-01
3.793538210300165248e-01
3.520214464578342861e-01
3.152109544813629927e-01
2.794348800654298803e-01
2.640935422240321406e-01
2.553025539465846872e-01
2.483615377318863227e-01
2.462266588625167119e-01
2.536318663128082629e-01
2.358834485768229738e-01
1.998121267568175874e-01
1.718701160060549793e-01
1.604890339870653493e-01
1.593689289411896748e-01
1.568252060257860070e-01
1.538563677946222508e-01
1.504539603056051777e-01
1.466913644361068358e-01
1.426505036545192284e-01
1.384543880447191289e-01
1.343877070120134964e-01
1.302563625833182137e-01
1.261550114549465362e-01
1.221349050020614224e-01
1.181877584986812946e-01
1.142507797354565258e-01
1.103273062222774464e-01
1.063285252998824731e-01
1.020643885058573758e-01
1.004064342309965024e-01
9.990506512976654596e-02
9.716685194919423563e-02
9.801921845744988870e-02
1.022125454558223678e-01
1.035560061193269016e-01
1.023485580105587128e-01
9.911063367886338571e-02
9.486762835941926764e-02
8.981551322112255042e-02
8.470796148022952110e-02
8.141806018282077284e-02
8.104068221935444016e-02
8.058939417511683245e-02
8.020106525470409309e-02
7.963205940102838221e-02
7.878554007685484306e-02
7.772414407932534686e-02
7.622614602695555741e-02
7.413979891917717169e-02
7.154844891462285028e-02
6.832985101476732326e-02
6.441974633942559869e-02
5.996305899444828030e-02
5.510040622700543289e-02
5.058667990844345486e-02
4.834085801393707416e-02
4.553382815378928528e-02
4.539297199470856276e-02
4.568650089326959512e-02
4.591103301573608297e-02
4.604885743700532635e-02
4.608755289032311769e-02
4.602003244369244628e-02
4.584424588273268431e-02
4.556262007517110357e-02
4.518132397677993711e-02
4.474512277420222145e-02
4.422835663923937316e-02
4.364216825307695724e-02
4.299920840218902224e-02
4.231218555321770297e-02
4.159335501680345992e-02
4.085413029117558603e-02
4.010481089195028215e-02
3.935441467883044053e-02
3.861059893494679651e-02
3.787965285656953729e-02
3.716654420456270286e-02
3.647500417964857217e-02
3.580763666644642962e-02
3.516604046787216720e-02
3.455093571704671851e-02
3.396228808674808114e-02
3.339942656518130742e-02
3.286115235449010852e-02
3.234583783681640318e-02
3.185151556029999775e-02
3.137595785410288163e-02
3.091674804677668406e-02
3.047134439292847191e-02
3.003713777573361471e-02
2.961150410012995324e-02
2.919185207848265171e-02
2.877566687452477387e-02
2.836054984577793953e-02
2.794425443008183643e-02
2.752471807290354441e-02
2.710008999314823808e-02
2.666875453826268380e-02
2.622934987988817176e-02
2.578078184116320767e-02
2.532223271973576065e-02
2.485316506442689088e-02
2.437332047084961317e-02
2.388918148381608680e-02
2.339668030020293499e-02
2.289371664437063469e-02
2.238099363581008694e-02
2.185942796371312738e-02
2.149871368692279211e-02
2.173457942327761822e-02
2.188049644822406131e-02
2.193235697531382977e-02
2.190484200925443131e-02
2.177074562748414210e-02
2.152901304027678847e-02
2.144849166779129804e-02
2.147169139770994939e-02
2.136228457594832944e-02
2.112107572355828231e-02
2.075219917068312284e-02
2.026282438767525867e-02
1.966339127578107041e-02
1.899217183771775841e-02
1.871746266832910455e-02
1.866128476164162150e-02
1.859101098954347303e-02
1.850696661779534236e-02
1.840957353029521945e-02
1.829933914667217915e-02
1.817684515173420556e-02
1.804273622422681092e-02
1.789770893254356843e-02
1.774250094398104050e-02
1.757788067287723716e-02
1.740463747219661919e-02
1.722357245262884709e-02
1.704218030478772336e-02
1.685442521264055027e-02
1.666090087135579587e-02
1.646237886799997718e-02
1.625960964890199936e-02
1.605331768350738708e-02
1.584419737925418792e-02
1.563290972002616408e-02
1.542007959340813139e-02
1.520629376613156884e-02
1.499209946242974732e-02
1.477800349730042963e-02
1.456447191406364840e-02
1.435193007510880345e-02
1.414076315466129656e-02
1.393131698249027058e-02
1.372389918999813822e-02
1.351878061085751669e-02
1.331619689166657107e-02
1.311635027040088629e-02
1.291941148340604133e-02
1.272552176508705106e-02
1.253479490721044233e-02
1.234731934878763662e-02
1.216316026984411505e-02
1.198236166615894785e-02
1.180494838518549722e-02
1.163092810572179114e-02
1.146029324748082216e-02
1.129302279851114761e-02
1.112908405143916632e-02
1.096843424145318123e-02
1.081102208091872137e-02
1.065678918743734500e-02
1.050567140368505528e-02
1.035760000889101445e-02
1.021250282293330487e-02
1.007030520502313724e-02
9.930930950207989688e-03
9.794303087138966912e-03
9.660344581496272537e-03
9.528978949922824876e-03
9.400130789454555144e-03
9.289135463022854880e-03
9.212730939182919507e-03
9.137015764881298990e-03
9.061993978805497549e-03
8.987666358986769188e-03
8.914030839066850592e-03
8.841082897743893221e-03
8.768815921421780138e-03
8.697221540085117025e-03
8.626289936875681727e-03
8.556010131776174352e-03
8.486370240359093764e-03
8.417357708195700311e-03
8.348959522028857189e-03
8.281162398747281619e-03
8.213952953158184384e-03
8.147317845878906256e-03
8.081243912289324052e-03
8.015718274048571831e-03
7.950728434041091919e-03
7.886262356201172510e-03
7.822308531226450021e-03
7.758856029425282262e-03
7.695894541758382078e-03
7.641217533183065035e-03
7.624589992078724052e-03
7.601851911554481818e-03
7.573186153404805332e-03
7.538798999944369694e-03
7.498917605746498877e-03
7.453787472835548406e-03
7.403669963691769489e-03
7.348839865596505302e-03
7.289583018554019085e-03
7.226194019014670934e-03
7.158974009416445294e-03
7.088228563733339760e-03
7.014265676942355900e-03
6.937393865646446049e-03
6.857920385915633639e-03
6.776149572696817461e-03
6.692381304939407777e-03
6.606909597672303361e-03
6.537221035141536560e-03
6.483620309478682099e-03
6.430422019742635352e-03
6.377627447895578561e-03
6.325238016096057167e-03
6.273255258610451780e-03
6.221680794998294892e-03
6.170516304755381543e-03
6.119763503316566662e-03
6.069424119506339199e-03
6.019499874513809662e-03
5.969992462283670899e-03
5.920903531358467572e-03
5.872234668230339599e-03
5.823987382069596534e-03
5.776163090813744502e-03
5.728763108692437427e-03
5.681788634981558769e-03
5.635240744097334657e-03
5.589120376818686002e-03
5.543428332787804676e-03
5.498165264013524754e-03
5.453331669509317407e-03
5.408927890911303937e-03
5.364954108999871532e-03
5.321410341167262352e-03
5.278296439715501887e-03
5.235612090848006800e-03
5.193356814528160732e-03
5.151529964852889602e-03
5.110130731146736091e-03
5.069158139595574507e-03
5.028611055380689289e-03
4.988488185302626665e-03
4.948788080804815068e-03
4.909509141411100112e-03
4.870649618492034830e-03
4.832207619312561125e-03
4.794181111367152269e-03
4.767022130506184084e-03
4.745849501737016418e-03
4.724589567489642476e-03
4.703248835018159803e-03
4.681833779814111550e-03
4.660350834617756587e-03
4.638806379212922874e-03
4.617206730807705585e-03
4.595558135231610219e-03
4.573866758751134187e-03
4.552138680443505205e-03
4.530379885386595813e-03
4.508596258323856361e-03
4.486793577964505453e-03
4.464977511830899894e-03
4.443153611624534906e-03
4.421327309219172906e-03
4.399503913009086657e-03
4.377688604817338812e-03
4.355886437231017670e-03
4.334102331385634478e-03
4.312341075070942435e-03
4.290607321382918643e-03
4.268905587515556092e-03
4.247240254136689340e-03
4.225615564870569864e-03
4.204035626229385252e-03
4.182504407688629466e-03
4.161025742196609346e-03
4.139603326782194566e-03
4.118240723397337266e-03
4.096941360066539729e-03
4.075708532142707438e-03
4.054545403759918405e-03
4.033455009426134379e-03
4.012440255835842892e-03
3.991503923688289462e-03
3.970648669785368026e-03
3.949877029074656820e-03
3.929191416921256480e-03
3.908594131342315973e-03
3.888087355433884722e-03
3.867673159790963305e-03
3.847353504943544847e-03
3.827130243965580578e-03
3.807005124986196330e-03
3.786979793808840054e-03
3.767055796492640128e-03
3.747234582044032224e-03
3.727517504992026564e-03
3.707905828084855082e-03
3.688400724871790728e-03
3.669003282362725757e-03
3.649714503647287587e-03
3.630535310443714411e-03
3.611466545768135354e-03
3.592508976367842378e-03
3.573663295338806289e-03
3.554930124539684971e-03
3.536310017106099931e-03
3.517803459851066850e-03
3.499410875608767457e-03
3.481132625621339953e-03
3.462969011826078948e-03
3.444920279081648169e-03
