5.233935970719085784e-01
5.248459973406179868e-01
5.310982142239818460e-01
5.277670870640649436e-01
5.315105428673256860e-01
5.330731326585066432e-01
5.371647691816355819e-01
5.435032264538804947e-01
5.429278429845971754e-01
7.051356135674896608e-01
1.043287971384599500e+00
7.500080143918556042e-01
8.254245188565857427e-01
7.675416683376492522e-01
8.226515291740705837e-01
9.531815609641095532e-01
1.240564482662592560e+00
1.074355600747927353e+00
1.109048971186888277e+00
1.294628796793739767e+00
1.606601134683529608e+00
1.294628704252521523e+00
1.794082993801099590e+00
1.663636121384826083e+00
1.564126320501198819e+00
1.645854876820655344e+00
1.736572446673252168e+00
1.657847552540463898e+00
1.770906225685237700e+00
1.811275606161804941e+00
1.718941442290828236e+00
1.164643808886515197e+00
1.016945834835853546e+00
1.050389297633288699e+00
1.087909836995594182e+00
1.384043136599752533e+00
1.188543667198302511e+00
1.356805925650048872e+00
1.496291128553624894e+00
1.470831210579533366e+00
1.438091446399587081e+00
1.726804382902729751e+00
1.636262475518243775e+00
1.503267102036706770e+00
1.852533670803272692e+00
2.186748918861328939e+00
1.923420528928261986e+00
1.838045345389064833e+00
1.825997540678184095e+00
1.729949475207310350e+00
1.784109044531801969e+00
1.959528886169087158e+00
2.193529756204484205e+00
2.356574712307899500e+00
2.241215733683875833e+00
2.163044392353538736e+00
2.335558005716536378e+00
2.495630478982612921e+00
2.599213539527679639e+00
2.748266959202399384e+00
3.119323461440616896e+00
3.267223650995803030e+00
3.207336462279346989e+00
2.974720796383563570e+00
2.751502517554093696e+00
2.457806554220272055e+00
2.425635177012049670e+00
2.438550800092277981e+00
2.464145299592359173e+00
2.490628314121660747e+00
2.498946823408751072e+00
2.494178873845939393e+00
2.482228764664200504e+00
2.480421231235930168e+00
2.508575804286397037e+00
2.569128013325743698e+00
2.678575867715284886e+00
2.805625763643941006e+00
2.927398481359006155e+00
3.062120238231676783e+00
3.332218373279786761e+00
3.445711894654623020e+00
3.420889818950914929e+00
3.321940968272936168e+00
3.116519402409585027e+00
2.822177017439011948e+00
2.531530959953699256e+00
2.204041906705753284e+00
1.961211853579615694e+00
1.803865484329137736e+00
1.643085704449143369e+00
1.484637269021587880e+00
1.345412373885146673e+00
1.236942818852009962e+00
1.139337020958155033e+00
1.051433375226420441e+00
9.771130684933425625e-01
9.134068626298667004e-01
8.592065322039362796e-01
8.135006060931671001e-01
7.738985404814568980e-01
7.381868534265961790e-01
7.049863106115588085e-01
6.743973922340102956e-01
6.448737168035731937e-01
6.286679360636353575e-01
6.133538325895631083e-01
5.994109478285077897e-01
5.863152649524209226e-01
5.737164209722572794e-01
5.615280970466443033e-01
5.504671102122342674e-01
5.393633575534575453e-01
5.279322676467256281e-01
5.168240790416130936e-01
5.048596735810955138e-01
4.919604742972107925e-01
4.783694905422939958e-01
4.680289231523476201e-01
4.591150782691331700e-01
4.451405822824812120e-01
4.262144545261767337e-01
4.189230600222001444e-01
4.135756866065611881e-01
4.066855334106366793e-01
3.988054042611196004e-01
3.896348354139663739e-01
3.793372578696332931e-01
3.681918494876981196e-01
3.559530747247783289e-01
3.531690939037646637e-01
3.645344475900569314e-01
3.690170681927181784e-01
3.659872098764603843e-01
3.561961930425487921e-01
3.451402441311037794e-01
3.307194659994899810e-01
3.138743037799730518e-01
2.973617924937473345e-01
2.833129953443861426e-01
2.683572885160244170e-01
2.530757918335487244e-01
2.446197972835681411e-01
2.408365968243423860e-01
2.360242294325638757e-01
2.307235257256870231e-01
2.248111177168495012e-01
2.184285745462067052e-01
2.118604748160060336e-01
2.082565438260320922e-01
2.131061979260465145e-01
2.170157163008251400e-01
2.195835308192831403e-01
2.200594234706497176e-01
2.180422565998093587e-01
2.132437329184699581e-01
2.066081520971807528e-01
2.061896296527794270e-01
2.051860701762136252e-01
2.035559696856490131e-01
2.012682970076707656e-01
1.984985269100069394e-01
1.953907411887569057e-01
1.918636980984400053e-01
1.880572516347307210e-01
1.841281110870514048e-01
1.799600644403910321e-01
1.756676403352809279e-01
1.713169360546597797e-01
1.702658511533422236e-01
1.715739394078613922e-01
1.720453106250903197e-01
1.716287726445206441e-01
1.702847130038686041e-01
1.682334487664581824e-01
1.652761705842998308e-01
1.615809839870421261e-01
1.571419853651246923e-01
1.520546987835305341e-01
1.463437194488881044e-01
1.437480121812765299e-01
1.433769297459573933e-01
1.428113541663049157e-01
1.420242336684590934e-01
1.409629920029143446e-01
1.396901813418177096e-01
1.382507330747934360e-01
1.365765231767100962e-01
1.346891284582812098e-01
1.326967290399686528e-01
1.305668647199387522e-01
1.282915160650576480e-01
1.258968620586909670e-01
1.234287308463398042e-01
1.209573230304829133e-01
1.184319092850969340e-01
1.158735232143825317e-01
1.133008832794710485e-01
1.107301862819283916e-01
1.081750037917158652e-01
1.056951709576363779e-01
1.032498050928804395e-01
1.008406545414375771e-01
9.847193100634932250e-02
9.614585590853647057e-02
9.386293370684013759e-02
9.162224567195759173e-02
8.942175228562217193e-02
8.725859367538379985e-02
8.512937891341906815e-02
8.329229102207182101e-02
8.253154502617550403e-02
8.179372607901298775e-02
8.107354936438940229e-02
8.036835013015738993e-02
7.967505210093288326e-02
7.899027313723588906e-02
7.831042765288914742e-02
7.763182403669896536e-02
7.695075563985409595e-02
7.626788530820446943e-02
7.559344180443346162e-02
7.490607117247329028e-02
7.420271432938196909e-02
7.348061451045483083e-02
7.412728777688060156e-02
7.572378272308098734e-02
7.724146240275883701e-02
7.859832244746464691e-02
7.980483324382663113e-02
8.080681709929112000e-02
8.157668394557705815e-02
8.210997916365561644e-02
8.237246436513667724e-02
8.236153497585846361e-02
8.208025925830773895e-02
8.149406949060640504e-02
8.066907221438723852e-02
7.955017085730087256e-02
7.818866653425203539e-02
7.659252979987921095e-02
7.476175286981087686e-02
7.385222482893656626e-02
7.353429902305527732e-02
7.304860482481337347e-02
7.238952668483335240e-02
7.161781271079567524e-02
7.069902055541338326e-02
6.966472290055768235e-02
6.855308006746047012e-02
6.739402175141485929e-02
6.711795010513789406e-02
6.668994067332369158e-02
6.613249400126494648e-02
6.548395811664693700e-02
6.474484405672020770e-02
6.395799945755051286e-02
6.312931405370122984e-02
6.227593247621830697e-02
6.143584305742013502e-02
6.059625391409183270e-02
5.978186994706865404e-02
5.901632012582055942e-02
5.828637210730926860e-02
5.759893993025675535e-02
5.696997868167521378e-02
5.640003708924331421e-02
5.587627882207855945e-02
5.539606669425908153e-02
5.495497410403939187e-02
5.456724947484082461e-02
5.420693827896516659e-02
5.386514941568677772e-02
5.353369463875383427e-02
5.321293635546789358e-02
5.290016116312672156e-02
5.257319485044571750e-02
5.234481309760519868e-02
5.222867875679725047e-02
5.202599177610538889e-02
5.173419431788285616e-02
5.135134069794047851e-02
5.087597585343019146e-02
5.030714354671510236e-02
4.964462788083257028e-02
4.888916129839022962e-02
4.804249140810232938e-02
4.710733787750227136e-02
4.608722747460266417e-02
4.526885842056421055e-02
4.463218071025720074e-02
4.478280101596544133e-02
4.486755065374015139e-02
4.487892366040420467e-02
4.481467627816659860e-02
4.467219633427839398e-02
4.444907771172879052e-02
4.415799162094418556e-02
4.379454813145716718e-02
4.335636369160514314e-02
4.286855108469294490e-02
4.231034728814699053e-02
4.171337097791813497e-02
4.105690436030967616e-02
4.037161110907339090e-02
3.963611146209858327e-02
3.888328611232160642e-02
3.809085083285768808e-02
3.728369733008152914e-02
3.645015972899429829e-02
3.617565340348694730e-02
3.601864791424028850e-02
3.584386466526996023e-02
3.566580208650927536e-02
3.547103728520625832e-02
3.526096154606628286e-02
3.504772864494443835e-02
3.482520883338221379e-02
3.458937492381359419e-02
3.434050735683700367e-02
3.408769830969747561e-02
3.382697174135874951e-02
3.355245181949909755e-02
3.326366195157566541e-02
3.296000577731053593e-02
3.265267019727258191e-02
3.233060664665044631e-02
3.199123322790197593e-02
3.163378974584939163e-02
3.125754749356307594e-02
3.086871685527839415e-02
3.046557321906735380e-02
3.004157977996385273e-02
2.959635834368129492e-02
2.912966894528839015e-02
2.864142362363263777e-02
2.813902829481076950e-02
2.761910103651487799e-02
2.707791360946223622e-02
2.658116930096000169e-02
2.645789511568575475e-02
2.647089081845134875e-02
2.648492854280384140e-02
2.649961742132072792e-02
2.651457809273959076e-02
2.652944356855913705e-02
2.654385999910623475e-02
2.655748733926032584e-02
2.656999992210213810e-02
2.658108693971217643e-02
2.659045283946197616e-02
2.659781763710182892e-02
2.660291715263561271e-02
2.660550317253945751e-02
2.660534354322377504e-02
2.660222219905677976e-02
2.659593913094823736e-02
2.658631029773534868e-02
2.657316748577994228e-02
2.655635812085186884e-02
2.653574503613781790e-02
2.651120619896259537e-02
2.648263440230310545e-02
2.644993692316079462e-02
2.641303515104527835e-02
2.637186419101660712e-02
2.632637244407770929e-02
2.627652116727764373e-02
2.622228401715582732e-02
2.616364657954094869e-02
2.610060588690685940e-02
2.603316992798005922e-02
2.596324895737091992e-02
2.588958775826508477e-02
2.581160227499420048e-02
2.572933592107294262e-02
2.564284068773008129e-02
2.555217664440628464e-02
2.545741144341400614e-02
2.535861982934466824e-02
2.525588315468295722e-02
2.514928890365146497e-02
2.503893022381101924e-02
2.492490546738366369e-02
2.480731774323033378e-02
2.468627447948112605e-02
2.456188699837807965e-02
2.443427010281650283e-02
2.430354167637639035e-02
2.416982229569995116e-02
2.403323485725163133e-02
2.389390421731711969e-02
2.375195684616260641e-02
2.360752049610902875e-02
2.346072388421548485e-02
2.331169638848840445e-02
2.316056775942448159e-02
2.300746784436429049e-02
2.285252632683043572e-02
2.269587247938666813e-02
