6.234772618977794112e-01
6.286676867727929441e-01
6.374423459008545789e-01
6.512221309028173311e-01
6.663297592543603320e-01
6.968907966679438459e-01
7.990186465229202062e-01
8.970692483994664457e-01
9.130614604506727128e-01
1.275265870471225860e+00
1.425907449648438741e+00
1.240574471959438041e+00
1.620281379939193966e+00
1.742521471642308750e+00
1.654774805795831361e+00
1.556039328973946922e+00
1.480632505471833227e+00
1.281327148351510958e+00
1.876181255194807829e+00
2.178445596303614895e+00
1.625823361738830242e+00
1.885445874714123393e+00
2.007939881840666629e+00
2.332384475050872208e+00
2.104515095497199617e+00
2.172445264133700871e+00
2.273382755712406222e+00
2.633266645320989419e+00
2.915976117698655390e+00
3.251340094382231705e+00
3.294526216541139974e+00
4.163387584182176582e+00
4.591265773722683186e+00
4.958748385953883897e+00
4.694161592860546683e+00
4.288592324453328608e+00
3.773841569232330162e+00
4.649389857150948657e+00
4.976946130196745699e+00
4.026932601170558179e+00
4.741446236751211352e+00
5.659190679641534771e+00
5.225142538725910946e+00
4.304879440595005491e+00
4.522650589876842098e+00
5.209749541829876485e+00
5.312027362181916956e+00
4.530711712025537352e+00
3.367638989879820688e+00
2.517377575368490383e+00
1.871322001649037059e+00
1.493740994670835098e+00
1.318900933918457641e+00
1.230238604116990819e+00
1.152299356012282727e+00
1.056800905509925670e+00
9.875578927479637947e-01
9.902266063058376977e-01
1.038147829894316754e+00
1.043543642250597481e+00
9.881597390135381520e-01
9.049195762180394231e-01
8.963395005002672278e-01
8.660497807134930337e-01
7.899075856882318281e-01
7.387910762554726896e-01
6.826541148774418755e-01
6.438866385274401027e-01
6.128312459415358182e-01
5.786922083158910768e-01
5.470706739800759166e-01
5.172245078365865778e-01
4.866349892294525858e-01
4.568666045179185509e-01
4.451972327008388852e-01
4.303160110076564293e-01
4.131506120431573947e-01
3.962714881226309105e-01
3.798373692097829490e-01
3.648290958367301773e-01
3.516814017702002970e-01
3.402876245230678220e-01
3.418617535750290148e-01
3.439870096179794556e-01
3.388204344783947719e-01
3.270698352923301355e-01
3.091838054816259396e-01
2.872661023880691555e-01
2.767809779432319761e-01
2.672242116453016347e-01
2.575500654804020462e-01
2.479176804181480731e-01
2.387009643875787346e-01
2.297898309317954468e-01
2.213855569784732580e-01
2.136803380653250484e-01
2.068340564759945377e-01
2.009526600878822900e-01
1.960726359344034664e-01
1.921545712865146138e-01
1.890867477144063669e-01
1.866977328029964522e-01
1.847754598248908808e-01
1.830895258356181887e-01
1.814133926994835888e-01
1.795436968113920395e-01
1.773147428262148440e-01
1.746072479771661190e-01
1.713513275383673207e-01
1.676611718891103109e-01
1.635508988068924419e-01
1.589215337884903601e-01
1.538431554759455699e-01
1.484018685653555880e-01
1.426913915133038446e-01
1.368061145563974068e-01
1.308359305081852608e-01
1.248628688607735515e-01
1.211271274849690383e-01
1.198274680187469687e-01
1.209199572491641839e-01
1.273019183007415844e-01
1.323470673533912179e-01
1.359905029221818995e-01
1.379134965992031836e-01
1.382292108328439517e-01
1.373588822486402905e-01
1.350512840430683759e-01
1.315241445623760441e-01
1.273754719053302731e-01
1.225220204040828043e-01
1.175536552173438443e-01
1.146766974530937233e-01
1.117991784413232131e-01
1.091016990289937344e-01
1.066563554785104062e-01
1.044706614160340052e-01
1.025834055400783734e-01
1.010023565599234285e-01
9.970566858348339778e-02
9.864492092007504098e-02
9.987342740602059288e-02
1.014469607078158642e-01
1.029818397602756119e-01
1.042995625633336004e-01
1.052074478874176905e-01
1.057043467094568451e-01
1.056911846286313211e-01
1.049027374039606525e-01
1.035356028293098474e-01
1.012530855616592951e-01
9.824548688938372631e-02
1.004825600090777926e-01
1.024643822869541199e-01
1.038521483016585645e-01
1.046885163308309136e-01
1.049275359033629701e-01
1.044242778497847662e-01
1.031686146906959367e-01
1.012339028981918965e-01
9.875056233982550113e-02
9.559664972329415256e-02
9.183854340945796224e-02
8.755730235603306766e-02
8.287468653746540848e-02
8.257586210406163418e-02
8.240683505380917706e-02
8.208723347396622294e-02
8.152438180485586938e-02
8.072108362686847283e-02
7.968282706715093533e-02
7.845764316938447225e-02
7.707964748267161215e-02
7.549201706216814023e-02
7.546469601387902071e-02
7.558088122470377201e-02
7.553892997391307984e-02
7.537926043467592374e-02
7.510781908473299073e-02
7.468702725969381118e-02
7.412179333274590554e-02
7.341781707218858477e-02
7.258148094137434336e-02
7.161974450371132173e-02
7.054004284540509040e-02
6.935018976001505742e-02
6.805828628394020030e-02
6.669208588639867485e-02
6.528144040023482753e-02
6.379021972167443766e-02
6.222682441678536319e-02
6.059960228684331540e-02
5.891679234526151637e-02
5.875838427950623444e-02
5.913187134346353790e-02
5.937875018467342336e-02
5.950245320846331287e-02
5.950692742032569205e-02
5.939656616259387373e-02
5.917614350814898866e-02
5.885075166740599828e-02
5.847615058763266233e-02
5.883836301612668102e-02
5.893310449164844422e-02
5.876477414055485821e-02
5.834083594964360742e-02
5.767146668441081037e-02
5.676919849107013583e-02
5.567897098601591599e-02
5.442644155272866047e-02
5.298477957027235286e-02
5.137207397194473724e-02
4.960717515640487851e-02
4.810770001511713995e-02
4.695474652369523161e-02
4.578757856400358234e-02
4.473051170885734146e-02
4.483943593267662731e-02
4.490272008666140041e-02
4.494534118931729771e-02
4.494318619965150668e-02
4.489809445053289522e-02
4.481193120262568635e-02
4.468657790091714460e-02
4.452392323646207906e-02
4.432585498450745259e-02
4.409425258706290568e-02
4.383098044729958481e-02
4.353788190191675012e-02
4.321677383625787544e-02
4.286944190730411497e-02
4.249763633947273994e-02
4.210306825779468881e-02
4.168740652426837501e-02
4.125227504365532039e-02
4.079925050529679270e-02
4.032986052922104409e-02
3.985553860246249247e-02
3.937481864726923714e-02
3.888121100893655174e-02
3.837604884785598969e-02
3.786061314573382214e-02
3.733613252949549016e-02
3.680378331793095203e-02
3.626468976824728102e-02
3.571992450255432466e-02
3.517050909396348540e-02
3.461741479431685448e-02
3.406156338605389328e-02
3.350382814272605952e-02
3.294503488329703078e-02
3.238596310598704231e-02
3.182734718959272235e-02
3.126987765056439550e-02
3.071420244505898914e-02
3.016092830569498326e-02
2.961062210564742447e-02
2.906381223937696406e-02
2.852099001599029196e-02
2.798261105563562903e-02
2.744909668434967337e-02
2.692083532241098739e-02
2.641837377723358499e-02
2.656233575803068625e-02
2.663970798523130484e-02
2.665313140089720090e-02
2.660552043624924909e-02
2.650001867804578984e-02
2.633995662110046737e-02
2.612881168293622672e-02
2.587017061233564535e-02
2.556769438708862696e-02
2.524151212377646197e-02
2.487826190651621847e-02
2.448136450508795608e-02
2.405445979737371939e-02
2.360113214911615381e-02
2.312488998950627817e-02
2.262914775335200454e-02
2.242803190671172411e-02
2.244833127525710376e-02
2.243768302100169684e-02
2.239768790761590550e-02
2.232999053771823894e-02
2.223626704138089230e-02
2.211821362771363916e-02
2.197753599051168252e-02
2.181593955715642116e-02
2.163512056264305788e-02
2.143675792692366008e-02
2.122682860995021500e-02
2.100581168493021247e-02
2.077166033758096747e-02
2.052591831071306008e-02
2.027008464869819310e-02
2.000560962011738511e-02
1.973389123338036358e-02
1.945627231273675678e-02
1.917403809829972341e-02
1.888841433778106621e-02
1.860056583452789070e-02
1.831159541948945008e-02
1.802254331452398869e-02
1.773438685460929087e-02
1.744804053915835138e-02
1.716435638215454973e-02
1.694995447077376344e-02
1.686833910879926429e-02
1.677139098141142842e-02
1.666144066461685072e-02
1.654071206617117873e-02
1.641131076600364780e-02
1.627521446456829668e-02
1.613426543647720687e-02
1.599016487550253274e-02
1.584446900984179396e-02
1.569858686329734382e-02
1.555598161846436303e-02
1.541768883859918719e-02
1.528226286559487834e-02
1.515055483600214956e-02
1.502327767701527005e-02
1.490101076972865160e-02
1.478420538577876302e-02
1.467319078283930295e-02
1.456818084624875859e-02
1.446928117504111926e-02
1.437649651066353479e-02
1.428973841890647349e-02
1.420883313840560179e-02
1.413352951602438352e-02
1.406350695852097259e-02
1.399838333334852032e-02
1.393772276091409350e-02
1.388104324472352880e-02
1.382782409272799093e-02
1.377751309088235711e-02
1.372953339195929698e-02
1.368329009226410507e-02
1.363817647051398727e-02
1.359357987023612421e-02
1.354888721092486516e-02
1.350349011601967644e-02
1.345865073422446503e-02
1.341335717296663829e-02
1.336566037489880267e-02
1.331501178233545149e-02
1.326088649733003950e-02
1.320278615744697494e-02
1.314024144337107465e-02
1.307281423036979993e-02
1.300009939608431572e-02
1.292172629751065990e-02
1.283735993322492226e-02
1.274670180619596679e-02
1.264949050272358780e-02
1.254550200602886495e-02
1.243454976106103324e-02
1.231648450718602836e-02
1.219119389828468569e-02
1.205932928822520123e-02
1.200572845251408026e-02
1.202320769758366374e-02
1.205250060474581664e-02
1.208160389498981468e-02
1.211035508508607680e-02
1.213859930969675600e-02
1.216618929428114546e-02
1.219298530908959413e-02
1.221885510756017500e-02
1.224367384859582908e-02
1.226732400495828337e-02
1.228969525917863494e-02
1.231068438728671888e-02
1.233019513253981285e-02
1.234813806885682284e-02
1.236443045694566971e-02
1.237899609179313708e-02
1.239176514420871345e-02
1.240267399674825979e-02
1.241166507417209089e-02
1.241868667017814384e-02
1.242369277040099480e-02
1.242664287349115951e-02
1.242750180868770586e-02
1.242623955310663032e-02
1.242283104764213726e-02
1.241725601235977965e-02
1.240949876168499257e-02
1.239954802108320965e-02
1.238739674320698397e-02
1.237304192637680988e-02
1.235648443470067914e-02
1.233772881918496211e-02
1.231678314223564122e-02
1.229365880378469056e-02
1.226837037088702315e-02
1.224093540954652483e-02
1.221137432038274864e-02
1.217971017706005049e-02
