4.762359450919794734e-01
4.768571479034163230e-01
4.762505050146781382e-01
4.787812299030843044e-01
4.787662387705407530e-01
4.815421416606414096e-01
4.802314831287114449e-01
4.844965900051119712e-01
4.845690340014333630e-01
5.544139896684221469e-01
5.528016502872332705e-01
8.629854803398083751e-01
7.688034117167421577e-01
9.524165988259412075e-01
8.277313050340125988e-01
8.464944844603333740e-01
9.563998301288241244e-01
8.496858076741601318e-01
1.051604791901547653e+00
1.087748957904388192e+00
1.139851989070829852e+00
1.232934106849477685e+00
1.162557268945271005e+00
1.419258000300085198e+00
1.701861536088946636e+00
2.027197964617425630e+00
1.896597052122057647e+00
1.975259020152798639e+00
2.040074862862885752e+00
2.048951813870508509e+00
2.340208180156500450e+00
2.120549210753023495e+00
2.198233955539742990e+00
2.139534516892232396e+00
2.137050875064298694e+00
2.116028849918057286e+00
2.148937985669377770e+00
2.271695494039010832e+00
1.608658120501884836e+00
1.121997282034044030e+00
9.345294707785609667e-01
8.295608059800704259e-01
8.349119952651574694e-01
9.032449414517398356e-01
9.468529279191923997e-01
9.376359778031163605e-01
8.922078131892335895e-01
8.700279637635125463e-01
9.460033861266569088e-01
1.140954357419080800e+00
1.163304706402605637e+00
1.109427610303534761e+00
1.226575983612348653e+00
1.409341992523290843e+00
1.536897144599679521e+00
1.505311762571130751e+00
1.519947294969620888e+00
1.549197535566966266e+00
1.526607957026290929e+00
1.401889383004722101e+00
1.478930422626160146e+00
1.709977079212776196e+00
1.819016955179057593e+00
1.700007048577502733e+00
1.569507359018682324e+00
1.615587612032085341e+00
1.702042253514218340e+00
1.838823661528100839e+00
2.162637285417442268e+00
2.100537498048850704e+00
1.833184713809465682e+00
1.929976368007957577e+00
1.952739544930772286e+00
1.973977066440044670e+00
2.190266762021186864e+00
2.274578933951791893e+00
2.290359577515772127e+00
2.230609341214763841e+00
2.228511018886854433e+00
2.191722386884004337e+00
2.269482526446026327e+00
2.410570814956282337e+00
2.457047884658700276e+00
2.594590317724807971e+00
2.962204353891347619e+00
3.214303970009400047e+00
3.030546022592020439e+00
2.818388214857874274e+00
2.451733296568680220e+00
2.260068424055292624e+00
2.364104269367701683e+00
2.440073587315743531e+00
2.486080999664839641e+00
2.504847696099598231e+00
2.499801326960207959e+00
2.473198426655911497e+00
2.426946272166175422e+00
2.369699188125934608e+00
2.613054428114382155e+00
2.756210823654705599e+00
2.812538748144893130e+00
2.919401147437197253e+00
2.982368514983542607e+00
2.911602373532059751e+00
2.738715142983328299e+00
2.491279422792612941e+00
2.184660091757045564e+00
1.888519386491617658e+00
1.600849711458178559e+00
1.337425610253126562e+00
1.189025154891538483e+00
1.060411043762897521e+00
9.487990406439636981e-01
8.668173705433607212e-01
8.107375676460680802e-01
7.916230003770193813e-01
7.669353037913706483e-01
7.311281375683185146e-01
7.063974730983956229e-01
7.044594444943050870e-01
6.962432904800814892e-01
6.821281837650495783e-01
6.633791544936411544e-01
6.411346400704343029e-01
6.161851309123144160e-01
5.889327929638759063e-01
5.695106357289843046e-01
5.576457824583985756e-01
5.393771460819563046e-01
5.358937700589649911e-01
5.308242840203685198e-01
5.241143125399341240e-01
5.152544002444423565e-01
5.043561714029940468e-01
4.917546150397538174e-01
4.772798682979013107e-01
4.614051208440000384e-01
4.520726225092742689e-01
4.727849838764905388e-01
4.806245520910775171e-01
4.758914594153816346e-01
4.604757969946762786e-01
4.370286777087910024e-01
4.090098131023642281e-01
3.938165731120030211e-01
3.755301957314268191e-01
3.565273917318085850e-01
3.390448142752530702e-01
3.246356956091039359e-01
3.144308726496629625e-01
3.085959922167186842e-01
3.064848629959386894e-01
3.068251247693559169e-01
3.088234672443390116e-01
3.113137768568886021e-01
3.106548832203271937e-01
3.057187892769652193e-01
2.961357346459258522e-01
2.818067628284061099e-01
2.640993233841320009e-01
2.458240534032814506e-01
2.413577893962808862e-01
2.376126380011763795e-01
2.335827309726368206e-01
2.292808318506094345e-01
2.247295803365212397e-01
2.200119592660561008e-01
2.152156631872816639e-01
2.102640080925755051e-01
2.051985666427894039e-01
2.000613144501140195e-01
1.948930787801948228e-01
1.897322321493006836e-01
1.846848551802791061e-01
1.814263007621071400e-01
1.800068646884330770e-01
1.784807801950921147e-01
1.768711857332229687e-01
1.752009871247230954e-01
1.734921997898224155e-01
1.717653922210659601e-01
1.700392329713699413e-01
1.683301401105281037e-01
1.666520294160282190e-01
1.650161554499695038e-01
1.634668567478218537e-01
1.619893144249639760e-01
1.605694440637148168e-01
1.592083562569384658e-01
1.579047796660840719e-01
1.566552672180455685e-01
1.554544337155439049e-01
1.542952161439195280e-01
1.531691485517032436e-01
1.520666440763108473e-01
1.509772774442566246e-01
1.498900620636400005e-01
1.487937166396816613e-01
1.477143188396702334e-01
1.466255413293015286e-01
1.454952900597753229e-01
1.443132970994094044e-01
1.430700140573124557e-01
1.417567578524618344e-01
1.403658314180905586e-01
1.388906195048743575e-01
1.373256601765198981e-01
1.356926707733204229e-01
1.340034492582383996e-01
1.322140789159532426e-01
1.303236904258919249e-01
1.283326098774449364e-01
1.262423171690751633e-01
1.240553908704944835e-01
1.217754415161375753e-01
1.194091682646528652e-01
1.170132447166814804e-01
1.145372247457548676e-01
1.119878539272838730e-01
1.093724934965299572e-01
1.073320274902561239e-01
1.066283625296667453e-01
1.057616678633713225e-01
1.047443069811283128e-01
1.035360609394556097e-01
1.029025456978645142e-01
1.047598218155919303e-01
1.056731551297609289e-01
1.057176515275183859e-01
1.067584674361733849e-01
1.074875822058607711e-01
1.073804046125777512e-01
1.063830694228006524e-01
1.045295352380607168e-01
1.019273605515735315e-01
1.003319570914230907e-01
9.846414810813364227e-02
9.633215166502123727e-02
9.677332584289352613e-02
9.874135544579143442e-02
1.016611738992459907e-01
1.038848941087292116e-01
1.054560423809449976e-01
1.063613594349568786e-01
1.066097582453807979e-01
1.062913310641670633e-01
1.054295308655596453e-01
1.040510980390435963e-01
1.023040150369634860e-01
1.001602824067364672e-01
9.776295804413789869e-02
9.511485240205103109e-02
9.235964609829827587e-02
8.949417111612970044e-02
8.661365931295965381e-02
8.378827593215912306e-02
8.103973774215630921e-02
7.841736775413014893e-02
7.596079139181745321e-02
7.370075014699369043e-02
7.166778943600442264e-02
6.985721371112253719e-02
6.827226792076890316e-02
6.690825713285362963e-02
6.575349045630481115e-02
6.479033074539590487e-02
6.399630893041297064e-02
6.334526459150689737e-02
6.280847797029141810e-02
6.235576278238995351e-02
6.195649375259654201e-02
6.158054754839054068e-02
6.119914057456915524e-02
6.078572218618900902e-02
6.134025659329776781e-02
6.211395663784306798e-02
6.286100502105142207e-02
6.355439867156499612e-02
6.417160335550231576e-02
6.471800495669459419e-02
6.514149366194894875e-02
6.542331028688377903e-02
6.557532906092213010e-02
6.557481957450385368e-02
6.539858770310102987e-02
6.508254003255443954e-02
6.458993220111386435e-02
6.394412307014402108e-02
6.314451149384416040e-02
6.220120688337352904e-02
6.112567102349680120e-02
5.993125047984778492e-02
5.862816502368054655e-02
5.723741712437550866e-02
5.576720513544373981e-02
5.423886807648557740e-02
5.266848672053278668e-02
5.106400198810392976e-02
4.945879591641873241e-02
4.785836212223599367e-02
4.627833837870597156e-02
4.473593642585995539e-02
4.324684247840165918e-02
4.218804252687964607e-02
4.231220893888545942e-02
4.241878993864958008e-02
4.250789757680509956e-02
4.257968741867114437e-02
4.263435518666162938e-02
4.267213350927966803e-02
4.269640981219408049e-02
4.270765392268128374e-02
4.270291709840656758e-02
4.268253274121446700e-02
4.264685766535294270e-02
4.259626953200705557e-02
4.253116440398096304e-02
4.245195441819276522e-02
4.235906557785460574e-02
4.225293566045002641e-02
4.213401224112855309e-02
4.200275082884075140e-02
4.185961311294984083e-02
4.170506531876993356e-02
4.153957666642507651e-02
4.136361793367915318e-02
4.117766011639804880e-02
4.098217318582908497e-02
4.077762493671484301e-02
4.056447992627490451e-02
4.034319849662017232e-02
4.011423588042357241e-02
3.987804138452517161e-02
3.963505764821260990e-02
3.938571997327057483e-02
3.913045572178571602e-02
3.886968377837182048e-02
3.860381407404573501e-02
3.833324716714132940e-02
3.805837388012484057e-02
3.777957498688462590e-02
3.749722094895718144e-02
3.721167169763190535e-02
3.692327645809771741e-02
3.663372660546083959e-02
3.634425063317746341e-02
3.605275655867677675e-02
3.575955207839812827e-02
3.546493400253804273e-02
3.516918826700345113e-02
3.487258996938247257e-02
3.457540343065381577e-02
3.427788227811143229e-02
3.398026954851299242e-02
3.368279780955838604e-02
3.338568929848295674e-02
3.308915607447225626e-02
3.279340018611524160e-02
3.249861384942201448e-02
3.220497963729791052e-02
3.191267067807473240e-02
3.162185086237698228e-02
3.133267505683406950e-02
3.104528932323090060e-02
3.075983114377648514e-02
3.047642964921994102e-02
3.024571095202654297e-02
3.017859164587711682e-02
3.010668665265973931e-02
3.003013956284318609e-02
2.994909616468105495e-02
2.986370400559798521e-02
2.977411198012930998e-02
2.968046994025781704e-02
2.958292833025041174e-02
2.948163784392811987e-02
2.937674910370799419e-02
2.926841236111174180e-02
2.915677721737759687e-02
2.904199236424265598e-02
2.892420534259517936e-02
2.880356232076480491e-02
2.868020788898773335e-02
2.855428487083816122e-02
2.842593415123662731e-02
2.829529451864671100e-02
2.816250252293181489e-02
2.802794639039370497e-02
2.789321611322436584e-02
2.775667527129050891e-02
2.761845032913518017e-02
2.747866507078206705e-02
2.733744052575158567e-02
2.719489490477568910e-02
2.705114354644747032e-02
2.690629887128325598e-02
2.676047034577926781e-02
2.661376445366000695e-02
2.646628467551657635e-02
2.631813147483735502e-02
