7.514563799935801702e-01
7.468902019108164536e-01
7.539569891502685417e-01
7.466319554713143347e-01
7.678339627893716601e-01
8.074709107214098625e-01
8.912136972512874067e-01
9.838060480760201232e-01
9.041280363352237615e-01
9.192469341138072014e-01
1.355695468707464935e+00
1.876424787242012115e+00
2.001392291503720333e+00
1.722046584267219682e+00
1.987506719631811247e+00
1.519856696891987768e+00
1.787986248571804548e+00
1.918916468843328449e+00
1.786341875748355124e+00
1.559403752584854752e+00
1.581173132967520489e+00
2.017168635132625898e+00
2.419344563322689101e+00
2.098600790326709209e+00
2.310722647118947481e+00
2.454993110077990259e+00
2.406753412766579725e+00
2.749649960821059391e+00
3.327202941738964359e+00
3.905632748199193927e+00
4.751660732449609625e+00
4.171038307709262760e+00
4.686142773067912159e+00
4.507220337978868230e+00
5.353354697164682818e+00
4.315185751652435897e+00
3.830776152371200727e+00
4.624298840686748235e+00
4.383862361385914674e+00
4.495053002357242811e+00
4.371907784863840796e+00
4.676242807852126759e+00
4.101691288312331096e+00
4.020670878732889086e+00
4.207585932398155926e+00
4.645105629165398931e+00
4.371459349899547320e+00
5.061878617175154638e+00
4.638262896145771919e+00
4.593584243798311206e+00
4.332729005508261011e+00
4.603768628278095854e+00
5.305182853867755455e+00
5.339787814210771089e+00
4.454788991194201131e+00
3.343526677788793311e+00
2.381212960565791903e+00
1.842224287074293976e+00
1.603691259750940512e+00
1.468581444968300564e+00
1.344353535348396411e+00
1.184096715078764683e+00
1.080904787271134149e+00
9.953101001533759540e-01
1.058975213448913433e+00
1.057060016740840602e+00
1.013900094808132479e+00
9.056642745401356498e-01
8.736696758816411279e-01
8.516516250234741348e-01
8.375231764751117636e-01
7.753988331517889243e-01
7.534551659173761573e-01
6.570929875520559182e-01
5.869284100713576535e-01
6.064650909859874428e-01
6.087545474125263256e-01
6.337217915067457907e-01
6.234940196054939987e-01
5.843772609392635653e-01
5.343188751079459564e-01
4.850751002769941311e-01
4.733967375245176634e-01
4.657093882805022345e-01
4.714860903852219898e-01
4.720205144120184770e-01
4.779764210828125193e-01
4.932055604818337824e-01
4.838668467925612005e-01
4.571707682839732390e-01
4.231779301118153702e-01
3.876153522768766013e-01
3.563888727584545446e-01
3.343018390934502371e-01
3.210072168293122141e-01
3.181656090602977272e-01
3.321898825623744167e-01
3.414862409407119492e-01
3.376764055546751520e-01
3.196089529645653737e-01
2.930881979055494635e-01
2.647981584806493038e-01
2.421231297783902336e-01
2.285427046932554107e-01
2.240308480994662454e-01
2.270057407295021645e-01
2.350380760301798433e-01
2.455473925809328606e-01
2.562719611416088838e-01
2.645339316742514879e-01
2.671776610824759812e-01
2.633605067446156411e-01
2.515295351823149672e-01
2.336870494844082713e-01
2.117808970268579838e-01
1.897875553846329055e-01
1.796791467878555704e-01
1.836913886716586564e-01
1.855373100732154446e-01
1.851594891228872664e-01
1.831472993811820715e-01
1.794227822381651571e-01
1.742850947966892439e-01
1.682088137645863790e-01
1.624698873508290953e-01
1.728990168168355324e-01
1.819279054563928411e-01
1.892030874713906963e-01
1.939518373267327678e-01
1.959129736094854524e-01
1.954589573872193009e-01
1.920116999184044992e-01
1.851731913879360314e-01
1.753368331491885757e-01
1.619134880231883067e-01
1.496191641512194526e-01
1.514560833971657638e-01
1.524143184524104910e-01
1.525055055860843611e-01
1.512889643747538093e-01
1.484545866223676291e-01
1.440936268849135615e-01
1.382331365766585329e-01
1.343421911778650002e-01
1.384351944362119113e-01
1.415128729532926510e-01
1.433945849361483449e-01
1.444152496728265955e-01
1.482474149878338088e-01
1.505804814554849158e-01
1.477719938136441979e-01
1.439328223640263527e-01
1.431625592829969817e-01
1.403502273049476168e-01
1.385333504410528049e-01
1.353476666782564564e-01
1.311033414789123663e-01
1.256380681937507848e-01
1.191319578295055304e-01
1.158062254800875657e-01
1.175351991457668777e-01
1.186731836626593733e-01
1.192952310321991893e-01
1.195610668341337557e-01
1.194389795120362613e-01
1.197580157161847458e-01
1.197680548244367954e-01
1.194944597689739929e-01
1.189630472559193713e-01
1.182802681959763264e-01
1.174435746756737897e-01
1.164168765567425157e-01
1.152228696720200146e-01
1.138827982507785996e-01
1.124162856142044281e-01
1.108412328287432663e-01
1.091737768939383957e-01
1.074640362711792446e-01
1.057460479046253565e-01
1.039679475170555423e-01
1.028106371800342339e-01
1.018599910596859476e-01
1.008853880052046764e-01
9.989075648549608499e-02
9.887927381217538614e-02
9.785345144640661408e-02
9.681522094437752801e-02
9.576601857878073998e-02
9.470686701275052299e-02
9.363845272624472804e-02
9.256119819222673184e-02
9.147532807344971317e-02
9.038092895404799265e-02
8.927800233508896566e-02
8.816651080815711417e-02
8.704641747789677864e-02
8.591771883445589730e-02
8.479217265197705466e-02
8.367985540378077014e-02
8.255792426985664179e-02
8.142673719656888520e-02
8.028676181385813182e-02
7.913857841042132302e-02
7.798287944135193217e-02
7.682046606702253033e-02
7.565224220643793074e-02
7.447920656310456911e-02
7.330244305117765424e-02
7.212311001890756024e-02
7.094242862865339505e-02
6.976167071891299643e-02
6.858214643440690983e-02
6.740519187542926005e-02
6.623215698343555558e-02
6.506439384195200626e-02
6.549185577757267451e-02
6.638310954788458063e-02
6.680706222740830091e-02
6.683452838277230412e-02
6.644621974717551671e-02
6.561855318769603540e-02
6.437629962615384893e-02
6.321089080072524180e-02
6.400217595009710658e-02
6.421349002854569166e-02
6.481225707886852094e-02
6.537220737013005323e-02
6.562770103158585555e-02
6.801838964854316216e-02
7.026532322650549944e-02
7.211483027679407853e-02
7.360646443249313498e-02
7.473905388290026652e-02
7.547688300771408787e-02
7.583364463285952040e-02
7.582869495082102118e-02
7.548605592605703296e-02
7.489046582469227609e-02
7.403920541617665940e-02
7.293526916830657403e-02
7.161139255458494335e-02
7.010065470987224268e-02
6.843579820268302916e-02
6.664864134096588899e-02
6.477553032399059607e-02
6.287763995536881090e-02
6.093702540134947332e-02
5.897805919878022080e-02
5.702266513654863367e-02
5.509022845225070020e-02
5.319756871758236916e-02
5.268327301249339095e-02
5.217476725281343375e-02
5.157926617749743897e-02
5.091492216123135600e-02
5.019866084274279133e-02
4.944605459049244284e-02
4.867123897034311003e-02
4.788686735903753544e-02
4.710409871745837446e-02
4.633261357187057339e-02
4.558681335920666128e-02
4.487576073090807083e-02
4.419482813522581516e-02
4.354856426272318837e-02
4.294037937375992653e-02
4.237263881279410699e-02
4.184675899357455375e-02
4.136330369289311498e-02
4.092207888659151610e-02
4.052222472052671026e-02
4.016230354331305069e-02
3.984038321519518117e-02
3.955411517023191270e-02
3.930080691845309199e-02
3.907748886389254134e-02
3.888097545529445309e-02
3.870792080471153335e-02
3.855486899341587642e-02
3.841829934846475308e-02
3.829466700876386909e-02
3.818043912346253538e-02
3.807212703053626524e-02
3.796631475475760464e-02
3.785968415426974737e-02
3.774903701739143469e-02
3.763131438831061881e-02
3.750361337220785296e-02
3.736320163957381618e-02
3.720752982037059398e-02
3.703424195511566264e-02
3.684981139988685594e-02
3.664787100454121316e-02
3.642264397184191010e-02
3.617257254901287689e-02
3.589631806851553697e-02
3.559276245369220187e-02
3.526100838483110095e-02
3.490037817926475161e-02
3.451041143114823989e-02
3.409086146422370817e-02
3.364169064742150717e-02
3.316306462909641289e-02
3.265534555034357855e-02
3.222304073575403549e-02
3.210720381390054501e-02
3.196779624320827268e-02
3.180443682278239620e-02
3.162380296996616935e-02
3.142331023143109942e-02
3.119837501749397543e-02
3.094907872729617607e-02
3.067561845639407356e-02
3.037830260228748316e-02
3.018845229555734699e-02
3.011592427975594288e-02
3.002625691411186376e-02
2.991933260295614322e-02
2.979510229099491606e-02
2.965358339596076837e-02
2.949485753151981013e-02
2.931906803801448760e-02
2.912641733760978555e-02
2.892073030815362975e-02
2.891107700629088131e-02
2.892485531143936320e-02
2.891091520071720905e-02
2.886948675741517201e-02
2.880089833033697838e-02
2.870557190484000071e-02
2.858787097291735219e-02
2.845222421505274463e-02
2.829138413621422321e-02
2.810607314697808126e-02
2.789708180614745153e-02
2.766526301446040753e-02
2.741152614388355294e-02
2.713683114220987597e-02
2.684218264652241809e-02
2.652862414177664663e-02
2.619723219456462915e-02
2.584911079162970776e-02
2.548538581005391906e-02
2.510719964279385305e-02
2.471570600060960660e-02
2.431206491149908930e-02
2.389743793049325243e-02
2.347298357875930372e-02
2.303985301879250130e-02
2.259918597954338471e-02
2.215210693574188108e-02
2.169972154875206977e-02
2.124311337133578254e-02
2.078494789593005043e-02
2.032743888046242842e-02
1.992679288893140638e-02
1.967698977217679709e-02
1.942353273449932971e-02
1.916678388817856168e-02
1.903917253100222834e-02
1.905473270097148009e-02
1.906695832275554989e-02
1.907588644416489607e-02
1.908155756659942609e-02
1.908401542014619492e-02
1.908330674329958981e-02
1.907948106688448289e-02
1.907259050304073444e-02
1.906268953845301900e-02
1.904983483380810055e-02
1.903408502801474250e-02
1.901550054884410673e-02
1.899414342866025118e-02
1.897007712699937121e-02
1.894336635886628012e-02
1.891407692915646199e-02
1.888227557376267324e-02
1.884802980664860086e-02
1.881140777344239567e-02
1.877247811146936715e-02
1.873130981554824159e-02
1.868797211083420701e-02
1.864253433143969740e-02
1.859506580488570066e-02
1.854563574333845805e-02
1.849431314025866760e-02
1.844116667289488060e-02
1.838626461095747150e-02
1.832967473013856485e-02
1.827146423186599977e-02
1.821169966815075134e-02
1.815044687101600995e-02
1.808777088815505252e-02
1.802373592204419700e-02
1.795840527508369908e-02
1.789184129859533456e-02
1.782410534619054479e-02
1.775525773181326969e-02
1.768535769143228173e-02
1.761446334902176322e-02
