7.342413227475796944e-01
7.355964571781661299e-01
7.369563514318309139e-01
7.403350549795271185e-01
7.410537564573407288e-01
7.410469168867859224e-01
7.467698684106246487e-01
7.485578463966949814e-01
7.528567301268377365e-01
7.584642639010534815e-01
7.648755514120580967e-01
7.722398305882625102e-01
7.820832620080615527e-01
8.631542030827302758e-01
9.059624295887686030e-01
9.421076979811933150e-01
1.063775396340055357e+00
1.014131899731062658e+00
9.650789188717365796e-01
9.941209335490993615e-01
1.199602169270735930e+00
1.111822688319503705e+00
1.456214079878373813e+00
1.546585647832450228e+00
1.686750419919809785e+00
1.972438278823156921e+00
1.964453828497333410e+00
2.251563907707528678e+00
1.980453615660174194e+00
2.568626270860885796e+00
2.219218814079600310e+00
2.150406551133791755e+00
1.968759059986129767e+00
2.297549346458927833e+00
2.216087344575643492e+00
2.013300028401171726e+00
2.034998361805396172e+00
1.756488818614928338e+00
1.752512074427510891e+00
1.862343940330922987e+00
2.017900284175897507e+00
2.136014065549079799e+00
2.234894110726143079e+00
2.052671215054171494e+00
1.682843943886693117e+00
1.502853439551769421e+00
1.525151670149764938e+00
1.558685122137146051e+00
1.596880994941988874e+00
1.621991032607431382e+00
1.659732018565801326e+00
1.965669049461601370e+00
2.027253054642589980e+00
1.959677461761099693e+00
1.871821706072266833e+00
1.933383278966772423e+00
1.862054873062483962e+00
1.997569747291165987e+00
2.165824248427220322e+00
2.508132186805771546e+00
2.715644822782387724e+00
2.699975170229313104e+00
2.566374161365562401e+00
2.401549070441379108e+00
2.375570297028806621e+00
2.404474597193610563e+00
2.241040193465672736e+00
2.068995166878223380e+00
2.049638861837248527e+00
2.158121981236122533e+00
2.334255462261366265e+00
2.587056790770191572e+00
2.808286189482767536e+00
2.773087101213352224e+00
2.712456984270164018e+00
2.832575477601628755e+00
2.888728635170908277e+00
2.918445792886637857e+00
2.955325579648111489e+00
3.146176287985936959e+00
3.128969383966983209e+00
3.249643106425028627e+00
3.403620366238944595e+00
3.512775646611818292e+00
3.597929855465245907e+00
3.604384721634946498e+00
3.550452086974648758e+00
3.463221641130540096e+00
3.503904920293592795e+00
3.812185704481256376e+00
3.933274042110555424e+00
3.855259747023060957e+00
3.690541152799299063e+00
3.330313277121720095e+00
3.252703495871259953e+00
3.308240164032140829e+00
3.339581541226611883e+00
3.351763625487836240e+00
3.352755179437532984e+00
3.344326786679731711e+00
3.330040193519073544e+00
3.314228564436530355e+00
3.295823961299433780e+00
3.273168236939306919e+00
3.249119205495364593e+00
3.222591648468327907e+00
3.193881821737139415e+00
3.169201893619528310e+00
3.147192226267266690e+00
3.212054906606433224e+00
3.417018102154350867e+00
3.604863991269996237e+00
3.777457740198513214e+00
3.930507751263249361e+00
4.062186323201822269e+00
4.173402943986107339e+00
4.248467003528140218e+00
4.284681241889536807e+00
4.278734391441389562e+00
4.226479645437827948e+00
4.124052667205580391e+00
3.969753147972721052e+00
3.765520415161747625e+00
3.517382525689368933e+00
3.234671189866862751e+00
2.934966149834086657e+00
2.718893651294542746e+00
2.598745182932898246e+00
2.469763560019730519e+00
2.375157769744003833e+00
2.287250997489292281e+00
2.192844049463963607e+00
2.094078928027465203e+00
1.992957310293475892e+00
1.891281489330036925e+00
1.790612297757751215e+00
1.692243789082989558e+00
1.597964867569187764e+00
1.509182442284561443e+00
1.426253785197811208e+00
1.349836535279531846e+00
1.280986948132877723e+00
1.218871408666331480e+00
1.163366462933127288e+00
1.114043743226142302e+00
1.070267854294762788e+00
1.043598853786712466e+00
1.049837791674798515e+00
1.052756375395494715e+00
1.052233390704863769e+00
1.048166815558832843e+00
1.040316572612813628e+00
1.027968123407316359e+00
1.011278364958788423e+00
9.902226810839531712e-01
9.652108811354259688e-01
9.365644624981596111e-01
9.051132760225659712e-01
8.716754417605198091e-01
8.423881291843802188e-01
8.160210155729253900e-01
8.010589263859975162e-01
7.852858523592699536e-01
7.657668694861096137e-01
7.436521521602335039e-01
7.203976052928351415e-01
6.966701516478375211e-01
6.738738100065457814e-01
6.558394950282889768e-01
6.501902348784345254e-01
6.459971111039214398e-01
6.434778272930877785e-01
6.424033813678242666e-01
6.430084244806058003e-01
6.442388114015241696e-01
6.455363845279051827e-01
6.465224657257701013e-01
6.461605086077837345e-01
6.438624710246179106e-01
6.507795839676658867e-01
6.550054824756385008e-01
6.538846835216285402e-01
6.472046893737337658e-01
6.351183671729501157e-01
6.175640841714046259e-01
6.074352769884976411e-01
6.160087188949052717e-01
6.215289108168220444e-01
6.239664854668295346e-01
6.234532579578799805e-01
6.201969710097243738e-01
6.145527940235103737e-01
6.068796120006441086e-01
5.974636821605070480e-01
5.866619782153659202e-01
5.750703851841950653e-01
5.630463734455406488e-01
5.508898819827110493e-01
5.391176503386030383e-01
5.279483550292981553e-01
5.175109609653295584e-01
5.083393707959044105e-01
5.002353980308968939e-01
4.932445713985190716e-01
4.874414519601352191e-01
4.827919875590811483e-01
4.789802588052596843e-01
4.758059244233684981e-01
4.732725344728913042e-01
4.709717176019982965e-01
4.685656999079697571e-01
4.661452543728673015e-01
4.631530327474437936e-01
4.595845252506179368e-01
4.551670995639859330e-01
4.498146194447350532e-01
4.433421177339635366e-01
4.357838357973274901e-01
4.268890803908076959e-01
4.169429690692020296e-01
4.056426632894799544e-01
3.932559780641713965e-01
3.797374980986476523e-01
3.651533627267110615e-01
3.497595763613494113e-01
3.415345433555110888e-01
3.386606534049858008e-01
3.350991787612891959e-01
3.308911306149138198e-01
3.338619095617404442e-01
3.410005046791133032e-01
3.442954630750008072e-01
3.438069374802835698e-01
3.399918935393583808e-01
3.414111321307242153e-01
3.457510229738287588e-01
3.485011410118112885e-01
3.496615266011304235e-01
3.493678900098335927e-01
3.476815346354101832e-01
3.447169083765307396e-01
3.406438870427187515e-01
3.356409228855518068e-01
3.298300002319216606e-01
3.233603083303362991e-01
3.164785290666548012e-01
3.093101423331481303e-01
3.020059149703847590e-01
2.947372610033114348e-01
2.876541223336747111e-01
2.808205574638722446e-01
2.743948377403971906e-01
2.684788372795445244e-01
2.630944087813481547e-01
2.582943993544590255e-01
2.541079843555816842e-01
2.505424201021607677e-01
2.475851936189069902e-01
2.452064684498876102e-01
2.433617288872212681e-01
2.419945307454839656e-01
2.410392744410475296e-01
2.404338454571846861e-01
2.401171430628634140e-01
2.399945330142794486e-01
2.399898559746023174e-01
2.400294212000535499e-01
2.400437325168713609e-01
2.400112620069987379e-01
2.398698827094143948e-01
2.395382317931782912e-01
2.390014042726224530e-01
2.382661760199455414e-01
2.372422541652986494e-01
2.359802448069660830e-01
2.344352961538573032e-01
2.326109027903026094e-01
2.305353425264446976e-01
2.281812690087435536e-01
2.256097174905577762e-01
2.227915239201056774e-01
2.197934127421428685e-01
2.166003824161170932e-01
2.132695935001162335e-01
2.098051740689085565e-01
2.062496446865831057e-01
2.026223625236193149e-01
1.989544021340419466e-01
1.952701350963374771e-01
1.915979976667912255e-01
1.879534878010480636e-01
1.843745508500678199e-01
1.808549012600602357e-01
1.774482900188046886e-01
1.741407879905233769e-01
1.709471083536692193e-01
1.679029937998484101e-01
1.649927017929470052e-01
1.622235529450181679e-01
1.596012648256769362e-01
1.571383212873726232e-01
1.548185649810999154e-01
1.526379707985619782e-01
1.505900765853383783e-01
1.486688601380357910e-01
1.468718598546580600e-01
1.451767916410460491e-01
1.435705293757401080e-01
1.420415255692815404e-01
1.409482436318109932e-01
1.404378432150037992e-01
1.397212702291338038e-01
1.387690594239780750e-01
1.375739700792483755e-01
1.361285039930654195e-01
1.349808461292226758e-01
1.372666965587837906e-01
1.394427016868692304e-01
1.414831848112169388e-01
1.433733426171122927e-01
1.450980519251340584e-01
1.466419599684547770e-01
1.479895877905910428e-01
1.491254132608584859e-01
1.500340815215919499e-01
1.507006326561894649e-01
1.511107136830714959e-01
1.512510184451293649e-01
1.514621344379206147e-01
1.526566555108975765e-01
1.534067112866778770e-01
1.537217507624323853e-01
1.535881337636255117e-01
1.530093498841356980e-01
1.519929488016200925e-01
1.505501670745674203e-01
1.486957503148513549e-01
1.464477651534462077e-01
1.438273222394369777e-01
1.425871946262872170e-01
1.418109102450618997e-01
1.405756117607827316e-01
1.389072439469321851e-01
1.368274305588185191e-01
1.343693909670290454e-01
1.315672422850875378e-01
1.284556064658510521e-01
1.258735256779872913e-01
1.252063156282559597e-01
1.244466481813789466e-01
1.236036314591331675e-01
1.227004538822709517e-01
1.217098249776348007e-01
1.206342962025269278e-01
1.195057113161242662e-01
1.183031279976668598e-01
1.170239985161666552e-01
1.156844786971653466e-01
1.142946851374763428e-01
1.128383886221447779e-01
1.113196297486562791e-01
1.097659378052467383e-01
1.081622629778174333e-01
1.065075186447344696e-01
1.048066801355309607e-01
1.030871872025906077e-01
1.013283669982002061e-01
9.953461234561462867e-02
9.771029367795477927e-02
9.587622398498124587e-02
9.402177512343963539e-02
9.269938819372895711e-02
9.177977480430599133e-02
9.085446819059722623e-02
8.992440588311524652e-02
8.899049425989100093e-02
8.805360779349755140e-02
8.711458845644645677e-02
8.617424527019053315e-02
8.523335398554293674e-02
8.563675190160265072e-02
8.618655661008861602e-02
8.671548432224567005e-02
8.722956348386742831e-02
8.772398671473133347e-02
8.819762741026271335e-02
8.865052398328672478e-02
8.908275471267511347e-02
8.949443506244435242e-02
8.988571505681917928e-02
9.025677671671970825e-02
9.060783155760379626e-02
9.093911816514349544e-02
9.125089983705644836e-02
9.155149146137407656e-02
9.183410047411585952e-02
9.209814514196505708e-02
9.234395465503178468e-02
9.257187299404689984e-02
9.278225705954784575e-02
