7.122299113813559401e-01
7.135988242344687427e-01
7.192660054760940946e-01
7.184116498021444475e-01
7.207879411041540063e-01
7.245517706886653864e-01
7.361086146207447278e-01
7.379185848803376802e-01
7.490512262571541457e-01
8.368745808355143589e-01
1.047438888191426942e+00
9.980505276934134029e-01
1.167150225760885229e+00
1.184678198597109544e+00
1.105107325421385456e+00
1.271289483303305046e+00
1.158487731091294659e+00
1.325530848006309270e+00
1.357765666360264190e+00
1.604746383245588159e+00
1.880141949148562697e+00
1.764558380240840885e+00
2.066814658976353414e+00
2.189460365890825155e+00
2.519848572114960383e+00
2.523517985045591328e+00
2.398891636025964669e+00
2.036191648165450729e+00
2.215228588234883222e+00
2.284245680479708884e+00
2.128469547118483352e+00
2.312578907203301171e+00
2.587371150720215507e+00
2.516163871138313635e+00
2.644333752531934145e+00
2.472160050821924138e+00
1.673408902161231504e+00
1.409861048277684992e+00
1.535039148901262029e+00
1.516582993903400567e+00
1.741030694687089708e+00
1.640129390315596458e+00
1.601247045634672350e+00
1.841407953934462771e+00
2.074363418258120095e+00
2.361314160668753104e+00
2.274339365087655107e+00
2.201543243077977774e+00
2.351500250353757870e+00
2.264596366246533599e+00
2.216081459183507185e+00
2.662754430565974051e+00
3.051521141090370204e+00
2.922479178950628587e+00
3.194092193362600085e+00
2.975034780848588856e+00
2.841906060765736708e+00
2.945233209132325225e+00
2.866007004808018177e+00
2.712060920655311236e+00
3.062152361935967182e+00
3.743098189677549481e+00
3.869542736728670995e+00
3.980855640434274090e+00
3.664148526940185224e+00
4.305899139644407292e+00
4.653442601426291070e+00
4.655453659345607953e+00
4.283436138084630862e+00
3.597723454887838290e+00
3.550191128828111609e+00
4.071339981210623904e+00
4.236577915071892519e+00
4.242002890174711105e+00
4.113197616372368692e+00
3.892955401888942735e+00
4.206460554707858179e+00
4.639393630880364050e+00
4.427335042766249451e+00
3.994028329772279395e+00
3.952451401019374089e+00
4.118989416459448272e+00
4.054727026662236611e+00
3.920532487826630330e+00
4.165754711403874211e+00
4.208721825106328751e+00
4.495110825539593513e+00
4.557439320119607729e+00
4.154543404454750011e+00
3.798663027475299270e+00
3.844707746882392030e+00
4.047190940783413460e+00
4.248994071053897592e+00
4.321150881065873861e+00
4.243196053666525636e+00
4.256415243091542955e+00
4.639553680975109451e+00
4.737528674192041045e+00
4.652093682922290974e+00
4.361083509030589944e+00
4.009988562072334339e+00
3.564612883980279090e+00
3.015881355139248488e+00
2.451904274988173427e+00
1.976854531196956088e+00
1.763386062195168691e+00
1.570559496706968705e+00
1.388297401333465020e+00
1.230955401278217565e+00
1.140061852659544073e+00
1.083776819447359374e+00
1.054639952196391617e+00
1.047089887272252273e+00
1.048078865884108257e+00
1.041473190773783308e+00
1.013940394461324113e+00
9.571753583806452692e-01
9.173985058568564499e-01
9.120394397902344963e-01
8.817676566771018853e-01
8.397375701754699051e-01
8.317931243075358250e-01
8.183315953612229077e-01
7.996159408973804172e-01
7.746449626194353844e-01
7.700146913473517873e-01
7.624892569312458068e-01
7.488245946667875241e-01
7.288969216772707149e-01
7.026008037272256646e-01
6.705658548496649107e-01
6.337189493180475086e-01
6.071386175362276649e-01
5.853579603734730963e-01
6.020198132009603187e-01
6.085463189399933359e-01
6.033652479973738991e-01
5.865729588702498498e-01
5.899461019215684887e-01
5.970562469607377798e-01
6.072877059725213522e-01
6.047076647175113617e-01
5.917674166304861538e-01
5.717862770237143177e-01
5.483731902828737903e-01
5.258951769939341769e-01
5.064495777920199338e-01
4.915276716427270931e-01
4.810601578491515151e-01
4.737753312468596656e-01
4.667275092264470682e-01
4.573048644530992024e-01
4.432566339829113189e-01
4.228541647937717474e-01
4.203001471420411694e-01
4.150436647806263757e-01
4.037868795568350100e-01
3.862708864917074325e-01
3.659566199601082537e-01
3.566960842758429284e-01
3.484059253862283878e-01
3.497795555779766308e-01
3.487148358740077003e-01
3.458851315553772010e-01
3.409890551393871538e-01
3.345888178801773583e-01
3.268763006922091319e-01
3.180172422274240573e-01
3.086475950075981967e-01
2.988153639602733058e-01
2.914997841634822118e-01
2.974190418969112071e-01
2.990455723679485422e-01
2.973782358791139391e-01
2.924960800057587740e-01
2.855321684443560826e-01
2.765514990421071295e-01
2.664020679122619528e-01
2.551850500451536274e-01
2.509772402931926827e-01
2.536734535674577407e-01
2.553815669392664467e-01
2.559844064631467409e-01
2.555406839372065808e-01
2.538004781034755020e-01
2.508423666865711166e-01
2.469083410334196038e-01
2.524145956132233803e-01
2.550566327132511302e-01
2.547796683720345290e-01
2.514247942477269016e-01
2.451156985498229579e-01
2.381588542645277917e-01
2.402060019420431125e-01
2.409979980594904869e-01
2.406793657012545606e-01
2.389717621417551396e-01
2.362165340313746864e-01
2.321841896537491234e-01
2.270975654318239112e-01
2.210626575350266021e-01
2.140600880241157744e-01
2.064206915994487024e-01
1.981834682351454047e-01
1.894436492978739395e-01
1.883985495464327586e-01
1.873260452334144510e-01
1.859429837479691927e-01
1.843189576125943974e-01
1.825052365648789643e-01
1.804450305657187559e-01
1.781633349355844220e-01
1.756853440816186218e-01
1.731272882348804665e-01
1.704275194611893640e-01
1.714618503586547993e-01
1.720832781912133846e-01
1.716228611251893743e-01
1.699528715053364725e-01
1.673579692345165126e-01
1.637956664088313363e-01
1.594820985437087890e-01
1.545562019727271252e-01
1.490931134065314745e-01
1.433502758429256729e-01
1.374069804275661888e-01
1.337510276171496593e-01
1.307820970115864678e-01
1.308559464697068020e-01
1.312493748591360143e-01
1.311363031070610641e-01
1.305938014622629317e-01
1.297670613351239732e-01
1.286899544975114995e-01
1.274105810167812658e-01
1.260000527169902462e-01
1.245220948985597403e-01
1.230315715009311917e-01
1.215735331622906229e-01
1.201827619167053496e-01
1.189093419227311849e-01
1.177478195819983697e-01
1.166954505436292588e-01
1.157506876033264215e-01
1.149050405640783257e-01
1.141444435617748193e-01
1.134507055865852793e-01
1.128029790555891559e-01
1.121791865736659760e-01
1.115573529773773720e-01
1.109167980451636615e-01
1.102391544988826910e-01
1.095091857056349066e-01
1.087153874303175422e-01
1.078503676920671700e-01
1.069280257697051983e-01
1.059469065730406778e-01
1.048961349189129338e-01
1.037840674610840813e-01
1.026221787778488909e-01
1.014244344818846510e-01
1.002065894161570103e-01
9.898544408691470342e-02
9.777809146431089282e-02
9.660118414156966538e-02
9.547024874890558399e-02
9.439907071999895094e-02
9.339916815668611316e-02
9.247936890015708011e-02
9.164550015376211889e-02
9.090019532138493563e-02
9.024281828277802564e-02
8.966950125047941367e-02
8.917328878272541559e-02
8.874437748497697453e-02
8.837043854451957781e-02
8.803700845646612871e-02
8.772793217405004673e-02
8.743027438167430554e-02
8.713772995662669163e-02
8.681780055837630405e-02
8.645239240279314896e-02
8.602410080702804773e-02
8.551664853998293403e-02
8.491528007295899572e-02
8.420710362026717632e-02
8.338137489629689203e-02
8.242971853059072318e-02
8.134628506023409977e-02
8.012784324771145272e-02
7.879399772034638427e-02
7.733761922110765630e-02
7.575062794608493355e-02
7.403962402519700947e-02
7.221344446198457723e-02
7.028294842993967895e-02
6.826077093614310587e-02
6.616105211936357255e-02
6.532239436622812312e-02
6.568950623645936071e-02
6.598300766869540090e-02
6.619714440034643599e-02
6.632714103404362127e-02
6.637422282818229713e-02
6.635094086772448663e-02
6.623551854834251740e-02
6.602691822680414879e-02
6.572503145325496454e-02
6.533063703093319741e-02
6.484535074291065959e-02
6.427156801728070579e-02
6.362835916272609194e-02
6.291244456011575725e-02
6.211832505813080774e-02
6.125072793805672045e-02
6.031482426388170420e-02
5.931615472074325268e-02
5.826055611025904996e-02
5.734153189187547739e-02
5.716523096022501499e-02
5.697781835275577550e-02
5.677944374268250466e-02
5.657029213072555657e-02
5.635058111015323751e-02
5.612055817389083323e-02
5.588049807690277648e-02
5.563070025866808516e-02
5.537148633401768605e-02
5.510319765876279391e-02
5.482619297474698727e-02
5.454084613889619709e-02
5.424754394080290310e-02
5.422843764156640850e-02
5.439031186845997429e-02
5.450081202665094104e-02
5.456131457031482279e-02
5.457344039321185974e-02
5.453902589491681219e-02
5.446210034407548278e-02
5.435406350399132197e-02
5.420564643418535056e-02
5.401922752276504952e-02
5.379726985484956092e-02
5.354229697259414028e-02
5.325686998163530611e-02
5.294356610094046178e-02
5.260495873136779299e-02
5.224359910184343814e-02
5.186199952433322158e-02
5.146261827341563205e-02
5.104784609243179921e-02
5.061999430735225625e-02
5.018128451932722667e-02
4.973488765697001851e-02
4.928753206894191663e-02
4.883486185374195931e-02
4.837868145570346778e-02
4.792067750281322341e-02
4.746241651116259175e-02
4.700534371237765491e-02
4.655078291900558579e-02
4.609993733806017069e-02
4.565389124775440233e-02
4.521361244683715780e-02
4.477995539386522145e-02
4.435366494860212144e-02
4.393538063408251870e-02
4.352564133950254793e-02
4.312489038967291105e-02
4.273348090485264150e-02
4.235168138770831203e-02
4.197968146749535973e-02
4.161759774620162056e-02
4.126547968871626532e-02
4.092331550932301609e-02
4.059103800312378885e-02
4.026853028728142464e-02
3.995563141056383827e-02
3.965214180023968887e-02
3.935782851765224494e-02
3.907243029772235893e-02
3.879566235282990577e-02
3.852722092417888017e-02
3.826678756622311356e-02
3.801403315612529588e-02
3.776862161962731695e-02
3.753021337116251716e-02
3.729846846466803451e-02
3.707304945845558974e-02
3.685362399459900934e-02
3.663986709956732618e-02
3.643146321344111621e-02
3.622810795397074513e-02
3.602950962572634697e-02
3.583539048579362229e-02
3.564548777662399776e-02
3.545955453858212758e-02
3.527736021459965815e-02
3.509869106089114760e-02
3.492335037680723703e-02
