2.186972718639697000e-01
2.201687193765845818e-01
2.234686991395644917e-01
2.239769646926420554e-01
2.268757412352396530e-01
2.330911873322148442e-01
2.483601921101289967e-01
2.592605895345705957e-01
2.941521271294706419e-01
3.200390755599606951e-01
4.153870972811401496e-01
3.573784310981719115e-01
3.500522238702108990e-01
5.145361756391119146e-01
5.455171641194122012e-01
5.689257273808723259e-01
4.538504957045729760e-01
4.730734065621207685e-01
4.284371082037299328e-01
4.428661352043120614e-01
4.842841354648557139e-01
5.475107961204380702e-01
4.975457685654579576e-01
6.056111760650694231e-01
5.751441421129623865e-01
5.887535635818420543e-01
8.021077309549181633e-01
9.367006238739272739e-01
8.691981397728405501e-01
7.676652444580599477e-01
7.627992657743133398e-01
7.906845899416269363e-01
8.806452563731709260e-01
1.193869467440945131e+00
1.215633922231626807e+00
1.150774391040904732e+00
1.035759503680054427e+00
1.101685302329194815e+00
1.151407536018667521e+00
1.486060137001658177e+00
1.604414441184139450e+00
1.703665979102783057e+00
1.793650812282916895e+00
2.002075793439413331e+00
1.965405874067128078e+00
1.865602957725756905e+00
1.680050845209741572e+00
1.473902948522342493e+00
1.473258424606383121e+00
1.095131152182850842e+00
9.008679850986600623e-01
8.871808139065939791e-01
8.597363526210336504e-01
7.678387392833211367e-01
6.559538922708467723e-01
5.766222473912523405e-01
5.411676179282239874e-01
5.077642877808598021e-01
4.740322261842196405e-01
4.727789372374746613e-01
4.919948910019669719e-01
5.015110818609679333e-01
5.132540777354498429e-01
4.819259102300968434e-01
4.511361541946992681e-01
3.847155785789611593e-01
4.063960566499645322e-01
4.315751048812255797e-01
4.090634650526675520e-01
3.577467692938509081e-01
3.187914159246462154e-01
3.137810776344457930e-01
3.036256393353323757e-01
2.815450234100335125e-01
2.552259440748285702e-01
2.460776733473559741e-01
2.431030266933002781e-01
2.381315813614660326e-01
2.341380367549135699e-01
2.231771127035387936e-01
1.975696155800050757e-01
1.879535769222505648e-01
1.900447386838916564e-01
1.806843517758793261e-01
1.815041290028014676e-01
1.755998210747497235e-01
1.592041289909767732e-01
1.372461165807177530e-01
1.326986542280368386e-01
1.329357022251837495e-01
1.332176297221508710e-01
1.328657719166502771e-01
1.311628488162597250e-01
1.275114452503824103e-01
1.220065215855526547e-01
1.140623908551278570e-01
1.034197269097532346e-01
1.104885711159001443e-01
1.114263907209313981e-01
1.060940774579942070e-01
1.021295760141114339e-01
9.726316488712667685e-02
9.063160966320660261e-02
8.994154091288973640e-02
8.911067764802356461e-02
9.027773396456752197e-02
9.242207149623099527e-02
9.170274466264063951e-02
9.228347032413151962e-02
9.110734233648867808e-02
9.181959846992217289e-02
9.490371037913425400e-02
9.674258373566411995e-02
9.384513695146551315e-02
8.979565331550370955e-02
8.557047727122739367e-02
7.881776215466264335e-02
7.447457495710052555e-02
7.118807881225980294e-02
6.879601157141095047e-02
6.592301217220729315e-02
6.304031302592101593e-02
6.035915222092925331e-02
5.796422925526524550e-02
5.588600127170129106e-02
5.410620941107570359e-02
5.267582118025176952e-02
5.163080710040363064e-02
5.095881203811814669e-02
5.058062171781926158e-02
5.035406283250139919e-02
5.009748981251598704e-02
4.962396928909609123e-02
4.877584153813420420e-02
4.752992654572740089e-02
4.580952511597569110e-02
4.360532175143980171e-02
4.100502254469065577e-02
3.813644433669157591e-02
3.514549159612034845e-02
3.637188473527946247e-02
3.713269996726505096e-02
3.798075926143095610e-02
3.973890212318590548e-02
4.078469528970580377e-02
4.126603363604059577e-02
4.116373334165233933e-02
4.057655662414041270e-02
3.971700014790423283e-02
3.857052025554486702e-02
3.721962180689155492e-02
3.575498412503558265e-02
3.422468092848598986e-02
3.259629676702604367e-02
3.182552453129217085e-02
3.104786369097217030e-02
3.015539643222095098e-02
3.013663905403528992e-02
3.071182227035514425e-02
3.104435427694596586e-02
3.111945094792384695e-02
3.097714443320060893e-02
3.060212980544725972e-02
2.997510530364776160e-02
2.931147261333414203e-02
2.916084644608948201e-02
2.881328746143248243e-02
2.854751607881158768e-02
2.862164622508464595e-02
2.848047147965771311e-02
2.817416446611433270e-02
2.771804597648696092e-02
2.719036965909472220e-02
2.662507473919349665e-02
2.603614276446753958e-02
2.544706563304832692e-02
2.489823883144081512e-02
2.434860524119504543e-02
2.378095636942332766e-02
2.318582837618936299e-02
2.253579908297959067e-02
2.178475633732188457e-02
2.093273759513368179e-02
2.081917979004227481e-02
2.104258909134313835e-02
2.113807960660477048e-02
2.105629363625929895e-02
2.077411274387464674e-02
2.031271249596366263e-02
1.964242573555504551e-02
1.919868261826197797e-02
1.927540045435075650e-02
1.925931584832991580e-02
1.911113261025160215e-02
1.883270986170887396e-02
1.843895998152366225e-02
1.790864973854979988e-02
1.726171101687627024e-02
1.677946019458958007e-02
1.659815784033213601e-02
1.637859243190442973e-02
1.630041070933515093e-02
1.660185961843800920e-02
1.684517215585151773e-02
1.702770950566321120e-02
1.714822965057770376e-02
1.720681469445605599e-02
1.720477061092606438e-02
1.714450492035030083e-02
1.702938781562459564e-02
1.686360210493762640e-02
1.692535294392119583e-02
1.751293668023821623e-02
1.797740285095790133e-02
1.831236645189647863e-02
1.854071910432338391e-02
1.864485993892875740e-02
1.863296061623265915e-02
1.853043856553263091e-02
1.834649313702734277e-02
1.808714690423473756e-02
1.776831129205362278e-02
1.741594021877783741e-02
1.703792797284438970e-02
1.664107185627020091e-02
1.623617481711549584e-02
1.583185324625252174e-02
1.543447819851824498e-02
1.505044819511803036e-02
1.468458490601675867e-02
1.433186470829985945e-02
1.399155244157919246e-02
1.366183776309840524e-02
1.349139310520744428e-02
1.334367969291318928e-02
1.319805537927158656e-02
1.305234435483554854e-02
1.290407490150044870e-02
1.275069336526400872e-02
1.258975354634672521e-02
1.241907574049050736e-02
1.223687199116026830e-02
1.204183624246103236e-02
1.183331483896722658e-02
1.161612591408811568e-02
1.138514586644842966e-02
1.114118849947905686e-02
1.088554545477351219e-02
1.061992160537041617e-02
1.034635942916743885e-02
1.006715700530287638e-02
9.784783874549143196e-03
9.501798476816645730e-03
9.220770264550742085e-03
9.142830844122316544e-03
9.077067534953355346e-03
9.007160761077067854e-03
8.933221422374831161e-03
8.855407863708154512e-03
8.773915977300013672e-03
8.688969908209661502e-03
8.600813476565574017e-03
8.509702400986040444e-03
8.415897380461770036e-03
8.319658066593320009e-03
8.221237936437055666e-03
8.120880055876491393e-03
8.018813707274963926e-03
7.915545347161231579e-03
7.811961512550523803e-03
7.707189510312994693e-03
7.601386230217752754e-03
7.494689334793133879e-03
7.387217808084013508e-03
7.279072932656456552e-03
7.170339621567061242e-03
7.061088032118275140e-03
6.951375392965026927e-03
6.841247978922926180e-03
6.730743173248962888e-03
6.619891562207782208e-03
6.615939033833111160e-03
6.668441834373967265e-03
6.721060052963552869e-03
6.772733729962217807e-03
6.822433604503504688e-03
6.869165043206547708e-03
6.911972240031795389e-03
6.949942702769354615e-03
6.982212006541925649e-03
7.007968762043990246e-03
7.026459720260526225e-03
7.036994914919479129e-03
7.040887522944410011e-03
7.036237506429916973e-03
7.022076376915203401e-03
6.997994879544539200e-03
6.963668744163869530e-03
6.918861708010565215e-03
6.863427779488428734e-03
6.797312664986785921e-03
6.720554298516435640e-03
6.633282433980158127e-03
6.535717279872350037e-03
6.428167175516546865e-03
6.311025328725592375e-03
6.184765651632966391e-03
6.049937749214595768e-03
5.907161129122043101e-03
5.757118715683481533e-03
5.600549759167816957e-03
5.438242242361820966e-03
5.275288968981860400e-03
5.270877261177402823e-03
5.290324779374888306e-03
5.334255866718645191e-03
5.371623050277168562e-03
5.402183181162999170e-03
5.425739625298520163e-03
5.442142585112787721e-03
5.451289013253850062e-03
5.453843865152224052e-03
5.450541095568170284e-03
5.439943609480013369e-03
5.422116363956808530e-03
5.397165571133264589e-03
5.365236658515416465e-03
5.326511988289456268e-03
5.281208368227691304e-03
5.229574387191450631e-03
5.171887608413729999e-03
5.108451653311747546e-03
5.039593207898869325e-03
5.027966077504541879e-03
5.012039256671558390e-03
4.987914076293731291e-03
4.955896971261693901e-03
4.916334167323960745e-03
4.907427117990644828e-03
4.911245257898867907e-03
4.911552828099001282e-03
4.907252355773140083e-03
4.898273021449489617e-03
4.884748359650861564e-03
4.866827716232599924e-03
4.844674694377075139e-03
4.818465591969025956e-03
4.788387842087717117e-03
4.754638467582697654e-03
4.717422560337121082e-03
4.676951794305166284e-03
4.633442980739212701e-03
4.587116673419210609e-03
4.538195829886492068e-03
4.486904535132398356e-03
4.445008442789975117e-03
4.450492467677370258e-03
4.453123937258200542e-03
4.452976058702962613e-03
4.450129146254084948e-03
4.444669885753953741e-03
4.436690609173293484e-03
4.426288583303004433e-03
4.413565315355728012e-03
4.398625878532354261e-03
4.381578260306358621e-03
4.362532735344560111e-03
4.341601265373948131e-03
4.318896927207062884e-03
4.294533370443711848e-03
4.268624305946645998e-03
4.241283025550241816e-03
4.212621953949753119e-03
4.182752232565613987e-03
4.151783335861552147e-03
4.119822719687086382e-03
4.086975501445729193e-03
4.053344171573654113e-03
4.019028335785273728e-03
3.984124486978442292e-03
3.948725806431302096e-03
3.912921992914572371e-03
3.876799118603378638e-03
3.840439511093336668e-03
3.803921659668969661e-03
3.767320145087310005e-03
3.730705591448313027e-03
3.694144638539447346e-03
3.657699933883017725e-03
3.621430142569071267e-03
3.585389973829435084e-03
3.549630223271558593e-03
3.514197828760878221e-03
3.479135939570683362e-03
3.444483996664837386e-03
3.410277823718330277e-03
3.376549726873938600e-03
3.343328602950589642e-03
3.310640054402842151e-03
3.278506510040113918e-03
