1.225109098544580610e-01
1.223285774645323787e-01
1.218816645545161281e-01
1.231849044127957399e-01
1.251537182300901108e-01
1.269109292828093372e-01
1.312257444653700811e-01
1.628402860018349496e-01
1.470956610883040194e-01
1.618388582802198772e-01
2.516635168150815893e-01
1.931936731995190226e-01
2.192545394190455743e-01
3.093392910865794820e-01
3.206968771569730925e-01
2.871188769092927195e-01
3.197852730113488473e-01
2.842280437184899755e-01
2.675793937937887002e-01
3.196338944036252183e-01
3.579039049258144201e-01
3.391928668045434137e-01
4.095731826161055356e-01
4.085838723242047332e-01
3.921050835501746490e-01
5.126866813616844931e-01
6.401162710124490562e-01
4.721939418138227929e-01
4.543197170405796625e-01
3.731961665261105954e-01
3.038710257524958047e-01
2.952601104437013735e-01
2.696517877173016942e-01
2.877609970068503165e-01
3.035233338874359088e-01
3.403543972473485613e-01
3.209073361224913934e-01
3.157033028921845674e-01
3.188702634671911618e-01
2.811614673372386797e-01
3.290315823992440714e-01
3.468414250916799224e-01
3.066241323440235811e-01
3.327091718392615749e-01
3.227025623153986222e-01
3.243350616363784300e-01
3.099675773649107069e-01
2.993858770317384121e-01
3.204084951276607307e-01
3.490272367725285041e-01
3.446281032367398134e-01
3.214235861383814008e-01
3.855758271024377071e-01
4.235412235214330301e-01
4.790826659058396442e-01
4.834986870438602313e-01
4.636000936065659550e-01
4.291163534922673439e-01
4.352084484696883138e-01
4.304223308286104777e-01
4.639616680529370374e-01
5.474871146735970084e-01
5.515715099186406789e-01
5.641307690310040091e-01
5.579150871093250252e-01
5.552892061852429118e-01
5.530224544267838827e-01
5.555683782823405137e-01
6.269823345416291049e-01
6.424780136624516080e-01
5.974084386803355518e-01
5.426418444983682754e-01
5.560760544840163133e-01
6.197114520775199864e-01
6.714804727244811922e-01
6.778323667035431876e-01
6.394015565227758602e-01
5.871892897877435402e-01
6.108956915014772671e-01
6.485610745534114985e-01
7.216047927234463533e-01
8.145266036736203974e-01
8.852801373616304703e-01
9.050352385280021617e-01
8.699931075390441304e-01
8.225138296284021378e-01
7.867604945088294555e-01
7.208382083058539891e-01
6.753364435915035768e-01
6.539765480313416424e-01
6.353295869316006872e-01
5.886501154183474416e-01
5.052693009323718787e-01
4.255580114738747866e-01
3.931129372062368010e-01
3.705427075483967991e-01
4.052186933542715752e-01
4.253818375688849240e-01
4.146244344332617460e-01
3.844114879867157608e-01
3.542690761475897343e-01
3.346543811048786621e-01
3.304245687665579578e-01
3.277354335588035794e-01
3.216643306004799419e-01
3.108682523525257424e-01
3.067128321847906181e-01
3.034365719223954261e-01
2.888995814353371161e-01
2.648210355443681441e-01
2.771656134096537882e-01
2.854453129249445720e-01
2.817351653364669195e-01
2.724610915042538495e-01
2.669724975714389270e-01
2.520728404198747663e-01
2.510004719292897035e-01
2.464466458266729998e-01
2.388067862323979829e-01
2.285899857124586987e-01
2.163944137331180462e-01
2.028176355923899943e-01
1.910333866469215436e-01
1.816647357988137867e-01
1.713267853143714270e-01
1.602638340064611866e-01
1.572983877516903328e-01
1.652432623360946817e-01
1.650265683067298483e-01
1.612350429537116880e-01
1.620962321937692296e-01
1.614874646008118975e-01
1.567713158851798960e-01
1.494569794949124619e-01
1.408986142394545726e-01
1.321927325368914830e-01
1.239529698044238987e-01
1.162283600935232197e-01
1.086928105111097803e-01
1.044242620140001659e-01
1.002549603579342835e-01
9.495530319041434186e-02
8.999564580028084071e-02
9.179227314388209436e-02
9.323924749336057194e-02
9.403855986867155903e-02
9.394570021028553208e-02
9.276404152803169323e-02
9.035718537880636780e-02
8.855136689890494295e-02
9.235380611507090776e-02
9.505528668300151918e-02
9.653897652283727204e-02
9.673962459608444198e-02
9.564007359567917865e-02
9.732911606210793709e-02
1.002770905942468316e-01
1.007619546516375780e-01
9.873445859467809560e-02
9.425620521785701977e-02
8.750261521473372273e-02
8.344501858288813634e-02
8.304615032312682998e-02
8.178655613363644550e-02
7.972287106713077387e-02
7.695303068870570917e-02
7.362067753165131567e-02
6.977984629514372150e-02
6.552488792055717604e-02
6.130808214421996916e-02
6.031895208606390113e-02
6.026349718697297797e-02
5.949480384497259078e-02
5.812775063640247125e-02
5.625009154827538549e-02
5.396481461373121846e-02
5.138200459048145041e-02
5.140964487932307009e-02
5.330011786805912560e-02
5.432523655987712974e-02
5.453551578150462459e-02
5.400872038340157055e-02
5.286607617188564257e-02
5.122185135574214981e-02
4.917118349740628308e-02
4.687629515025661109e-02
4.626650809865483910e-02
4.600565254866703646e-02
4.542398245271452029e-02
4.466025442857680938e-02
4.373203656889405877e-02
4.269979082497953743e-02
4.165745195149644919e-02
4.060681101411359878e-02
3.957937865974719971e-02
3.859842650852444296e-02
3.778215365864031478e-02
3.709428096085135712e-02
3.644742910265749702e-02
3.580737821338340898e-02
3.517023316411447414e-02
3.455205351786238416e-02
3.392374400490625469e-02
3.326708015363481069e-02
3.258524375020960956e-02
3.186352171219770935e-02
3.122789134549724260e-02
3.060446533081956702e-02
2.993189416718866624e-02
2.921634458565195921e-02
2.843644614308098173e-02
2.758078760587839157e-02
2.708192800526698640e-02
2.728596730761405353e-02
2.750221615217169832e-02
2.772360029760651684e-02
2.794273425735580366e-02
2.815201638970660225e-02
2.834374253670130309e-02
2.851109528431917603e-02
2.866004313075715820e-02
2.877034683179896524e-02
2.883508670583869934e-02
2.884789297714096187e-02
2.881099428429208589e-02
2.872461453275869381e-02
2.857213092227738060e-02
2.835030918391199389e-02
2.807926202477459623e-02
2.773513684469826671e-02
2.731917881420854732e-02
2.685094967120020548e-02
2.631086130033058815e-02
2.582797153292601400e-02
2.545038160647503447e-02
2.496613352750258821e-02
2.438869840268226979e-02
2.370540768175491073e-02
2.293052913891035355e-02
2.208697140241883822e-02
2.243929133745022411e-02
2.300118090900697687e-02
2.339371443930354094e-02
2.363688598213762107e-02
2.370175369901967102e-02
2.361820709258970197e-02
2.336351132430403849e-02
2.297085774784403400e-02
2.242805978011622181e-02
2.189360561476445810e-02
2.170137816143800913e-02
2.145792888095740189e-02
2.115341734757882064e-02
2.106040634268970674e-02
2.095171852015759173e-02
2.072900433634158879e-02
2.040088693458152677e-02
1.999515151701295249e-02
1.950481872600863184e-02
1.894205870935755306e-02
1.832037742383545165e-02
1.766261586507300238e-02
1.697333725932206189e-02
1.626510168076209656e-02
1.555167440418593790e-02
1.484623764847563948e-02
1.449672631991104355e-02
1.432629846628242186e-02
1.414825158128741461e-02
1.396297363297846657e-02
1.377507463553214601e-02
1.358237974854933396e-02
1.358470776274134893e-02
1.369261419966296550e-02
1.378366309834633957e-02
1.385791315263945785e-02
1.391548074711066590e-02
1.396316978888226430e-02
1.399489875588491410e-02
1.401055807470276762e-02
1.401053279461110523e-02
1.400193190378587298e-02
1.397817092915469399e-02
1.393964522585953124e-02
1.388786490085576648e-02
1.382779952277835706e-02
1.384705132462843262e-02
1.416293919932123252e-02
1.441654214001800161e-02
1.459254807869293964e-02
1.469236174410840610e-02
1.487763267488195242e-02
1.522331494632524033e-02
1.553927358526952657e-02
1.582295447514178721e-02
1.607518393441066326e-02
1.628792477528683350e-02
1.645892169206614186e-02
1.658656654895161037e-02
1.666988277804979171e-02
1.671094335441755674e-02
1.671455193170275771e-02
1.667436018244156104e-02
1.659152389976802436e-02
1.646766133650804514e-02
1.630965118882189008e-02
1.611883182109119170e-02
1.589367390124650850e-02
1.563709643313089884e-02
1.535223883694295487e-02
1.504893690328491275e-02
1.472378332400968784e-02
1.437993774415632746e-02
1.402091525831166037e-02
1.365022437247865282e-02
1.327295846922652879e-02
1.289244006656918053e-02
1.250969942334197518e-02
1.212787226749384613e-02
1.174992817292672652e-02
1.137864775393286967e-02
1.101660353695543826e-02
1.066614445534601503e-02
1.032938387318395844e-02
1.016147159043794337e-02
1.016181058725817293e-02
1.015100420149331502e-02
1.012767022566622710e-02
1.009113034465230173e-02
1.004185202324009256e-02
9.980346083376924471e-03
9.907161730156805943e-03
9.822881679221207377e-03
9.728117406555082669e-03
9.623504539573559183e-03
9.509698405362795870e-03
9.387369750492643300e-03
9.257200644032133330e-03
9.121389945197422647e-03
8.980179032849044257e-03
8.833026064224409543e-03
8.680619090671455249e-03
8.523640954890681146e-03
8.362766391991233519e-03
8.198659345402601120e-03
8.031970497258008462e-03
7.914007004433813372e-03
7.911622514906766629e-03
7.977936164016163206e-03
8.046580748980295544e-03
8.116246323360524692e-03
8.185680394291043258e-03
8.253695323884226859e-03
8.319174721821092841e-03
8.381078844576804465e-03
8.438449022914224981e-03
8.490411148612391282e-03
8.536178255656152666e-03
8.575052236520261384e-03
8.606424739564111012e-03
8.629777296635441838e-03
8.644680731600334206e-03
8.650793905136792278e-03
8.647861850381735258e-03
8.635713355802182578e-03
8.614258052139263030e-03
8.583483059451191624e-03
8.543449250307649442e-03
8.494287183109822115e-03
8.436192759179915457e-03
8.370811743317024822e-03
8.297437297299096320e-03
8.216001289402179858e-03
8.126903319222673894e-03
8.030585092217008142e-03
7.927525434983024796e-03
7.818235334248996304e-03
7.703253034056832191e-03
7.583139221987620152e-03
7.458472331051264372e-03
7.329843984194495815e-03
7.197854601696480892e-03
7.125161148508525437e-03
7.139745523703507936e-03
7.146021486025198183e-03
7.143973149935058803e-03
7.133638280451061985e-03
7.115105811195815422e-03
7.089618743051129095e-03
7.057097306993560804e-03
7.016880994072837580e-03
6.969226194702963194e-03
6.914426039293449129e-03
6.852807115318445587e-03
6.784726140106173663e-03
6.710566614593720808e-03
6.631671294650846697e-03
6.548082580520019416e-03
6.459598872193731724e-03
6.366674005681705224e-03
