1.475656728956092623e-01
1.469434649273771432e-01
1.460746847528667791e-01
1.479030791615516538e-01
1.498560990434759377e-01
1.556829244182232896e-01
1.542149917375450208e-01
1.694056710297280888e-01
2.379391797612994963e-01
3.589187800904194980e-01
2.541065406234869761e-01
2.444366164843026212e-01
3.398738265532901259e-01
4.170546502270393030e-01
3.072965393176422810e-01
3.878742073873087670e-01
3.877083054575735654e-01
4.926390025832715902e-01
4.389134389790551039e-01
4.742332309662790624e-01
5.459046284785158409e-01
6.427703562184026165e-01
5.867815849106415849e-01
4.935056147209087585e-01
4.105364555008456096e-01
3.547082170201565909e-01
3.228402218795788925e-01
3.157704133180923023e-01
3.366681050114956886e-01
3.035641275202450862e-01
3.481421628878303420e-01
3.809424282160714381e-01
3.348274992957688823e-01
3.121950303036003516e-01
3.242373307706687968e-01
3.694005021208889294e-01
4.382544379650451516e-01
4.632317916319194095e-01
4.517781318985030770e-01
3.890551447926233752e-01
4.403716168532433861e-01
4.070036862613218287e-01
4.554507846974832352e-01
4.850127889458270558e-01
4.964297066396937685e-01
5.114257371546505615e-01
6.022597095736155204e-01
6.384122466873120016e-01
6.586685998208939852e-01
6.195346418248057763e-01
5.989128183283352058e-01
5.713151612863235362e-01
5.409453329624066553e-01
5.443160209781138237e-01
5.890120608747628772e-01
6.557504806600069625e-01
7.303112414868029312e-01
7.107435283785953350e-01
7.008860924713413709e-01
8.391516376926166920e-01
1.014213257549268832e+00
1.071911848843477566e+00
9.969818402832103521e-01
1.052401923163739150e+00
1.051655150331190613e+00
1.003047705771647813e+00
9.806101641378470735e-01
1.046548199925688927e+00
1.029897139460466793e+00
9.856241067915370024e-01
8.645473501360044777e-01
7.568984039557281607e-01
6.791613649956995680e-01
6.127438697863178962e-01
5.660488314329628068e-01
5.533459325453923272e-01
5.169573895465643387e-01
5.152849270135863025e-01
5.212578037134237841e-01
5.331600638393999558e-01
5.226895049051705211e-01
4.917320079759540108e-01
4.513214739619555993e-01
4.047774952524743619e-01
3.582582378306334858e-01
3.192082435486441327e-01
3.100793725158825787e-01
3.116609969767080712e-01
3.300975826096524401e-01
3.481990756363836925e-01
3.536192758584724150e-01
3.413342412020101135e-01
3.287081365565447943e-01
3.129185433811580985e-01
2.821329470589337141e-01
2.962825755369536407e-01
2.772226512317642610e-01
2.659157570743934107e-01
2.452809503323276352e-01
2.269415126617831402e-01
2.127463312103505533e-01
2.002831589804867363e-01
1.900210104007685197e-01
1.852491367547249024e-01
1.845375713154686625e-01
1.850319974538012779e-01
1.911922827426208171e-01
1.905507364737597520e-01
1.789415791491505980e-01
1.708717545068588473e-01
1.661804402754875343e-01
1.615503717092743596e-01
1.543621169887499645e-01
1.441870373553534035e-01
1.295778889325266414e-01
1.183115852707732202e-01
1.124798262855227077e-01
1.147695866931380398e-01
1.204953458040899095e-01
1.235122942524242984e-01
1.210152448624476906e-01
1.138796276673233049e-01
1.053973578370438063e-01
9.838358826399588863e-02
9.373937728748851783e-02
9.044796181270542412e-02
8.715944159492826360e-02
8.343660081739877332e-02
8.272123129407545072e-02
8.344906645696532899e-02
8.537284771598399602e-02
8.989441755251184607e-02
9.464917445093540271e-02
9.777427289351804662e-02
9.784858850220126691e-02
9.395551819475587985e-02
8.775188465598522669e-02
8.343324689828451879e-02
7.923654783873601559e-02
7.578904664728781937e-02
7.411443467797997064e-02
7.351187785785699702e-02
7.115680134194227180e-02
6.856730792845007472e-02
6.593855732855513629e-02
6.401194468433621387e-02
6.247432486110685718e-02
6.038716024483779810e-02
5.779228314840333114e-02
5.728230397447340444e-02
5.632774910673005175e-02
5.473834113601520890e-02
5.253378048491114116e-02
5.025652498882224317e-02
4.856496461645356394e-02
4.859966165713322517e-02
4.877113859239188415e-02
4.851074631745664473e-02
4.785906237289542370e-02
4.684925432384578342e-02
4.550261892762973853e-02
4.414185695379085894e-02
4.416636990294351556e-02
4.399807326400034108e-02
4.420764026802367908e-02
4.414229692813851497e-02
4.339580180419775474e-02
4.200390761565591519e-02
4.107455722325151909e-02
4.010444877295077371e-02
3.907794902670787274e-02
3.795104113488904224e-02
3.674789653505166481e-02
3.551288663410782226e-02
3.421933813824452192e-02
3.288554033301993584e-02
3.155202175877967058e-02
3.019779400181772655e-02
2.937389514679444175e-02
2.893160264802573101e-02
2.846856754290787855e-02
2.798730203420802740e-02
2.749026683729827863e-02
2.697985632923854613e-02
2.729264080335888631e-02
2.776759310141068901e-02
2.834306745324619015e-02
2.897410757786426580e-02
2.959263470884654357e-02
3.010626409990777019e-02
3.041988330159578133e-02
3.045092896174271882e-02
3.013455417266480002e-02
2.942991766958714256e-02
2.910519454287226887e-02
2.981725189741355267e-02
3.018322224364970718e-02
3.017581312197574819e-02
2.980907738880460983e-02
2.907025596972852635e-02
2.825266852573815254e-02
2.756473057793134424e-02
2.661681785961377694e-02
2.544454654613983666e-02
2.410149794191125336e-02
2.260948106519745579e-02
2.113326605821806703e-02
2.000642375834369921e-02
2.019385866095647561e-02
2.048320868274653914e-02
2.071056936227468753e-02
2.087637378291554158e-02
2.098367348375543978e-02
2.103797821484891181e-02
2.105718341104608621e-02
2.102973730841078623e-02
2.096024948987183084e-02
2.085340463290785706e-02
2.071731906756834121e-02
2.056400579373113963e-02
2.038593366612031707e-02
2.018710347585941922e-02
1.997119498269523535e-02
1.974153060163913800e-02
1.950967408881611881e-02
1.927149421430876183e-02
1.902655912792307683e-02
1.877670139003001851e-02
1.852339276332040305e-02
1.826776673821201707e-02
1.801373462465970590e-02
1.776371167088195910e-02
1.751265113976303509e-02
1.726067754318983891e-02
1.700773600145320114e-02
1.675362700485222983e-02
1.649804011709350010e-02
1.624149297348817869e-02
1.598832228545503387e-02
1.573216006998364239e-02
1.547255532067642533e-02
1.520907767992408025e-02
1.494133627195810138e-02
1.466899547235586687e-02
1.439178765361071380e-02
1.411131475156893363e-02
1.382922657217083330e-02
1.354170447606728618e-02
1.324881366738312957e-02
1.295071029193032262e-02
1.264763972339836076e-02
1.233993313161989465e-02
1.208435837056535782e-02
1.190311860593841822e-02
1.171622423957751832e-02
1.152376829338527461e-02
1.153039322414528903e-02
1.152007042376813027e-02
1.161668532734155476e-02
1.179116759643836915e-02
1.194080283572776860e-02
1.206457600035197412e-02
1.216171650710634079e-02
1.223170106949852780e-02
1.227425296385787137e-02
1.229289421511188356e-02
1.228890683072699462e-02
1.228011028097844917e-02
1.237852239544484818e-02
1.245033954225049054e-02
1.249242241598276862e-02
1.250187940054392315e-02
1.247914290602082643e-02
1.242494857815632653e-02
1.234031153934707185e-02
1.222821464626936729e-02
1.209535480657499690e-02
1.193614935937027319e-02
1.175241237902170666e-02
1.154610059457986115e-02
1.131928370616281515e-02
1.107411528801508123e-02
1.081280464813519186e-02
1.053910074079621520e-02
1.025767402767718481e-02
9.966269320391102360e-03
9.667067498956507729e-03
9.362192885089468813e-03
9.109107683754367329e-03
9.110930530828283830e-03
9.101946092654500040e-03
9.082618779833592434e-03
9.053441516607790146e-03
9.014930776484816541e-03
8.967621801160903516e-03
8.912064030288185945e-03
8.848816765005658447e-03
8.778445083116107051e-03
8.701516020316451064e-03
8.618595027475703732e-03
8.532919536504210770e-03
8.442293086211293332e-03
8.347177237237492567e-03
8.248101280823389586e-03
8.145580216752129621e-03
8.040112835043923198e-03
7.932180060275592290e-03
7.822243548427868648e-03
7.710744525268125281e-03
7.598102853981601387e-03
7.484716318499583243e-03
7.370960109141746174e-03
7.257186496487972802e-03
7.143724678420946758e-03
7.030880786798857605e-03
6.918938038227123201e-03
6.808157015947628211e-03
6.698776067671938401e-03
6.591011806792050620e-03
6.485059703652830930e-03
6.381094753882946002e-03
6.279272212879835960e-03
6.179728384525229150e-03
6.082581453441769474e-03
5.987932351811502303e-03
5.895865650684483858e-03
5.806450467731748624e-03
5.719741383877259382e-03
5.635779361595348765e-03
5.554592658500296515e-03
5.476197730784355261e-03
5.400600121273187865e-03
5.327795328039353247e-03
5.257769649138398227e-03
5.190501001021147719e-03
5.125959707431634350e-03
5.064800377386794068e-03
5.034239366315367177e-03
5.003917841193234080e-03
4.973838696125516996e-03
4.944004584037422698e-03
4.914417921612146758e-03
4.885080894598463862e-03
4.855995463087621304e-03
4.827163367080797816e-03
4.798586132092110337e-03
4.770265074871415586e-03
4.742201309259254198e-03
4.714395751991853033e-03
4.686849128667270291e-03
4.659561979625082007e-03
4.632534666014212314e-03
4.605767375604911951e-03
4.579260128850237699e-03
4.553012784732210147e-03
4.527025046699282955e-03
4.501296468486806757e-03
4.475826459907452856e-03
4.450614292559767517e-03
4.425659105536474715e-03
4.400959910979150916e-03
4.376515599605618721e-03
4.352324946086763915e-03
4.328386614421947387e-03
4.304699163178476312e-03
4.281261050553406694e-03
4.258070639490362658e-03
4.235126202586584308e-03
4.212425926863952452e-03
4.189967918535822226e-03
4.167750207593734317e-03
4.145770752260051137e-03
4.124027443420803275e-03
4.102518108799722146e-03
4.091246677670782976e-03
4.085663140267462370e-03
4.080434322649391550e-03
4.075524999564353670e-03
4.070901267108724061e-03
4.066530505024787238e-03
4.062381339201917747e-03
4.058423605100296497e-03
4.054628311852623811e-03
4.050967607707102458e-03
4.047414746368527792e-03
4.043944054786276915e-03
4.040530902316925681e-03
4.037151671171620125e-03
4.033783728434606891e-03
4.030405399507167724e-03
4.026995942935538038e-03
4.023535526778631091e-03
4.020005206385120038e-03
4.016386903222512669e-03
4.012663385572931736e-03
4.008818249858501874e-03
4.004835903683945375e-03
4.000701549412671344e-03
3.996401169414165108e-03
3.991921511549871744e-03
