1.704965631439108176e-01
1.707470142374966915e-01
1.742208829103125967e-01
1.735869208230624849e-01
1.740662609414518613e-01
1.764341238745105456e-01
1.828744906600068554e-01
2.507809660746095348e-01
2.845654360296039909e-01
2.385783217410062385e-01
3.164435262489435075e-01
3.249346506555948477e-01
3.053131454296337810e-01
3.550913753707072851e-01
4.536275476092707093e-01
4.336268843947831408e-01
4.243695598185630025e-01
4.880370035685790975e-01
5.125065083579430913e-01
5.647900595230976872e-01
4.290846194221533128e-01
3.458015902778459050e-01
4.028785429069268731e-01
4.472406979094128987e-01
3.763395130192308535e-01
4.577073532691759428e-01
4.659185020020630841e-01
3.490852374038246886e-01
4.316002110115078616e-01
5.140583057665352174e-01
5.211872681179683386e-01
4.865964395694514777e-01
4.834197090252774776e-01
4.084503207479456277e-01
4.923630931119081788e-01
5.989986561356828165e-01
6.209667968547079031e-01
5.713139585152317013e-01
7.450558068783640353e-01
7.069079723828660677e-01
6.527429280494344566e-01
6.304740394153219851e-01
7.922726830610513638e-01
9.421830441908516374e-01
1.012966651743070212e+00
9.335289943891849074e-01
7.717346861340362851e-01
7.007099509704932672e-01
8.241913065301819108e-01
9.295032208341474922e-01
9.849033011150181149e-01
1.016873207290186265e+00
1.093276695091421225e+00
1.220930473442461750e+00
1.332565773582581103e+00
1.464493509555716111e+00
1.456042516426043099e+00
1.224303739076985087e+00
8.897301347465439436e-01
7.193333948968151370e-01
7.403684476708779494e-01
8.110153418787463542e-01
8.555123987103373517e-01
7.857542962986331370e-01
7.081999430203351764e-01
6.851380686282791954e-01
7.037946651247960483e-01
6.783240671454690007e-01
6.175173014228326762e-01
5.546122910133731709e-01
5.175828856324077298e-01
4.958155490326548454e-01
4.707339100430818490e-01
4.567619055135304640e-01
4.316181609428941801e-01
3.954224853013250107e-01
3.657802805586881090e-01
3.414508420048181225e-01
3.251324552861140638e-01
3.193076662757868833e-01
3.106714835278591713e-01
2.971197639068565155e-01
2.798388254342109027e-01
2.596969384397541658e-01
2.394021823051512288e-01
2.205749445459238012e-01
2.048600313407780149e-01
1.923498463654000901e-01
1.827773645453122930e-01
1.755443024815104835e-01
1.698940769391091010e-01
1.650451524810318260e-01
1.604042930377456710e-01
1.577818846226230476e-01
1.576472834781378063e-01
1.573584870853077522e-01
1.566353624673592071e-01
1.549733401673996092e-01
1.524770929571617195e-01
1.492404557358563699e-01
1.451308921783877881e-01
1.407627189576676485e-01
1.358598889788955322e-01
1.307168858577775483e-01
1.253669135480723895e-01
1.195798212777557934e-01
1.136330316923999384e-01
1.124465855830350386e-01
1.127395309563557491e-01
1.127621877385947685e-01
1.120200518713606042e-01
1.107674167274851351e-01
1.085731858571129943e-01
1.057172141678188876e-01
1.019365853007233869e-01
9.753183287674790924e-02
9.237265710967082488e-02
8.682356125961498972e-02
8.079191577287254955e-02
7.647702546145386526e-02
7.454108656382049669e-02
7.229102096841306946e-02
6.983990556313396381e-02
6.729531558229834287e-02
6.463880097306860806e-02
6.861162250216241987e-02
7.135744359450774121e-02
7.277939969011511245e-02
7.292427810450338721e-02
7.189292739078971539e-02
6.978659030774762850e-02
6.672737103780476686e-02
6.470589309282366586e-02
6.429873419536025203e-02
6.350049037731736457e-02
6.228749803464896095e-02
6.072628489556707726e-02
5.889156994919737126e-02
5.674606207409098324e-02
5.472536881298256661e-02
5.350865533864988116e-02
5.437910422054920839e-02
5.504923441052268773e-02
5.497841792938417543e-02
5.423635733824840738e-02
5.290295246744215751e-02
5.106341214362778574e-02
4.880295311851948203e-02
4.620298370217228168e-02
4.452192167932114697e-02
4.329933722013327296e-02
4.189513630845580899e-02
4.191195753383227668e-02
4.197166915062347514e-02
4.190941292823312236e-02
4.172882465482029984e-02
4.145476550756169165e-02
4.110388202056491219e-02
4.065187258895052586e-02
4.010710449168040231e-02
3.947872591173193224e-02
3.877645093020132966e-02
3.801084522762813306e-02
3.722721686753244219e-02
3.639679984311666727e-02
3.552965414576782222e-02
3.463556987723168112e-02
3.372393636054812210e-02
3.280362902098758748e-02
3.188291402671716152e-02
3.096937045937305649e-02
3.006982960523546175e-02
2.919033079816683862e-02
2.833609310388636449e-02
2.751564145642283743e-02
2.673019027809985307e-02
2.597906763554211698e-02
2.526444506752258123e-02
2.458772930805720389e-02
2.394960450778796726e-02
2.335008260502544411e-02
2.278856042680828947e-02
2.226388208877058683e-02
2.177440527540560472e-02
2.131807002048449057e-02
2.089246866514050255e-02
2.067716654269440707e-02
2.074345862461032461e-02
2.077381605802090109e-02
2.077317179343510234e-02
2.074559550038117262e-02
2.071169215673837605e-02
2.065565649289681158e-02
2.057840887759420159e-02
2.047995138288677061e-02
2.035940425784416377e-02
2.021516150650799412e-02
2.004507569585994853e-02
1.984666011923894718e-02
1.963484836756563059e-02
1.938946130514021884e-02
1.910799851389177392e-02
1.878851139942340140e-02
1.842961664631087224e-02
1.803061647278041482e-02
1.759158708960654668e-02
1.711648704276771266e-02
1.680795770639380293e-02
1.684423273985347774e-02
1.688051970321431672e-02
1.691526658708788003e-02
1.694696973034949886e-02
1.697418917612570147e-02
1.699556210271711484e-02
1.700981433096581188e-02
1.701576993397388785e-02
1.701235899912483668e-02
1.699862361123926496e-02
1.697372214159275847e-02
1.693693194171368155e-02
1.689101199109414864e-02
1.683615950254398544e-02
1.676800283466922670e-02
1.668626089385785022e-02
1.659076574585088143e-02
1.648145849238291660e-02
1.635838436869252455e-02
1.622168718297301720e-02
1.607160321258034943e-02
1.590845466737984479e-02
1.573264282457653013e-02
1.554464093208834247e-02
1.534498697108723463e-02
1.513427636038087651e-02
1.491315467811234544e-02
1.468231046830860073e-02
1.444246819259914841e-02
1.419705886248565085e-02
1.394692970330195687e-02
1.368978284309517804e-02
1.342641580464075390e-02
1.315763237572903539e-02
1.288423721603089434e-02
1.260703083127749646e-02
1.232680492607022942e-02
1.225418780703196181e-02
1.225723519855126224e-02
1.224659174022103836e-02
1.222251877484550886e-02
1.218533393984539553e-02
1.213540609624970575e-02
1.207315024813270486e-02
1.199902249419094839e-02
1.191351504932932834e-02
1.182230787850704727e-02
1.172074255408691104e-02
1.160925905147966800e-02
1.148843691436991429e-02
1.135887039190265103e-02
1.122116440110282332e-02
1.107593070833600910e-02
1.092378433930241838e-02
1.076534022433679218e-02
1.060121008277565592e-02
1.043199954893340477e-02
1.025830553917036689e-02
1.008071385788112707e-02
9.899797039269599835e-03
9.716112419176508447e-03
9.530200431269182648e-03
9.380148195534118022e-03
9.422826882329734047e-03
9.455897751573238974e-03
9.479546023869720589e-03
9.493987033139274917e-03
9.499463194488680026e-03
9.496241041270253591e-03
9.484608344367458435e-03
9.464871326192302037e-03
9.437351978801810509e-03
9.402385495025545811e-03
9.360317818793180769e-03
9.311503320577519879e-03
9.258496211742196433e-03
9.200461564200863168e-03
9.136662239399741606e-03
9.067462311795556479e-03
8.993225262481115492e-03
8.914312412257801438e-03
8.831081483725224113e-03
8.743885290037157337e-03
8.653070547397445633e-03
8.558976807446326204e-03
8.461935505809654867e-03
8.362269122257759771e-03
8.260290448023717078e-03
8.156301955057699074e-03
8.050595262494420964e-03
7.943450695000651984e-03
7.835136927461180262e-03
7.725910711371302905e-03
7.616016676616227214e-03
7.505687204439121483e-03
7.458532942486122488e-03
7.423150571941841865e-03
7.385271338841492735e-03
7.346306606347950512e-03
7.305358316035607917e-03
7.262279040143515205e-03
7.217200669471404532e-03
7.170252803397187541e-03
7.121562480876262972e-03
7.071253940651240494e-03
7.019448409461886453e-03
6.966263916996663814e-03
6.911815135811680451e-03
6.856213245461444464e-03
6.799565819007207142e-03
6.741976730757997735e-03
6.683546084010751759e-03
6.624370157232661004e-03
6.564541367811419469e-03
6.504148251821187561e-03
6.443275458652678381e-03
6.382003759640774571e-03
6.320410069139046315e-03
6.258567477319689452e-03
6.196545293512265191e-03
6.134409099015203544e-03
6.072220808736065664e-03
6.010038740321790515e-03
5.947917690302016551e-03
5.885909016335138903e-03
5.824060724545792982e-03
5.762417561592000047e-03
5.715370742525587890e-03
5.693587467024450316e-03
5.670331408531271988e-03
5.645696047890030010e-03
5.619771991789493382e-03
5.592646866400508357e-03
5.564405233452168753e-03
5.535128525912393765e-03
5.504895003128860986e-03
5.473779723047474989e-03
5.441854530723649365e-03
5.409188061554341155e-03
5.375845757869420621e-03
5.341889897990465680e-03
5.307379636220666518e-03
5.272371052756091685e-03
5.236917212623140236e-03
5.201068232142071722e-03
5.164871352668156529e-03
5.128371019927109066e-03
5.091608968525367616e-03
5.054624310854746207e-03
5.017453629366095541e-03
4.980131071648001388e-03
4.943219999725101746e-03
4.906216337824158107e-03
4.869129091898505117e-03
4.831984255531298483e-03
4.794805873323039827e-03
4.757616139358732989e-03
4.720435494974155669e-03
4.683282725338980268e-03
4.646175054664239065e-03
4.609128239824323257e-03
4.572156661719314723e-03
4.535273414861082375e-03
4.498490394064342743e-03
4.461818379002125898e-03
4.425267115748364108e-03
4.388845395613805329e-03
4.359014588133694121e-03
4.356542187191848534e-03
4.353990606382070715e-03
4.351345377152327984e-03
4.348587720423328744e-03
4.345726011218663427e-03
4.342768275476169108e-03
4.339722188160805363e-03
4.336595072435212722e-03
4.333393899908498902e-03
4.330125291798942420e-03
4.326795521091262621e-03
4.323410515422696464e-03
4.319975860731087303e-03
4.316496805685030372e-03
4.312978266650906514e-03
4.309424833297527402e-03
4.305840774687133901e-03
4.302230045860848742e-03
4.298596294813942370e-03
4.294942869923192887e-03
4.291272827601212009e-03
4.287588940276261529e-03
4.283893704700065218e-03
4.280189350296931435e-03
