2.430587672499260887e-01
2.401622763714547359e-01
2.433221676481404916e-01
2.428561348578330559e-01
2.567993903529302568e-01
2.548118157203502210e-01
2.569665127330577614e-01
3.125661013559647983e-01
4.556246850693094208e-01
4.497810356845880486e-01
4.977289456232019682e-01
4.508476631303468540e-01
4.989960030489852816e-01
5.399802276245773136e-01
4.018555824356997430e-01
4.628413555070483576e-01
4.891889344046958521e-01
5.960118588524426775e-01
6.762071928075653604e-01
7.695689022897420628e-01
8.735124183947315935e-01
8.948107679255949964e-01
1.014975556483827424e+00
1.157573054374654076e+00
1.129170461387045021e+00
1.213667913976803625e+00
1.036622308949935567e+00
1.135875164750291377e+00
1.043226976358873737e+00
1.092958549330012685e+00
1.086864248342172656e+00
1.396796938773883667e+00
1.700663726671054699e+00
1.630008828682062427e+00
1.813733054399940148e+00
1.361582575679599616e+00
1.307143108097195583e+00
1.359477427067383282e+00
1.076048422191181686e+00
1.002941152849109452e+00
9.297012748919777358e-01
7.931992878506702871e-01
7.044838539409801204e-01
6.649838886508711022e-01
5.631441157507306450e-01
5.283279890655436795e-01
5.004820671748109184e-01
4.569539273460215822e-01
4.046668992253223962e-01
3.925504689708133044e-01
3.656752233273675712e-01
3.516100594410226932e-01
3.440890036330463975e-01
3.108182733269708176e-01
2.598115812991054763e-01
2.256009601237728979e-01
2.158714613949208327e-01
2.116385220298236114e-01
2.105891485557700171e-01
2.077928171269189661e-01
1.974086007995816405e-01
1.796744386306187713e-01
1.549570545041692726e-01
1.295888008915110357e-01
1.104695951603463788e-01
1.006986223641792855e-01
1.002870738793062849e-01
1.047952899711135089e-01
1.090597572771088292e-01
1.102092853693416863e-01
1.079671721882156932e-01
1.030165312578126546e-01
9.672382081937913600e-02
9.056359462696297880e-02
8.545955695732194990e-02
8.171336507892824896e-02
7.916900605497476096e-02
7.744271226968346689e-02
7.611030449070498027e-02
7.481512359290018455e-02
7.330639460821974929e-02
7.143520149895357663e-02
6.913322731489253414e-02
6.639001217830750590e-02
6.323548377166182677e-02
5.983536784705592582e-02
5.901461114316750023e-02
5.891282597707683116e-02
5.843535567789281265e-02
5.752492946066219831e-02
5.614843583793057563e-02
5.433887899445162539e-02
5.221026053381924714e-02
4.967157735535999291e-02
4.680555595987602457e-02
4.372066240662363795e-02
4.054292300248099612e-02
3.740571962475967155e-02
3.443879255227812186e-02
3.175777735910130517e-02
3.110559129844716122e-02
3.228443682889860916e-02
3.339882583943457744e-02
3.433478952479018104e-02
3.500366392030333784e-02
3.534620272736541113e-02
3.533360875017486219e-02
3.496580200223038670e-02
3.426748929619311684e-02
3.328273686074880583e-02
3.206877983288015932e-02
3.068974845546100852e-02
2.921087533319216556e-02
2.950086386720411624e-02
2.973590141205882317e-02
2.981083534034043372e-02
2.973478376457136529e-02
2.952483878734446163e-02
2.920338333131155747e-02
2.879553585058236553e-02
2.833335102212566209e-02
2.785411662218117285e-02
2.735561391192752392e-02
2.685587226449974094e-02
2.636876104051204261e-02
2.590377878768981151e-02
2.546617359726555466e-02
2.505732285724016073e-02
2.467529826704017992e-02
2.431554518441359294e-02
2.397161260788862464e-02
2.363587989924215496e-02
2.330023744610025538e-02
2.295668981322004226e-02
2.259786073507543541e-02
2.221738900422300794e-02
2.181021256322840038e-02
2.137274474878648675e-02
2.090295164209247242e-02
2.040034293635358334e-02
1.986589079739603525e-02
1.930189206927782064e-02
1.871178908612809721e-02
1.809996351410728122e-02
1.747151627826984757e-02
1.683204491151330320e-02
1.714345650807599930e-02
1.746346964451600883e-02
1.767927025252952200e-02
1.775669842601006534e-02
1.769987553540536274e-02
1.751792288433480504e-02
1.722412191325993144e-02
1.683494665588020425e-02
1.637288154015581476e-02
1.587369110109382656e-02
1.533333527313363205e-02
1.477120002125219787e-02
1.441017126984321141e-02
1.419905161728278985e-02
1.393369350511977980e-02
1.363682209353426524e-02
1.333604190847576323e-02
1.315187792228513126e-02
1.303027694444960742e-02
1.290772805245082346e-02
1.278513730226262142e-02
1.267527046584939962e-02
1.258758673869603620e-02
1.252818365334318687e-02
1.249993159893835262e-02
1.250275960532297621e-02
1.253405211491221555e-02
1.258911732017713170e-02
1.266169066809860397e-02
1.274444169912448445e-02
1.283531865709232854e-02
1.292708866157088812e-02
1.300629445443694278e-02
1.306560331717870373e-02
1.338823911272192350e-02
1.388176624614980911e-02
1.431476407296300088e-02
1.465731310394807058e-02
1.490867149381049084e-02
1.506955456689577054e-02
1.512802162476670556e-02
1.508427980470931212e-02
1.503868611932145452e-02
1.527337446818835716e-02
1.544868675312508106e-02
1.551663775302876587e-02
1.547462175695967466e-02
1.566980946370744379e-02
1.577038558632710280e-02
1.574843157982793937e-02
1.560425955744334028e-02
1.534280484295931155e-02
1.497114224060550405e-02
1.466874313293859214e-02
1.431378741192615260e-02
1.388104457387998904e-02
1.337503272288966330e-02
1.300362595177979863e-02
1.261212037362166409e-02
1.217194991642559128e-02
1.167984225998956044e-02
1.115365261208167008e-02
1.058901230816067934e-02
1.031841301894828589e-02
1.018764166272568931e-02
1.004316029570619974e-02
9.885524575506591735e-03
9.715307184493723533e-03
9.533101368900488704e-03
9.339524251632152704e-03
9.135219708213420178e-03
8.920860640577489564e-03
8.697150526737281243e-03
8.470416291342852330e-03
8.236018603212021463e-03
8.105304757304246030e-03
8.089864159675729666e-03
8.074296615567317509e-03
8.059012483611099897e-03
8.059179211603640508e-03
8.048505941220359533e-03
8.027071568895037187e-03
7.994997183138124672e-03
7.972422338909143646e-03
7.953085171556692826e-03
7.932820173726436164e-03
7.911541431827644189e-03
7.889168318778127381e-03
7.865625908331938532e-03
7.840845314819393577e-03
7.814763961893607044e-03
7.787325784580766998e-03
7.758481368687453195e-03
7.728188032162005248e-03
7.696409852690866242e-03
7.663117646050123660e-03
7.628288899565629881e-03
7.591907665007544860e-03
7.553964415248591406e-03
7.514455868577925475e-03
7.473384784865555810e-03
7.430759737077294487e-03
7.386594862010561688e-03
7.340909593365382499e-03
7.293728380577955625e-03
7.245080396337243503e-03
7.194999235478987537e-03
7.143522607999294380e-03
7.090692028400024521e-03
7.036552503766314859e-03
6.981152222283258657e-03
6.924542244233545391e-03
6.866776196914229496e-03
6.807909975106623060e-03
6.748001448028853599e-03
6.687110174352924909e-03
6.625297125831930423e-03
6.562624420555029578e-03
6.499155066506807389e-03
6.434952716002063922e-03
6.370081431313116826e-03
6.304605462113853712e-03
6.238589034620188774e-03
6.172096152938877020e-03
6.105190412490444501e-03
6.037934825517199747e-03
5.970391658735091020e-03
5.902622282867619682e-03
5.834687034046215359e-03
5.766645086624866065e-03
5.698554337427092116e-03
5.630471300829559787e-03
5.562451014685687936e-03
5.494546956437056616e-03
5.426810969149244157e-03
5.359293197196952560e-03
5.292042031016692093e-03
5.225104060533908995e-03
5.158524037116439531e-03
5.092344843129423433e-03
5.026607469113164757e-03
4.961350998009598362e-03
4.896612595920133391e-03
4.832427509142092452e-03
4.768829066875123965e-03
4.705848689500584554e-03
4.643515901671687804e-03
4.581858350143638327e-03
4.520901825758710454e-03
4.460670289462963928e-03
4.401185901644618509e-03
4.342469054863257877e-03
4.284538409441358484e-03
4.227410931485861556e-03
4.171101933478527958e-03
4.115625116573677286e-03
4.060992614849880458e-03
4.007215041024694661e-03
3.954301533341596925e-03
3.902259803614607087e-03
3.851096185974280713e-03
3.800815686393984975e-03
3.751422032479478225e-03
3.702917723733504130e-03
3.655304081740647082e-03
3.608581300453662846e-03
3.562748496214639387e-03
3.517803757592241013e-03
3.473744194649885150e-03
3.430565987797950644e-03
3.388264436015756692e-03
3.346834004277815869e-03
3.306268370342550257e-03
3.266560470542554089e-03
3.227702544759443980e-03
3.189686180307581970e-03
3.152502354887146314e-03
3.116141478450948788e-03
3.080593433918797988e-03
3.045847616799704158e-03
3.011892973682799707e-03
2.978718039400984202e-03
2.946310973227846131e-03
2.914659593691525628e-03
2.883751412204696527e-03
2.853573665542654715e-03
2.824113347088897611e-03
2.795357236785532638e-03
2.767291930024287465e-03
2.739903865227273638e-03
2.713179350283959415e-03
2.687104587839226136e-03
2.661665699418899224e-03
2.636848748416298783e-03
2.612639761960500705e-03
2.589024751726739983e-03
2.565989733619685256e-03
2.543520746523867532e-03
2.521603869841191996e-03
2.500225240263419853e-03
2.479371067396053327e-03
2.459027648539113386e-03
2.439181382514325237e-03
2.419818782579804140e-03
2.400926488576869341e-03
2.382491278125239888e-03
2.364500077110123256e-03
2.346939969331332792e-03
2.329798205448746669e-03
2.313062211135266666e-03
2.296719594649379234e-03
2.280758153611123305e-03
2.265165881245474137e-03
2.249930971953426843e-03
2.235041826264876075e-03
2.220487055318408429e-03
2.206255484732062063e-03
2.192336157979712236e-03
2.178718339286994828e-03
2.165391516032330165e-03
2.152345400731790152e-03
2.139569932603458454e-03
2.127055278706780836e-03
2.114791834732009622e-03
2.102770225381212724e-03
2.090981304483578111e-03
2.079416154749474249e-03
2.068066087200898327e-03
2.056922640353915383e-03
2.045977579143816276e-03
2.035222893577873313e-03
2.024650797138091447e-03
2.014253725011378327e-03
2.004024332109425981e-03
1.993955490865924676e-03
1.984040288901499794e-03
1.974272026482973372e-03
1.964644213885447313e-03
1.955150568622100044e-03
1.945785012463539104e-03
1.936541668464406615e-03
1.927414857787289023e-03
1.918399096520836565e-03
1.909489092359619410e-03
1.900679741195589884e-03
1.891966123748592236e-03
1.883343501989028683e-03
1.874807315692166455e-03
1.866353178779457450e-03
1.857976875726833829e-03
1.849674357970599713e-03
1.841441740203398009e-03
1.833275296724834252e-03
1.825171457771335376e-03
