9.357766248627226446e-02
9.384846072268271389e-02
9.468704061090861546e-02
9.551447429853179849e-02
9.646451187257371052e-02
9.788367942658843246e-02
9.957745141443070935e-02
1.044919773628341653e-01
1.085749250856685999e-01
1.281841142198518746e-01
1.633664040765506753e-01
1.629791676551114732e-01
1.400709770705950707e-01
1.731566945056327300e-01
1.856772730836197816e-01
1.622481503511091494e-01
2.414236832762487461e-01
2.120403285229397194e-01
2.526987932346129173e-01
2.227020967794242357e-01
2.786220634934466478e-01
2.857394392140449879e-01
2.536264085372639809e-01
3.484404945641145779e-01
3.331259322450873528e-01
3.054063873442829924e-01
3.738774709522642570e-01
3.350452558195934349e-01
3.205561940128039411e-01
3.170150057832439860e-01
2.661145496336854155e-01
2.218548683208587669e-01
2.087104622945199772e-01
1.760305124222255879e-01
1.609518862091980917e-01
1.707663774669288537e-01
1.995283764917558378e-01
2.154496076386796799e-01
2.013857223908601668e-01
1.931433215292607530e-01
2.235177936455761682e-01
2.366277849324385785e-01
2.113567192155920149e-01
1.971741377078091995e-01
1.940804475882024760e-01
1.923950941894076727e-01
1.857017020404035657e-01
1.995786220951862033e-01
2.202166832263738883e-01
2.184108632171979092e-01
2.353031978850682604e-01
2.640596889553981641e-01
2.727025674807782019e-01
2.620734527753142418e-01
2.903727187332798554e-01
3.146965955813291194e-01
3.282139392165832059e-01
2.875365556902284014e-01
2.519325515058193354e-01
2.582487854868255606e-01
3.075909885679658506e-01
3.368026762850062084e-01
3.484291110451053775e-01
3.559935265380559932e-01
3.575803730595050189e-01
3.615382846100282377e-01
3.510638386704839631e-01
3.582834970429088495e-01
4.291606470479585878e-01
4.796229078502217136e-01
4.592824444985694754e-01
4.138960040832627696e-01
3.929741544438771217e-01
4.063256599924995327e-01
4.259703886482055224e-01
4.425295669967192480e-01
4.562334212187026394e-01
4.603962450721341693e-01
4.496072224166717812e-01
4.496318596297990688e-01
5.048726347225424016e-01
6.012465510193836238e-01
6.696556242127441605e-01
6.681124617336819949e-01
5.899386660562502271e-01
5.513010826632670502e-01
5.285848878757410940e-01
5.005967370548455309e-01
4.700852761449714201e-01
4.354436417329128894e-01
3.943287757809396110e-01
3.773475547680988917e-01
3.712147535551655331e-01
3.457606666120450201e-01
3.470634012441093375e-01
3.385491838488877692e-01
3.332160768496116865e-01
3.234595513511891451e-01
3.064327227114270191e-01
2.831011783154514516e-01
2.577009857374992219e-01
2.370448017736845603e-01
2.228130663259735300e-01
2.140328534330440402e-01
2.089242134721630284e-01
2.087083455118942388e-01
2.067730516253510065e-01
2.009561707606445091e-01
1.886882376086590762e-01
1.723190429310018090e-01
1.495552694434839902e-01
1.270367547098670002e-01
1.149593131528085926e-01
1.115197607239375721e-01
1.060417488972173611e-01
1.065578375619659762e-01
1.053655648726062738e-01
1.041079232898148993e-01
1.059592918988318533e-01
1.121212445010400377e-01
1.206940228217680267e-01
1.278874366959707465e-01
1.306429120126086640e-01
1.276121567676963275e-01
1.271085287067578451e-01
1.237269551761332881e-01
1.168096310479355276e-01
1.087021763609187924e-01
1.014531576055306833e-01
9.632954892038542161e-02
9.352159719659720871e-02
9.237554628112110144e-02
9.158635008914070563e-02
9.019791906625831968e-02
8.761474774887992312e-02
8.367768785905690954e-02
8.210497060443354422e-02
8.051458885665511989e-02
7.820134511615121908e-02
7.545644117908417714e-02
7.248618757099205279e-02
6.936303037759018741e-02
6.603603061408301611e-02
6.238405046412015542e-02
6.087722922837669054e-02
6.167154573447638372e-02
6.241120613447524723e-02
6.292784966977116312e-02
6.318285259439949952e-02
6.307595587186379249e-02
6.261580488881209050e-02
6.179281650772553564e-02
6.068455352725265345e-02
5.927304373606928634e-02
5.765653211488569463e-02
5.582279781939627344e-02
5.378001369184554764e-02
5.159537541991279785e-02
4.922251968322469140e-02
4.844924952727663880e-02
4.839981965414124482e-02
4.809613239616053471e-02
4.750744693597921259e-02
4.668654311131795187e-02
4.561629026770108036e-02
4.437043752025322113e-02
4.299126264547770138e-02
4.152081406647829126e-02
4.065493211351968450e-02
4.021107030435586843e-02
3.953903925748122883e-02
3.872994494489062633e-02
3.786902616771873481e-02
3.696364592807357269e-02
3.606924541170553750e-02
3.513888052015783081e-02
3.419331548961725836e-02
3.316331384627189266e-02
3.206906598551889642e-02
3.226021173758940319e-02
3.264905667835988484e-02
3.286326115720887564e-02
3.289384473036852108e-02
3.274107189912553451e-02
3.241834876413319383e-02
3.194898366342426022e-02
3.136346707734696815e-02
3.069617573406944674e-02
2.998384969408760328e-02
2.927921853575293429e-02
2.858624640337978015e-02
2.794496895345414955e-02
2.734133112991187636e-02
2.679329485843693140e-02
2.626431378021143459e-02
2.576176293574694576e-02
2.524040274390306968e-02
2.470086939681578539e-02
2.411373011555223433e-02
2.346896092546555887e-02
2.277222212327652956e-02
2.201548427116254217e-02
2.194071107515104327e-02
2.207361400132868551e-02
2.212787822781972502e-02
2.211974258095308898e-02
2.203299158326495547e-02
2.187514313846483996e-02
2.167810868476394495e-02
2.142851926272125798e-02
2.113378899501047736e-02
2.081242312295727981e-02
2.046685952552618551e-02
2.009029707187191122e-02
1.968375189107371415e-02
1.926292815364255909e-02
1.881080175553199313e-02
1.848843173665707870e-02
1.834529921836931809e-02
1.826014364364344708e-02
1.817398235118705338e-02
1.808051781683335177e-02
1.797614893019728460e-02
1.785785012090340684e-02
1.772332219310749843e-02
1.757109020774932917e-02
1.740054798125695995e-02
1.721195184270553347e-02
1.700636880406119350e-02
1.678558618979357139e-02
1.655199102979674347e-02
1.631236770575423059e-02
1.606650536674448029e-02
1.581660209056128669e-02
1.556594857197871225e-02
1.531770345481101893e-02
1.507476561890633802e-02
1.483966671579679646e-02
1.461448687601920975e-02
1.440079515511459747e-02
1.419961502941331603e-02
1.401141413798029714e-02
1.383611652621042319e-02
1.367313489748994346e-02
1.352141982933154421e-02
1.337952255494234341e-02
1.324566773944956671e-02
1.311783267395861402e-02
1.299382944768247110e-02
1.287138691257046046e-02
1.274822960203541092e-02
1.262346054823883755e-02
1.249562133843899747e-02
1.236107666868406160e-02
1.221815281601346635e-02
1.206544630507605173e-02
1.190185105565064877e-02
1.172657495535218281e-02
1.153914632113541699e-02
1.133941098238210911e-02
1.112752093039405879e-02
1.090508760131493962e-02
1.067388025534759741e-02
1.073837637697619071e-02
1.084721325608032499e-02
1.094388498249384764e-02
1.102703130066718697e-02
1.109552897691436051e-02
1.115343927250894533e-02
1.119560946253475922e-02
1.122132402168132814e-02
1.123041879082994215e-02
1.122296428744214321e-02
1.120265002810762016e-02
1.116859417799587022e-02
1.111930308609081902e-02
1.105556646765055821e-02
1.097830590988869287e-02
1.088993733874521821e-02
1.079355390100211753e-02
1.068670918757001070e-02
1.057058945665746881e-02
1.049567880224941234e-02
1.042939173050253833e-02
1.034437617546694541e-02
1.024006784943197468e-02
1.011848770885923413e-02
9.981663100126743696e-03
9.831707446237037198e-03
9.675292712894823302e-03
9.509038112620049610e-03
9.334665292201232631e-03
9.153767545098903669e-03
8.967798416276387408e-03
8.778065323721185101e-03
8.597190535893540694e-03
8.461645324085534728e-03
8.328824724145715910e-03
8.198869992732732079e-03
8.071862563169550017e-03
7.947830852200540516e-03
7.826757213594815604e-03
7.708584891257991983e-03
7.593224840838349449e-03
7.480562308064619449e-03
7.370463069671991108e-03
7.262779260346887734e-03
7.157354727048458216e-03
7.054029867250921973e-03
6.952645923302591853e-03
6.853048718067862588e-03
6.755091829902180357e-03
6.658639214991347692e-03
6.563567294943106582e-03
6.469766534615656491e-03
6.377142541701775157e-03
6.285616724765206997e-03
6.195126549308141092e-03
6.106609770090133844e-03
6.118160791744826042e-03
6.125048857299600358e-03
6.127331541742143950e-03
6.125078132615769874e-03
6.118371639088117549e-03
6.107310311051242398e-03
6.092008667632981336e-03
6.072598046212509745e-03
6.049226694886783093e-03
6.023550814173992893e-03
5.994353390245193806e-03
5.961679407125991016e-03
5.925735047469599982e-03
5.886738658039477809e-03
5.844918970471500198e-03
5.800513170015817593e-03
5.753764860820622003e-03
5.704921973733617993e-03
5.654234659198716616e-03
5.601953205199701642e-03
5.548326014777388640e-03
5.493597674924417806e-03
5.438007142624567448e-03
5.381786070562414800e-03
5.325157289672324823e-03
5.268333461775408753e-03
5.211515911541665831e-03
5.154893642468455842e-03
5.098642539328450407e-03
5.042924754545936861e-03
4.987888274908097372e-03
4.933666661153656742e-03
4.880378951875361838e-03
4.828129720763570804e-03
4.777037171992652362e-03
4.727392378884576023e-03
4.678981257539985457e-03
4.631856533301547188e-03
4.586058534960699498e-03
4.541615877808036043e-03
4.498546206243487534e-03
4.456856982690248978e-03
4.416546309750744512e-03
4.377603773321326990e-03
4.340011295662482733e-03
4.303743987856361447e-03
4.268770992306575307e-03
4.235056306727272984e-03
4.202559582509612403e-03
4.171236890862890442e-03
4.141041451485960416e-03
4.111924319317673306e-03
4.083835025969401178e-03
4.056722173092423660e-03
4.030533976180291321e-03
4.005218757448923521e-03
3.980725387737992817e-03
3.957003677649624518e-03
3.934004718755578986e-03
3.911681176185842143e-03
3.889987534541966812e-03
3.868880299030976518e-03
3.848318154250058784e-03
3.828262083532818928e-03
3.808675451259499467e-03
3.789524051441708809e-03
3.770776125313854334e-03
3.752402351189091431e-03
3.734375809410148128e-03
3.716671925713309343e-03
3.699268395454756962e-03
3.682145092091081238e-03
3.665283962121325401e-03
3.648668909472812475e-03
3.632285671421275203e-03
3.616121688506465735e-03
3.600165970631616537e-03
3.584408960838292475e-03
3.568842399132152263e-03
3.553459187256707667e-03
3.538253256287163251e-03
