2.293280345267791898e-01
2.306752812067171809e-01
2.311498574834272846e-01
2.371724868288057897e-01
2.384153095871537342e-01
2.424028907167263269e-01
2.476767737232062061e-01
2.479331786536385085e-01
3.086918069431641709e-01
3.166662222186305553e-01
4.479198644330330548e-01
6.413753486518424252e-01
3.733481870755909204e-01
5.635180827600333453e-01
3.846800550485078851e-01
4.114171896535481210e-01
5.916324763300199185e-01
6.990062444298810185e-01
6.115017092708588953e-01
6.470066872246896805e-01
7.290085812050627334e-01
9.489718874580012065e-01
1.273014745658915148e+00
7.595065051383933508e-01
8.748917018947155455e-01
1.074879604062376037e+00
8.549376477190251400e-01
1.011177380330210873e+00
1.006937943849115058e+00
6.164993173664802262e-01
4.691134746685624579e-01
4.342387518060747409e-01
4.643103381830329113e-01
4.999498518034977135e-01
4.200721618562560655e-01
4.174340666322885474e-01
4.490974033455345515e-01
4.928083255146950559e-01
5.250931047606381963e-01
5.058453745298399085e-01
5.700658593600875790e-01
5.791721732953671875e-01
6.617493027855677612e-01
6.884550426520613664e-01
6.816642972596882455e-01
7.630359635879043756e-01
7.713960581956246232e-01
8.102947761759987655e-01
6.596039448712558428e-01
6.897908254004483375e-01
8.454622029219478474e-01
9.045876132461998509e-01
8.577303127802894389e-01
9.196901950672635717e-01
8.982192840893166164e-01
8.924465732381646754e-01
9.002642901549011700e-01
8.026114470082021946e-01
8.243519851017839795e-01
8.567163098860326453e-01
8.876053618412302892e-01
1.047257395711032935e+00
1.244803713521488664e+00
1.347109169736552259e+00
1.208174619610655975e+00
1.209600406068464196e+00
1.230197300443075958e+00
1.240451237156936282e+00
1.298765062995412611e+00
1.429600318872618292e+00
1.479981189419663945e+00
1.300231458011799512e+00
1.368306341447418362e+00
1.491658987981028028e+00
1.415836383763912965e+00
1.468340515809035018e+00
1.470241008361637514e+00
1.524538376670123485e+00
1.576773614280515101e+00
1.549205977285336377e+00
1.402698151945527938e+00
1.226201946280877753e+00
1.009676428504801882e+00
7.979230695287007347e-01
6.463709575143009589e-01
5.626934276714795624e-01
5.072849476460439266e-01
4.558263177697760016e-01
4.208969142661865837e-01
3.963822012737978073e-01
3.732028346490143811e-01
3.539871624025333063e-01
3.401117199394396717e-01
3.309524858716180185e-01
3.251568094396184438e-01
3.214711570641105021e-01
3.189173306934425800e-01
3.163627184570365070e-01
3.114433745714868529e-01
3.057287089348875164e-01
3.054329073693010654e-01
2.995259691185820916e-01
3.104222973412820719e-01
3.104727592336436470e-01
2.908594890359751384e-01
2.800769633567865569e-01
2.647433567098773088e-01
2.446827681845672453e-01
2.276867103351205845e-01
2.185570586946755101e-01
2.163303133524655808e-01
2.160571895723375491e-01
2.238577131713836155e-01
2.310351561055708214e-01
2.307969958100421770e-01
2.213974394401277968e-01
2.036955424577110429e-01
1.799327386231794612e-01
1.677126734398388386e-01
1.657082156899239156e-01
1.611853158843751799e-01
1.547356152291579356e-01
1.522242644769827014e-01
1.515316242723119544e-01
1.493442714101525515e-01
1.460327089810048440e-01
1.415991253325679100e-01
1.364907753464843776e-01
1.305393283337346888e-01
1.241532257161945957e-01
1.172225413980615416e-01
1.205782666427176048e-01
1.242885898520612320e-01
1.249487535044215281e-01
1.295516966096581513e-01
1.333424093436740288e-01
1.343971295604015903e-01
1.298276894407423554e-01
1.212228217006795505e-01
1.101199534681027853e-01
1.090071166497045829e-01
1.082896799329703813e-01
1.053980253504212677e-01
1.015354075573729614e-01
1.006310117468124099e-01
9.820674435842610683e-02
9.396559882699900834e-02
9.007331124862329175e-02
8.624200810591742261e-02
8.130329317973003511e-02
7.559870592947219581e-02
6.946081929877720440e-02
7.002131271426452475e-02
7.074120082556824285e-02
7.111110636658271589e-02
7.117747218529973940e-02
7.092754670892056912e-02
7.033765956040487211e-02
6.942766073809839011e-02
6.830197692661807429e-02
6.691802584626038719e-02
6.529814413466043799e-02
6.391554748434248590e-02
6.572059066411817252e-02
6.675095093637185839e-02
6.695704882670244773e-02
6.634013386956323644e-02
6.494472166901364696e-02
6.289396282311758568e-02
6.031214898171941702e-02
5.733835005946535945e-02
5.597418621141760087e-02
5.597929433927236603e-02
5.549929888672486267e-02
5.472565816383062609e-02
5.369477000529646743e-02
5.252145243370842653e-02
5.132670618911715221e-02
5.020340530639917642e-02
4.918192041709160134e-02
4.829909414137611295e-02
4.756652506570567540e-02
4.697369490122471625e-02
4.649266867284475996e-02
4.608368428936687050e-02
4.571900652665317893e-02
4.534898672523794694e-02
4.491960639382518855e-02
4.439576295477160733e-02
4.375220259241286574e-02
4.299249173463221690e-02
4.211792465005613495e-02
4.111106794894725525e-02
3.998639926443486176e-02
3.876478038483027744e-02
3.834643076864949207e-02
3.834083811107880796e-02
3.825015359473812188e-02
3.808114164772012644e-02
3.784393643919285039e-02
3.755660230565810442e-02
3.724153031287141119e-02
3.689539017915732105e-02
3.653020336928212985e-02
3.615618812538969745e-02
3.578119663947773588e-02
3.541038448405028904e-02
3.504610549649132129e-02
3.468801173002111077e-02
3.433332782649281545e-02
3.398646069845859263e-02
3.363841410440147894e-02
3.327570086725040871e-02
3.289070246159669225e-02
3.247592492562823008e-02
3.202451190984167279e-02
3.153068750323955588e-02
3.099011156489083277e-02
3.040013705702384120e-02
2.977559062336209914e-02
2.910181810340451911e-02
2.838065413309957125e-02
2.761658733367563720e-02
2.681568291144214439e-02
2.598534083452195068e-02
2.513401229051015484e-02
2.427089019447722582e-02
2.340558887269722152e-02
2.254782681396358054e-02
2.170712469007382919e-02
2.089252885411685759e-02
2.033877230984382917e-02
2.028069234605747034e-02
2.016203264594929739e-02
1.998596368477351115e-02
1.976749733029036643e-02
1.950329122537874244e-02
1.919562480825921444e-02
1.885068395611701197e-02
1.865276115140637736e-02
1.868660064519761868e-02
1.871441285273600999e-02
1.873523630047458852e-02
1.874824214427022601e-02
1.875273235275578751e-02
1.874813651273686196e-02
1.873400744921428426e-02
1.871001584430267289e-02
1.867594403346952564e-02
1.863167914539648126e-02
1.857720574291686980e-02
1.851259810764785407e-02
1.843801230112016368e-02
1.835367812004129462e-02
1.825989105190627820e-02
1.815700432333352404e-02
1.804542112205304374e-02
1.792558706078261829e-02
1.779798294061203656e-02
1.766321190456207613e-02
1.752483689087751262e-02
1.738014670918650029e-02
1.722969005972560183e-02
1.707402195988583574e-02
1.691369889043476890e-02
1.674927438681690986e-02
1.658129507139891393e-02
1.641029711878004907e-02
1.623680314258143728e-02
1.606131948884401833e-02
1.588433391808748499e-02
1.570631365695063925e-02
1.552770379830533190e-02
1.534892602761399674e-02
1.517037765246628291e-02
1.499243091267139609e-02
1.481543254679138465e-02
1.463970359284474075e-02
1.446553939982256690e-02
1.429320982856780060e-02
1.412295962013389132e-02
1.395500891165347458e-02
1.378955388025366463e-02
1.362676749629379569e-02
1.346680036912240724e-02
1.330978166912511612e-02
1.315582011064336983e-02
1.300500498302058737e-02
1.285740721575275719e-02
1.271308046757524922e-02
1.257206222793948169e-02
1.243437492233725149e-02
1.230002701249839625e-02
1.216901408466627282e-02
1.204131991878680183e-02
1.191691753362496969e-02
1.179577020260884866e-02
1.167783243643393844e-02
1.156305092918421401e-02
1.145136546493445533e-02
1.134270978328539257e-02
1.123701240125133706e-02
1.113419739165733870e-02
1.103418511608031394e-02
1.093689291304989972e-02
1.084223574110597041e-02
1.075012677685596371e-02
1.066047796942434268e-02
1.057320055139828081e-02
1.048820550763023170e-02
1.040540400334160828e-02
1.032470777268509367e-02
1.024602946912390837e-02
1.016928297970976641e-02
1.009438370429493158e-02
1.002124880187350159e-02
9.949797405735026981e-03
9.879950808761193623e-03
9.811632621277080815e-03
9.744768902617381018e-03
9.679288268673053725e-03
9.615121976593053732e-03
9.552203988700037202e-03
9.490471017208420776e-03
9.429862551026022346e-03
9.370320866547850527e-03
9.311791023572145790e-03
9.254220848041765785e-03
9.197560902626647494e-03
9.141764446770096753e-03
9.086787387086098233e-03
9.032588219501432036e-03
8.979127964044405011e-03
8.926370093305090528e-03
8.874280455735017448e-03
8.822827194439289422e-03
8.771980662182750008e-03
8.721713333806844007e-03
8.671999716372256334e-03
8.622816257585959668e-03
8.574141253786259770e-03
8.525954757139896437e-03
8.478238483070301562e-03
8.430975718368600991e-03
8.384151230150127532e-03
8.337751176106416792e-03
8.291763016527462296e-03
8.246175428134217000e-03
8.200978219991524390e-03
8.156162252066098683e-03
8.111719355956744856e-03
8.067642258642678324e-03
8.023924508844071032e-03
7.980560406338963603e-03
7.937544934348462686e-03
7.894873694831454694e-03
7.852542846971883803e-03
7.810549048616486668e-03
7.768889400916463399e-03
7.727561396024264576e-03
7.686562867766874932e-03
7.645891945329681000e-03
7.605547009973175759e-03
7.565526654639860918e-03
7.525829646191583254e-03
7.486454890665798084e-03
7.447401401023332791e-03
7.408668267559172065e-03
7.370254630768539525e-03
7.332159656659190984e-03
7.294382514336361124e-03
7.256922355754331228e-03
7.219778297685697753e-03
7.182949405571091572e-03
7.146434679423457718e-03
7.110233041482049224e-03
7.074343325433110445e-03
7.038764267499352835e-03
7.003494498877378509e-03
6.968532539590386633e-03
6.933876793819489584e-03
6.899525546273436311e-03
6.865476959865868777e-03
6.831729074380594492e-03
6.798279806092794898e-03
6.765126948398341410e-03
6.732268173115522371e-03
6.699701032642169096e-03
6.667422962868733635e-03
6.635431286356828669e-03
6.603723216525597510e-03
6.572295861936297209e-03
6.541146231232178657e-03
6.510271238288098221e-03
6.479667707811615461e-03
6.449332381135077820e-03
6.419261922141979854e-03
6.389452923494931894e-03
6.359901912999948483e-03
6.330605359879744494e-03
