3.252192873296468334e-01
3.247231587630693972e-01
3.240727016502733537e-01
3.273167549214230365e-01
3.279342962087934965e-01
3.320872091259148839e-01
3.346419162070136677e-01
3.395051173848830928e-01
3.792060789614509209e-01
4.783571859917591373e-01
4.675816123868834495e-01
4.465317795346476770e-01
5.404042174197960513e-01
5.831913264597616831e-01
5.103822045877042246e-01
5.902871246589456167e-01
6.506806028705717226e-01
7.996072224085573055e-01
8.461903940229946741e-01
9.435735107001049782e-01
7.700336139757781861e-01
8.333888347244237105e-01
8.525774634713788602e-01
6.441294466079765524e-01
7.411324438867142872e-01
6.227580848429876692e-01
6.345088604644544272e-01
6.261103815368831427e-01
7.950747088131855378e-01
9.024987959600357934e-01
9.043973404544570771e-01
9.401393392099571811e-01
1.038445269033590135e+00
1.121419273886671508e+00
1.056494814839671337e+00
1.112326570085271138e+00
1.148431133341735411e+00
9.852684847428080372e-01
1.149092598914532859e+00
1.162364024422702480e+00
1.182230723262555294e+00
1.474051205084758065e+00
1.560744468933426665e+00
1.645216012729970423e+00
1.888804097691868300e+00
1.857496997391456128e+00
2.028193849309659402e+00
1.770161927439202643e+00
1.907089345891133769e+00
1.959419577460938200e+00
2.211010042179752944e+00
2.702203617955554638e+00
2.902529941304499594e+00
2.481142547541672183e+00
2.336651127870617906e+00
2.262685157329572760e+00
2.345963247911668326e+00
2.426536314764200064e+00
2.364977723707678336e+00
2.189185525519731002e+00
2.337762895460034240e+00
2.422959055275916374e+00
2.190703813874738337e+00
1.620875942090883592e+00
1.171891390601151439e+00
9.213942570786516351e-01
7.867236202070689854e-01
7.156643794744205200e-01
6.806445726263908869e-01
6.303680881839747174e-01
6.029013967956660114e-01
5.688716710275173449e-01
5.576100808776404127e-01
5.662994654489458268e-01
5.790581896238290449e-01
6.128627439455255344e-01
5.721826264707842169e-01
4.855974383233201408e-01
4.212989808017363336e-01
4.096358250088706909e-01
4.144730155640455327e-01
4.090606018403712962e-01
3.944011681621986121e-01
3.733528035426854075e-01
3.549962188955906872e-01
3.284057324927603383e-01
2.856743977918040356e-01
3.124600216868550495e-01
3.281516896717780463e-01
3.237757559627840731e-01
3.238175761003191377e-01
3.242597227174084940e-01
3.119120950758390021e-01
2.859371077207259471e-01
2.587596319933269107e-01
2.470825570519089298e-01
2.399130013178622511e-01
2.224905426297115740e-01
2.288798370686731254e-01
2.396856950710300749e-01
2.329605434869242431e-01
2.397778776595491101e-01
2.419811521243313002e-01
2.305830758493829236e-01
2.088148280304128190e-01
1.954890366001810487e-01
1.746438680038205071e-01
1.607280984017082637e-01
1.497909507603470414e-01
1.433136551031826411e-01
1.444720784090403332e-01
1.455852512752429384e-01
1.448419551423014984e-01
1.414222014052376741e-01
1.423755722418503511e-01
1.476965341645238849e-01
1.480393713617884632e-01
1.408687245881459493e-01
1.365996116825789752e-01
1.365016002571012577e-01
1.343426413706108324e-01
1.302866465974753252e-01
1.269789651062063762e-01
1.231572069363608135e-01
1.180991230056814556e-01
1.130373423607834715e-01
1.151573607517256820e-01
1.148952632517008937e-01
1.126293345903712911e-01
1.117771717705021289e-01
1.077065252742539919e-01
1.010330951242654346e-01
9.412443065492441530e-02
8.912099770458861703e-02
8.448975061371771789e-02
8.108654675388136945e-02
7.855970699111436417e-02
7.628894492240163860e-02
7.429377185960996111e-02
7.251529415794703837e-02
7.087773811115333222e-02
6.919416522515896284e-02
6.735109544984271834e-02
6.535123814063326098e-02
6.491327672926065773e-02
6.461399930532817082e-02
6.441593084097342603e-02
6.428722423800381502e-02
6.420018479907149689e-02
6.412974752497294095e-02
6.405211134138007190e-02
6.394369776220923396e-02
6.378055242855969198e-02
6.353824816256886665e-02
6.319228367136892066e-02
6.271891088164603667e-02
6.215691727216447748e-02
6.143266619374163767e-02
6.052688344795249809e-02
5.942972816708372991e-02
5.813780295446988738e-02
5.665468997906338011e-02
5.503641780053721705e-02
5.326714553579053879e-02
5.135145743476219465e-02
4.931695601169198973e-02
4.729977582172718853e-02
4.849675451381888630e-02
4.920987775750090137e-02
4.940953318688449947e-02
4.916042377069664016e-02
4.845679651926519671e-02
4.731691280083099443e-02
4.609325532510426260e-02
4.467966537662888121e-02
4.300497359324818858e-02
4.235733663836174778e-02
4.162408912002159983e-02
4.084974011189626553e-02
4.095390254485115761e-02
4.153388389713195961e-02
4.177674725022855612e-02
4.172038091021878364e-02
4.141034788164907332e-02
4.089889959150352222e-02
4.026865070868868024e-02
3.951453710471178327e-02
3.867095249876961738e-02
3.776487099109468448e-02
3.681597461010823608e-02
3.583752404952325610e-02
3.483772203498677195e-02
3.382132443300011476e-02
3.279128144753051810e-02
3.175023258447880192e-02
3.070172753899477747e-02
2.965857673382579426e-02
2.937659212533358377e-02
2.910793571959277223e-02
2.884726664008952293e-02
2.858957201704299955e-02
2.833025004885088294e-02
2.806517330146524394e-02
2.779073397123268258e-02
2.750387293095012120e-02
2.721072457537593650e-02
2.690149438196220294e-02
2.657403110257704204e-02
2.622740015372692149e-02
2.586118164213378756e-02
2.547543985026923252e-02
2.507068727256465263e-02
2.464784436809520918e-02
2.420819610240115480e-02
2.375334626027176058e-02
2.328517043115254162e-02
2.280576848993983233e-02
2.298377780761098541e-02
2.333301312767486688e-02
2.364536750241866617e-02
2.390717199493156211e-02
2.410708311955973848e-02
2.423632274624854324e-02
2.428880801203243261e-02
2.426117483935009284e-02
2.415270277065757754e-02
2.396515215524578496e-02
2.370252722966985359e-02
2.337078028379808992e-02
2.297747294705378140e-02
2.253141071663741432e-02
2.204226626811003203e-02
2.152020595248579221e-02
2.097553229862570909e-02
2.041835343553251650e-02
1.985828823561121628e-02
1.930421377740622335e-02
1.876405952196085261e-02
1.847654757403049963e-02
1.824817195947726553e-02
1.799962465366345202e-02
1.773633530645012807e-02
1.746363166399909211e-02
1.718662093057940141e-02
1.691008700933853068e-02
1.663840464945042300e-02
1.652611021867472080e-02
1.650187816803779656e-02
1.647378851135338981e-02
1.644170732876112928e-02
1.640553082143616712e-02
1.636694223606216178e-02
1.632449222859184285e-02
1.627783400691616353e-02
1.622695914962089120e-02
1.617188181022212456e-02
1.611263708924178667e-02
1.604927941617220050e-02
1.598188095165843994e-02
1.591053001863816999e-02
1.583532957029945218e-02
1.575639570112032789e-02
1.567385620681397904e-02
1.558784919726685300e-02
1.549852176663195184e-02
1.540602872264058149e-02
1.531053137781697958e-02
1.521219640344105561e-02
1.511119474723384218e-02
1.500770061489916860e-02
1.490189051516502966e-02
1.479394236786554101e-02
1.468403467380616570e-02
1.457234574514101356e-02
1.445905299496579900e-02
1.434433228399721941e-02
1.422835732265643853e-02
1.411129912650679885e-02
1.399332552289176551e-02
1.387460070660913487e-02
1.375528484235298381e-02
1.363553371179615850e-02
1.351549840300770265e-02
1.339532503996558599e-02
1.327515455007252654e-02
1.315512246740808619e-02
1.304044523107716555e-02
1.306387705490461883e-02
1.307009553552535529e-02
1.305895939446622377e-02
1.303052980470038001e-02
1.298505733781004853e-02
1.292296694115901631e-02
1.284484137517430229e-02
1.275140352488343155e-02
1.264349798043594431e-02
1.252207225259728551e-02
1.238815796184974255e-02
1.224285230397269275e-02
1.208730006276180317e-02
1.192267640223485664e-02
1.175017063604057339e-02
1.157103141626585931e-02
1.138915288715314743e-02
1.120264158886511915e-02
1.101260782852321249e-02
1.084520463026651324e-02
1.075089120213030755e-02
1.065827649416027124e-02
1.056736883950732536e-02
1.047817284786199329e-02
1.039068958407192086e-02
1.030491674712544214e-02
1.022084884886857378e-02
1.013847739199745870e-02
1.005779104682761466e-02
9.978775826194238516e-03
9.901415258313036108e-03
9.825690556995799949e-03
9.751580788829683141e-03
9.679063037259762886e-03
9.637225759057427288e-03
9.638991440610023692e-03
9.635739538123510098e-03
9.627771794039173200e-03
9.615398159695075567e-03
9.598932470107457426e-03
9.578688523374326649e-03
9.554976573113882488e-03
9.528100239006263850e-03
9.498353831503122610e-03
9.466020083335425703e-03
9.431368274978807822e-03
9.394652737891386746e-03
9.356111715040329319e-03
9.315966556651053554e-03
9.274421225861735271e-03
9.231662088981525127e-03
9.187857962014184254e-03
9.143160386114771235e-03
9.097704104178722800e-03
9.051607710377863880e-03
9.004974445892027085e-03
8.957893114391624403e-03
8.910439092641471784e-03
8.862675411544410076e-03
8.814653887110840066e-03
8.766416278643964638e-03
8.717995457317211094e-03
8.669416566978909236e-03
8.620698162680049542e-03
8.571853312949241979e-03
8.522890655278973424e-03
8.473815394123727571e-03
8.424630234012483662e-03
8.375336241222617120e-03
8.325933629645209874e-03
8.276422466496881347e-03
8.226803297046569180e-03
8.177077686753414162e-03
8.127248681734202188e-03
8.077321188454611445e-03
8.027302275406655863e-03
7.977201399153180730e-03
7.927030559244794411e-03
7.876804385361913657e-03
7.826540162199214015e-03
7.776257796376116055e-03
7.725979731193502453e-03
7.675730814496706592e-03
7.625538125116996906e-03
7.575430763376437768e-03
7.525439611633395059e-03
7.475597069725357056e-03
7.425936770430693369e-03
7.376493281035143533e-03
7.327301794153015524e-03
7.278397814092498093e-03
7.229816841428009754e-03
7.181594060951635577e-03
7.133764035214724269e-03
7.086360408876608667e-03
7.039415624279189362e-03
6.992960652997073402e-03
6.947024744306673147e-03
6.916059157443186535e-03
6.885841739496282969e-03
6.855714575570277802e-03
6.825675363451505669e-03
6.795722177075960366e-03
6.765853447852398887e-03
6.736067946055785023e-03
6.706364762669479902e-03
6.676743291664699945e-03
6.647203212529277129e-03
6.617744473482216165e-03
6.588367274922388162e-03
6.559072053320672523e-03
6.529859465842227477e-03
6.500730375029733533e-03
