2.882780871245091969e-01
2.875912346963453992e-01
2.876481098013204951e-01
2.899159753113609295e-01
2.905636051214609550e-01
2.997358349899071905e-01
3.189315190571273551e-01
4.017421142127838851e-01
4.275619692836847285e-01
4.772235013223616873e-01
4.759665949898055359e-01
4.871907366530215944e-01
4.645161622335358120e-01
6.672459759342642682e-01
6.407217148851007682e-01
8.138215540301669826e-01
7.184484089453325728e-01
8.101077916972692083e-01
7.847678565454595523e-01
7.286703546129962294e-01
6.594334970574078358e-01
7.008718726327275439e-01
6.782907028776630209e-01
7.413792084079915412e-01
8.683948737105053883e-01
9.260818622608271156e-01
7.994900900914148067e-01
8.354663418135308550e-01
8.741917166747142920e-01
8.704119150142178851e-01
9.673524201255901955e-01
1.280435198571821642e+00
1.529261089816049912e+00
1.360437585576279362e+00
1.471314111276820213e+00
1.551389971655618316e+00
1.683595578990445985e+00
1.881810564732018465e+00
1.792218786046998247e+00
1.876469591869584397e+00
1.998633360186765406e+00
2.098845632422286389e+00
2.104523749114022291e+00
2.280012710440095791e+00
2.449638074914537444e+00
2.602117874034680867e+00
2.600375359641796891e+00
2.953074258508842309e+00
2.788197882004680661e+00
2.099641761144561691e+00
2.261811908672542781e+00
2.354264446807561306e+00
2.581288211694252155e+00
2.746839753064682199e+00
2.493046040455412449e+00
1.861295247118255336e+00
1.395487409140848456e+00
1.041966434184194101e+00
8.869425715674585931e-01
7.871761371050380873e-01
7.558232187357186715e-01
7.787712838430754791e-01
7.345321265557982482e-01
6.929992546220159477e-01
6.945355087952557183e-01
6.559399325310193429e-01
5.767803308985378630e-01
4.865807924466813428e-01
4.926393977183171069e-01
5.050209301904852177e-01
4.986489947951209256e-01
4.379056131229333015e-01
4.465655615738156059e-01
4.817236655307821636e-01
4.779070558538904834e-01
4.605971727542720329e-01
4.387698489120508416e-01
4.522478009440609181e-01
4.121937172240040526e-01
3.405155011538211207e-01
3.194085175516946373e-01
2.876366436743373334e-01
2.986977030569656910e-01
3.039215792953963158e-01
2.832107657027146397e-01
2.441509272979409950e-01
2.348607702000649888e-01
2.198293018987364511e-01
2.055117677214993166e-01
1.957416434564349661e-01
1.900539196238804629e-01
1.861300961167072776e-01
1.816610692401169347e-01
1.757251145682290350e-01
1.774464985495260716e-01
1.687483266871860899e-01
1.703837386908026164e-01
1.781444092719991767e-01
1.799491164778234675e-01
1.751222166367865929e-01
1.646499689856237569e-01
1.526299213477589622e-01
1.434952360676353400e-01
1.378998257139753825e-01
1.368876473560858842e-01
1.391359763443668907e-01
1.421210030528732571e-01
1.445358302700889830e-01
1.434014176677401164e-01
1.362924313130118581e-01
1.342833039902165682e-01
1.327047184152715387e-01
1.254234584620933235e-01
1.162475094291695182e-01
1.088681050447306564e-01
1.053140423858050512e-01
1.051500362350474838e-01
1.062499323564360110e-01
1.057445077868833516e-01
1.018586418713502834e-01
9.751873223853881056e-02
9.569217422510176152e-02
9.299157237981595103e-02
8.944053394184377226e-02
8.523206548140324634e-02
8.532426475703523694e-02
8.516766296795241775e-02
8.314739793513530042e-02
7.931794925619017889e-02
7.446713269539553814e-02
7.266384456903902944e-02
7.298642546552822075e-02
7.255913221755801168e-02
7.155474449952438365e-02
7.024005730627573552e-02
6.870642493300661846e-02
6.705736658558042462e-02
6.539970071716094679e-02
6.380436924554595823e-02
6.230775304617298949e-02
6.091620243523285932e-02
5.961260760341703657e-02
5.836390605588730879e-02
5.712858757170632268e-02
5.586842862361022372e-02
5.458854302116214474e-02
5.320804703645550665e-02
5.170488673646067568e-02
5.006842226174335053e-02
4.829941203392557059e-02
4.661095280564828830e-02
4.641724009772421611e-02
4.619221188663990424e-02
4.592805003753274579e-02
4.562004875482066762e-02
4.526632068924790059e-02
4.486742702004149763e-02
4.442596172758597056e-02
4.394611645151955126e-02
4.343324811270104363e-02
4.289346715320221937e-02
4.233326002999108356e-02
4.175915564903835697e-02
4.117744186088859865e-02
4.059393502112396135e-02
4.001380298984570649e-02
3.944143980189856319e-02
3.888038857444869184e-02
3.833330799462723176e-02
3.780457054103908421e-02
3.730022724661462979e-02
3.681218401803144219e-02
3.634003646454200126e-02
3.588276455496019340e-02
3.543883596272427716e-02
3.500631444900932643e-02
3.458296900765214094e-02
3.416638012264944929e-02
3.375404013425952615e-02
3.334344534315209635e-02
3.293217808916706901e-02
3.251797760564233142e-02
3.209879896150542172e-02
3.167285985485376876e-02
3.123867541034352352e-02
3.079508145584060677e-02
3.034124701364147511e-02
2.987667694144440986e-02
2.940120580035035167e-02
2.891498411830943638e-02
2.868178515774195275e-02
2.895256367058394661e-02
2.910151792792449454e-02
2.912607403423014829e-02
2.902620659794377320e-02
2.880433908242462440e-02
2.846517429319751075e-02
2.804415178039107448e-02
2.752370192110642835e-02
2.690902797006379521e-02
2.621098616733716358e-02
2.544129647233712294e-02
2.461220887597313084e-02
2.415576843607568011e-02
2.429192685533956841e-02
2.438308639581192316e-02
2.443034191100974806e-02
2.444033662564208328e-02
2.441856402685581989e-02
2.435853661541418150e-02
2.426283426126694606e-02
2.413427697211986342e-02
2.397585877599934037e-02
2.379068485794581453e-02
2.358191294444024477e-02
2.335269970517488483e-02
2.310615273322778884e-02
2.284528846369027894e-02
2.257299621216903029e-02
2.229200835177881646e-02
2.200487650885668903e-02
2.171395353829196767e-02
2.142138094440054069e-02
2.112908133670999763e-02
2.083875545668121068e-02
2.055188327203886015e-02
2.026972861791670466e-02
1.999334685565849409e-02
1.972359502956451752e-02
1.946114401778585232e-02
1.920649220081840566e-02
1.895998020341033499e-02
1.872180630429418763e-02
1.849204214874444752e-02
1.827064844263855473e-02
1.805749035064894634e-02
1.785235236454943766e-02
1.765495244924519813e-02
1.746495531553358266e-02
1.728198470454837821e-02
1.710563460475720762e-02
1.693547935219824607e-02
1.677108259384074707e-02
1.661200511642270741e-02
1.645781156506456386e-02
1.630807609279838824e-02
1.616238699539080878e-02
1.602035039810013883e-02
1.588159306770288437e-02
1.574576442925654934e-02
1.561253787066978031e-02
1.548161141818619330e-02
1.535270786653847655e-02
1.522557444468858497e-02
1.509998209491402420e-02
1.497572443956399386e-02
1.485261650315721806e-02
1.473049325409953557e-02
1.460920802224483644e-02
1.448863084441872826e-02
1.436864678205205560e-02
1.424915425050829465e-02
1.413006339269106716e-02
1.401129452457893811e-02
1.389277667433266687e-02
1.377481761317361254e-02
1.365819279607399447e-02
1.354163368747937635e-02
1.342509087158206930e-02
1.330851826368567060e-02
1.319187241236920854e-02
1.307511193191357099e-02
1.295819705949063233e-02
1.284108932989227667e-02
1.272375135899118589e-02
1.260614672629983835e-02
1.248823994653587739e-02
1.236999651866362536e-02
1.225138304260762513e-02
1.213236739145629427e-02
1.201291892914660257e-02
1.189300876315409032e-02
1.177261002197453610e-02
1.165169814866066737e-02
1.153025120126007115e-02
1.140825015248809679e-02
1.128567918188465823e-02
1.116252595356652909e-02
1.103878187481210221e-02
1.091444232985103700e-02
1.078950688642202858e-02
1.066397947039157516e-02
1.053786850740575515e-02
1.041118702916346041e-02
1.028395274331028557e-02
1.015618806698660205e-02
1.002792012367351507e-02
9.899180703897643777e-03
9.770006191507439597e-03
9.640437455649963905e-03
9.510519711889268285e-03
9.380302352697338433e-03
9.249838751077930563e-03
9.119186038489915727e-03
8.988404860620044165e-03
8.857559113023692060e-03
8.761327455046260398e-03
8.728982833456732163e-03
8.696625016935887950e-03
8.664215393960136499e-03
8.631716903178132325e-03
8.599094109450190065e-03
8.587203270805485525e-03
8.611668014606541077e-03
8.631617114931038059e-03
8.647013591657046541e-03
8.657834297125974535e-03
8.664069787041686968e-03
8.665724125014141049e-03
8.662814623455666885e-03
8.655371524457756982e-03
8.643437624233266114e-03
8.627067846119908928e-03
8.606328765473599332e-03
8.581298091507325379e-03
8.552064110778986525e-03
8.518725097099695900e-03
8.481388691967564272e-03
8.440171261440809758e-03
8.395197232914092603e-03
8.346598417280193249e-03
8.294513320261924505e-03
8.239086447794283924e-03
8.180467608970289420e-03
8.118811221350833579e-03
8.054275620898313295e-03
7.987022381713986680e-03
7.917215647476071039e-03
7.864110737970912354e-03
7.855383729263750586e-03
7.839629322831340522e-03
7.816974669138585657e-03
7.787573705298187800e-03
7.751605096381044592e-03
7.709270136830895410e-03
7.660790628568885964e-03
7.606532039438799499e-03
7.548657786609043810e-03
7.485342555743810210e-03
7.416864534937412518e-03
7.343512462202174927e-03
7.265583649291602192e-03
7.183382066863258295e-03
7.097216501153691404e-03
7.007398787717678164e-03
6.914242130411917507e-03
6.874393568220022593e-03
6.861050002332740386e-03
6.842794148853701200e-03
6.820814560172691783e-03
6.793802555950235328e-03
6.761960601095092990e-03
6.725500941270753756e-03
6.684644018536790161e-03
6.639616938875782769e-03
6.590651997945079325e-03
6.537985270861151714e-03
6.481855269748685970e-03
6.422501672794479581e-03
6.360164128690385353e-03
6.295081137325781936e-03
6.227489009058373090e-03
6.189974661068082216e-03
6.154767172340726115e-03
6.119322930948940288e-03
6.083677795390721177e-03
6.047866677878149279e-03
6.011923511654358385e-03
5.975881222065806443e-03
5.939771701382714000e-03
5.903625787475027045e-03
5.867473246000837542e-03
5.831342755930465568e-03
5.795261898563866011e-03
5.759257149322196366e-03
5.732587124149640147e-03
5.711921066064710138e-03
5.689460407615835533e-03
5.665310480115938983e-03
5.639575356612575377e-03
5.612357518990126158e-03
5.583757554891815612e-03
5.553873884199260653e-03
5.522802514229963565e-03
5.490636822759559395e-03
5.457467368103287135e-03
5.423381725047354308e-03
5.388464345943584470e-03
5.352796445679549632e-03
5.316455908905093862e-03
