2.638404877231968482e-01
2.628091496973354313e-01
2.671214960380122183e-01
2.661381713693428686e-01
2.697461952654927608e-01
2.751191546456576709e-01
2.825084111607681359e-01
3.036712877913307906e-01
3.460922545487833402e-01
3.262408092574888285e-01
4.734800200281316096e-01
4.097710566477265060e-01
4.332561331633326129e-01
3.731358065500660071e-01
4.229546603839516306e-01
5.062969184533686606e-01
4.802255800975630540e-01
6.206691199129482639e-01
6.802930965998439383e-01
9.033838139065749617e-01
9.838695563576362879e-01
9.071726761021066121e-01
9.876702543961135561e-01
8.402074227216369540e-01
9.381331189443063989e-01
8.290977694192446235e-01
1.094957239856350961e+00
6.568786805878532586e-01
4.616270742354690593e-01
4.349579697551756441e-01
4.514651373929319256e-01
4.425126229090727281e-01
4.893348031235945084e-01
6.072992636334606509e-01
6.255143818539309342e-01
6.176513925096936974e-01
6.277183495715299433e-01
6.809724567318811150e-01
7.130110145937954558e-01
6.662759774454370953e-01
6.198719962693599594e-01
7.181117522812728859e-01
8.379431241307805367e-01
7.793197434705683158e-01
9.544917536056031215e-01
8.536418159272305406e-01
7.566273862152234075e-01
8.526652406453150146e-01
9.105166642543528477e-01
1.034522837176067744e+00
1.252122163442080049e+00
1.211126752193685929e+00
1.288038663450704391e+00
1.303003111286415328e+00
1.056325750039439404e+00
1.172040803989205626e+00
1.254706779935298666e+00
1.545638906832504045e+00
1.755496196910498075e+00
1.679218853068874528e+00
1.532843894424064102e+00
1.563726530157111938e+00
1.566122677871971014e+00
1.392136377280903226e+00
1.237185223450926186e+00
1.338353833941708926e+00
1.296142044496687129e+00
1.189222324765504268e+00
1.333576804253583159e+00
1.532610609687491188e+00
1.717932110086460407e+00
1.868851318388803584e+00
1.799274149426961955e+00
1.510393015296816577e+00
1.247190913327930417e+00
1.023046433139495504e+00
8.710459776689126743e-01
7.161091148708278453e-01
7.739445233761833576e-01
8.211167079790683276e-01
8.008752126231990509e-01
7.459684302595740446e-01
7.024896589640908795e-01
6.839592260979105998e-01
5.932533790644847205e-01
4.960737988454004821e-01
4.786161082602733985e-01
4.679014143331877151e-01
4.566786907584420296e-01
4.396326994650834319e-01
4.408699380998986062e-01
4.025211953432058509e-01
3.850111662141734725e-01
3.904020303847485218e-01
3.903254612883386709e-01
3.896480632964183233e-01
3.847456766877822565e-01
3.797559843727415507e-01
3.637608032569887850e-01
3.401754654164051428e-01
3.141022267561936476e-01
3.034836111573061546e-01
2.896410496273180701e-01
2.745181380695529971e-01
2.599285669246593211e-01
2.461339615791244273e-01
2.334781713893294142e-01
2.216879573139637349e-01
2.158720778060176926e-01
2.205953750728260609e-01
2.199887202473062298e-01
2.139560137910953563e-01
2.035241129025249507e-01
1.895778179047646339e-01
1.742118540784469427e-01
1.666788961773963129e-01
1.576780556206162365e-01
1.495764433414992767e-01
1.428614688885663786e-01
1.379076151465508104e-01
1.348469417018224592e-01
1.319278538685635382e-01
1.331492027556624991e-01
1.393139423268061339e-01
1.458745068821741542e-01
1.495270866880309413e-01
1.495657653788369235e-01
1.512088573628806165e-01
1.494491434845997002e-01
1.438256393370612729e-01
1.354744657688505827e-01
1.284463572843836110e-01
1.244352154363117385e-01
1.203344040023827111e-01
1.188674839817572965e-01
1.171462818360562430e-01
1.148538507416730220e-01
1.119671470898298410e-01
1.082705867394468668e-01
1.046695777374261477e-01
1.020812524874489119e-01
9.958469921295017013e-02
1.000304089143719960e-01
1.002742317635969133e-01
1.000839999304920236e-01
9.961100349357163153e-02
1.000217501306231299e-01
9.957739431123115159e-02
9.825262258880831934e-02
9.609897795513176744e-02
9.314041460011332485e-02
8.940820240815335052e-02
8.499242451861535597e-02
8.069917613170544957e-02
7.813033247919838609e-02
7.490039463433796618e-02
7.540937586631822620e-02
7.541938415405328999e-02
7.502520772817067307e-02
7.412731492146223955e-02
7.288905793580792436e-02
7.118519217857943726e-02
6.920622542658497189e-02
6.684912521937233509e-02
6.426424457811075186e-02
6.143700284311104376e-02
6.085115602088376346e-02
6.021910824220699787e-02
5.937446653087221499e-02
5.837714363881866403e-02
5.726348083790554211e-02
5.600385416929695714e-02
5.468205129812486742e-02
5.327103328897011408e-02
5.178240159602264664e-02
5.028500377089530071e-02
4.873593438360119406e-02
4.716263574850084600e-02
4.628637614989673105e-02
4.571840217466602296e-02
4.514206507743882824e-02
4.456220018298362451e-02
4.398255446417017461e-02
4.340583203016513958e-02
4.283376495502932285e-02
4.227031427189323343e-02
4.173046426879338522e-02
4.119476811235747021e-02
4.066222523832298957e-02
4.172155739751319536e-02
4.305829383758585233e-02
4.409438326594029151e-02
4.483042303364682957e-02
4.527231262526492522e-02
4.536195254917940040e-02
4.513113579394735508e-02
4.459807015103271072e-02
4.372912425009206627e-02
4.257813634750887838e-02
4.117676467960047076e-02
3.951751074978156891e-02
3.763975996541455565e-02
3.562847939351092980e-02
3.465547842702319109e-02
3.429546708222874773e-02
3.382762449275236727e-02
3.328420071603557101e-02
3.265217965901816982e-02
3.192812932590742558e-02
3.112480252868197322e-02
3.027068840451899862e-02
2.934636124147235389e-02
2.865776039533880076e-02
2.813292017110849766e-02
2.747487555060019321e-02
2.666610359982552955e-02
2.617352325751639425e-02
2.621996716210391043e-02
2.637688565696308038e-02
2.682416692826870841e-02
2.720463109461888906e-02
2.751831226631267294e-02
2.776615793612714767e-02
2.797039274318536065e-02
2.811158256327146027e-02
2.819185629280041711e-02
2.821374810189434396e-02
2.818012859119007479e-02
2.809413776126380019e-02
2.797127765994177062e-02
2.781029997366524578e-02
2.760656939983573491e-02
2.736365011835443367e-02
2.708511012441000912e-02
2.677447971349340358e-02
2.643521537729463106e-02
2.607383756513493092e-02
2.570188057692752298e-02
2.530999771809434862e-02
2.490110597400510203e-02
2.447795034586711105e-02
2.404309559055404014e-02
2.359892161373268807e-02
2.314762210355168770e-02
2.269120598739444300e-02
2.223150130033304736e-02
2.177016106323286654e-02
2.131535896671226185e-02
2.107318469122076640e-02
2.083225010558337892e-02
2.059283847273229995e-02
2.035519424366296140e-02
2.011952540735952380e-02
1.988600593612408277e-02
1.965477829004100979e-02
1.942595594816527022e-02
1.919962593833150766e-02
1.897585133858356241e-02
1.875467372960465048e-02
1.853611557735555804e-02
1.832018253066717769e-02
1.810686561984015119e-02
1.789614334566259554e-02
1.768798364990779512e-02
1.748234576148202310e-02
1.727935647305939987e-02
1.708061985915582462e-02
1.688415552093276359e-02
1.668990802566087603e-02
1.649782012218716995e-02
1.630783383063866623e-02
1.611989140952937646e-02
1.593393620438444264e-02
1.586996709948909623e-02
1.586944483409597970e-02
1.584865009501144895e-02
1.581107044294132943e-02
1.575924096085158307e-02
1.568948094039489607e-02
1.560271963094010499e-02
1.549993045736017087e-02
1.538212321696743635e-02
1.525033635373359425e-02
1.510562934189998117e-02
1.494907522056977342e-02
1.478175331997278776e-02
1.460474222509271745e-02
1.441911301957972749e-02
1.422592285427900193e-02
1.402948851663333996e-02
1.382854444303904286e-02
1.362277307020731687e-02
1.347931210652522117e-02
1.334444442191025718e-02
1.319829116484645681e-02
1.304206707528720970e-02
1.287696766112684382e-02
1.270416018188908272e-02
1.252477553333265770e-02
1.233990106057456827e-02
1.215057431564752627e-02
1.200594278429633656e-02
1.197160259006199885e-02
1.193011593490238449e-02
1.188163964094336895e-02
1.182682014502795149e-02
1.176628975539454128e-02
1.170066246982887255e-02
1.163053026295491829e-02
1.155645984506336980e-02
1.147898989218807536e-02
1.139862873981161047e-02
1.131585253043671663e-02
1.123110379952922851e-02
1.114479048206281145e-02
1.105728531816510367e-02
1.096892563423149981e-02
1.088001347369130754e-02
1.079081604977200071e-02
1.070156649131824740e-02
1.061246485269864981e-02
1.052367935780766130e-02
1.043534784739937223e-02
1.034757940141690230e-02
1.026045610594173048e-02
1.017403493765497470e-02
1.008834973750377499e-02
1.000341324887368301e-02
9.919219194530582567e-03
9.835744370911494658e-03
9.752950736781191426e-03
9.670787478550216948e-03
9.589193033592922910e-03
9.508097055483940435e-03
9.427422308290944394e-03
9.366132997445326958e-03
9.365019299240686518e-03
9.363260895182469803e-03
9.360628329625251751e-03
9.357121495592981078e-03
9.352727430923305635e-03
9.347421531110849599e-03
9.341168807351050984e-03
9.333925174493145488e-03
9.325638752148354693e-03
9.316251165733398579e-03
9.305698833664523967e-03
9.293914228922705786e-03
9.280827104295905419e-03
9.266365672131684009e-03
9.250457729646150914e-03
9.233031723428538479e-03
9.214017746823496835e-03
9.193348465328873148e-03
9.170959966622295456e-03
9.146792532109763313e-03
9.120791328316529833e-03
9.092907017020134333e-03
9.063096284437292816e-03
9.031322289446898355e-03
8.997555032795857138e-03
8.961771648622897032e-03
8.923956621161964128e-03
8.884101929220874008e-03
8.842207121861341695e-03
8.798279329253191547e-03
8.752333211724569462e-03
8.704390852372347401e-03
8.654481596531836407e-03
8.602641843101105704e-03
8.548914792355560843e-03
8.493350153874569541e-03
8.436003820488093344e-03
8.376937511630832417e-03
8.316218390898907215e-03
8.253918662272574300e-03
8.190115148633304865e-03
8.124888857313800061e-03
8.058324535805412581e-03
7.990510221673815736e-03
7.921536789888270966e-03
7.851497500895608661e-03
7.780487552370333494e-03
7.708603637406371244e-03
7.635943511659581961e-03
7.562605571754002672e-03
7.488688446797645178e-03
7.414290605399763770e-03
7.339509979053948294e-03
7.264443603971187068e-03
7.189187281775494959e-03
7.113835261094861653e-03
7.038479939540251418e-03
6.963211587893632613e-03
6.888118095779350962e-03
6.813284740312387962e-03
6.738793976337443918e-03
6.664725249909257167e-03
6.591154833061991028e-03
6.518155681157462335e-03
