2.674665725025257013e-01
2.665337129750443013e-01
2.699882139751964560e-01
2.697668258185401680e-01
2.745736235233915967e-01
2.801491189875953691e-01
2.909863437520642804e-01
3.233735993834228606e-01
3.173906936058776829e-01
3.833484957893799616e-01
4.141026563162059637e-01
5.835009286642931503e-01
4.154545192005652532e-01
4.901157134293268602e-01
5.448169459761516009e-01
5.435183305523251240e-01
5.344504555215785491e-01
6.502242285706275604e-01
6.633251663863861669e-01
6.622179467352438120e-01
8.093304888238150863e-01
1.016114952709001207e+00
1.013201136829845694e+00
9.910476862718716751e-01
8.450397610881659194e-01
8.129666049767036995e-01
1.022123319650435125e+00
6.571030043509742402e-01
5.158704226104982027e-01
5.211630466897744229e-01
5.133111443070204061e-01
5.154741162566680579e-01
5.685548293180554547e-01
6.424788216143432207e-01
7.348500559538004850e-01
7.380409704300053830e-01
6.221896938396094257e-01
5.424776753466584722e-01
5.109096534897717978e-01
5.431181687218357146e-01
6.343820033754407062e-01
7.667513060430525274e-01
7.772522938057384589e-01
8.346661995094273312e-01
8.556743540741640341e-01
8.159153697899510504e-01
8.451445057539331840e-01
9.839468256089108911e-01
1.162830096469538388e+00
1.162988320393503416e+00
1.135917485643853420e+00
9.546347254698762663e-01
9.466205715071859261e-01
9.985393252342803505e-01
1.059610466141441831e+00
1.215623646013017867e+00
1.396891066614977639e+00
1.583593874697864834e+00
1.726254778337548812e+00
1.666590067570568490e+00
1.414814021172871472e+00
1.163320240613830547e+00
1.140669949727461274e+00
1.288051309881529605e+00
1.391692505777652800e+00
1.425383903211974834e+00
1.419862186410597138e+00
1.379866977837891584e+00
1.353852144074627395e+00
1.413369798120623466e+00
1.574734396999949659e+00
1.755671690900593607e+00
1.831275088708232079e+00
1.734572918117110119e+00
1.587713574716291598e+00
1.412984225055943677e+00
1.182271050791734002e+00
9.556873418816005383e-01
7.787905158212085066e-01
6.684881705444193356e-01
6.090271618963932765e-01
5.729035276265316279e-01
5.416935938571265652e-01
5.105538491028980275e-01
4.822889663686887318e-01
4.492684725725265560e-01
4.154214945992724672e-01
3.851574050329762411e-01
3.636570075547563841e-01
3.532384183487282669e-01
3.520393776954509057e-01
3.554921137575183243e-01
3.573093856135284296e-01
3.535146476407713956e-01
3.691805000758321964e-01
3.768088621695185325e-01
3.626079746791460168e-01
3.439402837121280920e-01
3.047771599710966117e-01
2.752840192109874962e-01
2.591429492603005147e-01
2.411335933342220739e-01
2.261140307320424481e-01
2.315235446680296572e-01
2.415174905928940685e-01
2.419051071386645047e-01
2.334116872402270393e-01
2.197204886544652791e-01
2.059158850778249616e-01
1.954948354711967540e-01
1.908265215641468393e-01
1.931729303773704887e-01
1.968039038762000592e-01
2.006232901897273546e-01
2.042531791642373251e-01
2.080034185280808801e-01
2.113089089977544521e-01
2.131004952123448926e-01
2.141727263278268290e-01
2.145424462811932886e-01
2.054377901104665616e-01
1.942769746848387880e-01
1.752466868829158919e-01
1.651008909497707622e-01
1.567987949192370389e-01
1.590100823881025194e-01
1.606297041535456604e-01
1.584308444051278075e-01
1.524683477526467823e-01
1.428671847117138904e-01
1.405676694345913136e-01
1.431627472019819103e-01
1.432260829907894828e-01
1.408109303369314558e-01
1.362402444031649007e-01
1.295445003945149831e-01
1.211865074282715421e-01
1.140333856346353453e-01
1.115247875407633926e-01
1.075518738231284605e-01
1.026910343945996312e-01
9.943448485361382205e-02
9.577598597987768692e-02
9.626096506655079654e-02
9.636021133242234082e-02
9.586877068551356851e-02
9.318191785738592914e-02
9.218574005688334738e-02
9.145613530526110202e-02
8.906673168230089255e-02
8.754252033960911727e-02
8.505156925053848627e-02
8.216362118149708738e-02
7.929377934662319716e-02
7.672143434799356954e-02
7.451593820447695304e-02
7.257816828155758127e-02
7.062031244687391740e-02
6.839820839094666594e-02
6.789982096512660326e-02
6.844707895371808515e-02
6.851179784248977167e-02
6.790353202046084391e-02
6.702496066321503299e-02
6.714697116001165644e-02
6.688049731208201010e-02
6.608862214802301016e-02
6.477629538962367817e-02
6.307982154778125905e-02
6.091663564543161463e-02
5.834287995642634811e-02
5.551370333319802230e-02
5.521672296307542083e-02
5.636602551643467990e-02
5.721576285118744332e-02
5.774481235782400607e-02
5.795662792238645555e-02
5.787755276314415082e-02
5.750810622772871417e-02
5.687324598159580746e-02
5.601576468524917252e-02
5.491360106817491649e-02
5.366732928973669270e-02
5.225060960142394184e-02
5.068627704859490768e-02
4.904376187041330215e-02
4.733287881250960311e-02
4.556069621731874408e-02
4.375395570542609663e-02
4.193661146693043046e-02
4.077776178587293188e-02
4.001181177843632364e-02
3.923985503617354043e-02
3.844635577977585650e-02
3.790845961166128264e-02
3.746198439689354953e-02
3.683956844213440857e-02
3.610229688554346394e-02
3.527882922786344105e-02
3.489897159166483603e-02
3.447926534094683526e-02
3.401656381902431331e-02
3.351626883358137243e-02
3.298334999781541571e-02
3.242236067007192579e-02
3.183746030469748745e-02
3.123244113243315093e-02
3.061539759197895449e-02
2.999704059475581663e-02
2.936662065825863463e-02
2.872681111157372735e-02
2.808006441409983955e-02
2.742863698092874378e-02
2.677461159586892389e-02
2.633993271980434106e-02
2.638304567506835965e-02
2.646307413179684737e-02
2.656691106560275101e-02
2.669250031361257089e-02
2.681795012128946470e-02
2.693086725587808677e-02
2.703432211515704314e-02
2.710198404499157901e-02
2.713510152344863688e-02
2.712352620551933963e-02
2.705398900290047204e-02
2.693581547003873547e-02
2.674390249179338375e-02
2.649840277178440104e-02
2.617504473841515689e-02
2.578797284177007654e-02
2.532868044536630905e-02
2.549894894620920865e-02
2.595700863429739949e-02
2.631359979850112288e-02
2.656495073306919252e-02
2.673499389171422533e-02
2.679209253660965601e-02
2.674144696039775990e-02
2.660495685663883531e-02
2.635816773249916728e-02
2.602144170531673142e-02
2.559760352309352685e-02
2.508075749059955617e-02
2.450040277418522733e-02
2.417687972376972305e-02
2.397485311527769447e-02
2.371901724707561540e-02
2.342628310396518629e-02
2.308228815486828428e-02
2.270578807445554001e-02
2.228994292631424762e-02
2.183824667694933205e-02
2.139443877241127903e-02
2.127623584673173432e-02
2.115137346431834528e-02
2.101558866974502851e-02
2.086961044409780738e-02
2.071417570034974134e-02
2.055002323356396043e-02
2.037788818934004736e-02
2.019849705551821778e-02
2.001256317792258349e-02
1.982078279462890641e-02
1.962383157717499660e-02
1.942236166517275278e-02
1.921699917463609575e-02
1.900834215869352459e-02
1.879695899610615492e-02
1.858338718177854343e-02
1.836813249059843223e-02
1.815166848650995660e-02
1.793443634688409935e-02
1.771684497296143607e-02
1.749927135615545609e-02
1.728484799149641177e-02
1.707092956169349932e-02
1.685780380165978476e-02
1.664573516805692779e-02
1.643496086902664424e-02
1.622569214595621229e-02
1.601811563575262359e-02
1.581239479288203478e-02
1.560867135227007180e-02
1.540706681552859135e-02
1.520768394449341018e-02
1.501060824882710469e-02
1.481590945342829355e-02
1.462364293592454886e-02
1.443385112443075317e-02
1.424656484638612761e-02
1.406180462270362544e-02
1.387958190102439246e-02
1.369990022370658894e-02
1.352275632702424485e-02
1.334814116947704091e-02
1.317604088753870049e-02
1.300643767787536265e-02
1.283931060696277306e-02
1.267463634771194732e-02
1.251238984547817755e-02
1.235254491430423131e-02
1.219507476658849079e-02
1.203995247772719421e-02
1.188715138973786209e-02
1.173664545600581165e-02
1.158840953098415512e-02
1.144241960843603301e-02
1.129865301110722677e-02
1.115708853623656460e-02
1.101770655981707848e-02
1.088048910339416489e-02
1.074541986721441224e-02
1.061248423250534673e-02
1.048166923705321808e-02
1.035296352637346540e-02
1.022635728438907321e-02
1.010184214594711354e-02
9.979411094485945641e-03
9.859058346937987424e-03
9.740779228537421383e-03
9.624570040271736293e-03
9.510427920170634250e-03
9.398350701201095211e-03
9.288336767257161786e-03
9.180384908683204837e-03
9.074494178995917704e-03
8.970663754178839419e-03
8.868892795378306368e-03
8.806662951173592838e-03
8.796400257812652529e-03
8.786046907643566689e-03
8.775587763888720999e-03
8.765007296182819596e-03
8.754289667941715994e-03
8.743418821564957755e-03
8.732378560332905784e-03
8.721152627045135677e-03
8.709724779556093574e-03
8.698078862323410307e-03
8.686198874206975049e-03
8.674069032669113472e-03
8.661673833671706263e-03
8.648998107712109820e-03
8.636027071709864722e-03
8.622746377128748946e-03
8.609142153815462287e-03
8.595201049911639288e-03
8.580910268071478830e-03
8.566257597585206010e-03
8.551231442981513733e-03
8.535820849036207178e-03
8.520015522108594780e-03
8.503805848122830344e-03
8.487182907575809010e-03
8.470138487032164917e-03
8.452665088002535645e-03
8.434755932846245072e-03
8.416404967998803235e-03
8.397606864605271226e-03
8.378357017192038930e-03
8.358651539403291059e-03
8.338487258401519261e-03
8.317861706731842497e-03
8.296773113041146230e-03
8.275220390381364186e-03
8.253203123732056473e-03
8.230721555679850962e-03
8.207776571127025841e-03
8.184369680699039168e-03
8.160503003218558607e-03
8.136179247458142846e-03
8.111401692847804157e-03
8.086174169756982569e-03
8.060501039122926550e-03
8.034387171567500263e-03
8.007837926281612465e-03
7.980859129486723297e-03
7.953457052840711555e-03
7.925638391514751649e-03
7.897410242511159265e-03
7.868780082637524126e-03
7.839755746828734606e-03
7.810345406590295074e-03
7.780557548422403422e-03
7.750400952643656839e-03
7.719884672526669545e-03
7.689018013620175888e-03
7.657810513519438048e-03
7.626271921961525792e-03
7.594412181491073076e-03
7.562241408401290145e-03
7.529769874090525179e-03
7.497007987210447047e-03
7.463966276119546328e-03
7.430655371727864188e-03
7.397085991145775120e-03
7.363268921747183858e-03
7.329215005703528830e-03
7.294935125316699513e-03
