4.244255796554021742e-01
4.221695066030982657e-01
4.286799916014573109e-01
4.296554082735949409e-01
4.384254570668748574e-01
4.857611604005582784e-01
4.651408884001520527e-01
5.110865125226954353e-01
5.131987726997324639e-01
6.228313199038142400e-01
8.440546907579151714e-01
9.671310043556213820e-01
7.648450716963904883e-01
7.883923230352032352e-01
8.966720939761796405e-01
1.143924131561364188e+00
7.341525106591598737e-01
9.329668422777225301e-01
9.160936654529527878e-01
1.325366130257182640e+00
9.341461820195359200e-01
1.047901254192354026e+00
1.135727288448312500e+00
1.313485882613404376e+00
1.820928906538133774e+00
1.982745681416161254e+00
1.780294617119033251e+00
1.849789256927806269e+00
2.078709672775042705e+00
2.159875281832327687e+00
2.634900395252119942e+00
2.745794827210331857e+00
2.886824151859987531e+00
2.971264813335849464e+00
3.558971381149198532e+00
3.145242469280007835e+00
3.117033792373086420e+00
2.972660990294263783e+00
2.819033989076132674e+00
3.189532849105221057e+00
3.420642227057703710e+00
2.669594337144214791e+00
1.925148875790333003e+00
1.330352430683230169e+00
1.019654572647450186e+00
9.473679468265577830e-01
9.090339145056535175e-01
8.468137414505382266e-01
8.816689632734432402e-01
8.669220907904466866e-01
8.091426188865146196e-01
6.605433836486772625e-01
5.424267065412700095e-01
5.075063618127376719e-01
5.077518777602120226e-01
4.212408213643409338e-01
4.682747849259047412e-01
4.994168058557006407e-01
4.824004173832642794e-01
4.335426607238175301e-01
3.949046385761575961e-01
3.418382122868024453e-01
3.276124025055058286e-01
3.445492143294865972e-01
3.358434041456023200e-01
3.094282841772123538e-01
2.876841019033760105e-01
2.815392202611750050e-01
2.722923977413362895e-01
2.593795841739192642e-01
2.448907802973028791e-01
2.291851892687595260e-01
2.195887580253640947e-01
2.143336899112906480e-01
2.106972331257322140e-01
1.947034548234688467e-01
1.782157085440409516e-01
1.661905494556357166e-01
1.587087433371041634e-01
1.536020578526076930e-01
1.502695565414824130e-01
1.497931194974493063e-01
1.524625664339586129e-01
1.558627651392228419e-01
1.561632983735796176e-01
1.492013400301666903e-01
1.333737035508378299e-01
1.296586687642843905e-01
1.245926610381011407e-01
1.160682631672871890e-01
1.049707666475927920e-01
1.061747328626392733e-01
1.056965980434788760e-01
1.031409364040340448e-01
1.026385633521683105e-01
1.018500771581955650e-01
9.588991551359948851e-02
9.783877509428193231e-02
9.860384615262511587e-02
9.965112011083752941e-02
9.768684326407904572e-02
9.206202031479504555e-02
8.298767239686243025e-02
8.311932759720419561e-02
8.272733963441455951e-02
8.195167383871941602e-02
8.239812043412207687e-02
8.071040806372645204e-02
7.720653809766918341e-02
7.245992229846345833e-02
6.728020859262857922e-02
6.555245633957736129e-02
6.385011058673092932e-02
6.211149724460637844e-02
6.035061309023651704e-02
5.858064508719804109e-02
5.681388772552509875e-02
5.506165994482721537e-02
5.342227864282144550e-02
5.476237630797024802e-02
5.573390730346997751e-02
5.616797683033977751e-02
5.585426127126614376e-02
5.467053179162986026e-02
5.263263801029773731e-02
4.983713831291949892e-02
4.643940665344906821e-02
4.449523256099168628e-02
4.393659435966737470e-02
4.332100067918061986e-02
4.338489933855725622e-02
4.415384034922043011e-02
4.471329309377093664e-02
4.506247353345056716e-02
4.520765244130929561e-02
4.516021301508699876e-02
4.497325737650399030e-02
4.464547697569817147e-02
4.417114921835071234e-02
4.356694878190670722e-02
4.284899758515503532e-02
4.203247719532977184e-02
4.113144496283074880e-02
4.015880790910780068e-02
3.912640846349662443e-02
3.804517946828754604e-02
3.692533142472104873e-02
3.577654179598524498e-02
3.460812353924277301e-02
3.342915727600550418e-02
3.224857816786705356e-02
3.107521433635937816e-02
3.019086432761110619e-02
3.026137603945557031e-02
3.010606456670050779e-02
2.976377739638104078e-02
2.928017222923350732e-02
2.870425943051219467e-02
2.808504014345912514e-02
2.746843421086736861e-02
2.689466236813799899e-02
2.639620713531479548e-02
2.599643037259760647e-02
2.570887683432432000e-02
2.553724633102674724e-02
2.547597575901294070e-02
2.551133890152653197e-02
2.562294816955767648e-02
2.578552897360689850e-02
2.597479046220576779e-02
2.617024748536969300e-02
2.633432081863446711e-02
2.644049230067968201e-02
2.646580770632822599e-02
2.639196210912431520e-02
2.620604360779944797e-02
2.590092894112183686e-02
2.547534452745370964e-02
2.579512087435216136e-02
2.613578489426945234e-02
2.629252019593881010e-02
2.630154809695243318e-02
2.612789800469712126e-02
2.578581576138129494e-02
2.529618291665038793e-02
2.468501290140819038e-02
2.398177300458364733e-02
2.322468878533786446e-02
2.245199432082258320e-02
2.167444814993445615e-02
2.091927402483825804e-02
2.020990610086574601e-02
1.956515869585096629e-02
1.904252113219157341e-02
1.875656451198196711e-02
1.844063540034601018e-02
1.809687612486061623e-02
1.772764350479537690e-02
1.745172975735872350e-02
1.735680295417182592e-02
1.730287814019844037e-02
1.727279797349906207e-02
1.724889531062404058e-02
1.721379288494489374e-02
1.715112127354483096e-02
1.704613371546769701e-02
1.688620332558800688e-02
1.666119491861020249e-02
1.636370976162035765e-02
1.625810300934889957e-02
1.623368498304353022e-02
1.614342057950971313e-02
1.598290665974556185e-02
1.583217352910915379e-02
1.590631666332164434e-02
1.592279714211891975e-02
1.605687333975805084e-02
1.619912311496937013e-02
1.626665603837991469e-02
1.625717100306320329e-02
1.618617868864730483e-02
1.604320762974505502e-02
1.582568158324718435e-02
1.553730185269826779e-02
1.518298282786174555e-02
1.476866378739077716e-02
1.430111192625577524e-02
1.380572795701595287e-02
1.365808098976852361e-02
1.349947791642266103e-02
1.333083929738765674e-02
1.343257368694986825e-02
1.360063239380964600e-02
1.374786144300829682e-02
1.387343726936623653e-02
1.397680284647615304e-02
1.405765239596176719e-02
1.411591449697307404e-02
1.415173398430696894e-02
1.416545299646178140e-02
1.415759150588084478e-02
1.412882763045356267e-02
1.407997799572371228e-02
1.401197838495896533e-02
1.392586488209716922e-02
1.382284137346688480e-02
1.371029458444445771e-02
1.358288309727717635e-02
1.344185146929400415e-02
1.328846672975023124e-02
1.312400501718180047e-02
1.294973937369881499e-02
1.276692871100178379e-02
1.257680794845876179e-02
1.238057930825593560e-02
1.217940474138664783e-02
1.197439944815472529e-02
1.176662644728725116e-02
1.155709214272459401e-02
1.134674282958293180e-02
1.113646207899243734e-02
1.092706893604444840e-02
1.071931686706671313e-02
1.051389338734521131e-02
1.031142030456632351e-02
1.011245451133251615e-02
9.917489263665472954e-03
9.726955882685121846e-03
9.541225820876988312e-03
9.360613036166502351e-03
9.185376620365268141e-03
9.015723632462032192e-03
8.851812089705080738e-03
8.693754074641575624e-03
8.541618917575587513e-03
8.395436420122573060e-03
8.255200086556170949e-03
8.120870335248556865e-03
7.992377664340941795e-03
7.869625749687194152e-03
7.752494455605753176e-03
7.640842743074605439e-03
7.534511460845634036e-03
7.433326008994076833e-03
7.337098866253654976e-03
7.245631974100072946e-03
7.158718973688814151e-03
7.076147291927421118e-03
6.997700076418042828e-03
6.923157978340773941e-03
6.852300785747906381e-03
6.784908908871746178e-03
6.720764721651587177e-03
6.659653763159580422e-03
6.601365804162137585e-03
6.545695784549766111e-03
6.492444626792862397e-03
6.441419932671669374e-03
6.392436569334502758e-03
6.345317151275604514e-03
6.299892425489679593e-03
6.256001566230870101e-03
6.213492386411890479e-03
6.172221472479887984e-03
6.132054248863659345e-03
6.092864979137554808e-03
6.054536709409397664e-03
6.016961160789022212e-03
5.980038575562394640e-03
5.943677523600345881e-03
5.907794673961715495e-03
5.872314535860639721e-03
5.837169174749247749e-03
5.802297907252413484e-03
5.767646978788374540e-03
5.733169228056909927e-03
5.698823741802840938e-03
5.664575502620366153e-03
5.630395033217899629e-03
5.596258039164775377e-03
5.562145053355714054e-03
5.528041083243050505e-03
5.493935263677179187e-03
5.459820516391493579e-03
5.425693217701125885e-03
5.391552876318616606e-03
5.357401820958860271e-03
5.323244900287162941e-03
5.289089194603413535e-03
5.254943740616532279e-03
5.220819269352946004e-03
5.186727957930650952e-03
5.152683194872452292e-03
5.118699359545331000e-03
5.084791615353918826e-03
5.050975716995827376e-03
5.017267831235672909e-03
4.983684371144721237e-03
4.950241843761559075e-03
4.916956710450573476e-03
4.883845259637690193e-03
4.850923491926250643e-03
4.818207016640178517e-03
4.785710959749156328e-03
4.753449882093221252e-03
4.721437708439484363e-03
4.689687665577930986e-03
4.658212230053102552e-03
4.627023084325435597e-03
4.596131081069904957e-03
4.565546215409267000e-03
4.535277603563593087e-03
4.505333469122269063e-03
4.475721134352622990e-03
4.446447018166002629e-03
4.417516638397829196e-03
4.388934619462622408e-03
4.360704703973424662e-03
4.332829768485182455e-03
4.305311842338519282e-03
4.278152130137410740e-03
4.251351036422074126e-03
4.224908193231621117e-03
4.199839053920159486e-03
4.180462452625720998e-03
4.161303479025789398e-03
4.142357131040276010e-03
4.123618544645674816e-03
4.105082990385539553e-03
4.086745869972992218e-03
4.068602713055545321e-03
4.050649173980726443e-03
4.032881028512343841e-03
4.015294170784908766e-03
3.997884610234639022e-03
3.980648468528558657e-03
3.963581976643222766e-03
3.946681471955296519e-03
3.929943395506026345e-03
3.913364288994217351e-03
3.896940792310178182e-03
3.880669640665105388e-03
3.864547662143569002e-03
3.848571775075791592e-03
3.832738985526719291e-03
3.817046384919961944e-03
3.801491147639557422e-03
3.786070528625261940e-03
3.770781861224901683e-03
3.755622554961928535e-03
3.740590093215193611e-03
3.725682031317051508e-03
3.710895994330720704e-03
3.696229675145529855e-03
3.681680832464205317e-03
3.667247288862556485e-03
3.652926929030513893e-03
3.638717697806398681e-03
3.624617598573633050e-03
3.610624691370775078e-03
