2.162842598236147384e-01
2.160306240976123671e-01
2.180074464548205637e-01
2.185407619044277827e-01
2.185971604293469872e-01
2.222493348069879970e-01
2.264567147523436907e-01
2.467117900006889908e-01
2.626900942081875079e-01
3.160177260058702475e-01
5.571501377669385580e-01
3.681634033718942933e-01
4.666019107528046050e-01
5.434393485666358936e-01
4.326451741989376654e-01
4.883381240386791000e-01
4.939029202964916321e-01
5.366300644796199171e-01
8.262978022972083947e-01
7.415437738745964680e-01
7.206888376416495934e-01
8.743135666063566180e-01
8.347224630760448072e-01
8.610395207919473437e-01
9.080472251958343621e-01
1.010558597479639831e+00
8.210686223914180903e-01
1.153386798029199856e+00
1.061612339292315133e+00
6.261548198540166643e-01
4.429317705580540498e-01
4.038841552729973139e-01
4.290757653413763695e-01
5.258752855435305795e-01
4.515535300463604518e-01
4.992250650783101040e-01
5.540489714328941107e-01
5.202568416249017114e-01
6.495287199946518930e-01
6.002564068846554246e-01
5.523794367135178573e-01
6.501209687072914134e-01
7.246357406194219308e-01
6.863362256432840036e-01
6.390722457123790834e-01
6.834874023540596921e-01
7.805691336956416260e-01
7.795464412625850992e-01
7.537791443279978632e-01
6.896949295685624870e-01
7.462918213891622798e-01
7.640482797691592332e-01
6.705347207732317294e-01
6.193096170523822996e-01
7.386346317816596674e-01
8.437212403901457325e-01
9.303044817422954083e-01
1.061691067630768703e+00
1.077098606726489827e+00
1.030646333637557754e+00
1.025972952530920912e+00
1.117212700271188464e+00
1.189632237038666274e+00
1.363618052448739126e+00
1.452943898473493034e+00
1.501456031226612753e+00
1.497940140290992872e+00
1.366986103936308261e+00
1.200401930127072081e+00
1.339664788351916158e+00
1.259215270165277234e+00
1.092128781380419467e+00
9.473332673556505990e-01
9.177332745961078730e-01
1.038433075714702447e+00
1.222138453065034991e+00
1.370594113441066630e+00
1.449498357975677276e+00
1.424694617971320243e+00
1.294384152741070881e+00
1.105459375529056931e+00
8.778155410611188092e-01
6.983608450558094205e-01
5.609812146372851194e-01
4.533392203328391323e-01
3.765893232593776063e-01
3.734790652819157675e-01
3.787610285038751634e-01
3.770171425252202835e-01
3.689633360751985447e-01
3.664693825063922716e-01
3.645858269833814336e-01
3.609704604632485991e-01
3.551954424776234687e-01
3.462861758884407393e-01
3.339194106888720426e-01
3.198794480242683758e-01
3.053758918578103332e-01
2.915839940936717500e-01
2.779567618751991320e-01
2.652994410384167390e-01
2.550164403969487625e-01
2.426170256994781282e-01
2.292464252226682764e-01
2.169153467268105373e-01
2.078754112900981221e-01
2.028306280743316647e-01
2.010046920966289674e-01
2.002277505187334550e-01
1.976328919607891199e-01
1.927163873975599739e-01
1.918892132789338234e-01
1.855590951433223335e-01
1.831719486580332679e-01
1.813907598953991562e-01
1.744705651032621430e-01
1.631818325864183294e-01
1.493177551718797014e-01
1.371703830134148872e-01
1.278647915761359499e-01
1.181454166517296039e-01
1.113096794106349929e-01
1.110866333007067552e-01
1.074851882452220742e-01
1.073291671915571482e-01
1.084738879396907607e-01
1.082060641219757952e-01
1.091994270902678921e-01
1.123718438419154947e-01
1.144238060638589211e-01
1.149857514271016845e-01
1.140260952662723870e-01
1.115402349461988574e-01
1.078556875144536381e-01
1.036330509764800401e-01
1.057582639743871594e-01
1.069623469318420200e-01
1.072803656175020243e-01
1.068664778703620061e-01
1.056387345783963289e-01
1.038262379603806101e-01
1.012521047853890549e-01
9.821291264088537198e-02
9.453340205278476516e-02
9.042402198939185343e-02
8.749469356808274589e-02
8.745858531971399674e-02
8.867374569068280088e-02
8.900742962166306727e-02
8.844377219057722450e-02
8.725431126496993595e-02
8.541984225711511669e-02
8.308691696601450127e-02
8.050037674195432980e-02
7.778409938294154891e-02
7.504792644647241551e-02
7.242508777357974104e-02
7.001758124370062453e-02
6.789280847672285457e-02
6.608346154751429391e-02
6.459019517326844428e-02
6.338644018930002233e-02
6.242463313581870371e-02
6.164313968418198147e-02
6.097321711582828069e-02
6.034547207336039831e-02
5.971173998450021031e-02
5.902216732877248878e-02
5.821566774245711534e-02
5.726164120237751953e-02
5.614386658427990284e-02
5.486002811304532129e-02
5.342032962454396072e-02
5.184542309127568999e-02
5.018360379117457748e-02
4.845763310347490221e-02
4.849116287084558746e-02
4.848252710837567397e-02
4.833313364031530113e-02
4.805054376482691125e-02
4.764848593800675991e-02
4.714544486169944953e-02
4.656626612291719924e-02
4.595622444809133872e-02
4.531031773384485567e-02
4.465090631597050386e-02
4.399809364325509703e-02
4.336875233943411623e-02
4.277580990214672335e-02
4.222780531245327179e-02
4.172871289453378152e-02
4.127801685388382547e-02
4.087100940931227139e-02
4.049927751694103878e-02
4.015133790835981320e-02
3.981337744016815589e-02
3.947005537627987920e-02
3.910902469478894083e-02
3.872948993975544596e-02
3.829875361986329746e-02
3.780295883202963725e-02
3.723026444833763687e-02
3.657131850099104575e-02
3.581960763429777039e-02
3.497167878807872637e-02
3.402723474726761926e-02
3.298910995640030874e-02
3.187780814778197469e-02
3.069197623022241334e-02
2.943489116530810176e-02
2.928357868078545687e-02
2.964929854368260689e-02
2.992287671996661166e-02
3.009504621224870155e-02
3.015861853644678098e-02
3.010858862238210629e-02
2.995065179238320940e-02
2.969961799612514872e-02
2.933249211419713953e-02
2.885244909088326495e-02
2.826455090420643829e-02
2.758533143767320783e-02
2.683056086328643869e-02
2.599013199933256080e-02
2.507435469917701151e-02
2.459160531745144609e-02
2.531536503189667220e-02
2.596207501088231354e-02
2.652278586861351109e-02
2.699037682910843117e-02
2.735957509393074569e-02
2.762693538638846119e-02
2.780853762078503572e-02
2.789304623536376787e-02
2.787560440975269532e-02
2.775891023588705417e-02
2.754697211136256443e-02
2.724494848685113380e-02
2.685897964864849413e-02
2.641360640667354820e-02
2.590118032008158558e-02
2.532579523925922171e-02
2.469570974461508459e-02
2.401936847736413361e-02
2.330525874088832869e-02
2.256177930458547892e-02
2.179712262010570847e-02
2.101917125421401411e-02
2.087684796798805476e-02
2.120970585208044670e-02
2.149231647787408842e-02
2.172407910999782713e-02
2.190504448607596966e-02
2.204370885311330783e-02
2.213732016598342345e-02
2.218356795506665549e-02
2.218439331913054161e-02
2.214209270662966314e-02
2.205925640745269242e-02
2.193870901255580430e-02
2.178345253426597697e-02
2.159661275688206858e-02
2.138138926838261192e-02
2.114100951230094005e-02
2.087868709543169027e-02
2.059932110327328258e-02
2.031010409213155482e-02
2.000749917940327152e-02
1.969434313325514954e-02
1.937332243409507423e-02
1.904695667345157259e-02
1.871758576917446903e-02
1.838736075045760074e-02
1.805823784558294523e-02
1.773197558600137294e-02
1.741013463424277707e-02
1.709408003593567218e-02
1.678498560009949320e-02
1.648384011595255272e-02
1.619145512301236808e-02
1.590847396481896714e-02
1.563538187024852977e-02
1.537251682224892620e-02
1.512008099360593640e-02
1.487815254469507763e-02
1.464669760080621400e-02
1.442558224410648432e-02
1.421458437386571849e-02
1.401340530956074124e-02
1.382168102744112635e-02
1.363899293937216595e-02
1.346487813965252175e-02
1.329883905970505667e-02
1.314035248504369889e-02
1.298887790344168368e-02
1.284386516217842812e-02
1.270476142544648378e-02
1.257101743113331858e-02
1.244209305467462202e-02
1.231746219484055119e-02
1.219661700272603282e-02
1.207907147937279865e-02
1.196436447286053535e-02
1.185206210773362412e-02
1.174175968308545544e-02
1.163308307666889065e-02
1.152568969373556247e-02
1.141926900027314534e-02
1.131354267890969517e-02
1.120826444748407313e-02
1.110321957726552629e-02
1.099822414793057666e-02
1.089312407458758840e-02
1.078779394085895536e-02
1.068213566937609854e-02
1.057607705993424130e-02
1.046957022319282629e-02
1.036258993590042678e-02
1.025513194105890681e-02
1.014721121462354783e-02
1.003886021886249424e-02
9.930127158915280638e-03
9.821074259236181950e-03
9.711776072220125802e-03
9.661306432234936792e-03
9.637529191775181386e-03
9.613826702204182617e-03
9.590055416310045572e-03
9.566077744595556306e-03
9.541762709065268813e-03
9.516986490499592180e-03
9.491632875050594331e-03
9.465593606552203873e-03
9.438768651129044937e-03
9.411066379916056129e-03
9.382403676963264189e-03
9.352705978750961574e-03
9.321907250438859691e-03
9.289949906620808412e-03
9.256784680948863808e-03
9.222452632384340113e-03
9.187569466469069565e-03
9.151379149875269597e-03
9.113861815077594838e-03
9.075004729284257346e-03
9.034801979151647205e-03
8.993254138390912450e-03
8.950367921898795889e-03
8.906155829596302045e-03
8.860635783935208801e-03
8.813830762893220747e-03
8.765768432201585456e-03
8.716480778553558836e-03
8.666003746240123762e-03
8.614376878801854182e-03
8.561642968126561073e-03
8.507847711312107111e-03
8.453039377770995774e-03
8.397268486922036812e-03
8.340587497442231504e-03
8.283050509228782540e-03
8.224712978195344512e-03
8.165631444757447469e-03
8.105863275816473437e-03
8.045466421146377570e-03
7.984499183634292604e-03
7.923020003811136538e-03
7.897153548700226386e-03
7.878564093862127499e-03
7.858662638294095296e-03
7.837454644670576245e-03
7.814949101589412084e-03
7.791158319873295671e-03
7.766097729574699716e-03
7.739785678147814707e-03
7.712243230176193780e-03
7.683493970222761080e-03
7.653563809053539821e-03
7.622480793902514963e-03
7.590274923253638624e-03
7.556977966874289278e-03
7.522623291146873954e-03
7.487245690106007073e-03
7.450881222787252532e-03
7.413567056385008888e-03
7.375341316177149234e-03
7.336242941810327406e-03
7.296311550141482485e-03
7.255587304725899869e-03
7.214110791917506538e-03
7.171922903376440339e-03
7.129064725564281460e-03
7.085577434757101868e-03
7.041502199515185453e-03
6.996880088324585086e-03
6.951751983715615847e-03
6.906158502349728570e-03
6.860139920565459272e-03
6.813736105455842768e-03
6.766986451491152632e-03
