5.056454472350702112e-01
5.066567317059077480e-01
5.095076197640736604e-01
5.087606890652383029e-01
5.104626896145798565e-01
5.143053188500770201e-01
5.151232341943658977e-01
5.148296880582086121e-01
5.178272776466292804e-01
6.351982479440989593e-01
6.640727481995708503e-01
9.225339157327718809e-01
8.466352452513125071e-01
7.463900142643581370e-01
9.119221650887041619e-01
9.705025584317342746e-01
9.930179728242589654e-01
1.283382120831871420e+00
1.127500055377069765e+00
1.415217561076617558e+00
1.848551281705826721e+00
1.504104552898509528e+00
1.683540502434593522e+00
1.444309998209453383e+00
1.269272135115499411e+00
1.348897106976647109e+00
1.232340020108064094e+00
1.403289404967638321e+00
1.601029778902823164e+00
1.923337204591880623e+00
1.384168814567570571e+00
1.206531674438175550e+00
1.164718048990391885e+00
1.152363007839629638e+00
9.751636012558413391e-01
1.043850147208921220e+00
9.937965889860455038e-01
1.087611127054882498e+00
1.157982004786447749e+00
1.201521533374655837e+00
1.200609466723137064e+00
1.199871441431928032e+00
1.318937840334936551e+00
1.454518774611685883e+00
1.475646713721265213e+00
1.489854493379765943e+00
1.735467988240833259e+00
1.940595591635572825e+00
2.134539176221238233e+00
2.212339678436072710e+00
2.188374993418514602e+00
2.236918229242709888e+00
2.314730068123692863e+00
2.536138966256617611e+00
2.651332490919517948e+00
2.742184008486362234e+00
2.929673931252142705e+00
3.081616671035560362e+00
3.322655720693625359e+00
3.289713758634088325e+00
3.043088125526542953e+00
3.086168911386212077e+00
2.980505939169751706e+00
3.001212375922170050e+00
3.166446950277738814e+00
3.213398981278586142e+00
3.112713814550752911e+00
3.167428712910302924e+00
3.153227188004271486e+00
3.124322743396425128e+00
3.083150910976892423e+00
2.993711808789726092e+00
2.814620920185031849e+00
2.549522631452268318e+00
2.267112879745361909e+00
2.105926256536177821e+00
2.180016896306371521e+00
2.455787863918485137e+00
2.826011841966968863e+00
3.154785806748455546e+00
3.380150972178143753e+00
3.473880143039201673e+00
3.456450929030341346e+00
3.325366160062641629e+00
3.158586646437277157e+00
2.897987353088478990e+00
2.580193729020838767e+00
2.266352654980709591e+00
1.989040015936388128e+00
1.737019463416724419e+00
1.510752943193109044e+00
1.320035806035122938e+00
1.171092146363605480e+00
1.068628265368418040e+00
9.895218302026691504e-01
9.292354322910962861e-01
8.800173318471371520e-01
8.376889692126964215e-01
8.084983578485192002e-01
7.862549528281652655e-01
7.637469304267154868e-01
7.400813413957658682e-01
7.139980709011577442e-01
7.063306619413446397e-01
6.966899148841837475e-01
6.843806024227924167e-01
6.688203689865844792e-01
6.498418420258611494e-01
6.273730397856204233e-01
6.014434534048881398e-01
5.721849784423493901e-01
5.686571494687719941e-01
5.865820329362233521e-01
5.943106034738456778e-01
5.919820879095712973e-01
5.806124808728712061e-01
5.606492492703942787e-01
5.498339859882281910e-01
5.469506369505027221e-01
5.373199664824714894e-01
5.217184921084440097e-01
5.010059471180488000e-01
4.760712921620178784e-01
4.479475192573570408e-01
4.270864581114335312e-01
4.186994428558487580e-01
4.068118747571274896e-01
3.919869895164984630e-01
3.752242915442344229e-01
3.565597985569803341e-01
3.363429801835991495e-01
3.351674055234510896e-01
3.276043557888771995e-01
3.149293903267585404e-01
2.988622963517132969e-01
2.848950202631465589e-01
2.801993021125156469e-01
2.754958863303860750e-01
2.707874907009456544e-01
2.660882213996862422e-01
2.615883037871040706e-01
2.570617240864084274e-01
2.525024214375449216e-01
2.492984396965390592e-01
2.589511953155298474e-01
2.686693820841639657e-01
2.777579143294614528e-01
2.850246388678153719e-01
2.901446485879483617e-01
2.922687594144329770e-01
2.911316314057260657e-01
2.885081659164420165e-01
2.821707577499474873e-01
2.730909674250352470e-01
2.661481725741385307e-01
2.564702948443997599e-01
2.444997486260298836e-01
2.366623974519479756e-01
2.384009270391867219e-01
2.374835792416782054e-01
2.340694303748434013e-01
2.283809283635875875e-01
2.206860160854884623e-01
2.112773839282965360e-01
2.004551845382692432e-01
1.891988879849368366e-01
1.858567752556523900e-01
1.853792157263214058e-01
1.841368482076387592e-01
1.822589554901982156e-01
1.796925262283605995e-01
1.767737993908412297e-01
1.733486106296017737e-01
1.696094666069724588e-01
1.656803145177680459e-01
1.615254848578643598e-01
1.572566167079897659e-01
1.530398380813217940e-01
1.488145812095430509e-01
1.446428341559691522e-01
1.405768944748638782e-01
1.366666461537963118e-01
1.329886707039116822e-01
1.295060954034677192e-01
1.262378814123296389e-01
1.231957528596296092e-01
1.203849899910330173e-01
1.178052523656661493e-01
1.154514061665556923e-01
1.133143341152200861e-01
1.113817107318869487e-01
1.096387296637361675e-01
1.080687734269690781e-01
1.066540191342479210e-01
1.053759765837960077e-01
1.042159574630759922e-01
1.031554763853350792e-01
1.021765860464725201e-01
1.012621500051110041e-01
1.003960574736039585e-01
9.956338511279548553e-02
9.875936514580682668e-02
9.797968146507866904e-02
9.719808019848168168e-02
9.640494661721023262e-02
9.559203931282705957e-02
9.475245299813341016e-02
9.388056333981546764e-02
9.297195780754412275e-02
9.202335610862413806e-02
9.103252336168429770e-02
9.000104411757463285e-02
8.895644738452757050e-02
8.786756990048022464e-02
8.673527250168111546e-02
8.556101637648984293e-02
8.434677781300954635e-02
8.309496720659773072e-02
8.180835294405880420e-02
8.048999058338500434e-02
7.915633472463858011e-02
7.781083050399420498e-02
7.644223249045269120e-02
7.505412071001166252e-02
7.365010427313205266e-02
7.312994014951992860e-02
7.291901677442345908e-02
7.270467977369911294e-02
7.248562618885401321e-02
7.226071877456613501e-02
7.202897492218482411e-02
7.178955579586612790e-02
7.154175575657453767e-02
7.128499213367640863e-02
7.101879539221218895e-02
7.074279972755327661e-02
7.045673411157493682e-02
7.016041380440873887e-02
6.985373233892734623e-02
6.953665397723675368e-02
6.920920663616157709e-02
6.887147527115630719e-02
6.852359570813083833e-02
6.816574890667929931e-02
6.779815563980204352e-02
6.742107157084227531e-02
6.703478270917459514e-02
6.663960122479474502e-02
6.623586160237499021e-02
6.582391711510121590e-02
6.540413659847721384e-02
6.497690150513436846e-02
6.454260322274595063e-02
6.410164063586237804e-02
6.365441791696012375e-02
6.320311524597715946e-02
6.275321251417156909e-02
6.229803733720110787e-02
6.183799315687993348e-02
6.137348132253474947e-02
6.090489988151372158e-02
6.043264250220760359e-02
5.995709751926144027e-02
5.947864709137852535e-02
5.899766646197586450e-02
5.851452331446756194e-02
5.802957721382300676e-02
5.754317912759447651e-02
5.705567101899249038e-02
5.656738550551246997e-02
5.607864557860503529e-02
5.558976437699092443e-02
5.510104501039476271e-02
5.461278042807744815e-02
5.412525332850434689e-02
5.363873610590062097e-02
5.315349083014084958e-02
5.266976925740493587e-02
5.218781286743841286e-02
5.170785292548050333e-02
5.123011056623535953e-02
5.075479689697379171e-02
5.028211311869400235e-02
4.981225066227922688e-02
4.934539133867292537e-02
4.888170750075052085e-02
4.842136221609704555e-02
4.796450944892223511e-02
4.751129424940494367e-02
4.706185295066043356e-02
4.661631337069308684e-02
4.617479501889564658e-02
4.573740930757354967e-02
4.530425976510176617e-02
4.487544225220768679e-02
4.445104517967670560e-02
4.403114972697378532e-02
4.361583006116469957e-02
4.320515355647749217e-02
4.279918101195495650e-02
4.239796686971595424e-02
4.200155943055702834e-02
4.161000106852674740e-02
4.122332844324209239e-02
4.084157270990464855e-02
4.046475972674443838e-02
4.009363533269907215e-02
3.972748631484131210e-02
3.936624265092805025e-02
3.900991481478373324e-02
3.865850888187467860e-02
3.831202671636149693e-02
3.797046615535453612e-02
3.763382118881013205e-02
3.730208213598595890e-02
3.697523581764788209e-02
3.665326572518770587e-02
3.633615218433148414e-02
3.602387251606836704e-02
3.571640119283375076e-02
3.541370999076125237e-02
3.511576813776113443e-02
3.482254245749968197e-02
3.453399750917898747e-02
3.425009572339362401e-02
3.397079753351629761e-02
3.369606150362061681e-02
3.342584445131058929e-02
3.316010156788855301e-02
3.289878653351663296e-02
3.264185162869989720e-02
3.238924784206406726e-02
3.214092497429206496e-02
3.189706697019838860e-02
3.165766464162833582e-02
3.142240030924110111e-02
3.119121843614799938e-02
3.096406282554921979e-02
3.074087670117213109e-02
3.052160278490085102e-02
3.030618337019251596e-02
3.009456039292479970e-02
2.988667549908654436e-02
2.968247010923032864e-02
2.948188547968470102e-02
2.928486276155188930e-02
2.909134305613052598e-02
2.890126746828412807e-02
2.871457715659211929e-02
2.853121338107744362e-02
2.835111754876708939e-02
2.817423125605161144e-02
2.800049632976021191e-02
2.782985486503984640e-02
2.766224926136194931e-02
2.749762225669967475e-02
2.733591695890970688e-02
2.717707687604565409e-02
2.702104594433096113e-02
2.686776855390062696e-02
2.671718957357456167e-02
2.656925437326675132e-02
2.642390884543270937e-02
2.628109942401539098e-02
2.614077310283118363e-02
2.600287745192810668e-02
2.586736063284792581e-02
2.573417141250533904e-02
2.560325917562174952e-02
2.547457393610589454e-02
2.534806634743287310e-02
2.522368771180076574e-02
2.510138998794580328e-02
2.498112579832645341e-02
2.486284843551293464e-02
2.474651186690245142e-02
2.463207073953307957e-02
2.451948038349142933e-02
2.440869681439857344e-02
2.429967673607345835e-02
2.419237754114885244e-02
2.408675731234557332e-02
2.398277482210008429e-02
2.388038953233529924e-02
2.377956159338085254e-02
2.368025184209351583e-02
2.358242180019771289e-02
2.348603367118322002e-02
2.339105033811046327e-02
2.329743535937174245e-02
2.320515296565038577e-02
2.311416805532236912e-02
2.302444619025724448e-02
2.293595359119845328e-02
2.284865713225112116e-02
2.276252433625189364e-02
2.267752336859851781e-02
2.259362303211487691e-02
2.251079276046755867e-02
2.242900261241969478e-02
