6.781763519743376767e-01
6.782230362358595555e-01
6.798270572338859230e-01
6.838282676278053529e-01
6.889788644655377992e-01
6.930338707164211964e-01
7.076089393294061614e-01
7.351003328636696033e-01
7.905694051649382326e-01
7.631291708627340187e-01
7.757426405697855909e-01
9.744254516523788157e-01
1.159767671466927830e+00
9.415389330234201770e-01
1.497100706033107853e+00
1.925067569179803373e+00
1.494840084414418735e+00
1.979333786504542614e+00
1.649356951345839040e+00
1.588095871772018608e+00
1.521077622095660997e+00
1.414059262101371894e+00
1.337115193504772703e+00
1.333725662124104039e+00
1.347518720092332867e+00
1.193357716797078805e+00
1.324225706227468491e+00
1.490714332077253124e+00
1.506913975235611103e+00
1.629286048617725191e+00
1.688384246004514200e+00
1.635605680245074689e+00
1.957532118171352531e+00
2.440352861310828736e+00
2.607890911544724410e+00
2.900741542751908320e+00
2.722619586453117080e+00
2.692386839215090255e+00
2.682426821740732770e+00
3.602878330411902752e+00
3.522312128920711771e+00
3.585400375700970255e+00
3.792432830714313141e+00
4.022467479202932239e+00
4.055579335944180741e+00
3.758384605567776759e+00
3.359644031612149195e+00
3.214875644664692000e+00
3.107113511355958479e+00
3.021561327027745936e+00
3.346230023663151254e+00
3.897685359074385847e+00
4.074341226468946253e+00
3.945779603639308242e+00
3.635371373753036650e+00
3.404289781680227556e+00
3.900901067136578249e+00
4.007853828271207952e+00
3.782242835566604455e+00
3.983906856789053652e+00
4.232306870653702369e+00
4.365744566801831539e+00
4.278215490530759446e+00
3.879984218999461554e+00
3.240792820841528865e+00
2.478665354085340500e+00
1.887151913204706322e+00
1.563554770877799704e+00
1.379487094817452242e+00
1.205457165250777951e+00
1.044360743550933002e+00
8.732506606868746246e-01
8.999253228066836918e-01
9.428919741863390769e-01
9.841991878612054157e-01
1.006498669987563543e+00
1.022467585670834955e+00
1.045605518276647272e+00
1.027653280265744762e+00
9.655722936699939751e-01
9.209602044555209588e-01
9.137474218137093818e-01
8.779597291068913512e-01
8.670298066340469401e-01
8.665882223443241994e-01
8.325477336896528469e-01
7.696572330784287042e-01
7.183762703816426454e-01
7.079160669982847987e-01
6.935451625317740065e-01
6.751590623864840435e-01
6.537862419502633582e-01
6.308865025965278983e-01
6.062356052641713067e-01
5.796355294957756810e-01
5.519169281904271473e-01
5.221669302051147321e-01
5.192297868481570156e-01
5.201994109133517563e-01
5.067376615951802998e-01
5.025176577649042020e-01
5.024340555309432244e-01
4.923806381615867256e-01
4.747667084545642013e-01
4.518858493940982601e-01
4.252627518298768838e-01
3.966298102294781303e-01
3.798591842699102772e-01
3.784924896635523672e-01
3.741604215617793661e-01
3.667144780264524062e-01
3.581199541244224349e-01
3.486658982371536042e-01
3.387992744336383866e-01
3.292292799820324967e-01
3.205750278395174679e-01
3.125098473723512682e-01
3.050951162700262786e-01
2.982768977035886726e-01
2.919170072401544025e-01
2.862622516183328525e-01
2.806698322499399656e-01
2.748969237286695844e-01
2.687258706479689896e-01
2.620803896275465394e-01
2.550825818865032901e-01
2.471997553302964779e-01
2.383490906057846581e-01
2.286971686837546147e-01
2.183250518055491474e-01
2.185504321111343962e-01
2.192721465886114940e-01
2.259588105020892135e-01
2.295536993372602197e-01
2.285302331211117866e-01
2.223488956789778093e-01
2.119529814916804589e-01
1.980271438471936929e-01
1.975249197339194185e-01
1.963142588317510762e-01
1.965491508524345454e-01
2.094625530400638924e-01
2.159305327215798043e-01
2.162200211255085602e-01
2.111170061434165246e-01
2.017889927002589900e-01
1.899388684299881946e-01
1.768758004649143567e-01
1.644881574530944746e-01
1.540214098275732302e-01
1.529673452810588197e-01
1.515443323298799883e-01
1.497981105848074368e-01
1.478409421166834992e-01
1.489842069763888388e-01
1.541978705319054233e-01
1.592667802783301056e-01
1.629965735211372502e-01
1.647701972044876839e-01
1.639321208026041088e-01
1.602580388263135647e-01
1.537550244375790187e-01
1.445565038591255236e-01
1.329668408598786156e-01
1.261734897377047582e-01
1.304216156834773488e-01
1.341662279969457472e-01
1.396276682125242863e-01
1.438049123276284591e-01
1.466063492005903468e-01
1.482567017161302292e-01
1.485667354316742572e-01
1.475118691170937135e-01
1.454436242392503631e-01
1.422279509534942199e-01
1.379379821488939950e-01
1.328806194944756602e-01
1.271213199147864792e-01
1.207116839147698018e-01
1.138112885390656914e-01
1.065887098774417618e-01
1.012770525700216750e-01
1.016400678171368865e-01
1.017736933184932441e-01
1.015741774389875424e-01
1.010678835516786028e-01
1.002820559493164815e-01
9.924435637064982219e-02
9.805663384112162095e-02
9.669575416414946667e-02
9.515731496539435452e-02
9.346700283213511817e-02
9.164947502034156979e-02
8.972818143958122272e-02
8.772522632193775760e-02
8.569836081664947147e-02
8.364801140271869995e-02
8.254701206254164148e-02
8.267165886080757309e-02
8.184691301527452501e-02
8.021179729944032111e-02
7.893928260149991882e-02
7.765827963243258913e-02
7.838749878310792563e-02
7.853042157184599026e-02
7.815391347107135400e-02
7.735188083970349904e-02
7.622528932611730146e-02
7.484175393230624307e-02
7.325277009967895436e-02
7.156486317611876480e-02
6.980586925714943325e-02
6.804116565637036151e-02
6.633403607096299837e-02
6.469926154937867546e-02
6.317909424364248627e-02
6.180087887306760092e-02
6.122153310413629840e-02
6.054250618532996259e-02
5.977059972357641471e-02
5.888631164504683907e-02
5.835546326710062265e-02
5.841502481069861530e-02
5.850670913175080867e-02
5.865138020473841668e-02
5.880871555237325576e-02
5.898126994880124874e-02
5.915606435202343250e-02
5.931883432196877887e-02
5.947206830027820801e-02
5.959774031380474929e-02
5.970155198913786737e-02
5.977285778609133654e-02
5.980872480616290093e-02
5.981571238871822432e-02
5.977081668441499435e-02
5.970684111796924209e-02
5.959043261675534692e-02
5.942793863864009873e-02
5.923257977975977806e-02
5.898376830435840545e-02
5.868180494936375835e-02
5.832639607348935606e-02
5.792356609264433243e-02
5.745916424370080267e-02
5.692927892329421174e-02
5.632814685246737701e-02
5.564786552305946155e-02
5.487895085352233887e-02
5.495993350783860004e-02
5.535185152292838862e-02
5.567394632575962260e-02
5.590292229193193074e-02
5.603574245497625061e-02
5.607005102790778989e-02
5.599451653042490651e-02
5.580630773931790495e-02
5.550758161268302265e-02
5.507497916618591532e-02
5.454319325428082926e-02
5.387731364025342279e-02
5.387403918746667963e-02
5.417734432133378825e-02
5.442399345231949126e-02
5.461037724765755580e-02
5.473332204639080184e-02
5.479011030453340148e-02
5.477849498831523223e-02
5.469674626431501180e-02
5.457469626549679709e-02
5.438036070912825870e-02
5.411328070636722831e-02
5.377346210587424791e-02
5.336136135125318231e-02
5.287786780875836784e-02
5.234717133548645596e-02
5.175536014536182006e-02
5.109639225568540777e-02
5.037256312960325388e-02
4.958648229239490113e-02
4.874104389526987685e-02
4.785282345102472717e-02
4.692409761473084751e-02
4.594484530674502326e-02
4.491874485979463483e-02
4.384961536905786217e-02
4.274138735174654730e-02
4.159807424295638295e-02
4.083075178028388458e-02
4.092733711219509463e-02
4.095003330519224327e-02
4.091237347483283465e-02
4.082066016546142401e-02
4.065992119038303737e-02
4.043241664538194807e-02
4.014824051120848697e-02
3.982149617625537624e-02
3.943519291230799390e-02
3.899230127293064341e-02
3.850387210737925281e-02
3.798106220044302622e-02
3.741028913102742437e-02
3.679490522696061278e-02
3.615051612283510379e-02
3.547656222164537188e-02
3.476719342567578114e-02
3.402691721468741742e-02
3.349844499777036855e-02
3.348799048459673994e-02
3.345010898884580308e-02
3.338561194259303394e-02
3.329535226919046881e-02
3.318021951355690918e-02
3.304113511849439411e-02
3.287904785829161292e-02
3.269492943860607959e-02
3.248977027006956508e-02
3.226457542154535785e-02
3.202725875383558019e-02
3.177573350568636823e-02
3.150686945810805828e-02
3.122168752608501727e-02
3.092120711452197787e-02
3.060644315674741767e-02
3.027840334265156919e-02
2.993808553305234849e-02
2.958647535870556622e-02
2.922454400023928242e-02
2.885324614531060636e-02
2.847351811935937629e-02
2.808627618399462886e-02
2.769241499947362392e-02
2.729280624584592974e-02
2.689075563844133335e-02
2.648806738769687863e-02
2.610984774866209959e-02
2.594027125611672591e-02
2.577052768641892311e-02
2.559846171507495355e-02
2.542335557703973362e-02
2.524543383220559725e-02
2.506491655014755904e-02
2.488201918054376918e-02
2.469695243911540841e-02
2.450992220731773932e-02
2.432112944635632032e-02
2.413077012365203236e-02
2.393903515264830806e-02
2.374611034298784035e-02
2.355217636335235273e-02
2.335740871349106101e-02
2.316197770747951620e-02
2.296604846511662856e-02
2.277817441314184538e-02
2.276407373494107947e-02
2.274457321694765485e-02
2.271984016348795044e-02
2.269004235913999953e-02
2.265534779727971376e-02
2.261592442349990434e-02
2.257193989183279778e-02
2.252356133391162155e-02
2.247095514123057317e-02
2.241428675973293483e-02
2.235372049642387129e-02
2.228941933807233530e-02
2.222154478067356331e-02
2.215025667085544075e-02
2.207571305737812337e-02
2.199807005339320456e-02
2.191748170839120588e-02
2.183409989034457155e-02
2.174807417679479674e-02
2.165955175521514647e-02
2.156867733192965528e-02
2.147559304926541235e-02
2.138043841123348290e-02
2.128335021621000772e-02
2.118575664806514325e-02
2.108734726999066805e-02
2.098732791140486137e-02
2.088582475569617999e-02
2.078296109852616896e-02
2.067885731697775842e-02
2.057363084481979992e-02
2.046739615278820104e-02
2.036026473473686801e-02
2.025234509738445612e-02
2.014374275608047868e-02
2.003456023413102347e-02
1.992489706627751864e-02
1.981484980658988759e-02
1.970451203912168547e-02
1.959397439327273741e-02
1.948332456109174229e-02
1.937264731856912225e-02
1.926202454920887888e-02
1.915153527061991962e-02
1.904125566317610083e-02
1.893125910135551662e-02
