7.743768405811514155e-01
7.739253357765931707e-01
7.787110199995699311e-01
7.834496372526040808e-01
7.916338759890443333e-01
7.950189815952667383e-01
8.307121599823784619e-01
8.525359289678884345e-01
1.152404074407239687e+00
1.042554953143067564e+00
1.058162853578730633e+00
1.374445187351473585e+00
1.924994690222388449e+00
2.045320367159321417e+00
1.389683367999077213e+00
1.560757829497069871e+00
1.463199512804833846e+00
1.535812048761030280e+00
1.682510322889083865e+00
1.774047036883859230e+00
2.096874781706895785e+00
2.000834918254967842e+00
2.401415343156298565e+00
2.711150797943565394e+00
2.512244043883174793e+00
2.525194478080560856e+00
2.856547807928018656e+00
3.233173136094439126e+00
3.861432252645407459e+00
3.892711938297511054e+00
4.962925812094237443e+00
3.892741430007930159e+00
3.564355533701609513e+00
4.029212963538345349e+00
4.062242229805185900e+00
4.188064825152689075e+00
3.611486656694595343e+00
4.585807231200730527e+00
5.814377996705854201e+00
4.592951123448690609e+00
3.960921987045768589e+00
3.624605396814917224e+00
4.223269925666644831e+00
4.573824462587320561e+00
4.787948480067556467e+00
5.559829033960471456e+00
5.514127306932217643e+00
4.360463571915048853e+00
3.115971880170358865e+00
2.334487706569697618e+00
1.893568531483698303e+00
1.682107938995625718e+00
1.426006428346806798e+00
1.281853142012240321e+00
1.166602486677371209e+00
1.130280511360029605e+00
1.132256138799944578e+00
1.051919596606149865e+00
9.207401950700314641e-01
8.580989763809047099e-01
8.578181466956441570e-01
9.235152769434086251e-01
9.354079414382995283e-01
9.336519138611353297e-01
9.126905994627396712e-01
7.851405963312151348e-01
6.905756872179915629e-01
6.287640172558177643e-01
5.883208118163619771e-01
5.559123056763251025e-01
5.250131059069209627e-01
4.967080882380920936e-01
5.426456686603449153e-01
5.689362067125787181e-01
6.275943794786358332e-01
6.389759605079657900e-01
6.069443500663700419e-01
5.726169105575674712e-01
5.393843070723802757e-01
4.831730529445062983e-01
4.567744417620497321e-01
3.851371933181738649e-01
3.632838300642560747e-01
3.646032495955083275e-01
3.421625518264382326e-01
3.839323041251657131e-01
4.062295979860878203e-01
3.986947428996484577e-01
3.752263136856910375e-01
3.483640866887950382e-01
3.211963863909484962e-01
2.918699024255798635e-01
2.968684326009622954e-01
2.996750818973646924e-01
2.968392995963541336e-01
2.871999180195234369e-01
2.701799613452413040e-01
2.483358977471970541e-01
2.236513255421624935e-01
1.995447414487963311e-01
1.795321283069441221e-01
1.704516631898825296e-01
1.604965799640812318e-01
1.613861401925831829e-01
1.667293377991052872e-01
1.743571099061984597e-01
1.823640908733009658e-01
1.892816206425070591e-01
1.940093181000304423e-01
1.956628269326079472e-01
1.941561594377193278e-01
1.884842162255528641e-01
1.782831568295357716e-01
1.642997733317441145e-01
1.473726676630735255e-01
1.384538520182123922e-01
1.344229967775478485e-01
1.384463636114627583e-01
1.418130587766316675e-01
1.442766685125090043e-01
1.458922698921583938e-01
1.463219572273660174e-01
1.455588582103894968e-01
1.436880028223534445e-01
1.408705789868655578e-01
1.373225851077434501e-01
1.332910843064510908e-01
1.290309586171130840e-01
1.247844483759244089e-01
1.207649943955938776e-01
1.171461158562980276e-01
1.140553615499211443e-01
1.115728338127456032e-01
1.097334324323257226e-01
1.086754395397050710e-01
1.079289143269268059e-01
1.078594631439474955e-01
1.082391472352320222e-01
1.089714794498350819e-01
1.099536883732551568e-01
1.110816028380730569e-01
1.122535124965965414e-01
1.133731001773111563e-01
1.143543294784658410e-01
1.152338547500336291e-01
1.158377512552991179e-01
1.161047542236611635e-01
1.159848053637612258e-01
1.154394685970296791e-01
1.144421747112907700e-01
1.129782933154028918e-01
1.110450156555323753e-01
1.086510265242130457e-01
1.059109741080546119e-01
1.028244060332263315e-01
9.935204192096806775e-02
9.553876766872476667e-02
9.143626437544349894e-02
8.710144732051389171e-02
8.576215532974716671e-02
8.468702669076948186e-02
8.291789290441453630e-02
8.046789755079408746e-02
7.947568310601474395e-02
8.619026277619538934e-02
9.185057051674795636e-02
9.625062102023866639e-02
9.900474314881609061e-02
1.001736807423569409e-01
9.968324843208857533e-02
9.791847310377178870e-02
9.856750860624588495e-02
9.800642004057928680e-02
9.640090877960551252e-02
9.395940371724192941e-02
9.080811369868432847e-02
8.713474927641952361e-02
8.373819035094821894e-02
8.117215846993283690e-02
7.857013088071451712e-02
7.601691161059634383e-02
7.349048153556950180e-02
7.140722006989141946e-02
7.095639723858890302e-02
7.035532265206734248e-02
6.965373447385130035e-02
6.894272025234826629e-02
6.819860742636708884e-02
6.740709723542685772e-02
6.656502959444633716e-02
6.566227579361169631e-02
6.468496857729080785e-02
6.361857162640746632e-02
6.245059120743691461e-02
6.117558390355300191e-02
5.983669992334810644e-02
5.838523619476050641e-02
5.683223529484478231e-02
5.519582602892039030e-02
5.350057467543854750e-02
5.177641855560960460e-02
5.005728666594767839e-02
4.837951701153338918e-02
4.678017831841869978e-02
4.529539619712860676e-02
4.395877193271848643e-02
4.380029689720053160e-02
4.366215821551948373e-02
4.346984465281399090e-02
4.321951694541070754e-02
4.290829155474337048e-02
4.253420822850168675e-02
4.209618756396142636e-02
4.159398034029677255e-02
4.149877802373700547e-02
4.225199515409425177e-02
4.313550470341007831e-02
4.411533084847257813e-02
4.515543949071181701e-02
4.621878869756160940e-02
4.726834657710666382e-02
4.826804710755578515e-02
4.918365960801240888e-02
4.998355291709354054e-02
5.063934072407250131e-02
5.112639967682346132e-02
5.142425668713423992e-02
5.151684620058154251e-02
5.144255212408301720e-02
5.115354039515981888e-02
5.063819634149888810e-02
4.989746157810109189e-02
4.893631959630984768e-02
4.777208223256251135e-02
4.645431840493309539e-02
4.494832364287324605e-02
4.419689569792366324e-02
4.468812949921115163e-02
4.502941505218583523e-02
4.521332235347592932e-02
4.521854435773916409e-02
4.504829249829325061e-02
4.470785978029113289e-02
4.420440038064181454e-02
4.354669701171659524e-02
4.274492152815453916e-02
4.183227633771348375e-02
4.081946842773997997e-02
3.972574785174177309e-02
3.930069496760964232e-02
3.877247024510983159e-02
3.814881985225217903e-02
3.743790799559046367e-02
3.667670432922574136e-02
3.584656893994252191e-02
3.526134663151987009e-02
3.528671876813811725e-02
3.521346102846969334e-02
3.504717502185224903e-02
3.479389410639065899e-02
3.448289152776139177e-02
3.410376193723952537e-02
3.365583911472987827e-02
3.314589389366464495e-02
3.258071651843635896e-02
3.196704890649528646e-02
3.131152390585863893e-02
3.062061156807674087e-02
2.990057235249030804e-02
2.921089520687034091e-02
2.866777904279378675e-02
2.810317340433651084e-02
2.752581155456541862e-02
2.694213207873590726e-02
2.634687379388384737e-02
2.574336028911140481e-02
2.513471426763292521e-02
2.467045604939248002e-02
2.456855930237181879e-02
2.445371439727275428e-02
2.432677830927635482e-02
2.418858919639358188e-02
2.404027257403356169e-02
2.388897176619124776e-02
2.372852682855510278e-02
2.355968397039345449e-02
2.338316388599511950e-02
2.319966090426031288e-02
2.300984234573088399e-02
2.281434807048076177e-02
2.261379020000622853e-02
2.240875299857558040e-02
2.219979289755878021e-02
2.198743864972808187e-02
2.177219159900031439e-02
2.155452605326345014e-02
2.133488974756221623e-02
2.111370438650028367e-02
2.089136625535747971e-02
2.066824688890835787e-02
2.044469379021935512e-02
2.022103118883735243e-02
1.999756083235880791e-02
1.977456280290511986e-02
1.955229635171291946e-02
1.933100074675571378e-02
1.911089612694731252e-02
1.889218435838706939e-02
1.867504988801184374e-02
1.845966059098042358e-02
1.824616860803967081e-02
1.805738476061467465e-02
1.795357246928449071e-02
1.784933042631690198e-02
1.774474063744578556e-02
1.763988093990325259e-02
1.753482512627767623e-02
1.742964306973364408e-02
1.732440085034580093e-02
1.721916088224328609e-02
1.711398204030419035e-02
1.700891978699423102e-02
1.690402629805518725e-02
1.679935058740343254e-02
1.669493863021891816e-02
1.659083348472767394e-02
1.648707541175798569e-02
1.638370199229026783e-02
1.628074824257785824e-02
1.617824672684813753e-02
1.607622766720313498e-02
1.597471905095068298e-02
1.587374673505587835e-02
1.577333454731762521e-02
1.567350438530080645e-02
1.557427631143390966e-02
1.547566864557813927e-02
1.537769805442498923e-02
1.528037963767707279e-02
1.518372701133258867e-02
1.508775238788699624e-02
1.499246665352081849e-02
1.489787944225909842e-02
1.480399920728267885e-02
1.471083328929892117e-02
1.461838798213720668e-02
1.452666859539697951e-02
1.443567951466459900e-02
1.434542425878779573e-02
1.425590553480023115e-02
1.416712529008465858e-02
1.407908476241852107e-02
1.399178452725108150e-02
1.390522454306862728e-02
1.381940419423091475e-02
1.373432233186343450e-02
1.364997731253514771e-02
1.356636703498553982e-02
1.348348897495833636e-02
1.340134021812053843e-02
1.331991749122168542e-02
1.323921719147374935e-02
1.315923541442963474e-02
1.307996798020830305e-02
1.300141045797139142e-02
1.292355818956017130e-02
1.284640631100762882e-02
1.276994977333487623e-02
1.269418336164407010e-02
1.261910171340657402e-02
1.254469933531160084e-02
1.247097061899512215e-02
1.239790985612134605e-02
1.232551125204086467e-02
1.225376893869431147e-02
1.218267698668297656e-02
1.211222941641370253e-02
1.204242020847979579e-02
1.197324331314532364e-02
1.190469265952950016e-02
1.183676216361862800e-02
1.176944573585275884e-02
1.170273728823888540e-02
1.163663074075410760e-02
1.157114208463286276e-02
1.150651255294651842e-02
1.144245875737764061e-02
1.137897492659561451e-02
1.131605531511090459e-02
1.125369420683951932e-02
1.119188591889286669e-02
1.113062480469534030e-02
1.106990525690257007e-02
1.100972170998421561e-02
1.095006864245700109e-02
1.089094057897466161e-02
1.083233209206244108e-02
1.077423780373252052e-02
1.071665238672701165e-02
1.065957056574798334e-02
