5.749864922450977911e-01
5.764479774993810368e-01
5.812905013261112641e-01
5.843237281035393860e-01
5.897701943833909555e-01
5.980351348050647609e-01
6.105705965214318631e-01
6.315317969982117141e-01
6.589896510949138086e-01
7.871551751903906879e-01
7.759864224899877261e-01
8.199313804042689391e-01
1.026359128818704392e+00
9.694913196920055265e-01
9.276946756227967272e-01
1.291935275251865800e+00
1.298365382741891061e+00
1.209350703171059971e+00
1.879173294411587980e+00
1.388184135107542572e+00
1.382926969697151343e+00
1.510018236340846309e+00
1.375541895623727084e+00
1.463693293093638159e+00
1.953098115355383246e+00
1.372912175772828203e+00
1.359396678132339220e+00
1.782363841524426284e+00
1.592051736875803147e+00
1.387356004273544663e+00
1.344304607182058575e+00
1.370849973247909137e+00
1.406143401327540676e+00
1.378551994418123261e+00
1.646038775592991055e+00
1.801082913556075749e+00
2.041811235539752634e+00
2.010273396937934276e+00
1.778378026831981540e+00
2.014922654330188134e+00
1.811643148297986228e+00
1.812315923194170120e+00
1.892473803239835162e+00
2.217602832340839214e+00
2.440722620497026263e+00
2.612446132076049476e+00
2.503621447755493890e+00
2.419849281716389022e+00
2.683073417545373651e+00
2.311581157007559728e+00
2.411334422307724878e+00
2.611392570415001391e+00
2.731653701281713698e+00
3.061221511367808734e+00
3.407620299831828792e+00
3.218060057913800787e+00
3.312883206644404499e+00
3.484525101917732570e+00
3.965848710658833376e+00
3.860297359878867240e+00
3.553164713420359888e+00
3.509772325509340707e+00
3.904476571375963712e+00
3.885626321017940032e+00
3.361114044747048446e+00
2.969954154999006946e+00
3.457655822459588357e+00
3.631754767190711330e+00
3.671071601343723234e+00
3.762778131143007521e+00
3.756600812093632946e+00
3.681142493042166119e+00
3.753517521052286199e+00
3.689346779555096933e+00
3.572464416882120020e+00
3.936379174787717261e+00
4.240255654914424355e+00
4.530888411541272198e+00
4.675702801095184213e+00
4.488891218305728792e+00
3.948781942989858518e+00
3.478572140788332323e+00
3.095015901778478629e+00
2.691426788675046922e+00
2.221768449528301659e+00
1.764407951036214506e+00
1.421507401010790872e+00
1.300824749055868867e+00
1.174610697209531818e+00
1.103893169400541163e+00
1.121810119172574893e+00
1.113723259998877335e+00
1.068495329223755119e+00
9.930290447559433353e-01
9.107032271677648616e-01
8.544222041505989962e-01
8.263446426569217573e-01
8.171617224130180990e-01
8.182058178906069790e-01
8.150559451970134095e-01
7.964386589015923779e-01
7.589992741428142065e-01
7.060812025201043118e-01
6.765513315104783043e-01
6.735378338787090247e-01
6.647866931262582657e-01
6.517486058408201721e-01
6.321811749896394383e-01
6.076759089673935410e-01
5.765385344203537432e-01
5.407163754564002778e-01
5.424481861040504338e-01
5.535406719731136294e-01
5.505421485574626406e-01
5.326160528961993990e-01
5.150474348511241418e-01
5.080184815498136608e-01
4.907810028766921850e-01
4.675414932934665591e-01
4.437347036055778737e-01
4.241548782087534164e-01
4.120830760362965695e-01
4.080383526027249186e-01
4.101261912431780621e-01
4.143669723961430629e-01
4.166919373494547552e-01
4.135316839199539851e-01
4.026794220047965056e-01
3.832101822730761831e-01
3.831156182285156975e-01
3.808724732035304039e-01
3.704861748306330083e-01
3.528778153578016052e-01
3.296415279519370745e-01
3.027626007340766257e-01
2.745467683372196932e-01
2.549676329475346059e-01
2.399772472983983940e-01
2.316529526548146423e-01
2.251012487587971123e-01
2.179792295157025883e-01
2.107005882062833457e-01
2.030381136871200198e-01
1.951019596245031351e-01
1.869960795805601650e-01
1.849415937230951823e-01
1.892511745267860535e-01
1.933027108616791612e-01
1.964690313141012612e-01
1.975128011940411044e-01
2.036061246584739415e-01
2.097063756688343494e-01
2.143923382050292037e-01
2.176650961207344248e-01
2.190526259973961110e-01
2.187344849389781798e-01
2.166484169753262190e-01
2.129411471044622417e-01
2.100224438840743446e-01
2.060357074541486755e-01
2.009874828823436654e-01
1.963871367331181117e-01
2.009516148518773471e-01
2.031527935266158602e-01
2.031827446242684132e-01
2.015005609095461281e-01
1.981278156350619324e-01
1.937191090728192788e-01
1.882706832305933720e-01
1.823480392867729283e-01
1.760961615037670014e-01
1.697357936978850235e-01
1.634975990384616440e-01
1.576423123332869602e-01
1.521864461442918592e-01
1.487968210824137383e-01
1.453622781928377294e-01
1.419234676690729613e-01
1.385124779016210506e-01
1.351532740283995782e-01
1.318912708367293574e-01
1.287352433289317699e-01
1.256555821136823570e-01
1.240291469277291780e-01
1.227053360765672368e-01
1.215997162716455082e-01
1.206817733015296268e-01
1.199238663231506907e-01
1.192999963000034580e-01
1.187845371909864861e-01
1.183511062027782779e-01
1.179717013879087312e-01
1.176161862512019735e-01
1.172521555420879963e-01
1.168451767854023771e-01
1.163593700244303086e-01
1.158225539872741461e-01
1.151452657181426253e-01
1.142867771421260253e-01
1.132146995362130065e-01
1.119004936235287739e-01
1.103267580201407749e-01
1.085568737649031390e-01
1.064911610488484678e-01
1.041239606863778311e-01
1.014568017409582107e-01
9.851214155665231897e-02
9.683132820070899927e-02
9.860667755064264628e-02
1.002230516819589273e-01
1.016463520196950188e-01
1.028783439258584842e-01
1.039112407825064227e-01
1.046780194697132099e-01
1.051617788533600883e-01
1.053508772284912631e-01
1.052887442849721467e-01
1.049698188680677630e-01
1.043511696604227795e-01
1.034401382655095458e-01
1.022615089777473563e-01
1.008937960749916180e-01
9.927480241709529807e-02
9.742524175108271955e-02
9.536807547364793691e-02
9.315507399776612463e-02
9.082464169527701414e-02
8.835682449317623643e-02
8.577796728628771239e-02
8.311415660195581312e-02
8.039080786645619314e-02
7.763230442248257590e-02
7.487204142121210715e-02
7.213713600193763509e-02
7.062806532098167556e-02
7.054269101797445984e-02
7.039733527213849762e-02
7.019517600233682320e-02
6.993963048030497898e-02
6.963430044866913970e-02
6.928292008716807615e-02
6.888930719848493367e-02
6.845731790072488721e-02
6.799080503237316109e-02
6.750664637943200319e-02
6.700118732588120074e-02
6.647143188541194958e-02
6.592088245036280270e-02
6.535289621653074532e-02
6.477066576962246802e-02
6.417720320110516241e-02
6.357532757649669852e-02
6.296765556233067940e-02
6.235659499798222594e-02
6.174434118927315390e-02
6.113287569043531627e-02
6.052396734069240281e-02
5.991917531937932667e-02
5.931985398708176233e-02
5.872715928378307443e-02
5.814205646481073603e-02
5.756532896313949071e-02
5.699758817654058257e-02
5.643928399112152494e-02
5.589071586315166873e-02
5.535204429703562135e-02
5.482330256717487388e-02
5.430440854846246140e-02
5.379517652944594552e-02
5.329532889978818438e-02
5.280450761366635437e-02
5.232228534276946869e-02
5.184817624870317887e-02
5.138164630931697785e-02
5.092212314994815775e-02
5.047411887876428888e-02
5.003238876292039755e-02
4.959573594679048125e-02
4.916353053728183403e-02
4.873514302194752179e-02
4.830995067689174832e-02
4.788734336520576729e-02
4.746672873345739174e-02
4.704753681843462654e-02
4.662922407919840168e-02
4.621127687402448031e-02
4.579321440425613426e-02
4.537459114884546257e-02
4.495499881673748616e-02
4.453406784325084772e-02
4.411146845990260301e-02
4.368691136743319686e-02
4.326014804039280542e-02
4.283097069346129826e-02
4.239921193992059884e-02
4.196474416973466209e-02
4.152747867685689653e-02
4.108736456306641416e-02
4.064438744508491047e-02
4.019856799010916582e-02
3.974996030619663834e-02
3.929865020788732982e-02
3.884475338227259822e-02
3.838841347328510178e-02
3.792980010691685000e-02
3.746910687220244424e-02
3.712612900131798815e-02
3.725638287591314518e-02
3.736644250502958731e-02
3.745561446993681681e-02
3.752330733517937611e-02
3.757392171820712889e-02
3.760571691591856058e-02
3.761499053422106414e-02
3.760153068915737112e-02
3.756522608001203190e-02
3.750606381458392730e-02
3.742412669041694784e-02
3.731958997785171650e-02
3.719271775766613136e-02
3.704385886118145843e-02
3.687344246545493781e-02
3.668197339218957909e-02
3.647002716041156806e-02
3.623824484034858517e-02
3.598732775472318623e-02
3.571803207256501328e-02
3.543116333630494386e-02
3.512757096304178206e-02
3.480814275730768209e-02
3.447443099193444466e-02
3.413332415742084680e-02
3.404175770446923877e-02
3.396905276242373484e-02
3.389133333241555607e-02
3.380861307428930512e-02
3.372091720856495306e-02
3.362828199511649907e-02
3.353075420123140943e-02
3.342839056102475670e-02
3.332125722984644739e-02
3.321078383636630327e-02
3.309785266440438967e-02
3.298036020750607505e-02
3.285840163705005396e-02
3.273207899005687455e-02
3.260150063688258687e-02
3.246678075600403085e-02
3.232803881918653449e-02
3.218539908522743964e-02
3.203899010752050969e-02
3.188894425217415202e-02
3.173539723109481542e-02
3.157848764849344181e-02
3.141835656240581781e-02
3.125514706168418949e-02
3.108900385913106190e-02
3.092007289986360707e-02
3.074850098767565112e-02
3.057443542660936986e-02
3.039802367997193611e-02
3.021941304651178453e-02
3.003875035245580707e-02
2.985618166122613534e-02
2.967185199903527720e-02
2.948590509753362676e-02
2.929848315198654504e-02
2.910972659588463921e-02
2.891977389124901487e-02
2.872876133356120146e-02
2.853682287242738022e-02
2.834408994656806291e-02
2.815069133266881463e-02
2.795675300854852385e-02
2.776239802895420078e-02
2.756774641486007399e-02
2.737291505485165907e-02
2.717801761847320197e-02
2.698316448117842395e-02
2.678846266003852630e-02
2.659401576034152448e-02
2.639992393189094858e-02
2.620628383508004713e-02
2.601318861622560832e-02
2.582072789091188064e-02
2.562898773651684989e-02
2.543805069154260468e-02
2.524799576272235280e-02
2.505889843902028152e-02
2.487083071186685715e-02
2.468386110130637093e-02
2.449805468834556632e-02
2.431347315171913590e-02
2.413017480999019720e-02
2.394821466818524563e-02
2.376764446822426241e-02
2.358851274308554347e-02
2.341086487502539934e-02
2.323474315588870340e-02
2.306018685125119094e-02
