5.372857425273270815e-01
5.362909708999037406e-01
5.364007214783156341e-01
5.400037334129342836e-01
5.405715585006694024e-01
5.456436335169148055e-01
5.519616061949099706e-01
5.588541318086057696e-01
5.671058024919047869e-01
5.732194192396469212e-01
5.843815293437772951e-01
6.437734899587692627e-01
7.353366434084405157e-01
8.885409694054173801e-01
9.836153051864259256e-01
8.726730106752963456e-01
8.448564712674012656e-01
8.994907020437182821e-01
1.186695432074450274e+00
1.173630598313293749e+00
1.198824679994542786e+00
1.275859549744343235e+00
1.266001640301022579e+00
1.092406079615211745e+00
1.376315973176638563e+00
1.525401839229588941e+00
1.903294492982160913e+00
1.831501004302620306e+00
1.761037963883570479e+00
1.882516805638662527e+00
2.121380320373885464e+00
2.204268583465922582e+00
2.060573441954527407e+00
2.136518818587492152e+00
1.858700376411076771e+00
1.789866187680195120e+00
2.188456748031796018e+00
1.889382072633801979e+00
1.342791026432761603e+00
1.086804947599601334e+00
9.469490514224342403e-01
8.993379082242285438e-01
9.169857436547790286e-01
9.520166754589894920e-01
8.545236721932035762e-01
8.388582247072658982e-01
8.892561980012356759e-01
1.040508010688176777e+00
1.081539529835700009e+00
1.065851486956383765e+00
1.178014960844738557e+00
1.211661467474965059e+00
1.167148852665965242e+00
1.383631035755861216e+00
1.471726094852610744e+00
1.441144655172146960e+00
1.458579890412790903e+00
1.766881988306634899e+00
1.892244950127783598e+00
1.912676252716320580e+00
1.761754809374825426e+00
1.513267882597844505e+00
1.448540277099395368e+00
1.411184848306999529e+00
1.501981185610791414e+00
1.662501336160122856e+00
1.758963598956203134e+00
1.723326639733544718e+00
1.613078477362322571e+00
1.575869100954026658e+00
1.722985850190343227e+00
1.968569336050745244e+00
2.186302370169524778e+00
2.142678957720829391e+00
2.110737740464802226e+00
2.091600189183172365e+00
2.037104236846443150e+00
2.021815178597063056e+00
2.086578581111070196e+00
2.298306422334232213e+00
2.466661391804531700e+00
2.512754547367384461e+00
2.472722357881239841e+00
2.361118818120576890e+00
2.168606513138329639e+00
2.134102649149113962e+00
2.210842475334812374e+00
2.256916131661268921e+00
2.296348055002202404e+00
2.318005054392088482e+00
2.332147266056753487e+00
2.321667449505570691e+00
2.295705318497746728e+00
2.268491325669725445e+00
2.249776349380804952e+00
2.343874803761341497e+00
2.499314818158123952e+00
2.606730247694585056e+00
2.689959591390246096e+00
2.754935850029212929e+00
2.748865057289200831e+00
2.671950394017920338e+00
2.590922487939383512e+00
2.506427061962627878e+00
2.375215448857938227e+00
2.250149965435112698e+00
2.122711140683410935e+00
1.973873601791434229e+00
1.812897427717496956e+00
1.648470038913816937e+00
1.489992012466076376e+00
1.342385476063884697e+00
1.209163781212778899e+00
1.091435746652253513e+00
1.001627185368137773e+00
9.246771597082178440e-01
8.560849216883893442e-01
7.950051439832842570e-01
7.384225148622564072e-01
6.863441603734712348e-01
6.373594577890885349e-01
5.941345036294418680e-01
5.744276891808288710e-01
5.561171993848819106e-01
5.384363660631723558e-01
5.207063763760406694e-01
5.031709744374575077e-01
4.930274791414291924e-01
4.827347724199333445e-01
4.720250923322158454e-01
4.610931104759350974e-01
4.534940078315569112e-01
4.636095953046144302e-01
4.742000576207710538e-01
4.834472864133100289e-01
4.897255469178184994e-01
4.922569387610207237e-01
4.898815851622512763e-01
4.827348652273203977e-01
4.707581875344760136e-01
4.726744403077371426e-01
4.763098644255979730e-01
4.755369417379551877e-01
4.708849752953956913e-01
4.626309338843749841e-01
4.511696251584150774e-01
4.368464936738605253e-01
4.204089817357104519e-01
4.021073314779329277e-01
3.851821247234636370e-01
3.729934252523948168e-01
3.602995653497022555e-01
3.475563265221032205e-01
3.351443161234606838e-01
3.233606622236482320e-01
3.124318950083392332e-01
3.026782645084395984e-01
2.939556381017118802e-01
2.863586210942046795e-01
2.797962586285599462e-01
2.740380314189940214e-01
2.690464727281555168e-01
2.644276868667664315e-01
2.600571529496376044e-01
2.557234603043297416e-01
2.511546954879352311e-01
2.461907040805367264e-01
2.406988113967818144e-01
2.345775098530034908e-01
2.277588344470757309e-01
2.217482502507157616e-01
2.223428723880330748e-01
2.224752810549409654e-01
2.218623683868339858e-01
2.203596559753857875e-01
2.181596780784451628e-01
2.150578658112141106e-01
2.110052594263798487e-01
2.062598520071482755e-01
2.025828067237374908e-01
2.017590782901214352e-01
2.005868593649914600e-01
1.988296069877854566e-01
1.966977962970776483e-01
1.940303022617792805e-01
1.909485675774243441e-01
1.874299582301693912e-01
1.834632358058802259e-01
1.791892425152468438e-01
1.777982726326594876e-01
1.776946265870234520e-01
1.772828708407519771e-01
1.765491411848816028e-01
1.754296695543438034e-01
1.740661400425246863e-01
1.723807781679549123e-01
1.703556189513858732e-01
1.681610483738881223e-01
1.656699221581471593e-01
1.629155660741035683e-01
1.600339337460482680e-01
1.569203866038972883e-01
1.536149284452283381e-01
1.502360102477469095e-01
1.466988135330979659e-01
1.430308639964095740e-01
1.393449602151081990e-01
1.355802466485063751e-01
1.317544049910689408e-01
1.279165307183390277e-01
1.241041464060713001e-01
1.202921621987781686e-01
1.165015773101293756e-01
1.127518940880799653e-01
1.093325509222313890e-01
1.081446069680745137e-01
1.069045917994948525e-01
1.056514499254332107e-01
1.043589260088520904e-01
1.030245539205458249e-01
1.016523204673043246e-01
1.002461749926898266e-01
9.881001438201732212e-02
9.734766928021654220e-02
9.586289150322505059e-02
9.435934262356779345e-02
9.342274026550610733e-02
9.465538756411007171e-02
9.555046098010192002e-02
9.615379377837314501e-02
9.643626453756885819e-02
9.650753082099466917e-02
9.630172464153644030e-02
9.594442611974160484e-02
9.537409506776056700e-02
9.469094194845552315e-02
9.387480730099177773e-02
9.311153338634547971e-02
9.388158086726480778e-02
9.438959566717057548e-02
9.472167584885049507e-02
9.482917330552408097e-02
9.478857177196187145e-02
9.458087921690674915e-02
9.423493252024017774e-02
9.377073000945036763e-02
9.316716459625627722e-02
9.248382007227180790e-02
9.166880033056856725e-02
9.076095635665809569e-02
8.975288232887917994e-02
8.862941757449045721e-02
8.740320271714499545e-02
8.608532524044712475e-02
8.465858644956368584e-02
8.312720698169122346e-02
8.149440814446416714e-02
7.976641457925807976e-02
7.796194664366982996e-02
7.622280545447666922e-02
7.633362062247699142e-02
7.634914463637931803e-02
7.623547221383354666e-02
7.597788443001532444e-02
7.553796340668153531e-02
7.491078849870837220e-02
7.436150758637430358e-02
7.454143009465576120e-02
7.466471893725670772e-02
7.474995120835989382e-02
7.476576345198136797e-02
7.471287779599447565e-02
7.521873498783901435e-02
7.558072929978004728e-02
7.579358622810319912e-02
7.585223947649506748e-02
7.575197216954757118e-02
7.548862378109411075e-02
7.505907786179563668e-02
7.449420484265371900e-02
7.376724604873022284e-02
7.288273698090921848e-02
7.187925031318201374e-02
7.072466347505075579e-02
6.945704277284996120e-02
6.806664096060657809e-02
6.724163210892496190e-02
6.648336795105837249e-02
6.563677207032714289e-02
6.470778551232465869e-02
6.372922655423066129e-02
6.357000385194587488e-02
6.356857189921832907e-02
6.353518446075336057e-02
6.347020801584192518e-02
6.337413160915814081e-02
6.324755617000403507e-02
6.309118393653134760e-02
6.290580805790380037e-02
6.269230243519270662e-02
6.245161185402402920e-02
6.218474245688088847e-02
6.189275259192562190e-02
6.158985640197726930e-02
6.126489783222303226e-02
6.091784854309743175e-02
6.054987796633739400e-02
6.016217065261377644e-02
5.975591974327416900e-02
5.933232091734895464e-02
5.889256680732073146e-02
5.843784188172550936e-02
5.796931778241172506e-02
5.748814910724067695e-02
5.699546962412652823e-02
5.649238890110887951e-02
5.597998933647110875e-02
5.545932357046148842e-02
5.493141226071877187e-02
5.439724220038821140e-02
5.385776476151258457e-02
5.331389464139409812e-02
5.277158440619392210e-02
5.222898314726279190e-02
5.168410933032711874e-02
5.113773301063543469e-02
5.059058557651440607e-02
5.004335983867735926e-02
4.949671029223297325e-02
4.895125353481321467e-02
4.840756882429006480e-02
4.786619875949837261e-02
4.732765007028256338e-02
4.679239450185179033e-02
4.626086977987314136e-02
4.573348064472534252e-02
4.521059994274093108e-02
4.469256976279461363e-02
4.417970260988125786e-02
4.367228260400025930e-02
4.317056669818730708e-02
4.267478590620334827e-02
4.218514653345688259e-02
4.170183140419727458e-02
4.122500107988597007e-02
4.075479506350559999e-02
4.029133298405390001e-02
3.983471575890782518e-02
3.938502672929061060e-02
3.894233276636407948e-02
3.850668534532993709e-02
3.807812158502563854e-02
3.765666525250402352e-02
3.724232772872876351e-02
3.683510893755446297e-02
3.643499823489407957e-02
3.604197525806401847e-02
3.565601073597712140e-02
3.527706725948289573e-02
3.490510001220644559e-02
3.454005746179887593e-02
3.418188201418163874e-02
3.383051062828690975e-02
3.348587539478017211e-02
3.314790407891110569e-02
3.281652062852918883e-02
3.249164564732288235e-02
3.217319683651731488e-02
3.186108940458399347e-02
3.155523644710166165e-02
3.125554929696568868e-02
3.096193784832556792e-02
3.067431085324313217e-02
3.039257619303098457e-02
3.011664112712115690e-02
2.984641251910497700e-02
2.958179704090890816e-02
2.932270135769722910e-02
2.906903229458536464e-02
2.882069698464675284e-02
2.857760300182863797e-02
2.833965847797364351e-02
2.810677220546819316e-02
2.787885372792280395e-02
2.765581341704640220e-02
2.743756254017605534e-02
2.722401331566195667e-02
2.701507896102550363e-02
2.681067373016724972e-02
2.661071294490117284e-02
2.641511301779064444e-02
2.622379147019787346e-02
2.603666694252315325e-02
2.585365920169295159e-02
2.567468914247901524e-02
2.549967878527210213e-02
2.532855127055907984e-02
2.516123085002066467e-02
2.499764287528905699e-02
2.483771378467094018e-02
