5.247737509106823461e-01
5.237053290636238811e-01
5.218058497643585092e-01
5.264399901002820847e-01
5.276730504360865881e-01
5.328045936894335588e-01
5.393724547569795913e-01
5.441004139759864078e-01
5.498726614190095896e-01
5.959509801248344951e-01
6.215073947491854822e-01
5.601158090417303059e-01
6.295748611932736605e-01
7.088601410334156583e-01
7.334275954904535544e-01
7.220221121002621256e-01
9.288670027740479895e-01
8.601673305641012179e-01
1.114577937038607081e+00
1.221521592636358289e+00
1.310062423400359055e+00
1.302250808947219118e+00
1.231801465471140888e+00
1.552532889781222725e+00
1.336820332758362317e+00
1.355238518841781703e+00
1.195309059050728928e+00
1.282705998103162548e+00
1.709984548864833087e+00
1.414024319332389812e+00
1.051431549614023186e+00
9.531335287165643155e-01
9.201402206486933855e-01
1.081510994022287564e+00
1.140500839259005472e+00
1.230660130853766576e+00
1.160973799770918191e+00
1.043906553273701743e+00
1.194335365776092450e+00
1.186658293160048450e+00
1.276933314619793203e+00
1.429164022882910556e+00
1.544486757626110762e+00
1.570589019477973469e+00
1.631090576609998566e+00
1.616869995400187499e+00
1.818552602322053069e+00
1.964501593075250074e+00
1.930783547949914247e+00
1.777463701571945887e+00
2.040859303685476522e+00
2.173053008247692208e+00
2.202815212902845765e+00
2.094828302834051303e+00
2.042912479552243976e+00
2.110058583133641807e+00
2.476579077469029500e+00
3.076531030242639631e+00
3.311648399143393817e+00
3.073068460898009668e+00
2.736279531623516004e+00
2.561328690663080110e+00
2.454355955471929196e+00
2.496742922570361234e+00
2.540118807115270716e+00
2.563177578811786983e+00
2.667405034486661997e+00
2.695079613937312768e+00
2.634259117264897476e+00
2.563031051920432457e+00
2.805303583962683422e+00
2.861115953524414390e+00
2.805288399393973009e+00
2.759592334192026541e+00
2.770981109977904477e+00
2.851482724215594899e+00
2.950400127103378178e+00
3.004813869528633496e+00
3.030705078805143948e+00
2.987184314480573644e+00
2.807627791329288414e+00
2.496801198019111823e+00
2.283845368551811195e+00
2.037078093857210614e+00
1.816095394292333909e+00
1.584191564989954060e+00
1.358911325288882477e+00
1.187196864535231100e+00
1.079851259755414850e+00
9.813411690133773124e-01
8.943830760024260584e-01
8.319986226624523917e-01
7.762608686758951659e-01
7.283603014082488114e-01
6.868849825598427605e-01
6.512861713088411442e-01
6.207487785620033893e-01
5.944155675665347971e-01
5.769219779242135138e-01
5.756929248625932694e-01
5.557794307409281709e-01
5.222999099947742696e-01
5.052659632236805587e-01
4.928854737867618407e-01
4.816346746714315064e-01
4.712347036491907337e-01
4.616134382696358007e-01
4.526130618452806065e-01
4.435660155903181634e-01
4.341725982778535387e-01
4.241664238924432451e-01
4.140663878466131487e-01
4.029980770864504680e-01
3.908329210573771584e-01
3.778896759548240891e-01
3.642247316678610680e-01
3.495010450719046591e-01
3.424814551890275616e-01
3.398678224761187416e-01
3.362578110472140835e-01
3.317281343681672268e-01
3.267283007984366217e-01
3.207895669782533932e-01
3.139915661877028530e-01
3.069304192455734048e-01
2.992071621087754596e-01
2.909120785361763994e-01
2.823168037267672070e-01
2.736311386985439409e-01
2.679706765524970669e-01
2.819453373108953276e-01
2.908268987721143728e-01
2.948271475487082571e-01
2.940619277245907215e-01
2.890200420818516691e-01
2.804677908611830084e-01
2.692630150619178542e-01
2.562702675114328921e-01
2.593550523764437954e-01
2.605979563327168735e-01
2.546739217596732385e-01
2.572511704837843194e-01
2.607229801219042575e-01
2.562008663590832902e-01
2.445038962395750248e-01
2.270047045300248312e-01
2.196015669183221386e-01
2.108256158898292043e-01
2.095342235844190604e-01
2.116424340661195169e-01
2.131675772419968362e-01
2.139644795794141408e-01
2.138702911373728255e-01
2.127266580279591757e-01
2.103990720656847557e-01
2.067905016601037926e-01
2.019731093888948448e-01
1.959550585315656956e-01
1.890041806627581200e-01
1.813393266494402190e-01
1.732818909426432075e-01
1.687275715705940926e-01
1.662409934244488963e-01
1.663633342713467245e-01
1.650700691133909770e-01
1.624286991642071021e-01
1.585315722762322410e-01
1.534918765876863989e-01
1.474399968406327754e-01
1.405198169424850541e-01
1.330234479129884517e-01
1.250718865413835423e-01
1.230744484785580156e-01
1.227236390265132315e-01
1.220770775640749733e-01
1.211310883843911418e-01
1.199108262663060587e-01
1.185479542456504692e-01
1.169761126454127581e-01
1.152091326583322278e-01
1.132764420407286476e-01
1.112768157443329853e-01
1.091869128166889774e-01
1.070058910894835791e-01
1.047578026977803028e-01
1.024644603815049460e-01
1.002081154020581788e-01
9.794023278192069693e-02
9.567174690114729763e-02
9.341501772091273526e-02
9.118006842274767321e-02
8.897473843520291303e-02
8.683497787677381397e-02
8.474133385446187827e-02
8.268623544599985886e-02
8.067123479572420319e-02
7.923858331994527993e-02
7.807235890330369021e-02
7.694210386539704349e-02
7.584660669503014152e-02
7.478429316021673046e-02
7.375330542310158666e-02
7.275157593539213763e-02
7.177689535716545721e-02
7.082697397721486599e-02
6.989949632798526935e-02
6.899216887339711113e-02
6.810276081008311000e-02
6.722913815711609176e-02
6.636929142206333954e-02
6.552135721642200761e-02
6.468363425991439930e-02
6.385459426231103464e-02
6.303288819572427926e-02
6.221734848812859875e-02
6.140698766828690813e-02
6.060099398088517053e-02
5.979872447448305456e-02
5.899969603567512683e-02
5.820357481354231088e-02
5.741016444247373091e-02
5.661939343357393767e-02
5.583130206638863002e-02
5.504602907252052757e-02
5.426379836489789166e-02
5.348490602855328346e-02
5.270970775223031424e-02
5.193860684854513521e-02
5.117204297660582490e-02
5.060416523724909493e-02
5.002653952296987061e-02
4.943611847387442693e-02
4.883433194897727342e-02
4.822261687270670144e-02
4.760874791115461691e-02
4.699529234926689419e-02
4.637535382108857324e-02
4.575029709634077790e-02
4.512144527976398589e-02
4.449007289197196013e-02
4.385740009410788592e-02
4.322458801619664948e-02
4.259273513187638444e-02
4.196287461397277957e-02
4.133597259752420233e-02
4.071292727183604271e-02
4.009456871825231583e-02
3.948165941311825716e-02
3.887489531103806295e-02
3.866603285993706896e-02
3.847925902740877840e-02
3.828924765918979151e-02
3.809617388382149222e-02
3.790021659764813283e-02
3.770155678622640755e-02
3.750037601615312244e-02
3.729685509298922425e-02
3.709117288072154989e-02
3.688350527491122272e-02
3.667402432276609808e-02
3.646289748185124052e-02
3.625028700737381593e-02
3.603634946040595172e-02
3.582123532671493971e-02
3.560508873618105363e-02
3.538804727490303670e-02
3.517024187944971930e-02
3.495179680466583422e-02
3.473282965675053569e-02
3.451345148232787957e-02
3.429376690732004185e-02
3.407387431629026880e-02
3.385386606713158830e-02
3.363527655017721496e-02
3.341872927016992234e-02
3.320221046405477661e-02
3.298579295682198959e-02
3.276954491513596468e-02
3.255353014523128252e-02
3.233780839134008794e-02
3.212243563264811919e-02
3.190746437486211007e-02
3.169294393455552444e-02
3.147892071478431558e-02
3.126543846886487010e-02
3.105253855254537509e-02
3.084026016271467288e-02
3.062864056148553726e-02
3.041771528579882353e-02
3.020751834193184313e-02
2.999808238445047376e-02
2.978943887996408219e-02
2.958161825547492643e-02
2.937465003205991243e-02
2.916856294383305542e-02
2.896338504265733374e-02
2.875914378965893983e-02
2.855586613365848278e-02
2.835357857700291154e-02
2.815230723048073661e-02
2.795207785721147767e-02
2.775291590575279174e-02
2.755484653511203197e-02
2.735789463043349773e-02
2.716208481086950996e-02
2.696744143089964060e-02
2.677398857471833399e-02
2.658175004591990451e-02
2.639074935110196848e-02
2.620100968023875501e-02
2.601255388280854230e-02
2.582540444136911459e-02
2.563958344209106219e-02
2.545511254391487344e-02
2.527201294584611665e-02
2.509030535373547866e-02
2.491000994591526310e-02
2.473114633911970353e-02
2.455373355447622655e-02
2.437778998381354492e-02
2.420333335724498061e-02
2.403038071136041898e-02
2.385894835872484632e-02
2.368905185931196103e-02
2.352070599309377674e-02
2.335392473475679173e-02
2.318872123048543871e-02
2.302510777598993502e-02
2.286309579803698019e-02
2.270269583671688518e-02
2.254391753093968817e-02
2.238676960575093286e-02
2.223125986184365868e-02
2.207739516770590438e-02
2.192518145346570094e-02
2.177462370740195982e-02
2.162572597440305319e-02
2.147849135655845870e-02
2.133292201556253112e-02
2.118901917760905931e-02
2.104678313980253013e-02
2.090621327837713719e-02
2.076730805906061919e-02
2.063006504844372077e-02
2.049448092772065272e-02
2.036055150726788499e-02
2.022827174261022584e-02
2.009763575251153137e-02
1.996863683700916825e-02
1.984126749779475257e-02
1.971551945838545539e-02
1.959138368646690803e-02
1.946885041629748889e-02
1.934790917168650523e-02
1.922854879045853699e-02
1.911075744865295759e-02
1.899452268570761895e-02
1.887983142999431069e-02
1.876667002430220874e-02
1.865502425223380598e-02
1.854487936425827307e-02
1.843622010419508281e-02
1.832903073535610550e-02
1.822329506738953192e-02
1.811899648220463566e-02
1.801611796050886158e-02
1.791464210779605479e-02
1.781455118023638970e-02
1.771582711009394434e-02
1.761845153120054214e-02
1.752240580388280886e-02
1.742767103945210352e-02
1.733422812440924693e-02
1.724205774417159748e-02
1.715114040623280309e-02
1.706145646288339049e-02
1.697298613360953209e-02
1.688570952670263164e-02
1.679960666015327050e-02
1.671465748233041254e-02
1.663084189229331253e-02
1.654813975857966080e-02
1.646653093838043938e-02
1.638599529532435914e-02
1.630651271746938122e-02
1.622806313373991241e-02
1.615062653044200061e-02
1.607418296687317810e-02
1.599871259016562297e-02
1.592419564995171261e-02
1.585061251197308896e-02
1.577794367120961133e-02
1.570616976448465513e-02
1.563527158225778632e-02
1.556523008018586771e-02
1.549602638963750757e-02
1.542764182792725168e-02
1.536005790795533926e-02
1.529325634708734484e-02
1.522721907586222119e-02
