3.511007752565720730e-01
3.509794800321854868e-01
3.529693646713595867e-01
3.516478013771742739e-01
3.559064731597620934e-01
3.612483143241130290e-01
3.725579202204045703e-01
3.835155276382559708e-01
4.028191775305738909e-01
4.515906057229501225e-01
5.285229208188545469e-01
5.204822406153667425e-01
6.964227157341679186e-01
6.651315329135757404e-01
7.337867002339918399e-01
7.994373130867338251e-01
6.268594513614547115e-01
6.184588733173540520e-01
7.354330345689369386e-01
8.050776748174278685e-01
7.981847291901416064e-01
9.406721209843080800e-01
1.103146052677248301e+00
1.201942669083068349e+00
1.409428377844955227e+00
1.632576910103881396e+00
1.546778616029266917e+00
1.295583007417007826e+00
1.365642072024509268e+00
1.767422048083372221e+00
1.631687132716596711e+00
1.526115868595606218e+00
1.609441233451413433e+00
1.643226080714961901e+00
1.744547919220887477e+00
1.706453359352756660e+00
1.221057649076177087e+00
8.924518024715761833e-01
7.588894225183320241e-01
7.573535081562708937e-01
7.865529301426179565e-01
8.632001591612900038e-01
8.193407315895574472e-01
7.126858132903332033e-01
7.499379494576940974e-01
7.748968194842894563e-01
7.468249528985954067e-01
7.373057299636214257e-01
8.594652707357920418e-01
9.603888470240494746e-01
9.988953044937861625e-01
9.496613213587227209e-01
1.030093260462423332e+00
1.115657786672334062e+00
1.113267742595023257e+00
1.204581758457243135e+00
1.377007775293640490e+00
1.379329415657443603e+00
1.258557986854568433e+00
1.247769531862202630e+00
1.350804366599111850e+00
1.502997019516376875e+00
1.654949982354514404e+00
1.663409304643289177e+00
1.537654204708552186e+00
1.515841926655669747e+00
1.581909578087554946e+00
1.716880647496685564e+00
2.073352478235714003e+00
2.199724348325401646e+00
2.249655584895944305e+00
1.985377643502508560e+00
2.172432501716512032e+00
2.209111796428938401e+00
2.102409905725409978e+00
2.036123319512421759e+00
1.963058222816160825e+00
1.895698196490516407e+00
1.827549416543501115e+00
1.780758990263495933e+00
1.731034304708590099e+00
1.752434943721448812e+00
1.803319813823841766e+00
1.827146149528235508e+00
1.851575551595112445e+00
1.836552959966657905e+00
1.796691288382219476e+00
1.764536845066585924e+00
1.774865882256120075e+00
1.841980287144973749e+00
1.972514738460340755e+00
2.119459808084381613e+00
2.238675099832843962e+00
2.323980877093839936e+00
2.345412778610636906e+00
2.308818981316239860e+00
2.197767341043559863e+00
2.078697839752802867e+00
1.911630996908707525e+00
1.750302982457429435e+00
1.563587927730850424e+00
1.369246335211161458e+00
1.193912079252981373e+00
1.042610718194306285e+00
9.064690604984865230e-01
8.064374211039948559e-01
7.864431481103737465e-01
7.535281275000393908e-01
7.167706216265983254e-01
6.874616837835539895e-01
6.719695050802488856e-01
6.647987323650145219e-01
6.489338473721907308e-01
6.158589219288755912e-01
6.239779942895539167e-01
6.266722201528152070e-01
6.194092419663975724e-01
6.016231299997886195e-01
5.745369365710152332e-01
5.394411055259108467e-01
5.185946513138666170e-01
5.156311169340235256e-01
5.354444266692943710e-01
5.440962629200543077e-01
5.524551810600909496e-01
5.340161826341778273e-01
4.968513999397817793e-01
4.603786704187389223e-01
4.365770905681603531e-01
4.139286048048017586e-01
3.938739927737679447e-01
3.756298205564368997e-01
3.563169085626239352e-01
3.407408916838612911e-01
3.285254919216081815e-01
3.104498388873375703e-01
2.865059096348715473e-01
2.583684729002639902e-01
2.513544355722786561e-01
2.507769708881004700e-01
2.477079408508663372e-01
2.422322990252589181e-01
2.433730732034513067e-01
2.541275412553237745e-01
2.573135600041530080e-01
2.638136206606085388e-01
2.679352132235505723e-01
2.655425885560015464e-01
2.685214045289879836e-01
2.739642280025117449e-01
2.744838494023504327e-01
2.708288815683938533e-01
2.640184286852546025e-01
2.552538327427364417e-01
2.458109404912057205e-01
2.364770216723045826e-01
2.279711976264109374e-01
2.208195622122116342e-01
2.149026350517891926e-01
2.100189975555503963e-01
2.057902398646988262e-01
2.018372985543595011e-01
1.977933022916640027e-01
1.932209961211942273e-01
1.879739382156889183e-01
1.820877325652415224e-01
1.754720417753959372e-01
1.683444471017324084e-01
1.609866005719637061e-01
1.535626230610559195e-01
1.463506325334723301e-01
1.395986916168367176e-01
1.375301542055024639e-01
1.383094130552963708e-01
1.380884455080706175e-01
1.372063551481010890e-01
1.357979716291565775e-01
1.341379175276756486e-01
1.324797328773769378e-01
1.310761611312822039e-01
1.299808213189047323e-01
1.292808256934016575e-01
1.290098861019302601e-01
1.291546544909014937e-01
1.296625846973680218e-01
1.304501532079433146e-01
1.314432718056833815e-01
1.325627014470950327e-01
1.336179922662331099e-01
1.344745438434311602e-01
1.350790182886158486e-01
1.353237662431563126e-01
1.350120162140211189e-01
1.342300959476722955e-01
1.327436394827961608e-01
1.310971028298179020e-01
1.308427210048400402e-01
1.296194542735266408e-01
1.274181908150307796e-01
1.242548070685470796e-01
1.201691094870276366e-01
1.152242633009433054e-01
1.095063190169808381e-01
1.102651282804139182e-01
1.112018370413477703e-01
1.115231355942159497e-01
1.113046910611621143e-01
1.105123658822927818e-01
1.092191664839128606e-01
1.075101970480206864e-01
1.053956876276221505e-01
1.030104456104374427e-01
1.003822588984241565e-01
9.757627185324276031e-02
9.473600494535505678e-02
9.185556834400369908e-02
8.900391111028667368e-02
8.623936367247700407e-02
8.363682055697951867e-02
8.120187938351228207e-02
7.895400553544380806e-02
7.690936512471993614e-02
7.507508733713479099e-02
7.345054578120784050e-02
7.202873363476905433e-02
7.079764471722466146e-02
6.974158897755051989e-02
6.884238878522502825e-02
6.808042036970414490e-02
6.743548154882748891e-02
6.688748159989950370e-02
6.641696116638996783e-02
6.600545914202618492e-02
6.563574950244316364e-02
6.529197421962576464e-02
6.495969904449076793e-02
6.462591750846194416e-02
6.427902549160981194e-02
6.391991500489352385e-02
6.353775914268171288e-02
6.311653812340302372e-02
6.264972929722160966e-02
6.213211043582706622e-02
6.155978487617521505e-02
6.093021457210292396e-02
6.024225422973561450e-02
5.950740033801413253e-02
5.872673987584494520e-02
5.789168873772378154e-02
5.700656085351810121e-02
5.607701734137100075e-02
5.510997258754877365e-02
5.411346639454601981e-02
5.309650352280818192e-02
5.207043957635687503e-02
5.105252553357553930e-02
5.004288128032675226e-02
4.905229301306765488e-02
4.809141381020798356e-02
4.717051266972695917e-02
4.629923215095531341e-02
4.548636155421015986e-02
4.473963189817232317e-02
4.406553808603877465e-02
4.346919262162638603e-02
4.295421410349064412e-02
4.252265255001964894e-02
4.217495242998605537e-02
4.190995314162851426e-02
4.172524306108502112e-02
4.161908271266230586e-02
4.158203123468420803e-02
4.160699833273527604e-02
4.168580376665647486e-02
4.180934971169781439e-02
4.196780606168231537e-02
4.215585701175786348e-02
4.235981053927152795e-02
4.256851455008090618e-02
4.277113967980460119e-02
4.295705353072588883e-02
4.311599271849381881e-02
4.323822057671231761e-02
4.331466822873455969e-02
4.334945100905127774e-02
4.333036077986552465e-02
4.324435732662664650e-02
4.308588322426652739e-02
4.286751079049953839e-02
4.257498698859167596e-02
4.220002053157836941e-02
4.176200593040024084e-02
4.124293965678060142e-02
4.065128098904009779e-02
3.998970381099286459e-02
3.925378433975185849e-02
3.845686075327571507e-02
3.758622355868746628e-02
3.766908202656259891e-02
3.773805991274332972e-02
3.773765671388693010e-02
3.767788135494012924e-02
3.756027711211291226e-02
3.737430911425541208e-02
3.712140281424056165e-02
3.682150509093990581e-02
3.646165261833324289e-02
3.604134978884235285e-02
3.556388341206474790e-02
3.550980272525802034e-02
3.589565632112994009e-02
3.617608265437844556e-02
3.637671853022945295e-02
3.647374165812666130e-02
3.647016557629368522e-02
3.638119543292083619e-02
3.621460793937716915e-02
3.595962950196002900e-02
3.562154270389110422e-02
3.522224913970348203e-02
3.475832487294198969e-02
3.422794348273248272e-02
3.363739301805266507e-02
3.300485892429201595e-02
3.233182963228236478e-02
3.161637798363953894e-02
3.145274611762666206e-02
3.128561610407508409e-02
3.109247089959875018e-02
3.106321454802995000e-02
3.103788050821016525e-02
3.098951732802541006e-02
3.091925837759432888e-02
3.082874465929879779e-02
3.072654797516469888e-02
3.060574470535799146e-02
3.046751756872844927e-02
3.031304636093977781e-02
3.014350114439798278e-02
2.996358494471448863e-02
2.977439875704741834e-02
2.957324930161706056e-02
2.936121129206145652e-02
2.913932649093543478e-02
2.890860045268695347e-02
2.866999980002300774e-02
2.842445000406636224e-02
2.817563940445155096e-02
2.792399639257456961e-02
2.766765555061989970e-02
2.740737070467767073e-02
2.714385043802381922e-02
2.687775816390018321e-02
2.660971248997772917e-02
2.634028784522539704e-02
2.607001534056903325e-02
2.579938383323066714e-02
2.552884117157892818e-02
2.525879559128769991e-02
2.498961724246184096e-02
2.472164749121057506e-02
2.445788995479634964e-02
2.419573074939222398e-02
2.393541237070781480e-02
2.367714786462808002e-02
2.342112267770727480e-02
2.316749651128387211e-02
2.291640516678112791e-02
2.266796236977944301e-02
2.242226156319654384e-02
2.217937766046200118e-02
2.193936874938669235e-02
2.170227774128389436e-02
2.146813395879867969e-02
2.123695465746227445e-02
2.100874647746102733e-02
2.078350682108803457e-02
2.056122515576903897e-02
2.034188423909105009e-02
2.012546126482563438e-02
1.991192893185584137e-02
1.970125643273515359e-02
1.949341036540288424e-02
1.928835556787800165e-02
1.908605587731569339e-02
1.888647481560397356e-02
1.868957620398063735e-02
1.849532470756247091e-02
1.830368631489765266e-02
1.811462875258127575e-02
1.792812183970527579e-02
1.774413778447568243e-02
1.756265142637790724e-02
1.738364042683493427e-02
1.720708541156291613e-02
1.703297006804921701e-02
1.686128120133331340e-02
1.669200875151966371e-02
1.652514577495143092e-02
1.636068839394198490e-02
