5.072829971532578641e-01
5.073496225341665999e-01
5.099015831430101509e-01
5.134963320260234054e-01
5.168605373130736869e-01
5.212611590956429675e-01
5.301303872800132710e-01
5.379759968846312690e-01
5.504164204671018190e-01
5.673529018813197045e-01
6.229546043238987085e-01
6.005786413358310538e-01
5.952580393527340252e-01
6.710082188731990582e-01
6.721013673319750081e-01
7.427315233688619456e-01
6.933386857113790214e-01
7.873558377295272193e-01
9.462279569138201119e-01
1.060295512995965250e+00
1.319825522343353708e+00
1.744635716981485896e+00
1.300591181063158741e+00
1.404830703407364156e+00
1.504951872550629677e+00
1.728291396207533248e+00
1.474199427448742661e+00
1.254224855486030465e+00
1.263311634535531747e+00
1.326903824958135303e+00
1.244526488661515495e+00
1.561429260093954774e+00
9.483510981631424475e-01
8.518085357397058299e-01
7.508236393830843847e-01
7.552334334445386377e-01
7.976456410673867792e-01
8.382839358563003440e-01
9.629862893015026515e-01
1.041115362829371671e+00
1.029565992724006174e+00
9.685324539987044679e-01
1.101802625546431047e+00
1.253405507242349559e+00
1.215840302174077570e+00
1.375087069275882312e+00
1.535808018740425052e+00
1.488579874829549343e+00
1.537302925558819311e+00
1.214174255511838885e+00
1.236250152983266126e+00
1.562168252318429706e+00
1.717139997335046075e+00
1.715848059025701922e+00
1.744454701268805863e+00
1.778482676788621264e+00
1.754582637698140601e+00
1.700720916644470782e+00
1.574370929345415560e+00
1.797894966754459478e+00
1.911213518640167308e+00
1.955190955629910299e+00
1.781868528820097719e+00
1.634777118931429740e+00
1.769711553925552350e+00
2.129463680530074399e+00
2.466184588265062150e+00
2.592778256958863992e+00
2.440931221347933722e+00
2.036533111671400942e+00
1.844055713318526024e+00
1.918948453609816251e+00
1.980214096102034915e+00
2.226583608890769117e+00
2.613703482505227882e+00
2.744929945864449383e+00
2.543957251282834342e+00
2.147047256822093964e+00
2.041005846767731668e+00
2.065350361310412719e+00
2.481417179195482436e+00
2.835985896540349938e+00
3.007888967927477619e+00
2.912234159678788181e+00
2.787496201164090248e+00
2.657638157083531905e+00
2.414023993400838286e+00
2.074758717521684392e+00
1.744978317628887554e+00
1.441130343187283058e+00
1.163757997005143263e+00
1.022844118409107050e+00
9.574476342510848115e-01
9.005548442713087187e-01
8.466915345998181630e-01
7.937522569809424278e-01
7.436790990936714696e-01
6.995470571388607839e-01
6.518586022073126207e-01
6.610521251273524523e-01
6.546944742512857962e-01
6.303387713137545978e-01
5.873636888215112428e-01
5.451088723969536032e-01
5.277828845859020568e-01
5.202924409943047168e-01
5.231303430253065878e-01
5.303127113005898785e-01
5.322194178282485533e-01
5.207331875935984344e-01
5.204343742453177990e-01
5.265422276429938542e-01
5.118194892247558414e-01
5.161886806645166192e-01
5.106474639676688021e-01
4.914720064440766256e-01
4.599294644743421867e-01
4.362610514202671652e-01
4.225905277604271593e-01
4.004841738157736142e-01
3.937327454426683415e-01
3.944799535688463532e-01
3.876388314463041773e-01
3.737377708655184039e-01
3.536012802139154587e-01
3.283709213013632500e-01
3.028923726021947038e-01
2.900715373569028865e-01
2.813591326235844736e-01
2.957768720715344135e-01
3.048880465914636795e-01
3.071923200040618251e-01
3.026301976571660335e-01
2.924317848446891799e-01
2.802719229687697378e-01
2.785788097590982670e-01
2.723300536715785869e-01
2.627592075137586969e-01
2.513717241267022784e-01
2.390149397219905048e-01
2.270392330585216112e-01
2.161964024691535313e-01
2.069635957891408640e-01
1.995838088136579758e-01
1.939742567830483599e-01
1.897972578515811359e-01
1.865479328385683533e-01
1.836705986292301029e-01
1.814179438928739674e-01
1.791766986147398655e-01
1.768725047723344324e-01
1.745117232492852111e-01
1.721007116183538577e-01
1.697387879967290625e-01
1.673348861928595221e-01
1.648946260874724346e-01
1.624238959221846190e-01
1.599283944081701381e-01
1.574136066483072249e-01
1.548847852641124512e-01
1.523469361223634411e-01
1.498048081049509761e-01
1.475416526905913850e-01
1.488328068120618186e-01
1.491833679474298402e-01
1.488125075117024687e-01
1.475154886736443072e-01
1.453372945911618197e-01
1.425390469954543604e-01
1.389714385072932101e-01
1.347607735481912705e-01
1.301526439782415556e-01
1.250730694200109239e-01
1.206508871000477601e-01
1.183938604311595005e-01
1.161698252913522939e-01
1.151858779968138041e-01
1.156774294863418401e-01
1.157033850041375017e-01
1.152507695501863855e-01
1.143658730623189623e-01
1.131107931744282230e-01
1.116352532184354956e-01
1.098763149106127823e-01
1.078879953361400884e-01
1.057229144799455706e-01
1.034311855457648727e-01
1.010595207744996726e-01
9.869198835902419364e-02
9.633522734306720903e-02
9.400335857944995543e-02
9.172537172177723519e-02
8.952528021708283656e-02
8.742221267881211677e-02
8.543060888296792610e-02
8.437776279071410035e-02
8.367099349430191790e-02
8.292952157243663192e-02
8.213881484563284596e-02
8.132500931113874343e-02
8.050922772761028023e-02
7.970937055170836116e-02
7.897051924236014875e-02
7.826141894710587910e-02
7.758521629032905098e-02
7.694139345408208819e-02
7.632631618347279767e-02
7.573381273312702888e-02
7.518075933654555509e-02
7.464170722423452142e-02
7.409763673720308474e-02
7.353796817121123486e-02
7.295216947373853178e-02
7.234213028986437310e-02
7.171290766072135892e-02
7.103007754621448733e-02
7.028647631395538997e-02
6.947633052851587276e-02
6.863113478643656507e-02
6.771581017888503307e-02
6.672476107372596332e-02
6.565804938107924760e-02
6.455086774196398813e-02
6.337481888095178317e-02
6.212963320631807729e-02
6.082026056543654580e-02
5.947856294559634299e-02
5.808917668526514255e-02
5.665303438379780399e-02
5.517783532379980094e-02
5.367161490203833235e-02
5.216210770660079793e-02
5.108035096622624838e-02
5.116835341631266465e-02
5.121138611946235430e-02
5.120897179626507367e-02
5.116111498938358954e-02
5.106826833182982750e-02
5.093129558557854542e-02
5.075143236970802024e-02
5.053024541606806336e-02
5.026959111178084388e-02
4.998068035442419788e-02
4.966424793676792182e-02
4.931461501100197625e-02
4.893434078117170349e-02
4.852608566352537012e-02
4.809257664549536349e-02
4.763657494516366359e-02
4.716084614901955990e-02
4.666813294881480556e-02
4.616113055084235944e-02
4.564246478479607599e-02
4.511467290058573942e-02
4.458018700814528334e-02
4.404132008666354625e-02
4.350025446414092223e-02
4.295903264961182383e-02
4.241955038519976823e-02
4.188355177140683921e-02
4.135262631127506472e-02
4.082820771552572031e-02
4.031157430507874284e-02
3.980406077835912243e-02
3.931025954239011216e-02
3.882672231386538608e-02
3.835417301825018443e-02
3.789319997953593394e-02
3.744426236213332926e-02
3.700769719045134132e-02
3.658372682064562481e-02
3.617246675112585630e-02
3.577393366353345816e-02
3.538805359854421684e-02
3.501467017661494263e-02
3.465355278644790399e-02
3.430440466808715172e-02
3.396687083059896084e-02
3.364054574943101811e-02
3.332498079798681262e-02
3.301969137307306928e-02
3.272416368440425605e-02
3.243786118046862454e-02
3.216023059328344813e-02
3.189070758614460238e-02
3.162872199567044740e-02
3.140024484891743017e-02
3.115895938558662509e-02
3.088229930616014085e-02
3.064480575640662549e-02
3.041206625487103896e-02
3.018356295356462021e-02
2.995879758662976095e-02
2.973729358833347020e-02
2.951859787264968574e-02
2.930228229561288381e-02
2.908794481420142949e-02
2.887521036504478097e-02
2.866373147826309711e-02
2.845318864800857467e-02
2.824329047835853757e-02
2.805101500373849768e-02
2.796256994664798184e-02
2.823648793460362821e-02
2.845407997422140858e-02
2.863282027738716165e-02
2.875655067940411161e-02
2.882595671209938967e-02
2.884238567652254448e-02
2.882172428828030583e-02
2.875406337280485974e-02
2.863883309370791538e-02
2.847845477093591954e-02
2.828259840554872909e-02
2.805493473361771531e-02
2.778991135942021629e-02
2.749058886456639400e-02
2.716011899467315333e-02
2.680744629846649324e-02
2.643628781473943146e-02
2.604290349639237431e-02
2.563048359184910349e-02
2.520216093144477323e-02
2.476098511755200904e-02
2.430989908479483375e-02
2.385951880902794156e-02
2.340428433454524310e-02
2.294645752880242542e-02
2.248839910325869246e-02
2.230789620509621846e-02
2.218780624504626542e-02
2.206866719824009115e-02
2.195046407655716972e-02
2.183318235342126754e-02
2.171680794631795225e-02
2.160132720010112667e-02
2.148672687058810968e-02
2.137299410926076296e-02
2.126011644818993906e-02
2.114808178568953687e-02
2.103687837249176157e-02
2.092649479843052343e-02
2.081691997977205139e-02
2.070814314670708575e-02
2.060015383174463796e-02
2.049294185822411740e-02
2.038649732949794277e-02
2.028081061831334825e-02
2.017587235679559055e-02
2.007167342672891777e-02
1.996820495025257783e-02
1.986545828087471488e-02
1.976342499483193377e-02
1.966209688285786711e-02
1.956146594223496724e-02
1.946152436909047781e-02
1.936226455104210487e-02
1.926367906029639171e-02
1.916576064665171178e-02
1.906850223104360545e-02
1.897189689939293711e-02
1.887593789644189529e-02
1.878061862006796465e-02
1.868593261564624464e-02
1.859187357079500683e-02
1.849843531022712581e-02
1.840561179072513001e-02
1.831339709655636222e-02
1.822178543488657543e-02
1.813077113135640184e-02
1.804034862587147389e-02
1.795051246871197034e-02
1.786125731651918430e-02
1.777257792860855931e-02
1.768446916351022052e-02
1.759692597535238504e-02
1.750994341077346389e-02
1.742351660553001155e-02
1.733764078170171516e-02
1.725231124460613330e-02
1.716752338002420358e-02
1.708327265157308372e-02
1.699955459806545485e-02
1.691636483104369190e-02
1.683369903238309331e-02
1.675155295204639253e-02
1.666992240582925583e-02
1.658880327332050431e-02
1.650819149573486480e-02
1.642808307420326810e-02
1.634847406764553673e-02
1.626936059115570432e-02
1.619073881418990613e-02
1.611260495895194822e-02
1.603495529876840936e-02
1.595778615662140493e-02
1.588109390360792697e-02
1.580487495756423624e-02
1.572912578174731277e-02
1.565384288348475525e-02
