9.530468395908232582e-01
9.549647739003206404e-01
9.660811323104815385e-01
9.597559327257315642e-01
9.618757126405838020e-01
9.656857449703957208e-01
9.713314016324315903e-01
9.808290096673757397e-01
9.919905593266832300e-01
1.048274252489953762e+00
1.128557219874312345e+00
1.142932018660498983e+00
1.360171023961786130e+00
1.658273415242142779e+00
2.073997097025783720e+00
1.733695441482111743e+00
2.049870068245289723e+00
1.763618431184239776e+00
1.613773626255193383e+00
1.893580528773939786e+00
2.169122596388234125e+00
2.334889954088032571e+00
1.638799098237449181e+00
2.095226569332657718e+00
1.655367654769298147e+00
1.683417727949434672e+00
1.994846414637076348e+00
2.541521372755839003e+00
2.666089925054723420e+00
2.848700159125181042e+00
2.962706855055005306e+00
3.192219061363971377e+00
3.346018873305999897e+00
3.423003752457053128e+00
3.185479810818390600e+00
3.157057181209108165e+00
3.610469892882078646e+00
3.861201599424393116e+00
4.116364289794201881e+00
5.030422869312940470e+00
5.721099324348122295e+00
4.997234667927601848e+00
4.367939958555867364e+00
4.722138987370299468e+00
5.021007003131467528e+00
5.357025389223434964e+00
5.933425451549082297e+00
6.426172440103219863e+00
6.544809584742519171e+00
5.135797128091261321e+00
4.458125952454819796e+00
5.043947270713235120e+00
5.479865917922419172e+00
5.354054791650627365e+00
5.188595870523035281e+00
4.998673288223611344e+00
5.776289855314966637e+00
6.225635668517333521e+00
6.195794148517243194e+00
5.091873893879818702e+00
5.040596364066185942e+00
4.972805393635673532e+00
5.209060760759312458e+00
5.075363581842046834e+00
5.392353803207309504e+00
6.215564866049622772e+00
6.943247607446065395e+00
6.852905865941335328e+00
6.597268572150846389e+00
6.623981381614853170e+00
6.106412718794634209e+00
4.774765368111090424e+00
3.709067017134649813e+00
2.887919715126122000e+00
2.341820634945180668e+00
1.994444611736693185e+00
1.748604249924222254e+00
1.588209397159689340e+00
1.494626266445544971e+00
1.413581029419055168e+00
1.283926440401496061e+00
1.166057437903984972e+00
1.122169331688198657e+00
1.073633202021396560e+00
1.019111105935486261e+00
9.610057671314493621e-01
9.382824377517297032e-01
8.950577060402165053e-01
8.821589261243459879e-01
8.887420161276181618e-01
8.659471015828481555e-01
8.456406851327050722e-01
8.451989081680936211e-01
8.650801198644156864e-01
8.931386648048508237e-01
9.070707181761635818e-01
8.888572173245412600e-01
8.623060887464542024e-01
8.741716376672020727e-01
8.587907997915334990e-01
8.507296986040839837e-01
7.942917842190903022e-01
7.094863225954474162e-01
6.786925750469920970e-01
6.513536052628247086e-01
6.326803342173392686e-01
6.308085397482123824e-01
6.434591374896285743e-01
6.573493164351574825e-01
6.582385313131832172e-01
6.344598872219527896e-01
6.038600803890061819e-01
6.145151277619632646e-01
6.047270453554635106e-01
5.615101173935064249e-01
5.486359771233239035e-01
5.673043774780205384e-01
5.734996176212577845e-01
5.682369309642988364e-01
5.530652765477849231e-01
5.298265238889665607e-01
5.012752949820833415e-01
4.688332964655478330e-01
4.344265974725473600e-01
4.003411301707284764e-01
3.760731658143738332e-01
3.831315481110614263e-01
4.067380736778873351e-01
4.205058252583018241e-01
4.256577814274181137e-01
4.238561829317742391e-01
4.165468692388429872e-01
4.053101302195366018e-01
3.923252973755484985e-01
3.724839279789334823e-01
3.507006386715408319e-01
3.562177327486181211e-01
3.511704944519170590e-01
3.358249856178033843e-01
3.121546461194379396e-01
2.896091633932809661e-01
2.708866216852598985e-01
2.483892051334454232e-01
2.490356279079537771e-01
2.497810198516655367e-01
2.529427282998048532e-01
2.552667974785299276e-01
2.567096430480902969e-01
2.573957837691327466e-01
2.574371661093647345e-01
2.565948161574778674e-01
2.551778623158055814e-01
2.550525195029899050e-01
2.539045645334813139e-01
2.518163678794599902e-01
2.488891106856259972e-01
2.449206139898218726e-01
2.402101063972409134e-01
2.345727744865930275e-01
2.280132018586981668e-01
2.208165108871111559e-01
2.137787927284323652e-01
2.183968898318596752e-01
2.194454638295594839e-01
2.169607093548691357e-01
2.109811073126963976e-01
2.017558060621220672e-01
1.903769826484161820e-01
1.950063126264346136e-01
1.968692535261768739e-01
2.006727219355859959e-01
2.032064745603472111e-01
2.025767163165337337e-01
1.993691232394118884e-01
1.934608717893982199e-01
1.963715219930358968e-01
1.970193469670052100e-01
1.937442978961596007e-01
1.869117122439398759e-01
1.774160793691440807e-01
1.778643934480148014e-01
1.775433291166052530e-01
1.742138818576368098e-01
1.687105446821611232e-01
1.618858468750204727e-01
1.544937993207637916e-01
1.473357863686284575e-01
1.410233129182155432e-01
1.357884782595854267e-01
1.317609403561964265e-01
1.288800528654872879e-01
1.269484879357689333e-01
1.256936448097560888e-01
1.248270891176272712e-01
1.240942398465487151e-01
1.233091734388161997e-01
1.223722772238670098e-01
1.212711482815844455e-01
1.200672921997330278e-01
1.188726442857172688e-01
1.178206504275969707e-01
1.170366483907399058e-01
1.166117050557351625e-01
1.165830621482558671e-01
1.169418533572759294e-01
1.176273152066970862e-01
1.184518086847550500e-01
1.192177482956028323e-01
1.196988132509863856e-01
1.196615551485862711e-01
1.189979286109038165e-01
1.174917205800400100e-01
1.149385571849917964e-01
1.125956493751678889e-01
1.181160350661830116e-01
1.230670276477023040e-01
1.271794572705925719e-01
1.302115531875686627e-01
1.322166265889638814e-01
1.329102221416826601e-01
1.324892155249784154e-01
1.308054209115876443e-01
1.281010865728677561e-01
1.244051207387245339e-01
1.199102830279044768e-01
1.148743718398098496e-01
1.094107964748297634e-01
1.037566142205376130e-01
9.816777015757310876e-02
9.282785982974506300e-02
8.788213646567125115e-02
8.347477765927692472e-02
7.971056231553703963e-02
7.665330822326818505e-02
7.514505788500319694e-02
7.433051115643933560e-02
7.320608377712661818e-02
7.183225815958295402e-02
7.174783324210101676e-02
7.229596813771038688e-02
7.309670349064431583e-02
7.402659550133054711e-02
7.496598473023580178e-02
7.580369111504101087e-02
7.644079328059041889e-02
7.680506114975152454e-02
7.687358912330119476e-02
7.654703378060419283e-02
7.730537052693167710e-02
7.853839984621377446e-02
7.948801845994010740e-02
8.011167430316183669e-02
8.037884017962591832e-02
8.034315561461916055e-02
7.993265836319141115e-02
7.914111327563197462e-02
7.799221169493046613e-02
7.655528762983543345e-02
7.562742105664539694e-02
7.456890196323269493e-02
7.510353588014571924e-02
7.546284972157255022e-02
7.559678669602931667e-02
7.554119030621614383e-02
7.525873824461219719e-02
7.475958458923347150e-02
7.406908707799331193e-02
7.323001916456901850e-02
7.221334945238375158e-02
7.103498073176923999e-02
6.971144285477688662e-02
6.829109124488200178e-02
6.676994001752790953e-02
6.515059258933096620e-02
6.431290290835933732e-02
6.373788759000888204e-02
6.307449919474505950e-02
6.233153619465846978e-02
6.149874091244705854e-02
6.095525008157064162e-02
6.098040666159056794e-02
6.092352395538491727e-02
6.078927733627165902e-02
6.058250827945925454e-02
6.030816912197777685e-02
5.997127359809740349e-02
5.958484180377217332e-02
5.916060675624336407e-02
5.868775340907484567e-02
5.817111783607404468e-02
5.761542979135065440e-02
5.702528763470397777e-02
5.640513631030700387e-02
5.575924817161650310e-02
5.509170647359110107e-02
5.440639139055625240e-02
5.370696843348827382e-02
5.299687916763887174e-02
5.227933413145251229e-02
5.155730787371331364e-02
5.083353602470842836e-02
5.012007190368804321e-02
4.940936965514095003e-02
4.870290954050321419e-02
4.800252503334159759e-02
4.730982366869438543e-02
4.662619387294110462e-02
4.595281311283647835e-02
4.529065722806845107e-02
4.464051080082023087e-02
4.400297841482606054e-02
4.337849665083923223e-02
4.276734666745195951e-02
4.216966721263144119e-02
4.158546791929283726e-02
4.101464273669205157e-02
4.045698336148093044e-02
3.991219253616754697e-02
3.937989709280749484e-02
3.885966062933434578e-02
3.835099571860942080e-02
3.785337555968281559e-02
3.736624499437426333e-02
3.688903082209631090e-02
3.642115136383541896e-02
3.596202523135798995e-02
3.551107927214390558e-02
3.506775567735410243e-02
3.463151823809912377e-02
3.420185776175960202e-02
3.391734502448039146e-02
3.380653120992847122e-02
3.369731506888180850e-02
3.358977159946886781e-02
3.348393727323627223e-02
3.337981315016441686e-02
3.327736804357957212e-02
3.317654169985519153e-02
3.307724797303888964e-02
3.297937796045282560e-02
3.288280308285656400e-02
3.278737808404191822e-02
3.269294393415191069e-02
3.259933061732828152e-02
3.250635979358366262e-02
3.241384731909223438e-02
3.232160561899410922e-02
3.222944590196913373e-02
3.213718021306945227e-02
3.204462332129404123e-02
3.195159443727280807e-02
3.185791876373560150e-02
3.176342887836490492e-02
3.166796594977826229e-02
3.157138079424373633e-02
3.147353477228098662e-02
3.137430053557647980e-02
3.127356262714076074e-02
3.117121794313576152e-02
3.106717606221075928e-02
3.096135945336358705e-02
3.085370356594065513e-02
3.074415681424905525e-02
3.063268046254110505e-02
3.051924842092459608e-02
3.040384695930824568e-02
3.028647434743117137e-02
3.016714043174763618e-02
3.004586615409781530e-02
2.992268302225897444e-02
2.979763253860862743e-02
2.967076559465789062e-02
2.954214183848424130e-02
2.941182902107127711e-02
2.927990232709256832e-02
2.914644369720658518e-02
2.901154114680929569e-02
2.887528808423569723e-02
2.873778263596376073e-02
2.859912697935435358e-02
2.845961923223607262e-02
2.832058764630882366e-02
2.818068032003337095e-02
2.804000901429163847e-02
2.789868658979453506e-02
2.775682645789763828e-02
2.761454205532464998e-02
2.747194634998670337e-02
2.732915137207692774e-02
2.718626777770818612e-02
2.704340444090767501e-02
2.690066807602758611e-02
2.675816289142619875e-02
2.661599027235433609e-02
2.647424849358060578e-02
2.633303246291367194e-02
2.619243349176858526e-02
2.605253909454531558e-02
2.591343281600094750e-02
2.577519408373158891e-02
