4.134125932138256743e-01
4.137679986202008608e-01
4.170085044193309609e-01
4.130762736220475184e-01
4.178679025684159942e-01
4.198821656714610828e-01
4.255169016487042599e-01
4.330683685362414215e-01
4.423171025271596668e-01
4.626744252527770773e-01
5.186029807876426645e-01
6.898360152116620458e-01
6.244370511979577820e-01
7.535242201582884602e-01
8.679226759343715569e-01
1.025953560406305254e+00
8.347441060851663597e-01
1.080669376197824105e+00
8.836388978529798877e-01
9.684925023070088956e-01
8.794152250606712684e-01
1.030742221096252242e+00
1.250411471585261225e+00
1.173794785077639347e+00
1.256407386489809319e+00
1.173326504635022305e+00
1.180518435078818262e+00
1.516713523722350132e+00
1.559418945180666594e+00
1.578918261357513453e+00
1.743038460471282747e+00
1.509344784049566401e+00
1.415478989015431344e+00
1.741037662778257111e+00
1.587911430230663168e+00
1.728086244016500572e+00
2.094153307856558843e+00
1.943855066357081940e+00
1.983972538637462923e+00
1.890179616960790510e+00
1.339746531674169905e+00
1.020823309139736068e+00
8.569563391807440977e-01
8.993025702623841378e-01
8.532075263950267274e-01
8.616331583679445183e-01
8.828649596807300881e-01
9.367382346318271491e-01
1.030276986399034200e+00
1.044294447138310211e+00
9.519010909478985427e-01
9.457087583069775372e-01
1.144035600584202950e+00
1.233602768017723506e+00
1.327435676109712137e+00
1.379131338027608455e+00
1.373391996250817204e+00
1.450251058228763990e+00
1.501844992010286095e+00
1.471393768838699101e+00
1.466852353146083754e+00
1.433147920914262352e+00
1.729363992187661347e+00
1.704853348379171907e+00
1.696621626434971386e+00
1.792770144615452477e+00
1.649538339326721115e+00
1.758823215894573577e+00
1.913209633223749817e+00
1.942721250045396308e+00
1.859791281618728531e+00
1.918064687345084174e+00
2.079058888192465648e+00
2.118302206598138060e+00
2.222047873169454846e+00
2.357193645840387486e+00
2.382272900332707444e+00
2.368646105344543340e+00
2.217007401233749952e+00
2.054317276691733696e+00
2.288788195553908889e+00
2.506324247899331059e+00
2.540244932321096272e+00
2.527282499685181261e+00
2.553189574196582434e+00
2.540799975438828628e+00
2.539867292425952883e+00
2.796820235103147478e+00
2.862505232051601567e+00
2.715633532676724027e+00
2.534403909016428535e+00
2.447256817335964119e+00
2.274904095743380150e+00
2.276473365593763454e+00
2.373288461362536683e+00
2.457555227548978927e+00
2.530248649387143445e+00
2.590807288750781368e+00
2.640394734357205841e+00
2.678412505885186423e+00
2.704714921747654710e+00
2.719054674812312111e+00
2.720962190166368089e+00
2.712520702977283982e+00
2.690624733053323947e+00
2.676485673097451112e+00
2.842430299616150347e+00
2.947576106280343833e+00
2.992656870521629209e+00
3.117833785836090055e+00
3.313744920417232454e+00
3.346504088068606997e+00
3.288673994777624898e+00
3.106700581090778623e+00
2.803204565025576578e+00
2.457790198719610242e+00
2.183543108747414419e+00
2.060670034645979420e+00
1.926904953290145217e+00
1.785612577359542597e+00
1.640415415624265627e+00
1.496660448710358748e+00
1.356744846430147033e+00
1.248031029249882851e+00
1.146745765282478180e+00
1.052724272898598157e+00
9.678719671171236438e-01
8.940237314456432882e-01
8.317133707060245795e-01
7.812839059878655679e-01
7.424218103864343998e-01
7.140317681187298149e-01
6.944710149775282781e-01
6.817736009085396676e-01
6.738513925733903287e-01
6.689877065125003908e-01
6.654252897000773048e-01
6.613580509281326014e-01
6.565266017573633262e-01
6.494503383894965065e-01
6.399025198883824261e-01
6.279414219576614498e-01
6.131476511823016340e-01
5.956581094335430260e-01
5.757712668248248233e-01
5.738709687000993487e-01
5.685518165127223522e-01
5.562058362786208576e-01
5.375315259123351064e-01
5.136411421466177130e-01
4.959967524201046030e-01
4.792671027476603784e-01
4.623964605058806243e-01
4.451453141153261517e-01
4.316151421959588674e-01
4.134259930824087381e-01
3.958555006874475701e-01
3.809082097361381480e-01
3.773484853397179872e-01
3.722841191421390472e-01
3.645188767104167171e-01
3.546778602172704908e-01
3.432165674204780692e-01
3.304209111163187162e-01
3.164267901600649746e-01
3.082175957506598785e-01
3.047441884385905242e-01
3.021754743418088029e-01
3.003542425362959456e-01
2.991181362857929793e-01
2.983048229971987375e-01
2.977564811611944640e-01
2.973235706502106446e-01
2.968678811533230766e-01
2.962684096912481246e-01
2.956073158686070568e-01
2.946125762763661116e-01
2.932052180413597386e-01
2.914832338191136185e-01
2.893327862721478128e-01
2.866349723651419601e-01
2.836172099032263638e-01
2.800475178474656768e-01
2.760301025522314267e-01
2.716046523971482052e-01
2.672822169023993388e-01
2.646000375418884887e-01
2.611439610146643053e-01
2.569428037221850869e-01
2.520304355431635113e-01
2.464469639166479986e-01
2.402508025239205314e-01
2.335619208075301323e-01
2.263636521311116478e-01
2.268018209633694549e-01
2.294314947906276880e-01
2.299039465364982882e-01
2.283122620809770742e-01
2.247848380522209089e-01
2.228395543649037414e-01
2.253240364547147989e-01
2.248606604425542610e-01
2.286722351978532075e-01
2.403324394581468071e-01
2.489203107582933783e-01
2.544436378495923412e-01
2.571139758297925626e-01
2.570246098459463280e-01
2.544821442111174226e-01
2.499597869604602840e-01
2.437064202499943100e-01
2.361210242772590895e-01
2.275934388743195147e-01
2.184886043638165354e-01
2.091350195414584667e-01
1.998171164439586367e-01
1.907719551079107012e-01
1.823182479341178830e-01
1.745336159367940065e-01
1.676131915665660110e-01
1.616219285126319349e-01
1.565654933789727143e-01
1.524278624019235195e-01
1.491497688083254780e-01
1.466387909657885236e-01
1.447789316201231191e-01
1.434392748187730549e-01
1.425174521735885491e-01
1.418620943881598873e-01
1.413263926790720992e-01
1.408391876711191093e-01
1.426983270321841857e-01
1.457522892579515006e-01
1.487913405320198390e-01
1.517791796529031068e-01
1.545900773886275947e-01
1.571210917665919193e-01
1.593056423680954958e-01
1.610999762321617401e-01
1.624016967815034851e-01
1.631586868915641253e-01
1.633275752520701729e-01
1.628741111704775923e-01
1.617735998097033778e-01
1.600115883974333741e-01
1.575843447475087367e-01
1.544994061097303417e-01
1.507757833847834239e-01
1.464439472356197369e-01
1.415456655641152695e-01
1.364236044707028139e-01
1.348827940262055936e-01
1.328353071178735301e-01
1.303135864940122568e-01
1.273102428258020002e-01
1.238434038717668717e-01
1.199391332688223843e-01
1.156581831944744204e-01
1.110483080236121661e-01
1.061242022041783833e-01
1.009759293717819445e-01
9.577800414773422755e-02
9.400770555074625112e-02
9.254896225727556047e-02
9.206385350386181443e-02
9.143996727005865299e-02
9.070552448097918274e-02
8.987067042412809348e-02
8.890884829346698548e-02
8.779794581018315891e-02
8.653492427088677053e-02
8.511894195708813449e-02
8.357377864980500282e-02
8.190454770620743397e-02
8.261980446775478437e-02
8.332718872439744129e-02
8.384755276776846566e-02
8.418778260386053369e-02
8.435631864867686180e-02
8.440851884061126298e-02
8.431025030653727104e-02
8.407107320088616498e-02
8.370340842970369621e-02
8.322024662847483933e-02
8.266017674645054214e-02
8.202326818970660793e-02
8.130880246597020633e-02
8.053010634961385583e-02
7.970020491870367929e-02
7.883167642367755468e-02
7.793652256085698005e-02
7.703967316366860940e-02
7.614637690878348075e-02
7.525584047068070714e-02
7.437692753148426872e-02
7.351753477226025124e-02
7.268455649063905455e-02
7.188386416846351268e-02
7.112030016206835614e-02
7.039768456373604599e-02
6.971883418833851875e-02
6.908559256000743054e-02
6.849886972527259588e-02
6.795869068615723041e-02
6.746425123480204178e-02
6.701397997899376235e-02
6.660650742092349974e-02
6.624591997856815739e-02
6.592106296611892347e-02
6.562809858352483539e-02
6.536277131711383526e-02
6.512048346996783532e-02
6.489636980224738894e-02
6.468537051183256836e-02
6.448230186628248206e-02
6.428192387850985290e-02
6.407900449872286353e-02
6.386837988104417108e-02
6.364501035733560741e-02
6.340403183030768330e-02
6.314080236827684933e-02
6.285672273023620860e-02
6.255351260453806406e-02
6.221622548131357927e-02
6.184141086816504623e-02
6.142599331176027549e-02
6.096729009195384769e-02
6.046302424295448702e-02
5.994044299118544278e-02
6.009433974280282281e-02
6.017390184674545339e-02
6.014819132724819745e-02
6.001709042070596523e-02
5.980071122683246893e-02
5.946858751620422850e-02
5.903177417830942492e-02
5.849676732511252530e-02
5.784366920078067020e-02
5.710100748044095315e-02
5.624778205427975741e-02
5.529750797177107602e-02
5.425355253147998852e-02
5.311362254104003144e-02
5.189379320498145598e-02
5.058572925375003776e-02
4.920966370799733508e-02
4.791237286770522186e-02
4.764251572953042552e-02
4.736837504336370575e-02
4.749046196429120709e-02
4.764771727336144375e-02
4.770930225632924460e-02
4.768471819064132311e-02
4.755600349233132795e-02
4.732973173427804103e-02
4.702570311695326161e-02
4.662343898651871016e-02
4.612618051627664223e-02
4.555804671967290942e-02
4.499015206606721967e-02
4.498543110140120621e-02
4.526928743298645752e-02
4.553305631699734041e-02
4.577612317072488057e-02
4.599794856207198995e-02
4.620644775537165877e-02
4.639316294240365679e-02
4.655759212141018233e-02
4.669946033325943907e-02
4.681856014162734392e-02
4.691474962175358476e-02
4.698795023173420876e-02
4.703814457650309228e-02
4.706537407934505146e-02
4.706973657867562916e-02
4.705138385802382084e-02
4.701164883905840919e-02
4.695816497661269018e-02
4.688264296348862437e-02
4.678540891438782295e-02
4.666683071575489922e-02
4.652731542938377818e-02
4.636730670553976946e-02
4.618728221147552770e-02
4.598775108429315611e-02
4.576925141607892517e-02
4.553234777473787187e-02
4.527863790878118577e-02
4.501533439465601333e-02
4.473524348238447357e-02
4.443900373079395089e-02
4.412726924484185881e-02
4.380070751735627016e-02
4.345999733984891311e-02
4.310582677982683492e-02
4.273889123254390188e-02
4.235989154381343547e-02
4.196953220983512534e-02
4.156851965087902251e-02
4.115756056382677275e-02
