6.200045173836796764e-01
6.238699739391899701e-01
6.440045521188387800e-01
6.451800923961888978e-01
6.482711831196026342e-01
6.708836980509468306e-01
6.952369149646432378e-01
9.001060220708995141e-01
9.957677258483125238e-01
1.099663304470826608e+00
1.415861009785419844e+00
2.263994062310445976e+00
1.503181186477531517e+00
1.610724118394435855e+00
1.302971370014147423e+00
1.409191112374341914e+00
1.571312460597312333e+00
1.386054742995931344e+00
1.660975831056010321e+00
1.669989365051274932e+00
2.078639729645769485e+00
1.895365406481605008e+00
2.247145269157579062e+00
2.799686391932592056e+00
2.871777465544364638e+00
3.074839299836631845e+00
3.345619718594753600e+00
3.133700183005314610e+00
2.994636602985334850e+00
3.506044578041877635e+00
2.933893630870331837e+00
3.309889538755545590e+00
3.731546686270394986e+00
4.078210462738439901e+00
4.347604875770413102e+00
3.501770853785763027e+00
3.941516125322193087e+00
4.193171001772620698e+00
4.974385651711616063e+00
5.596590361994250529e+00
4.154137797481796568e+00
4.070473335724877906e+00
4.404856790196677530e+00
4.311528982432464296e+00
4.092872933488679088e+00
4.960681888498580605e+00
5.492881056524674399e+00
5.590652301136504576e+00
4.233344218461624564e+00
2.881121801535698967e+00
2.066595412252153263e+00
1.695449789149467978e+00
1.444085319459796457e+00
1.270581286647215258e+00
1.141643917060568558e+00
1.035312935314425919e+00
9.477631899183640574e-01
8.795417294332349423e-01
8.258859000317563259e-01
7.887176068139626350e-01
7.636234208487510111e-01
7.447112228328858219e-01
7.236378977639452703e-01
6.973758774661461546e-01
6.660400363823492098e-01
6.337290847278356232e-01
5.982793609469685414e-01
5.605562754910772272e-01
5.219877454845287534e-01
5.289599965105323820e-01
5.307007273188255603e-01
5.310733612491117528e-01
5.350210563288163579e-01
5.304089761693071559e-01
5.103725590904514275e-01
4.740308334334772389e-01
4.464011167594323926e-01
4.452066670474997268e-01
4.259477516877254732e-01
4.039637905287236652e-01
4.135046590388001819e-01
4.097720504390767737e-01
3.973233366387012855e-01
3.701014448743084606e-01
3.650536230340161725e-01
3.569307974261619609e-01
3.370685564652096122e-01
3.288724734118664283e-01
3.068275645599742307e-01
2.781497995725087935e-01
2.682470504561687008e-01
2.661917691749607906e-01
2.619654171591084268e-01
2.566416889317147398e-01
2.502107412954853172e-01
2.427849217485778255e-01
2.336771908966210620e-01
2.237871939250256070e-01
2.145303375843967963e-01
2.072567794458651802e-01
2.027289999450194169e-01
2.008470876988536491e-01
2.006659106412504168e-01
2.006512405572385138e-01
1.995325347620783563e-01
1.955906262523064709e-01
1.877267230366457540e-01
1.757992727667760935e-01
1.660128582408847975e-01
1.635902786738807346e-01
1.606324455620011527e-01
1.570692216655929230e-01
1.529424814891468809e-01
1.483182229487115256e-01
1.443284454292461660e-01
1.403221021816192515e-01
1.356757197725907971e-01
1.352360577924221763e-01
1.382689500850032283e-01
1.399355442358095891e-01
1.405720748828147848e-01
1.451925006498371029e-01
1.477793877917249199e-01
1.473314286735928069e-01
1.437960477443066265e-01
1.379955550598380432e-01
1.341781724574487855e-01
1.304924626913752106e-01
1.265589630511256558e-01
1.226607622489007815e-01
1.202336888744029025e-01
1.211741065746788221e-01
1.210936969205155533e-01
1.202898778249483075e-01
1.185731248051763165e-01
1.160247688795052606e-01
1.127132856107349451e-01
1.089546380427172112e-01
1.045808639061269057e-01
9.959466211780156064e-02
9.851484612316936673e-02
9.713193029499467279e-02
9.555119441059323204e-02
9.360379093830183128e-02
9.130889993434793128e-02
9.401324096650418016e-02
9.617720144856409248e-02
9.785797390558804987e-02
9.891656272656468296e-02
9.950767430197843266e-02
9.958358957913551746e-02
9.919939114382921030e-02
9.840140935297869706e-02
9.824459238153425422e-02
9.986620901596858502e-02
1.004704027567047131e-01
1.001514112634532411e-01
9.899871747582636439e-02
9.709275388624281911e-02
9.450748667081088072e-02
9.132101186609412058e-02
8.833672241320020269e-02
8.809057559764905954e-02
8.865471638606783888e-02
8.879559260761321626e-02
8.855211837327978119e-02
8.796542052869721351e-02
8.707761097396472805e-02
8.593075556870674592e-02
8.460893917903401784e-02
8.315588425376066462e-02
8.155234934132303548e-02
7.983357072193840442e-02
7.803221220904364708e-02
7.617818425378970748e-02
7.429855009818689404e-02
7.241750339205173248e-02
7.055640309755467632e-02
6.873385301108267398e-02
6.696581476829714663e-02
6.526574471078513962e-02
6.364474645980501555e-02
6.211173242827525837e-02
6.067358879686303441e-02
5.933533967230503886e-02
5.810030721799214204e-02
5.697026549608725371e-02
5.594558658680057195e-02
5.502537823438320014e-02
5.420761283835338895e-02
5.348924803613026163e-02
5.286633944621184356e-02
5.233414634558115897e-02
5.188723116590159695e-02
5.151955372269856337e-02
5.122456104854038184e-02
5.099527361071855280e-02
5.082436855669925091e-02
5.070426047801431663e-02
5.062718001047618321e-02
5.058525042225634621e-02
5.057056217812828935e-02
5.057524532470836220e-02
5.059153941862096215e-02
5.061186062295312121e-02
5.062886552579689420e-02
5.063551119444792414e-02
5.062511096293448309e-02
5.059138546220789956e-02
5.052850843284771576e-02
5.043114691473814942e-02
5.029467447704343008e-02
5.013693488168649570e-02
4.993270998620192441e-02
4.967875314444864659e-02
4.937241576721996400e-02
4.901165152380095730e-02
4.859501429575443371e-02
4.812165013854437234e-02
4.759128358326987496e-02
4.700419867379707767e-02
4.636121518953540549e-02
4.566366054917952999e-02
4.491333792184123291e-02
4.411249109729915158e-02
4.326376667562482209e-02
4.237017414124426978e-02
4.143504437871579904e-02
4.046198717120297328e-02
3.945484820430381762e-02
3.841766606431876868e-02
3.735462969258265126e-02
3.627793037834129569e-02
3.518836529210576936e-02
3.408437794316427488e-02
3.297035780195366195e-02
3.185066233903095095e-02
3.112471163713497954e-02
3.094880796848608825e-02
3.074536824108272878e-02
3.051509234447109808e-02
3.025877728470906247e-02
2.997730845956042209e-02
2.967165091287477310e-02
2.934284062833087542e-02
2.899197592071394922e-02
2.862020897470278144e-02
2.822994358480128418e-02
2.783190751726917489e-02
2.741613359791653798e-02
2.736711661461413772e-02
2.738049772256082037e-02
2.735278367740308358e-02
2.728502117493222107e-02
2.718060590339178503e-02
2.705357929759294802e-02
2.689007056824162592e-02
2.669161367021356118e-02
2.645984265829473547e-02
2.619647715052003320e-02
2.590330818007679017e-02
2.576142137778819619e-02
2.560355807642653372e-02
2.542475005956904011e-02
2.522593203765080214e-02
2.501892371461418574e-02
2.479405558872511267e-02
2.455175260171466034e-02
2.429302738378443308e-02
2.401890361792682199e-02
2.373041124997209150e-02
2.342858198407183137e-02
2.311444506707162685e-02
2.278902336352998589e-02
2.245332971973503650e-02
2.210836361595645838e-02
2.175510810110057799e-02
2.139452700644045233e-02
2.102756243092528468e-02
2.065513248994020959e-02
2.027812932033043122e-02
1.989741733083404129e-02
1.962104373834786322e-02
1.942262308101073975e-02
1.922574073129599756e-02
1.903043451271404021e-02
1.883674008175573178e-02
1.864469095565912671e-02
1.847408650661143056e-02
1.834876542793744889e-02
1.822062351704896097e-02
1.808986628349638220e-02
1.795669458170500929e-02
1.782130444878639655e-02
1.768388696486445505e-02
1.754462813379041586e-02
1.740370878413912900e-02
1.726130448892792754e-02
1.711758550313039265e-02
1.697271671745272104e-02
1.682685762852132935e-02
1.668016232292770726e-02
1.663472352980074551e-02
1.661472078388114698e-02
1.659055510595786043e-02
1.656237494622057882e-02
1.653032861293660810e-02
1.649456397866986418e-02
1.645522820658448793e-02
1.641246749545950678e-02
1.636642684385772664e-02
1.631724983205301571e-02
1.626507842088947484e-02
1.621005276769536471e-02
1.619753406102458770e-02
1.621584436610442811e-02
1.622516263778997145e-02
1.622567483999597104e-02
1.621758361661304257e-02
1.620110651767900714e-02
1.617647429614340812e-02
1.614392927679562245e-02
1.610372379925840980e-02
1.605611873520958882e-02
1.600138208004704340e-02
1.593978761993810819e-02
1.587161367304641343e-02
1.579931547603586131e-02
1.572177766500378743e-02
1.563844070570804753e-02
1.554958673414838510e-02
1.545549760270143944e-02
1.535645402566045321e-02
1.525273478911670123e-02
1.514461602452624005e-02
1.503237054141796057e-02
1.491626722005331626e-02
1.479657045949384943e-02
1.467353967982597436e-02
1.454742887607909929e-02
1.441848622131969120e-02
1.428695371674716837e-02
1.415306688645021245e-02
1.401705451442375981e-02
1.387913842140404974e-02
1.373953327955090148e-02
1.359844646272506674e-02
1.347222180082577152e-02
1.338510945379538936e-02
1.329838987117819456e-02
1.321210362967251313e-02
1.312628914777097880e-02
1.304098274380861323e-02
1.295621869357294759e-02
1.287202928779932788e-02
1.278862815765848850e-02
1.270649280007087045e-02
1.262498444559041061e-02
1.254412904049831586e-02
1.246395081305634069e-02
1.238447232879140610e-02
1.230571454410616002e-02
1.222769685992990303e-02
1.215043717415594492e-02
1.207395193345311805e-02
1.199825618444678825e-02
1.192336362370606355e-02
1.184928664692376163e-02
1.177603639749007051e-02
1.170362281349913297e-02
1.163205467450600418e-02
1.158176124491607992e-02
1.153864379762357603e-02
1.149542471184960418e-02
1.145213721627748489e-02
1.140881319395494094e-02
1.136548320896354353e-02
1.132217653240450393e-02
1.127892116968362383e-02
1.123574388745915420e-02
1.119267024148567526e-02
1.114972460380659301e-02
1.110693019084990976e-02
1.106430909101367537e-02
1.102188229278052573e-02
1.097966971203286762e-02
1.093769022015443453e-02
1.089596167156248706e-02
1.085450093101133183e-02
1.081332390095551127e-02
1.077244554849975978e-02
1.073187993225600476e-02
1.069164022880692878e-02
1.065173875898771903e-02
1.061218701362260514e-02
1.057299567927635561e-02
1.053417466334637294e-02
1.049573311892358293e-02
1.045767946912823376e-02
1.042002143136999681e-02
