5.104076132720821724e-01
5.106629417139662008e-01
5.195340227135705202e-01
5.105067650193639839e-01
5.161623036114140195e-01
5.208605863673807512e-01
5.247108644567751723e-01
5.363996640005758154e-01
5.583910880438276436e-01
6.928176190560979553e-01
7.879794195013919422e-01
7.016573423243415153e-01
8.949427914636438608e-01
7.595410377260451984e-01
8.976566510844622426e-01
8.965412623962104588e-01
1.017163651271999480e+00
9.134061015829445518e-01
9.615135223400445019e-01
1.245690068387978799e+00
1.883640209574748869e+00
1.956910677008815824e+00
1.790027174698167300e+00
1.820670283287842750e+00
1.666703764798590504e+00
1.884717358686015309e+00
1.835822991594563636e+00
1.885627977469180871e+00
1.533800152219397805e+00
2.051583480306293339e+00
1.503688475346868669e+00
1.324438904439433129e+00
1.220989982976172339e+00
1.263568992335933228e+00
1.184636480991967611e+00
1.268308600354138393e+00
1.401313726080481548e+00
1.147524479027983269e+00
1.141706096398827253e+00
1.138178961368773390e+00
1.381785228345327576e+00
1.472273284068260191e+00
1.504831896514612355e+00
1.686759410359659483e+00
1.800872168365505788e+00
1.812639354791288460e+00
1.709753084130518408e+00
1.505302063452815586e+00
1.858008867089418148e+00
2.116295327942501636e+00
2.128923701896594078e+00
1.987502711396381239e+00
1.958978454863714358e+00
2.094883947293583404e+00
1.849329880275026428e+00
2.091774844060554361e+00
2.287800153131385628e+00
2.685613992302312347e+00
2.715218069952897384e+00
2.941137608748368937e+00
3.210550898706953316e+00
2.864979733401744166e+00
2.841407639099909233e+00
2.817263114340332830e+00
2.841859183546226575e+00
2.850623441175086814e+00
2.884140590070802368e+00
2.863402295259054764e+00
2.809674876681325983e+00
2.810653205563764523e+00
3.141816310102079068e+00
3.504131305948199770e+00
3.614334052638503270e+00
3.338171531685597770e+00
2.926141881600947237e+00
2.986634330493524114e+00
3.041214482895704840e+00
3.173763243471061646e+00
3.255261718061197129e+00
3.280581523517404730e+00
3.238126670318260736e+00
3.137221635989413393e+00
2.990302710459066038e+00
2.830261186942622409e+00
2.627921902406259225e+00
2.391407980006919676e+00
2.129496835754004724e+00
1.853809475014269070e+00
1.574961612668194011e+00
1.426635855795610031e+00
1.333482237354249866e+00
1.248473496068267741e+00
1.191943720143154861e+00
1.130852206563822238e+00
1.066245338970256196e+00
1.014135385102987508e+00
9.749436779520679330e-01
9.323341969998278911e-01
8.888447514100155100e-01
9.677573741092190263e-01
1.008694432795660623e+00
9.907577303030379312e-01
9.305281982724978862e-01
8.602505469675969518e-01
7.600605308531604987e-01
6.542469418247789381e-01
6.197644037831685493e-01
6.079119027865842462e-01
5.882996048483738472e-01
5.698461866658702801e-01
6.089753968812333662e-01
6.373403385783681374e-01
6.460676990870851677e-01
6.354392761100996490e-01
6.086123618643518585e-01
5.718186542014030982e-01
5.520666526336566182e-01
5.317272062726156046e-01
5.136763004810575017e-01
4.995391411468965703e-01
4.889734439009758571e-01
4.801829856881422720e-01
4.706452733099439900e-01
4.584198625379833358e-01
4.574597085369116467e-01
4.576419526082400879e-01
4.516388433357937382e-01
4.394636867204109731e-01
4.206849713933440427e-01
4.116799458427577996e-01
4.170450604483331714e-01
4.179686839115817065e-01
4.152959491763154043e-01
4.091928286529365466e-01
4.010462557607023526e-01
3.912372376809730157e-01
3.807113124888246714e-01
3.699160127014795574e-01
3.593897321101927056e-01
3.491018959617276374e-01
3.394496988049356401e-01
3.298313438500086736e-01
3.206128372997507081e-01
3.109002740587936686e-01
3.009652452687109347e-01
2.900660868505979262e-01
2.782235360752179365e-01
2.652426166307252919e-01
2.556288941863057440e-01
2.592832322628467745e-01
2.617945808924632689e-01
2.631598779195215010e-01
2.630434026205270004e-01
2.614002085845577028e-01
2.582867849759847290e-01
2.538042099776953719e-01
2.478995697009959143e-01
2.406865773292644062e-01
2.322941207806596686e-01
2.286515231698845463e-01
2.268143267581549938e-01
2.243815677971998657e-01
2.212227237591171680e-01
2.175196024624596325e-01
2.133432496335952444e-01
2.111139954304392941e-01
2.095680692567062631e-01
2.063302153607161904e-01
2.015455555979729363e-01
1.953682485383803624e-01
1.879587717657796864e-01
1.794893090847798356e-01
1.703024126875155864e-01
1.636910322852201671e-01
1.578314510780360613e-01
1.552975366038193972e-01
1.532871935829661636e-01
1.511367153828195309e-01
1.490075200399369471e-01
1.467959115202446541e-01
1.446229334149710111e-01
1.424130281246779872e-01
1.402430469625326193e-01
1.381183624400921239e-01
1.361088389184060277e-01
1.342797556299788198e-01
1.325511018254831586e-01
1.308745945131864763e-01
1.292088309609887575e-01
1.275148817754455655e-01
1.258145837831958214e-01
1.240810202537925150e-01
1.223105228977914849e-01
1.205021869675059337e-01
1.221976316594040324e-01
1.241178613424063076e-01
1.257332930260166293e-01
1.269968515142219923e-01
1.278747931566501794e-01
1.283767643321524488e-01
1.285435692932001828e-01
1.284645989523971743e-01
1.280492998119022729e-01
1.273159637488395779e-01
1.262848302676483347e-01
1.250774476509109168e-01
1.236290416771042983e-01
1.219456305368416399e-01
1.200521102801140189e-01
1.179917181177125296e-01
1.158430542663901885e-01
1.135535010305450121e-01
1.111484123975725463e-01
1.086526288452590860e-01
1.060902287222594276e-01
1.035036184684994393e-01
1.009256864335333764e-01
9.833987382346981443e-02
9.576558367700761798e-02
9.322066038679741040e-02
9.072130269999999219e-02
8.828200454481266446e-02
8.591552226138982062e-02
8.363286647964589260e-02
8.144331661589550297e-02
7.935445576001251555e-02
7.737222361548527771e-02
7.580729655499363062e-02
7.528310448404136601e-02
7.466631271250970259e-02
7.397618276450811103e-02
7.323398344047141184e-02
7.248470788857003244e-02
7.170982619000433600e-02
7.092391435251239884e-02
7.014007209980992197e-02
6.936986716266517472e-02
6.862330882827248624e-02
6.790884797837937192e-02
6.723340071994027278e-02
6.660239264644987611e-02
6.601982077462033305e-02
6.548833025540003183e-02
6.500996320046578680e-02
6.459427161237042692e-02
6.422994403613653536e-02
6.391540303147355551e-02
6.364821302746352660e-02
6.342519158649038979e-02
6.324251995127982973e-02
6.309585139494686135e-02
6.298041609833446297e-02
6.289112149176087629e-02
6.282264718595476083e-02
6.276953380383748504e-02
6.272626519720805871e-02
6.268734367950862252e-02
6.264735805946228253e-02
6.260104437375453579e-02
6.254333933674245671e-02
6.248199764842898851e-02
6.240767357269331322e-02
6.230902994943334633e-02
6.218213714233752215e-02
6.202342366358285647e-02
6.182969193810717440e-02
6.159812878536227027e-02
6.138114573719564981e-02
6.118033723610191710e-02
6.093317975765311090e-02
6.062523061771295241e-02
6.024441824147507701e-02
5.979033739981250151e-02
5.928040161660574903e-02
5.871505727180917344e-02
5.807756188159494265e-02
5.736937721226884751e-02
5.661519678345264955e-02
5.580381136047064816e-02
5.492746352995932918e-02
5.422985182831663309e-02
5.416430682694147597e-02
5.395451151308462701e-02
5.358420450711274402e-02
5.305145124104474613e-02
5.239344778655701668e-02
5.158093276049139503e-02
5.064132898397950833e-02
4.957563764327402311e-02
4.838832192877415284e-02
4.709994287179903455e-02
4.570363700603061879e-02
4.479289756964016656e-02
4.484098674290581260e-02
4.483572992738402152e-02
4.476145905331526537e-02
4.463396537504436129e-02
4.444495120442446684e-02
4.420493925492855608e-02
4.390985127504171831e-02
4.357084122453704078e-02
4.317928440572239845e-02
4.275618828496074303e-02
4.229100483782059078e-02
4.178904364750817002e-02
4.125844388353325926e-02
4.093272532203594272e-02
4.099691616577572778e-02
4.102925947624948971e-02
4.103038287978249404e-02
4.100097918676757353e-02
4.094180093780243335e-02
4.085365505096998778e-02
4.073739758754645751e-02
4.060546843284640328e-02
4.044975223211143972e-02
4.026840465214993892e-02
4.006241255026914139e-02
3.983278950866313284e-02
3.958057149875787023e-02
3.930681272162389606e-02
3.901258162683656633e-02
3.869895711295336799e-02
3.836702491049170938e-02
3.801787414981852575e-02
3.765420705282292863e-02
3.728461916622365091e-02
3.690063352149441922e-02
3.650332053807243265e-02
3.609374067101216860e-02
3.567294200089769080e-02
3.524195799175309368e-02
3.480180541632341140e-02
3.435348244232036552e-02
3.389796687748353188e-02
3.343621456744426401e-02
3.296915794218723689e-02
3.249770470743822831e-02
3.202273667450970113e-02
3.154510872464226512e-02
3.106564790267837134e-02
3.058515263428683226e-02
3.010439206199942361e-02
2.962495933780246934e-02
2.915013190822914393e-02
2.867681578246219012e-02
2.820566853356998305e-02
2.773731697890649897e-02
2.727235708348729748e-02
2.681135395219667872e-02
2.635484189825776369e-02
2.590332459047053199e-02
2.558484649526476806e-02
2.544959220806359765e-02
2.531432570770863338e-02
2.517907182103168787e-02
2.504385491169863406e-02
2.490869889157593109e-02
2.477362723080476017e-02
2.463866296800545572e-02
2.453551106754026795e-02
2.445684051306195109e-02
2.437891536166639922e-02
2.430172565093338677e-02
2.422526149201723392e-02
2.414951307184121793e-02
2.407447065472838668e-02
2.400012458422046135e-02
2.392646528462782571e-02
2.385348326235790795e-02
2.378116910772246420e-02
2.370951349567810770e-02
2.363850718751966257e-02
2.356814103174161013e-02
2.349840596530075598e-02
2.342929301403317080e-02
2.336079329418157616e-02
2.329289801288685763e-02
2.322559846859142962e-02
2.315888605232490141e-02
2.309275224759765530e-02
2.302718863129859725e-02
2.296218687403113468e-02
2.289773874032995093e-02
2.283383608913638896e-02
2.277047087385919086e-02
2.270763514262220256e-02
2.264532103846014777e-02
2.258352079926348455e-02
2.252222675765953863e-02
2.246143134130190733e-02
2.240112707250662555e-02
2.234130656822733152e-02
2.228196253978814018e-02
2.222308779281581548e-02
2.216467522666427936e-02
2.210671783454083716e-02
2.204920870280336481e-02
2.199214101069383795e-02
2.193550802997539309e-02
