5.669770715986746090e-01
5.667753453684647447e-01
5.670991387287803720e-01
5.725445198309683237e-01
5.755129120230936257e-01
5.796737893486668680e-01
5.859684534915710064e-01
5.974412057862587000e-01
6.122150924697572494e-01
6.926279396027867907e-01
8.677259411616650153e-01
8.044107270742281157e-01
7.989340503654326353e-01
1.072083729195214108e+00
9.893627740175845453e-01
1.013790867756626524e+00
9.764827041108531391e-01
1.043724139586528210e+00
1.229530928379299004e+00
1.273464672761656535e+00
1.458093080777018935e+00
1.734448077066102600e+00
2.176721828917925095e+00
2.006005501186050921e+00
2.059067168368626355e+00
1.731846171767906561e+00
1.842967291469023605e+00
1.858845718134581659e+00
1.974154786108219151e+00
2.196940043805424292e+00
1.934876198727873975e+00
2.102838173740077199e+00
1.976032801298855945e+00
1.361316523590249128e+00
1.078471977142744231e+00
1.027974345440570980e+00
9.626186108419234611e-01
1.194844763712572755e+00
1.263616265155120599e+00
1.036597259190881415e+00
1.039534872492243522e+00
1.194629723331280813e+00
1.225120616716912636e+00
1.305534896636913800e+00
1.266231766481622056e+00
1.304962322776692440e+00
1.461420719125998691e+00
1.599841060974270590e+00
1.666152901870019187e+00
1.768300881410345138e+00
1.776690210487929855e+00
1.867921560846605766e+00
2.140646582044028357e+00
2.418186039040364221e+00
2.522546289825264854e+00
2.524206803845493230e+00
2.450841681684751805e+00
2.293743272021639079e+00
2.111817393083899486e+00
2.180598744248686494e+00
2.307420541288030424e+00
2.235347805256302500e+00
2.482523243717514649e+00
2.744175083013269401e+00
2.972774510836685202e+00
3.079376537685661219e+00
3.059261342841854692e+00
2.804859625820586011e+00
2.662470398623050016e+00
2.921774166436323483e+00
3.282910048922726975e+00
3.295618639213842904e+00
2.929570142993036530e+00
2.775037855019706345e+00
2.867980024527053473e+00
3.044743669535372899e+00
3.207318136721999835e+00
3.228147058813602754e+00
3.058889050101077700e+00
2.730142947956564647e+00
2.494768172504577830e+00
2.662695699593883969e+00
2.810077013701961501e+00
2.955081519332927620e+00
3.076500638546853850e+00
3.127914512604708541e+00
3.099680211335699376e+00
2.990659096492276348e+00
2.923448791348482345e+00
2.925271463334504052e+00
2.741468260336918927e+00
2.473051592080804717e+00
2.179662138513400294e+00
1.924123157256605321e+00
1.643552403348367053e+00
1.431482573333541675e+00
1.260058482334275531e+00
1.117243782714557376e+00
9.985140184546855702e-01
9.035200689578994915e-01
8.300205640651507899e-01
7.813841884122006975e-01
7.438443085091935858e-01
7.123885404817529299e-01
6.838414951163906963e-01
6.565584264542733139e-01
6.292500990529465987e-01
6.017071925428013612e-01
5.778946264073632211e-01
5.551458549958316890e-01
5.712756946544177428e-01
5.846959765315059565e-01
5.928262380191859915e-01
5.957777327448450233e-01
5.954271673296949174e-01
5.922026271898629401e-01
5.868675042015902843e-01
5.794427052512423071e-01
5.688328424114598159e-01
5.551058455991021434e-01
5.365965660864658870e-01
5.325288126972412828e-01
5.394266809798882178e-01
5.343846876901785503e-01
5.178510761458242628e-01
4.916130541731300041e-01
4.585892544840636242e-01
4.223918607659132296e-01
4.005041024452081211e-01
3.956373518212950025e-01
3.886036862450930052e-01
3.799342485018689097e-01
3.694480539083017101e-01
3.575183894456999689e-01
3.443711087299020090e-01
3.321280814006534743e-01
3.366900664754112205e-01
3.372875836055213572e-01
3.330173037385670276e-01
3.235857771291663632e-01
3.092427475414176730e-01
3.138152535272509813e-01
3.143174831417049342e-01
3.103943818602171167e-01
3.025337038590939498e-01
2.915195912749297125e-01
2.780706452230344294e-01
2.728049395965930213e-01
2.712443718107985235e-01
2.685046529395112014e-01
2.647118781982217284e-01
2.603347094116426064e-01
2.554784070508618887e-01
2.501791115312470004e-01
2.445722329959504615e-01
2.388756433208768515e-01
2.331456463484275488e-01
2.273311237171659061e-01
2.214937045920007397e-01
2.156938038235287902e-01
2.099937573336177754e-01
2.044585788791284664e-01
1.991546710781737228e-01
1.941804549351287268e-01
1.895743108940858568e-01
1.853615852790598262e-01
1.815834333808216683e-01
1.782653328873157195e-01
1.754149068935761391e-01
1.730209015805904138e-01
1.710533656388711909e-01
1.694649653900323905e-01
1.681932813207540067e-01
1.671638711167990343e-01
1.662938509671942899e-01
1.654957383119687875e-01
1.646813112471672280e-01
1.637652676259805651e-01
1.626685054440931699e-01
1.613208905727835929e-01
1.597620544230323458e-01
1.578863725595096024e-01
1.556242665196354291e-01
1.529542397602821346e-01
1.498683248883487529e-01
1.463713869449728422e-01
1.438093421814120310e-01
1.431590745642552787e-01
1.417088712705319442e-01
1.395215035393233272e-01
1.365836554760647137e-01
1.329731576216660327e-01
1.310369948756545389e-01
1.315365427163391610e-01
1.317057134228837023e-01
1.315464521994869074e-01
1.311479941010728067e-01
1.304853990205833147e-01
1.295274099742723672e-01
1.282962497150658687e-01
1.269254812199323845e-01
1.253176414152330498e-01
1.234968960878255889e-01
1.215060886244644367e-01
1.194341228141730243e-01
1.172169572448703151e-01
1.148783658595776830e-01
1.124410696035738066e-01
1.099830591737408492e-01
1.074834824680759027e-01
1.049383057197258717e-01
1.023641356069419223e-01
9.977577954435719321e-02
9.718624216642368641e-02
9.465624421005641720e-02
9.214140725734587534e-02
8.964966546599324737e-02
8.718778782446849618e-02
8.476116657460358583e-02
8.237394888272364657e-02
8.002917376614332445e-02
7.772891038505955197e-02
7.547439440983018388e-02
7.328458247167687900e-02
7.114284020589568824e-02
6.904470501823339879e-02
6.802055604002552047e-02
6.728316570351725034e-02
6.656357277012295293e-02
6.586213874926785672e-02
6.628747913769678091e-02
6.678901454050106823e-02
6.722502805622006250e-02
6.759770937564459070e-02
6.790896674840218861e-02
6.816045612413262900e-02
6.835361355423764940e-02
6.848968949489156466e-02
6.856978382678312334e-02
6.862159633126461988e-02
6.862507068950272904e-02
6.857490365298651858e-02
6.890127480121063797e-02
6.966434116893206741e-02
7.031684695992398981e-02
7.085617584455639051e-02
7.128032740868321671e-02
7.214836551967138134e-02
7.312521246174613632e-02
7.393090894175786965e-02
7.454905747081734535e-02
7.498839047847637163e-02
7.527923052843082941e-02
7.536953966674332650e-02
7.526839182189354327e-02
7.502311609786142810e-02
7.457851367237527951e-02
7.396667636948550673e-02
7.320159908621297340e-02
7.225102171808517326e-02
7.118480209464074504e-02
6.994857266942484941e-02
6.859689451410413974e-02
6.710548376513918167e-02
6.551360478136770971e-02
6.380183924832763531e-02
6.201353413944510340e-02
6.012353115051335267e-02
5.817539929627995460e-02
5.659363282777881560e-02
5.741669613613536310e-02
5.814591456642519141e-02
5.878136597684620324e-02
5.934865574502318913e-02
5.983199086737979455e-02
6.022484431979105435e-02
6.052909564069768045e-02
6.074702109752182916e-02
6.090159142932829311e-02
6.098771931393542900e-02
6.099569443071673619e-02
6.092887795719565541e-02
6.079083508028641780e-02
6.059216891930145621e-02
6.035297084158927627e-02
6.005311184533521779e-02
5.969655729511333386e-02
5.928730971752126794e-02
5.882937908557989148e-02
5.833374785001023410e-02
5.781530682669259319e-02
5.725885678279918345e-02
5.666818160873989679e-02
5.604696410466879913e-02
5.539876949111557231e-02
5.472703115938661045e-02
5.404213066342159616e-02
5.335142533294970346e-02
5.264551496816836929e-02
5.192723237814296511e-02
5.119924095084280036e-02
5.046403163632304234e-02
4.973615594384000332e-02
4.935980214445508107e-02
4.897182889937892747e-02
4.858330327717421543e-02
4.818452961978760690e-02
4.777698063166264247e-02
4.736204316794906388e-02
4.694101737063965940e-02
4.651511644586832361e-02
4.608546702831307212e-02
4.565311008218697619e-02
4.521900228796811583e-02
4.478401786282078939e-02
4.434895076556843313e-02
4.391451724016377095e-02
4.348135864832160247e-02
4.305004454948841569e-02
4.262107598524341595e-02
4.219488892686388409e-02
4.177185785057925538e-02
4.135229940326391740e-02
4.093647612684263304e-02
4.052709269080420618e-02
4.012449838233393684e-02
3.972590638782077382e-02
3.933141347519712727e-02
3.894108015794898320e-02
3.855493420858543269e-02
3.817297407623614081e-02
3.779517219031219150e-02
3.742147814134095390e-02
3.705182172523996398e-02
3.668611584550708626e-02
3.632425926458689169e-02
3.596613919880284338e-02
3.561163375583067253e-02
3.526061420892374898e-02
3.491294710929610662e-02
3.456849623609959538e-02
3.422712438503645871e-02
3.388869499745258279e-02
3.355307363461060288e-02
3.322012929822626415e-02
3.288973560425000747e-02
3.256177181341445709e-02
3.223612372513478402e-02
3.191268443901768004e-02
3.159135499201545100e-02
3.127204487661135179e-02
3.095467244747619404e-02
3.063916522276489626e-02
3.032546008671978613e-02
3.011266934506399984e-02
2.995987405386819208e-02
2.980893975221515085e-02
2.965976928571349702e-02
2.951226587037887594e-02
2.936633346221225252e-02
2.922187709875602793e-02
2.907880321496721793e-02
2.893701993203881204e-02
2.879643732159748587e-02
2.865696764538635394e-02
2.851891851625012325e-02
2.838255873003007329e-02
2.824705639309697119e-02
2.811233452378532685e-02
2.797831911749792955e-02
2.784493926384899731e-02
2.771212724548530876e-02
2.757981861940111620e-02
2.744795228185109917e-02
2.731647051732236792e-02
2.718531903298274793e-02
2.705444697916907504e-02
2.692380695670604923e-02
2.679335501235018124e-02
2.666305062267156425e-02
2.653285666739620824e-02
2.640273939324538216e-02
2.627266836826469901e-02
2.614261642868125762e-02
2.601255961747418050e-02
2.588247711673179532e-02
2.575235117324975800e-02
2.562216701908039129e-02
2.549191278704516367e-02
2.536157942147184222e-02
2.523116058595129343e-02
2.510065256692902910e-02
2.497005417532408011e-02
2.483936664531508076e-02
2.470859353155761481e-02
2.457774060488715495e-02
2.444681574718408218e-02
2.431582884530894204e-02
2.418479168508181829e-02
2.405371784502121149e-02
