6.656726624793065650e-01
6.642823818539308478e-01
6.696771704228168254e-01
6.672639083798953541e-01
6.706345747244408795e-01
6.786655341739012970e-01
6.853860693748178301e-01
6.975865453540680550e-01
7.174846619389778635e-01
7.424029527167964604e-01
7.648793465474046371e-01
9.128750326900439971e-01
1.007109653650516412e+00
1.005995688287190548e+00
1.402157896311528429e+00
1.245871107890487606e+00
1.050298880638513843e+00
1.185975038643062085e+00
1.315513130640957540e+00
1.507345140745096401e+00
1.805396892586250468e+00
1.636498610317226987e+00
1.576270219728177047e+00
1.771280714337235995e+00
2.129639308837492084e+00
2.672519676937936239e+00
2.465508651982180055e+00
2.116053366164598604e+00
2.477033593150523849e+00
2.278897968210391145e+00
2.419984417109137365e+00
2.735661339595916175e+00
2.807442704025394420e+00
2.749811480298873345e+00
2.451111541228201407e+00
2.397756719489428257e+00
2.535587023763393066e+00
2.747061867635825383e+00
2.305020930747351482e+00
2.641507718802055482e+00
2.927423571374580646e+00
1.922245397048814253e+00
1.350117749553807922e+00
1.236297801339118596e+00
1.245943228028507432e+00
1.249268739767344982e+00
1.220120315880651507e+00
1.203789340612996694e+00
1.213155469874657832e+00
1.262583220015452312e+00
1.227125962248849289e+00
1.203765352152010637e+00
1.280115002006480429e+00
1.328409466413605466e+00
1.408062201437509264e+00
1.545392988343335494e+00
1.705968707463653367e+00
1.869362669841704516e+00
1.989613027472605378e+00
2.095985574208503621e+00
2.297649764986768428e+00
2.244210556283217972e+00
2.297734542387533274e+00
2.428101784089324866e+00
2.512946437261312838e+00
2.408842468619252219e+00
2.325206576690182381e+00
2.328216472620825428e+00
2.557450013564817493e+00
2.627904319636103825e+00
2.585895032599115240e+00
2.482006985392920306e+00
2.768980357825534533e+00
3.123908819274214821e+00
3.139762817912683968e+00
3.083706649662475652e+00
3.164435184243956645e+00
2.928416377745988619e+00
2.825202367592271280e+00
2.971745886785490676e+00
2.920826337598390054e+00
2.772500519062977453e+00
2.698907681679158177e+00
2.809816309351027108e+00
3.024210555032932568e+00
3.163162652813567011e+00
3.082868039187859566e+00
2.731884976465785098e+00
2.524424706151954467e+00
2.911076019989575769e+00
3.123965900534098061e+00
3.127225775114647277e+00
3.224881464744777215e+00
3.402967109983129568e+00
3.434156792240503631e+00
3.163988930873671279e+00
2.651803598261996520e+00
2.306162830023097410e+00
2.425404894648185206e+00
2.468377434502205592e+00
2.475346793917493571e+00
2.490409018653224837e+00
2.544610750974892976e+00
2.650076204082899789e+00
2.795146535179859004e+00
2.957588699321604953e+00
3.103954033111845145e+00
3.211202622713207777e+00
3.404190003191997160e+00
3.642737121344940210e+00
3.765880163370512790e+00
3.723008953763490503e+00
3.579820649246716613e+00
3.357953658714758483e+00
3.067744359722889502e+00
2.703770511287888034e+00
2.378362709604743053e+00
2.071340845700476052e+00
1.834105089348878170e+00
1.661588563367109250e+00
1.503164863964788101e+00
1.362430107812121038e+00
1.240940769104190489e+00
1.136436951442829191e+00
1.048194747733870891e+00
9.727775108275021898e-01
9.138958664987562042e-01
8.613557996650649251e-01
8.135782031381509904e-01
7.913075350005542852e-01
7.824307769143553637e-01
7.752888302826022038e-01
7.672382073940158254e-01
7.567949289953597170e-01
7.427524004571184335e-01
7.244755344533321262e-01
7.107820894401990497e-01
7.356635649563044721e-01
7.476265548456337839e-01
7.459072236382415788e-01
7.307941175370332720e-01
7.032330877254930890e-01
6.774874295426666082e-01
6.725495695591846568e-01
6.568727782358855238e-01
6.308584549067266511e-01
5.954535577045163564e-01
5.547076411437372734e-01
5.429843961960059140e-01
5.273471042062106706e-01
5.074436500300422148e-01
4.831452215621720447e-01
4.550726787440750321e-01
4.233104468490790362e-01
4.160963949322494249e-01
4.095333885400495588e-01
4.008673656804683239e-01
3.921567281068749078e-01
3.933838412745885305e-01
3.934646496588800058e-01
3.917940762599366189e-01
3.886925880044880266e-01
3.839958436317337798e-01
3.777953096039773917e-01
3.702893217958221905e-01
3.613563267252456468e-01
3.515328971830022908e-01
3.405614577288539335e-01
3.396314491326709040e-01
3.384925182133868282e-01
3.350608103580093866e-01
3.376306516658578727e-01
3.458386041477207185e-01
3.509662976836911974e-01
3.534803564769706807e-01
3.533375799299828257e-01
3.508612129186072237e-01
3.466396958530355565e-01
3.407336832600740828e-01
3.337674670107768082e-01
3.258730257708780109e-01
3.176488987127146224e-01
3.091407738557411244e-01
3.006954496847671909e-01
2.926407519964729920e-01
2.849751682516133977e-01
2.778182471309674773e-01
2.712347239607214577e-01
2.652419411546739769e-01
2.598301517359130619e-01
2.550087554613187368e-01
2.506301016508484802e-01
2.466093055424125047e-01
2.428532700760136498e-01
2.392665651647623293e-01
2.357562491618264422e-01
2.322356544099259124e-01
2.287050075294528861e-01
2.250709239275946738e-01
2.212307230987333728e-01
2.171413191353970817e-01
2.127723489573018489e-01
2.081463439898004197e-01
2.033120398045234756e-01
1.981727866959877848e-01
1.927413764664188400e-01
1.899103912291360274e-01
1.904345520614798837e-01
1.907068831061263237e-01
1.908339784520147464e-01
1.906748475953292388e-01
1.902564242363444236e-01
1.896374722339891628e-01
1.887206060171586763e-01
1.876028440240100070e-01
1.862463995115078430e-01
1.846292029510817334e-01
1.828804411800058760e-01
1.808955492902179218e-01
1.787358205411187784e-01
1.764621455417102192e-01
1.740153596954456539e-01
1.714559067655469504e-01
1.688371247843937772e-01
1.661092663455307206e-01
1.632939144982383795e-01
1.604955795613671743e-01
1.576466951791770932e-01
1.547590164523577616e-01
1.518467698678033495e-01
1.489897138286041811e-01
1.461297977278079585e-01
1.432704437925019225e-01
1.404176205894097917e-01
1.375774874820098193e-01
1.348050269510424060e-01
1.325905076926345572e-01
1.324216905670969613e-01
1.318221637490409326e-01
1.307966035990416609e-01
1.293374377768676808e-01
1.274697048851292369e-01
1.262697567246157671e-01
1.259436967631305804e-01
1.250508064778304285e-01
1.236642899524452027e-01
1.217194585565033738e-01
1.193452830523325098e-01
1.164681444612343242e-01
1.131984526092477822e-01
1.111476743911834347e-01
1.098899865243976315e-01
1.084957906024187485e-01
1.070257735645556152e-01
1.066525316124661976e-01
1.063483847233858970e-01
1.060437069206191796e-01
1.057351782623569131e-01
1.054195989016170759e-01
1.052405999671736092e-01
1.061687061820009437e-01
1.066429484571833064e-01
1.066762485761462015e-01
1.063664743567583199e-01
1.056717700751521050e-01
1.046021879808861077e-01
1.031890447049033932e-01
1.019668280353698553e-01
1.014671970157940972e-01
1.009391209840006520e-01
1.003820723502636819e-01
9.979576013012161906e-02
9.918012053866030742e-02
9.853530612802137434e-02
9.786716107253384811e-02
9.718531653650319679e-02
9.647549433571024624e-02
9.573854000953467558e-02
9.497545058582319843e-02
9.418735977970361939e-02
9.337552311281349660e-02
9.254130309486914563e-02
9.168615459653847721e-02
9.081161052703988490e-02
8.991926791334131641e-02
8.901077446621803724e-02
8.808781570561337315e-02
8.715210270178699870e-02
8.620536048210775126e-02
8.525801816543376876e-02
8.430706776212432141e-02
8.334949942484447261e-02
8.238699749554236063e-02
8.142121565497054125e-02
8.045376960186130522e-02
7.948623047026730226e-02
7.852011897402022544e-02
7.755690025997595549e-02
7.659797944736834729e-02
7.564469782794837338e-02
7.469832970232427594e-02
7.376007981654583712e-02
7.283108137284753647e-02
7.191239458019237085e-02
7.100500570821885460e-02
7.010982661411498118e-02
6.922769470606947306e-02
6.835937330930659528e-02
6.750555239985701894e-02
6.666684967563227260e-02
6.584381192861032961e-02
6.503691668787180136e-02
6.424657410464647278e-02
6.347312904630240948e-02
6.271686337400264599e-02
6.197799837582291388e-02
6.125669732975743548e-02
6.055306817317892415e-02
5.986716625506603717e-02
5.919899715071937768e-02
5.854851951862550391e-02
5.791564798077614845e-02
5.730025601116972567e-02
5.670217881396821119e-02
5.612121618052789279e-02
5.555713530993756227e-02
5.500967358253298911e-02
5.447854127573099198e-02
5.396342421355336538e-02
5.346398634101479086e-02
5.297987221652621093e-02
5.251070941726775770e-02
5.205611085120607356e-02
5.161567697292594042e-02
5.118899789848183751e-02
5.077565541852983866e-02
5.037522490756974475e-02
4.998727712629293107e-02
4.961137991997375402e-02
4.924709981047338536e-02
4.889400348261656315e-02
4.855165916921452829e-02
4.821963793051210756e-02
4.789751483628701401e-02
4.758487004826839062e-02
4.728128980796239555e-02
4.698636733167874113e-02
4.669970361577194945e-02
4.642090815611068372e-02
4.614959958432813397e-02
4.588540622448838285e-02
4.562796657464854994e-02
4.537692971578315831e-02
4.513195565240699786e-02
4.489271558841267939e-02
4.465889214280732711e-02
4.443017950684004930e-02
4.420628354902539359e-02
4.398692186953822442e-02
4.377182380802992212e-02
4.356073040963828052e-02
4.335339435055609453e-02
4.314957982798792863e-02
4.294906241724934931e-02
4.275162889898601049e-02
4.255707705929295120e-02
4.236521546617293826e-02
4.217586322501658963e-02
4.198884971480661837e-02
4.180401430878295105e-02
4.162120608088020618e-02
4.144028350080206785e-02
4.126111411974682508e-02
4.108357424848214923e-02
4.090754863015346604e-02
4.073293010792483626e-02
4.055961929193233756e-02
4.038752422438117440e-02
4.021656004548725821e-02
4.004664866029367110e-02
3.987771841054123939e-02
3.970970374724212132e-02
3.954254491176144304e-02
3.937618761950634205e-02
3.921058275175766383e-02
3.904568605419567878e-02
3.888145784336433097e-02
3.871786272076092883e-02
3.855486929636095517e-02
3.839244992006864143e-02
3.823058042399522793e-02
3.806923987241909307e-02
3.790841032322887078e-02
3.774807659748786320e-02
3.758822606021320484e-02
3.742884841067060930e-02
3.726993548183440280e-02
3.711148105113758894e-02
3.695348065914456914e-02
3.679593143948944184e-02
