7.367851278601588172e-01
7.353509221543187424e-01
7.328447491477977360e-01
7.365435318951956134e-01
7.398935942951759825e-01
7.482834556254892577e-01
7.512923658273981120e-01
7.666831999652228280e-01
7.884864113366574223e-01
8.317975723847919056e-01
9.231285836429369285e-01
1.047537880713494074e+00
9.548161728213420130e-01
1.033850753155861169e+00
1.249186587987422881e+00
1.814191458587945949e+00
1.348985210470194929e+00
1.330770653734548281e+00
1.553862240508195880e+00
1.743510590968529117e+00
1.946849301808087906e+00
2.627419549480821903e+00
1.730740758403640722e+00
1.787395703043147988e+00
1.598068501961728671e+00
1.805933897671463173e+00
1.742427957235332281e+00
1.658476978431473015e+00
1.825001770089196507e+00
1.722143431511347078e+00
1.954381581472316887e+00
2.164549800605320318e+00
2.298333148393270964e+00
1.670327046980959684e+00
1.474243408107667630e+00
1.522608910469584131e+00
1.638795697167730436e+00
1.670485881703180686e+00
1.675750429719982559e+00
1.922227704199446219e+00
2.183225959011497963e+00
2.225131801794141051e+00
2.049059087960428460e+00
2.140682968961665100e+00
2.390003804302294199e+00
2.189048310151284316e+00
2.139487899013830852e+00
2.184705206904040686e+00
2.304076228457754727e+00
2.442730632427168036e+00
2.577324193357095172e+00
2.683860073617363007e+00
2.727891984983701334e+00
3.287099440754100321e+00
3.303279763797921209e+00
3.092915349749727927e+00
3.055100163027360871e+00
3.447381839276125515e+00
4.046168782347741910e+00
4.834705070386692505e+00
4.559752822731187649e+00
4.012164165198998766e+00
4.106366176142725699e+00
4.090799958882467280e+00
4.073971669832347153e+00
4.060998027300581015e+00
4.011268374324933106e+00
4.020553494073203282e+00
4.047620199517201200e+00
3.998952966893103422e+00
3.843352244176771126e+00
3.855535170681105850e+00
3.856639872599717300e+00
3.755928827264021663e+00
4.411522532833045851e+00
4.674195566426512904e+00
4.554551442506629577e+00
4.321161447317685145e+00
3.952967265256689622e+00
3.479105865723111091e+00
3.686289260377153099e+00
3.972075836276528715e+00
4.223893758389196229e+00
4.368227331763294252e+00
4.393569165860921721e+00
4.299823039403877445e+00
4.151222229221297688e+00
4.467607193654854036e+00
4.716307113671284412e+00
4.726144240341221270e+00
4.540587923181743868e+00
4.259414480532358382e+00
4.003554445266854778e+00
3.722579541928482172e+00
3.433335917437597917e+00
3.131027503725564820e+00
2.818366114939553135e+00
2.537364608689435919e+00
2.233582629956274435e+00
1.921569735081707808e+00
1.629568324918223787e+00
1.385008713882102782e+00
1.312089921267367565e+00
1.234438081805058873e+00
1.147627407024999435e+00
1.059114820093600029e+00
1.004850979022410051e+00
9.758931669944850285e-01
9.401424338841939399e-01
9.053838386654859960e-01
8.809180623619932149e-01
8.724031199634433298e-01
8.790258577200246171e-01
8.937952738771944849e-01
9.073427979290459300e-01
9.086236109877348088e-01
8.908295623212592051e-01
8.506265285730509884e-01
7.885807147279892959e-01
7.432956084877845315e-01
7.249425421814075232e-01
7.283345839243258180e-01
7.239135495092503536e-01
7.116061719540544006e-01
6.916141164488673887e-01
6.713666448264180575e-01
6.699488102501047759e-01
6.628528382467776536e-01
6.498080977657022528e-01
6.313380887093097416e-01
6.089499185456893615e-01
6.300539293033911026e-01
6.319765461492055092e-01
6.424685902070172983e-01
6.586960641299638430e-01
6.570071124991911926e-01
6.387423863144996439e-01
6.065376499088701578e-01
5.658616618501678408e-01
5.228240901453483636e-01
4.844111700856425506e-01
4.556463800645613738e-01
4.396097678961434774e-01
4.355611725478747975e-01
4.401486252331589522e-01
4.485985831846164285e-01
4.565682775960412942e-01
4.606899855414355316e-01
4.586960185271926060e-01
4.501203078357415288e-01
4.376647463055001186e-01
4.336329108996204718e-01
4.243223748767812054e-01
4.106052818407345262e-01
3.931285397082884825e-01
3.732110368340860185e-01
3.515129502103791492e-01
3.290760585234479008e-01
3.166249780962536176e-01
3.065802545948585478e-01
2.954225227715570612e-01
2.834149987233603452e-01
2.706999353570274658e-01
2.674138748730889303e-01
2.659176104116843797e-01
2.646628486346757070e-01
2.635661422187025038e-01
2.625344416792432245e-01
2.614701419946888206e-01
2.602756254849469264e-01
2.590102352881649694e-01
2.574932613633825196e-01
2.555977215469749653e-01
2.532567127960275721e-01
2.504162708281301719e-01
2.470774901147063385e-01
2.433786124528239114e-01
2.390976912691984979e-01
2.342336410726077733e-01
2.287982524840768972e-01
2.241429402551912142e-01
2.338091247056026667e-01
2.422669623925980953e-01
2.490808566845524596e-01
2.539582134038372851e-01
2.568816072789547045e-01
2.576173711653995113e-01
2.561721453999224463e-01
2.525992797039131044e-01
2.469944613148569446e-01
2.394910282792115375e-01
2.302554774651747183e-01
2.195732958369938648e-01
2.077107284230994000e-01
1.948323160357995354e-01
1.906006768029961385e-01
1.881935693759327899e-01
1.853778025486938763e-01
1.823035138265505783e-01
1.792004672564396772e-01
1.758573836236756727e-01
1.715736397913915079e-01
1.669849686093265451e-01
1.626276851970896997e-01
1.580613492584402313e-01
1.533189440215829979e-01
1.484328823369402972e-01
1.434347261561936815e-01
1.383597730546551052e-01
1.333086230446778042e-01
1.339977368708522298e-01
1.345448703684246627e-01
1.348544154541229667e-01
1.350076379482476607e-01
1.349244951843356077e-01
1.346151866474560865e-01
1.340906118122981716e-01
1.333622263668140795e-01
1.324839723790833257e-01
1.314764258944181585e-01
1.302977679535408662e-01
1.289602630203045830e-01
1.274761988987318517e-01
1.258578004901714231e-01
1.241235926042346255e-01
1.261067549169572755e-01
1.276902039567573699e-01
1.292419031699622856e-01
1.313476925123324146e-01
1.327937643273192359e-01
1.335245019131388600e-01
1.335191037341557085e-01
1.327786682319076761e-01
1.313255495853910271e-01
1.292018941022400613e-01
1.264812729674821279e-01
1.232480901397458861e-01
1.195464729669919735e-01
1.154804195729507016e-01
1.159140514331992444e-01
1.165257017861161676e-01
1.168281405719983068e-01
1.168215223294064992e-01
1.165098736276682090e-01
1.159401167706174685e-01
1.151254171529001447e-01
1.140348823885135171e-01
1.126835091732871219e-01
1.110882975177453214e-01
1.092956348189353805e-01
1.073386211401968354e-01
1.051925051913917275e-01
1.028784655388374492e-01
1.004180735857324175e-01
9.783302079519029526e-02
9.514682696185959576e-02
9.241928353376675787e-02
8.962515208016558210e-02
8.833539509447313476e-02
8.790761770019819843e-02
8.742186438021534722e-02
8.689520119331900494e-02
8.633191930999831176e-02
8.572005876235906652e-02
8.506297850193549059e-02
8.436398258670835260e-02
8.362631064655734470e-02
8.285312956326845724e-02
8.204752628036968143e-02
8.121250166257060199e-02
8.035096532815053094e-02
7.946573137655914276e-02
7.855951494179194694e-02
7.776124377333139270e-02
7.758806931479680924e-02
7.721103070367625609e-02
7.660705873753460848e-02
7.578553655466140071e-02
7.478780177357122194e-02
7.359464968110479566e-02
7.223084943465107877e-02
7.072287552350794981e-02
6.993537686619408222e-02
7.084819109044969421e-02
7.153845504789095588e-02
7.201220378128028732e-02
7.226842596109547823e-02
7.232320631469005279e-02
7.219568380145106878e-02
7.190865494247200562e-02
7.147078828521559457e-02
7.161581777229515666e-02
7.165593167323285051e-02
7.152830278263860864e-02
7.119757239738006005e-02
7.116229626525236163e-02
7.100255415748465970e-02
7.065570146596131251e-02
7.013257475505703387e-02
6.944857215829824959e-02
6.862715331047709866e-02
6.770946502613479911e-02
6.668790861890851185e-02
6.559706777900738139e-02
6.445304160042325536e-02
6.325894527136793899e-02
6.205076596208922851e-02
6.081021406005519131e-02
5.958046773810538738e-02
5.833422586228115270e-02
5.710779230616840757e-02
5.587687726646264896e-02
5.466755605146538660e-02
5.368660790455079268e-02
5.288649478367114104e-02
5.220561885567202159e-02
5.181494716466394923e-02
5.146403124989304412e-02
5.115060932325592863e-02
5.087192678903807580e-02
5.062482089618419723e-02
5.040580313570255933e-02
5.021113843805910526e-02
5.004124446837419221e-02
4.989133825076507572e-02
4.975414541206107932e-02
4.962566763433193251e-02
4.950197503241686448e-02
4.937925494623982003e-02
4.925385475154942655e-02
4.912231870850584936e-02
4.898141894953331882e-02
4.882818077361989612e-02
4.866688784335156115e-02
4.849267278081641208e-02
4.829905609819071244e-02
4.808418241007186844e-02
4.784649830469095422e-02
4.758475040849313720e-02
4.729798004232811659e-02
4.698691053227228159e-02
4.666076568744702974e-02
4.630825988735150917e-02
4.592946355930711821e-02
4.552467939184763612e-02
4.509442488822149042e-02
4.463941401193129155e-02
4.416059369447435101e-02
4.367020933325433535e-02
4.334470627557110434e-02
4.339779362980303312e-02
4.344126616525922913e-02
4.347447403088972040e-02
4.349687200502299483e-02
4.350801551781587756e-02
4.350755622577847509e-02
4.349523722375374379e-02
4.347538856030620097e-02
4.344453409117082082e-02
4.340156399597509124e-02
4.334651798467611256e-02
4.327950100474987905e-02
4.320067768739695169e-02
4.311026683026645406e-02
4.300853596216611813e-02
4.290035966089259661e-02
4.278258293891853969e-02
4.265444084749836495e-02
4.251633490586777253e-02
4.236869138992990086e-02
4.221195695574163353e-02
4.204659450274698257e-02
4.187307928258933443e-02
4.169189526148910085e-02
4.150779657591466970e-02
4.131761705603872320e-02
4.112109849960693397e-02
4.091872624322136914e-02
4.071098062262371725e-02
4.049833481316063993e-02
4.028125290411373183e-02
4.006018820162416533e-02
3.983558174797288687e-02
3.960786104872013325e-02
3.937743899747862819e-02
3.914504169455940846e-02
3.891398786490364581e-02
3.868123517008433682e-02
3.844713333529699989e-02
3.821201488153053161e-02
3.797619496124433197e-02
3.773997131229929469e-02
3.750362431931705820e-02
3.726741717120266029e-02
3.703159610379106598e-02
3.679639072031294644e-02
3.656201437578882052e-02
3.632866461995604146e-02
3.609652368828020902e-02
3.586575903396928972e-02
