6.447237265788354765e-01
6.426572683600835223e-01
6.566361320016804726e-01
6.496493966683200005e-01
6.608961700418891638e-01
6.758565713423497767e-01
7.393294836376914647e-01
9.608624189487526834e-01
9.292466200804286869e-01
1.184256401693506877e+00
1.333314343534810931e+00
1.640556349045163342e+00
1.895864423725345027e+00
1.637657588623390170e+00
1.891101490600955115e+00
1.870627931156658708e+00
1.535424663337977558e+00
1.705421871196784123e+00
1.438863142403896456e+00
1.722002941961875644e+00
1.877153704612520624e+00
1.776610352931305759e+00
2.046453233186696696e+00
2.149581631638488144e+00
2.211911207965101767e+00
2.448883083300819496e+00
3.212967686342858009e+00
3.187418230639755823e+00
3.592120300606880257e+00
3.955409427804604139e+00
4.055818661852016227e+00
4.155375077168614872e+00
3.739601270439703473e+00
4.029589758098358843e+00
4.080886137927450363e+00
4.685034527691078310e+00
4.904987434372390709e+00
4.501491015364361026e+00
4.123293682840396990e+00
4.469479302915120300e+00
4.458161461837256923e+00
4.666045059475437462e+00
5.593454143249815935e+00
4.618557045413065332e+00
4.413563195858738908e+00
3.877610618629176109e+00
3.769615595055847201e+00
3.667774738850415606e+00
3.689634562751401781e+00
3.991639003476762149e+00
4.471206843279161625e+00
4.741552595979481310e+00
4.591664547122565665e+00
4.121513465348884075e+00
3.430066130671281854e+00
2.720550576489741079e+00
2.127209324226151388e+00
1.704667685649746245e+00
1.437697645480636499e+00
1.272960469892918445e+00
1.159303534902177635e+00
1.068039522307043354e+00
9.862668206263756066e-01
9.093432177066116395e-01
9.806816436849191687e-01
9.355284948864223127e-01
8.682638411359726582e-01
8.362561802775551056e-01
8.344158083385752045e-01
8.139532675219774971e-01
8.387798398426487001e-01
8.445292439420648556e-01
8.143077556329636479e-01
7.516501453810846556e-01
6.674255498840805378e-01
6.274339644797159998e-01
6.127572390132262070e-01
5.925764380993844282e-01
5.717085987744081610e-01
5.498730112588232632e-01
5.271801711202342977e-01
5.047342752800133558e-01
4.804996222462059596e-01
4.533372895664559699e-01
4.468090420378699190e-01
4.380788955929740824e-01
4.251450762823522633e-01
4.094517074565859338e-01
4.273695312257301260e-01
4.437764954891157410e-01
4.486036151843063591e-01
4.429793351162740200e-01
4.285188237724206206e-01
4.068444087833796297e-01
3.811841399576670342e-01
3.717794876565143625e-01
3.908806379871981318e-01
3.936869621156665611e-01
3.827350410848106010e-01
3.610749579906000761e-01
3.526710558093847370e-01
3.491761219747500644e-01
3.371104941537652055e-01
3.203709687038443499e-01
3.018492715148613503e-01
2.849705329266735698e-01
2.806845865801615436e-01
2.739749358742769036e-01
2.644508047539866347e-01
2.565203254255664644e-01
2.594719871432196734e-01
2.611553389511363510e-01
2.591599582385363809e-01
2.562327666671885273e-01
2.519825558521671671e-01
2.428657497740393523e-01
2.294363099074768764e-01
2.128971147735922165e-01
1.956703612462846187e-01
1.903355422075947712e-01
1.844603556528970068e-01
1.784329405468634833e-01
1.727429268088916114e-01
1.677718811597291027e-01
1.637677928852017684e-01
1.608382069813235615e-01
1.589590856094579285e-01
1.579953796917664965e-01
1.577289220004596815e-01
1.578894622705994399e-01
1.581852752639447413e-01
1.583306085686321529e-01
1.580681464327000907e-01
1.571976949867584794e-01
1.558129227063922428e-01
1.535621266969784404e-01
1.503973406922170797e-01
1.463262090051970221e-01
1.414381697354837597e-01
1.360149202500456345e-01
1.299322497398116560e-01
1.299552836397632471e-01
1.391184678352975213e-01
1.466416836492266673e-01
1.523968520977161401e-01
1.561702435846801240e-01
1.581918697085924752e-01
1.584347659722371293e-01
1.571190987934965033e-01
1.545465304566039366e-01
1.507735986062667677e-01
1.463300133523018354e-01
1.411563200291533482e-01
1.357955224759633817e-01
1.302324880941663210e-01
1.247236651274145347e-01
1.200070740880549852e-01
1.165025245962065387e-01
1.132600307478690282e-01
1.103863194060929892e-01
1.079603010236678540e-01
1.060352653869203743e-01
1.045887656572243446e-01
1.036028931464308550e-01
1.030342831137452120e-01
1.028183373388529276e-01
1.028737426206212530e-01
1.031070983013657738e-01
1.036960823129236126e-01
1.054864398733213471e-01
1.068169649637249891e-01
1.075907332510910724e-01
1.077076528905058367e-01
1.070745036540908662e-01
1.056913027428012380e-01
1.057763445676929565e-01
1.046949214849213494e-01
1.044798628415546660e-01
1.048590455021251033e-01
1.038260248826324561e-01
1.014357408956526874e-01
9.769815673988554994e-02
9.679126020791259388e-02
9.720012221280512066e-02
9.707453813661991171e-02
9.623367979704237907e-02
9.471581489636274331e-02
9.261191778596443436e-02
8.979572852347841860e-02
8.638825304930619620e-02
8.657208605409993929e-02
8.866204192822702002e-02
9.057757915682985994e-02
9.230079457398863985e-02
9.381610346373189802e-02
9.511029755893206372e-02
9.625643719240677132e-02
9.717774766304373979e-02
9.785460984178614985e-02
9.828257718584985925e-02
9.845948409599360185e-02
9.841501673719156573e-02
9.819904923581623812e-02
9.773673274926338028e-02
9.703338081371250257e-02
9.609604468673481337e-02
9.497369727380056137e-02
9.369537991083767836e-02
9.220904693663829754e-02
9.052674694389870047e-02
8.866152073676186740e-02
8.666423081263939510e-02
8.455731489530295131e-02
8.230539717394552701e-02
7.992372587245881455e-02
7.827603389554452229e-02
7.699187142810257067e-02
7.491247427220040778e-02
7.218591371225208109e-02
7.102205032331779244e-02
7.092017923469723373e-02
7.067647377950593557e-02
7.029609031828887300e-02
6.978467891876451168e-02
6.914831961860908038e-02
6.839345997179331615e-02
6.755220565924680010e-02
6.663834424327431949e-02
6.562426785491980163e-02
6.451721502398732877e-02
6.332453012012262406e-02
6.205361469280897685e-02
6.071188187974635442e-02
5.930671398473610911e-02
5.784542328674763256e-02
5.633628144024691725e-02
5.482060613390456194e-02
5.326703751224892008e-02
5.168231919459374824e-02
5.017562260059726942e-02
4.930715868603445518e-02
4.842655565593660671e-02
4.753548736395431240e-02
4.707420880714213024e-02
4.725439664587959693e-02
4.739263102431451324e-02
4.749001441156654180e-02
4.754770081980207175e-02
4.756688909311206082e-02
4.754881647981389070e-02
4.749475249593387155e-02
4.740599308652265059e-02
4.729268682145681274e-02
4.716048903764429034e-02
4.699705194900309635e-02
4.680370733545972245e-02
4.658179108960765896e-02
4.633263906116746877e-02
4.605758318711013904e-02
4.575794790310206556e-02
4.543504682877337608e-02
4.509017971857065543e-02
4.472462967180353133e-02
4.433966059056868025e-02
4.393651487957096757e-02
4.351641137490278033e-02
4.308054349485830603e-02
4.263007760146877989e-02
4.217213514275964387e-02
4.171064682214618846e-02
4.123727140401889368e-02
4.075306208781653144e-02
4.025904046059336494e-02
3.975619583779078925e-02
3.924548474768561196e-02
3.872783055194863044e-02
3.820412319224548992e-02
3.767521905375731395e-02
3.714194093838720651e-02
3.660507813738246574e-02
3.606538659701422761e-02
3.552358916869696043e-02
3.498037593637373655e-02
3.443640461433371963e-02
3.389230100829074971e-02
3.334865953347032619e-02
3.280604378359782552e-02
3.226498714539320634e-02
3.172599345212034905e-02
3.118953767226784884e-02
3.065606662731736043e-02
3.012599973512981866e-02
2.959972977397718613e-02
2.907762366326361800e-02
2.929082073410536891e-02
2.954522884761235160e-02
2.975751086884341826e-02
2.992736416306997563e-02
3.005471602286193325e-02
3.013970895126352398e-02
3.018268577460503366e-02
3.018417470451074947e-02
3.056471778598354727e-02
3.097588490578842210e-02
3.135452088048698571e-02
3.169958752079336806e-02
3.201025397295764047e-02
3.228588785149213991e-02
3.252604588456833867e-02
3.273046417458286977e-02
3.290991000512979298e-02
3.305585783420485202e-02
3.316631277993199733e-02
3.324158013278561558e-02
3.328209552186293246e-02
3.328841470627253579e-02
3.326120348984253072e-02
3.320122780852090283e-02
3.310934403648509855e-02
3.298648954679548467e-02
3.283367356204995591e-02
3.265196832180862485e-02
3.244250059044793272e-02
3.220644352457863180e-02
3.195251175580446357e-02
3.167880068235748997e-02
3.138184993042265197e-02
3.106293025406853953e-02
3.072332592865655715e-02
3.036432889184648501e-02
2.998723327668509700e-02
2.959333033502969598e-02
2.918390374311758545e-02
2.876022528161288269e-02
2.832355088161634185e-02
2.787511702567729843e-02
2.741613749174194592e-02
2.694780042879434470e-02
2.647126574966138235e-02
2.598766282884254833e-02
2.549808848982967197e-02
2.500360526885111664e-02
2.450523993929321423e-02
2.400398228419392890e-02
2.350078409916447203e-02
2.299732903016337565e-02
2.249727404091655947e-02
2.219259041508491251e-02
2.198166730248082151e-02
2.175673160520742722e-02
2.151870118881545405e-02
2.126848327783123493e-02
2.100697228803664537e-02
2.073504785742375650e-02
2.045357307076885178e-02
2.016339286861614302e-02
1.986533263181323311e-02
1.970780480199120499e-02
1.958343478520900224e-02
1.945039845627910199e-02
1.930914948978751031e-02
1.923923437225627531e-02
1.925606426029979543e-02
1.926884015346774781e-02
1.927767148071393016e-02
1.928266724121151243e-02
1.928506355892015828e-02
1.928521098049995955e-02
1.928181597119369567e-02
1.927498330968921078e-02
1.926481675901053209e-02
1.925141895852990059e-02
1.923489132541459853e-02
1.921533396506842212e-02
1.919284559063661258e-02
1.916752345049795372e-02
1.913946326383837021e-02
1.910875916328272361e-02
1.907550364484084451e-02
1.903978752443416869e-02
1.900169989989703920e-02
1.896132811992830985e-02
1.891875775757721756e-02
1.887407258911540445e-02
1.882735457785783897e-02
1.877868386236414971e-02
1.872813874860127653e-02
1.867579570616538162e-02
1.862172936824127781e-02
1.856601253449366440e-02
1.850871617741995517e-02
1.844990945153616654e-02
1.838965970471964292e-02
1.832803249259163866e-02
1.826509159498063140e-02
1.820089903354492680e-02
1.813551509283698251e-02
1.806899834143483458e-02
1.800140565533588782e-02
1.793279224268861521e-02
