5.954319437495383394e-01
5.976901656128132956e-01
6.014069122161197489e-01
6.082183412966749581e-01
6.102371801820736241e-01
6.162206912717300700e-01
6.232057753001968292e-01
6.371369223090530554e-01
6.534779061036553038e-01
7.895543054652471859e-01
7.603910725850666630e-01
9.457046335463512587e-01
1.533404086188522086e+00
1.117960130905820026e+00
1.121489311917090781e+00
9.942854911354406244e-01
1.229446257203353765e+00
1.227449151721011544e+00
1.435572886176499141e+00
1.321130663341015365e+00
1.486030757716366058e+00
1.502185385643539650e+00
1.962489431429896403e+00
2.210220349832337838e+00
2.233452279430505616e+00
2.168429908770186376e+00
1.919131604678467884e+00
2.136116070876834083e+00
1.933999765135779647e+00
2.244047639766959978e+00
1.940159017652134832e+00
2.184977558657509089e+00
1.739354636071026805e+00
2.137398705783188024e+00
2.392942020796778202e+00
2.190379538667816650e+00
2.211024128344124762e+00
2.650618874683356996e+00
2.571670237441136653e+00
1.964454692125881197e+00
1.475044690213470178e+00
1.431420476045862422e+00
1.352899079883310929e+00
1.250028687307016995e+00
1.219249044736958831e+00
1.591121537869359504e+00
1.617447771286480762e+00
1.640681295222181424e+00
1.645135313321726356e+00
1.749942800534498799e+00
1.889288200827286879e+00
1.881156814464630234e+00
1.833127822049445355e+00
1.687731470047727722e+00
2.096628376226084001e+00
2.731280819416722405e+00
2.907579844461447127e+00
2.744625688457185131e+00
2.615161898286872511e+00
2.471842407194391189e+00
2.433361010695790139e+00
2.682825228444997379e+00
2.809492416532033854e+00
2.806031750416789983e+00
2.703959661138458426e+00
2.910850689926160584e+00
3.088208893336730654e+00
3.196204458637163626e+00
3.257190272455261049e+00
3.276637785867572372e+00
3.324520322425502883e+00
3.420122165061605379e+00
3.573670047175269371e+00
3.774343736075386868e+00
3.584302822318164328e+00
3.222553736622772558e+00
2.963582065191030956e+00
3.204847541416751877e+00
3.911697557238413392e+00
4.272612367527333532e+00
4.052226382032088736e+00
3.681050140144324079e+00
3.428516475954230369e+00
3.036863816420751316e+00
3.235107274348234085e+00
3.321292868064051440e+00
3.231460897127081733e+00
3.135922597836598325e+00
3.217105037809790513e+00
3.487911574976831464e+00
3.763179963960258334e+00
3.880508812202946967e+00
3.733058732978286720e+00
3.459071595570383462e+00
3.527863857951402338e+00
3.480559351089647091e+00
3.347865777716401592e+00
3.181745819675411369e+00
3.054282582583757844e+00
3.035433812747768023e+00
3.146658535193784800e+00
3.374098035815275676e+00
3.637371707443460167e+00
3.824844889734925424e+00
3.877567435746269275e+00
3.768425059017750378e+00
3.568051196552357140e+00
3.281099587299774356e+00
2.892767420655633526e+00
2.617021417842179343e+00
2.400800508264236299e+00
2.154158750480253737e+00
1.903299000697000309e+00
1.672402672145317348e+00
1.479357423635511815e+00
1.334129694983835268e+00
1.233794390046352829e+00
1.167706226289928040e+00
1.121276891973228107e+00
1.081131303585547210e+00
1.039071247307382428e+00
1.007284183020925150e+00
9.772766995524001521e-01
9.410746003577101781e-01
8.995269539115013924e-01
8.549176405241357690e-01
8.104739882630357384e-01
7.669751542063882876e-01
7.267750231889229529e-01
6.893138974476725744e-01
6.805055213448840679e-01
6.844624468917854809e-01
6.844063981408036179e-01
6.800067459880984044e-01
6.712374248294643575e-01
6.573982736505054048e-01
6.380557158303427068e-01
6.133945804718765604e-01
5.849472236758763710e-01
5.722061620140047600e-01
5.550176422744970139e-01
5.348012688083915167e-01
5.388549635381395531e-01
5.382043559610177885e-01
5.273881129613713359e-01
5.154510179570394035e-01
5.164649433689318947e-01
5.137820390690231998e-01
5.084893273578126038e-01
5.013435438077333828e-01
4.923399565258527177e-01
4.808670407032780703e-01
4.659827335261126913e-01
4.469203111315915300e-01
4.299327394509430134e-01
4.318041552680036421e-01
4.305011772201052245e-01
4.252145883480178412e-01
4.155508807831432283e-01
4.013751252615581633e-01
3.832322906170324561e-01
3.879343146006359877e-01
3.910253748246529382e-01
3.923390636224742267e-01
3.916976062253864077e-01
3.891530077492466599e-01
3.847695306020455508e-01
3.785383468515319261e-01
3.708865341225019430e-01
3.616592425885351014e-01
3.515305155027331763e-01
3.403119127021629331e-01
3.286273021339383704e-01
3.163740128885164649e-01
3.041417111684774355e-01
2.918123338433446512e-01
2.797425497785277493e-01
2.680253677512989818e-01
2.592219545674452896e-01
2.553100757337348758e-01
2.514094758228113125e-01
2.475469338918184214e-01
2.437235202472926021e-01
2.401129137546660353e-01
2.366995286141318211e-01
2.334028556883764871e-01
2.311486649740307209e-01
2.374558188263961589e-01
2.429850475920417585e-01
2.474514882579775255e-01
2.510326547314274959e-01
2.533330122333272150e-01
2.545425676562712569e-01
2.543511554755535364e-01
2.527460219087779292e-01
2.498002531461233078e-01
2.453632991040523015e-01
2.394667286193595535e-01
2.322769557067661528e-01
2.238208832021460482e-01
2.141828814631911715e-01
2.036640033107070813e-01
1.995153844070292337e-01
1.986688056416826553e-01
1.973106505564877211e-01
1.953769757402754881e-01
1.929078476045987256e-01
1.899318770457981420e-01
1.864268143462825544e-01
1.824517081463978285e-01
1.780533549758093192e-01
1.732682428085917659e-01
1.687788062554857471e-01
1.673036267535890076e-01
1.654907910121570791e-01
1.633588191801626233e-01
1.608328546822740124e-01
1.580458176947812099e-01
1.549284835845465558e-01
1.514764948275925116e-01
1.492291669286933964e-01
1.496309540231151314e-01
1.495718143070521589e-01
1.489561359240352545e-01
1.478242762992701409e-01
1.485182432147251486e-01
1.516698507201674206e-01
1.539364873773255704e-01
1.552954549794473560e-01
1.557276986638643501e-01
1.552193524469950847e-01
1.538795109100722092e-01
1.516663789849625466e-01
1.487365053286492655e-01
1.451170102476295187e-01
1.409172645236705657e-01
1.362518403434702929e-01
1.384093244684632407e-01
1.411909846636664467e-01
1.431134494993272777e-01
1.441566543362015340e-01
1.443720748969662127e-01
1.438918289362398351e-01
1.427116229624444399e-01
1.410572259391817962e-01
1.389058808113120269e-01
1.365005604214696577e-01
1.338411028606584785e-01
1.311074652493420811e-01
1.283782537192851569e-01
1.257164005856399591e-01
1.232174452565764217e-01
1.209659518236388398e-01
1.189613363383334732e-01
1.172273456182455625e-01
1.157679101489908768e-01
1.145685337253774388e-01
1.136359217389967674e-01
1.128930040002695395e-01
1.122828398015645046e-01
1.117425439106862345e-01
1.112411490388953150e-01
1.109193749853877309e-01
1.111788915097782215e-01
1.119109614990474871e-01
1.122070763389734216e-01
1.119603054560466271e-01
1.111184032546349426e-01
1.121450479390622146e-01
1.147857305294222308e-01
1.166769684051528477e-01
1.177145935153953576e-01
1.179160769089192401e-01
1.172342380293491665e-01
1.157137628414614677e-01
1.133858219569492537e-01
1.102614551403623827e-01
1.063802817222919556e-01
1.046461302466749482e-01
1.054509023191106398e-01
1.055623947200768076e-01
1.049812548712537874e-01
1.037340843873295476e-01
1.018613410484437987e-01
9.941677186476581551e-02
9.646577747657167357e-02
9.308347245372122769e-02
8.935213269686859139e-02
8.632813848692832970e-02
8.527458104382137916e-02
8.408002061903835367e-02
8.273590439618198900e-02
8.125210588173198412e-02
7.966052888274699484e-02
7.796897849645136047e-02
7.673540270007152275e-02
7.642019392920149090e-02
7.608671732381629138e-02
7.573564754394417065e-02
7.536766425315878648e-02
7.498345063095966656e-02
7.458369195576146360e-02
7.416907425625941797e-02
7.374028303172525112e-02
7.329800203966413408e-02
7.284724673996767486e-02
7.239232162995445918e-02
7.216343168216522719e-02
7.204744173348906489e-02
7.188549916171940724e-02
7.166307245998665421e-02
7.138224276583200745e-02
7.104524395652911384e-02
7.065444415871782735e-02
7.022896661028989185e-02
6.975883704411112163e-02
6.924193759280722338e-02
6.868096273128915241e-02
6.807866221453916233e-02
6.743952109614784196e-02
6.678079694381552911e-02
6.608834745586786297e-02
6.536498693674976102e-02
6.461352230781025607e-02
6.383674191759940164e-02
6.303740512601396784e-02
6.222575376865146363e-02
6.140211823305541383e-02
6.056306601207425006e-02
5.991404831825106192e-02
5.933924039323237865e-02
5.876565705814812413e-02
5.819608573871686702e-02
5.763071444943075605e-02
5.706738589929197941e-02
5.650644459344150022e-02
5.594822134482588250e-02
5.539303339999108317e-02
5.484118458015473097e-02
5.429296543709004330e-02
5.374865342275374214e-02
5.320851307101193833e-02
5.267279619101593313e-02
5.214174207089387891e-02
5.161557769023572551e-02
5.109451794226421012e-02
5.057876586182645517e-02
5.006851286217824104e-02
4.956393897523086317e-02
4.906521309944632953e-02
4.857249324988672373e-02
4.808592681339222269e-02
4.760565080640683649e-02
4.713179213499910786e-02
4.666446785696169025e-02
4.620378544500208101e-02
4.574984305089783293e-02
4.530272976988394124e-02
4.486252590449499311e-02
4.442930322861628895e-02
4.400312524935310471e-02
4.358404746865018886e-02
4.317211764249331146e-02
4.276737603806892579e-02
4.236985568873128521e-02
4.197958264668012057e-02
4.159657623225889583e-02
4.122084927972776563e-02
4.085240838085421600e-02
4.049125412407226371e-02
4.013738133046513418e-02
3.979077928546063264e-02
3.945143196673290414e-02
3.911931826802236833e-02
3.879441221857452687e-02
3.847668319883154608e-02
3.816609615043884546e-02
3.786261178325173865e-02
3.756618677692347835e-02
3.727677397786575975e-02
3.699432259235754805e-02
3.671877837412054757e-02
3.645008380753930743e-02
3.618817828669675107e-02
3.593299828899840231e-02
3.568447754448487302e-02
3.544254720071996628e-02
3.520713598260966082e-02
3.497817034783025358e-02
3.475557463790587831e-02
3.453927122444355735e-02
3.432965906882420176e-02
3.412768419393356206e-02
3.393175324955374078e-02
3.374178019171195780e-02
3.355767775328194480e-02
3.337935756198415899e-02
3.320673025514257054e-02
3.303970558982104871e-02
3.287819254925079815e-02
