2.817540946133680335e-01
2.803479635907009659e-01
2.835512607803011287e-01
2.805169955636062640e-01
2.875958672606944710e-01
2.989937886435419245e-01
3.179195168323645793e-01
3.798616027736995138e-01
4.853008316720556770e-01
3.795523497881324038e-01
4.187843679931336771e-01
3.956079689833580382e-01
4.198275351512593123e-01
4.630489690580579798e-01
6.128406410955814509e-01
5.975010949499729440e-01
4.874175145838918199e-01
5.989701138039018602e-01
5.679795993875730309e-01
5.742032434918492578e-01
5.869982276586154235e-01
5.685197830272218367e-01
5.930706941225332152e-01
7.465294384713301312e-01
8.156868985696297258e-01
7.926938590925092232e-01
8.561390935119034262e-01
1.120426611972210829e+00
9.251987407185667811e-01
1.064530014850669115e+00
9.816319721325927894e-01
9.012999513615732594e-01
1.034933288772385440e+00
1.161177259339140955e+00
1.405071875093574008e+00
1.601030255199708208e+00
1.656186608336520649e+00
1.806855256877067495e+00
1.918903661610632971e+00
1.924141697385224337e+00
1.628058380596452137e+00
1.592645556095320991e+00
1.687531697836059497e+00
2.048298397065938747e+00
2.162997756198339783e+00
1.870301174995642413e+00
1.553498040885496589e+00
1.496419711750863302e+00
1.538191195210278028e+00
1.527387288541752985e+00
1.402314488558976224e+00
1.422562442211777745e+00
1.246911307870406826e+00
1.106622916619872443e+00
9.085058306781960136e-01
8.963054775516081651e-01
8.624206453541291006e-01
8.707668243756225834e-01
8.039106860747106120e-01
6.894268018674176712e-01
5.601235059258946603e-01
4.770501931475622515e-01
4.922364894440439675e-01
5.316152271584079214e-01
6.002023617495507724e-01
5.968660119197978231e-01
5.465334669935103529e-01
5.063517464555156167e-01
4.786405233105636148e-01
4.542361082914959658e-01
4.286570817851539372e-01
4.349045147014899970e-01
4.449625327574859845e-01
3.952176374444315576e-01
3.206596565484899353e-01
3.162096992027495501e-01
3.172164251658877165e-01
3.105506021068042966e-01
3.105753048042920739e-01
2.845288595243266050e-01
2.629503320113912856e-01
2.511029970865239491e-01
2.332607375207503275e-01
2.181229161354197865e-01
2.050709597190548128e-01
1.930137248962711383e-01
1.864125682472883572e-01
1.898337103251138691e-01
1.945267798978832230e-01
1.909036687466316162e-01
1.773025217580417867e-01
1.668221794645208533e-01
1.737183199468644024e-01
1.651544192072783857e-01
1.444690878260473099e-01
1.361913175694223488e-01
1.317424312521084384e-01
1.319657113743113730e-01
1.294686797323323646e-01
1.249295553793035307e-01
1.187532272821624213e-01
1.112074802750613045e-01
1.031949276742810256e-01
9.976450720119446613e-02
1.052014944245282801e-01
1.107286005126898176e-01
1.122342157312266331e-01
1.096328591666984598e-01
1.029620213435624293e-01
9.316607519816540173e-02
8.179007751257907910e-02
7.671731154324908097e-02
7.738685879207417295e-02
7.439852993615686527e-02
7.396025276444941066e-02
7.141515545217178018e-02
6.820717531074908802e-02
6.620710495381239291e-02
6.656026754408117529e-02
6.908834832201285470e-02
7.245918605020930381e-02
7.516771243172654104e-02
7.594435337871216496e-02
7.567087250029176648e-02
7.692941817372474234e-02
8.054980790384973222e-02
8.122136603407711930e-02
7.908628234559307579e-02
7.467980518503365694e-02
6.876059839406083174e-02
6.233757745305833903e-02
5.597863166314167443e-02
5.101065922249784640e-02
4.845519330520160067e-02
4.605548982423590676e-02
4.396353996359553262e-02
4.258297099783908690e-02
4.141614353052874148e-02
4.037929217650283731e-02
3.999070093585715274e-02
3.984827698989537592e-02
3.983784735762581353e-02
3.985706656293252353e-02
3.982635342193876354e-02
3.971200170436878923e-02
3.950040406885680505e-02
3.916553806073933691e-02
3.872495506328504922e-02
3.820747095546909305e-02
3.767832273368942192e-02
3.714167631456554569e-02
3.660832625292437248e-02
3.608731490591632340e-02
3.557401025771737835e-02
3.509507971823375844e-02
3.457825380438273033e-02
3.434618515765488350e-02
3.456852662211454263e-02
3.477862014107021421e-02
3.493746408809274284e-02
3.500794111558989952e-02
3.499539027195144175e-02
3.570639971855274486e-02
3.673632642178265018e-02
3.760889434090985972e-02
3.833670051092237518e-02
3.881238930662642139e-02
3.899019954082234840e-02
3.883794804483384905e-02
3.836051792075976380e-02
3.758932127683208696e-02
3.646279932139888380e-02
3.499745995975796220e-02
3.323599599893577866e-02
3.125491552893189945e-02
2.903841100512624326e-02
2.773277377582368183e-02
2.799263467832944011e-02
2.798512990843840531e-02
2.774998654069070134e-02
2.729144194861558501e-02
2.688470790586559508e-02
2.734670780073557295e-02
2.748908320362785859e-02
2.733183411214099370e-02
2.709589226007107221e-02
2.698535924129923450e-02
2.673894611984505010e-02
2.636076010553827648e-02
2.608987796057625486e-02
2.605494561571048209e-02
2.591400217139170833e-02
2.565936033670444469e-02
2.535922509534259406e-02
2.526135320493476388e-02
2.507381046686748757e-02
2.480236160807180665e-02
2.445317500553237725e-02
2.403504593382473076e-02
2.358145801095710981e-02
2.306793655814239064e-02
2.250116484045894955e-02
2.188778086808494325e-02
2.151720182046496649e-02
2.115727444971701385e-02
2.078031198290974241e-02
2.038847527799607373e-02
2.045739816233764843e-02
2.087399846981009832e-02
2.133376985398452788e-02
2.172499923826725840e-02
2.199018005350887595e-02
2.213281785404694682e-02
2.215804008035382466e-02
2.207234180550870714e-02
2.188333642410516741e-02
2.159951570975177440e-02
2.124987991556652467e-02
2.082796158298561712e-02
2.033778974141137175e-02
1.978916199028943682e-02
1.919183016189172572e-02
1.855536118410794355e-02
1.788901721266750525e-02
1.730069405219163137e-02
1.719142248127369238e-02
1.706825484180321539e-02
1.693222780929090621e-02
1.678434402667498479e-02
1.662557074505303586e-02
1.645683887864174411e-02
1.627904242142821228e-02
1.609303817631208694e-02
1.589964575241021097e-02
1.569964778946210393e-02
1.549379037288649806e-02
1.528278360644035223e-02
1.506730231330550597e-02
1.484798683977637743e-02
1.462871624800679213e-02
1.440885547827929283e-02
1.418655120683076122e-02
1.396232517452494250e-02
1.373666965967035650e-02
1.351004846917038676e-02
1.328289793277042351e-02
1.305562789252178758e-02
1.282862268231713988e-02
1.260224209213535798e-02
1.237682231404765854e-02
1.215267686680052660e-02
1.193009749749392168e-02
1.170935505888031497e-02
1.149070036165876496e-02
1.127436500156841527e-02
1.106056216105675942e-02
1.084948738650327003e-02
1.064131934069994546e-02
1.043622053211839922e-02
1.023433802125825291e-02
1.011286494964600512e-02
1.004214548143868985e-02
9.971618432280957359e-03
9.901293511885766660e-03
9.831179815254470489e-03
9.761285882529341026e-03
9.691619753702619688e-03
9.622189018380711625e-03
9.553000861007583666e-03
9.484062101599298120e-03
9.415379232494792278e-03
9.346958451409249219e-03
9.278805690754125118e-03
9.210926643843283732e-03
9.143326788065810756e-03
9.076011405158498913e-03
9.008985599063898050e-03
8.942254311301611400e-03
8.875822334333680758e-03
8.809694322851432946e-03
8.743874803380425123e-03
8.678368182267104727e-03
8.613178752236178709e-03
8.548310697679363870e-03
8.483768098751726452e-03
8.419554934544347391e-03
8.355675085303215788e-03
8.292132333917822881e-03
8.228930366728726131e-03
8.166072773751718861e-03
8.103563048407263700e-03
8.041404586971560159e-03
7.979600687476858314e-03
7.918154548516687097e-03
7.857069267840159285e-03
7.796347840708557804e-03
7.735993158244452300e-03
7.676008005704001297e-03
7.616395060616708464e-03
7.557156891191357459e-03
7.498295954523303587e-03
7.439814594981255559e-03
7.381715042713360257e-03
7.323999412217220735e-03
7.266669701072400560e-03
7.209727788751450414e-03
7.153175435709258935e-03
7.097014282495408589e-03
7.041245849155413315e-03
6.985871534674328517e-03
6.930892616745661615e-03
6.876310251574581540e-03
6.822125474000482158e-03
6.768339197584883303e-03
6.714952215122599148e-03
6.661965199113276809e-03
6.649232413234966790e-03
6.634272799034013519e-03
6.617192028386750455e-03
6.597698285707337060e-03
6.575522131805238042e-03
6.550788724590126712e-03
6.523626867450822361e-03
6.494168128588492968e-03
6.462546014858497681e-03
6.428895201046658930e-03
6.393350813004941048e-03
6.356047765734625966e-03
6.317120153986130124e-03
6.276700695439835567e-03
6.234920224595340288e-03
6.191907235965583844e-03
6.147787474921117233e-03
6.102683574428768680e-03
6.056714735600383925e-03
6.009996450149704926e-03
5.962640262852855755e-03
5.914753571386988963e-03
5.866439462055055010e-03
5.817796578770771838e-03
5.768919023181400332e-03
5.719896284186026629e-03
5.670813194152051449e-03
5.621749910388476081e-03
5.572781919212832329e-03
5.523980061350157976e-03
5.475410576035935097e-03
5.427135162685822745e-03
5.379211057689517288e-03
5.331691125373693579e-03
5.284623960872637111e-03
5.238054003687223938e-03
5.192021660561411782e-03
5.146563436350088706e-03
5.101712070938050139e-03
5.057496682179253925e-03
5.013942912670183751e-03
4.971073079844163731e-03
4.928906328405523521e-03
4.887458784003840054e-03
4.846743707534955682e-03
4.806771649356666141e-03
4.767550602252646798e-03
4.729086153447721076e-03
4.691381634129188072e-03
4.654438266749241077e-03
4.618255309202307785e-03
4.582830195697038846e-03
4.548158673962606272e-03
4.514234938549937202e-03
4.481051759904485475e-03
4.448600608785793949e-03
4.416871776682530955e-03
4.385854490953613495e-03
4.355537025541585811e-03
4.325906806625420993e-03
4.296950513651107660e-03
4.268654175070584963e-03
4.241003259659982885e-03
4.213982762489386531e-03
4.187577286556439654e-03
4.161771119326873776e-03
4.136548304742470282e-03
4.111892710866336086e-03
4.087788092625325130e-03
4.064218150601064256e-03
4.041166585609534505e-03
4.018617148798629170e-03
3.996553688334309601e-03
3.974960191806150428e-03
3.953820825315635529e-03
3.933119968935587692e-03
3.912842248695180478e-03
3.892972565564701594e-03
3.873496121218221802e-03
3.854398440907717219e-03
3.835665393676346551e-03
3.817283209848376397e-03
3.799238496052295081e-03
3.781518247935069382e-03
