1.979479472373434079e-01
1.974825880322523819e-01
1.973627223311665846e-01
1.991038682556370842e-01
1.989761857876374829e-01
2.019117978951829040e-01
2.200159200524341441e-01
2.245499452807702134e-01
2.611003060659465302e-01
3.103507361186826352e-01
4.914233273852456896e-01
4.582326243744637151e-01
3.137619931028153841e-01
3.820117005245352582e-01
4.381974352927393013e-01
3.919332847388194430e-01
5.344311820355475140e-01
7.442588292049663323e-01
7.048802397866377190e-01
5.201413609920993997e-01
5.961817949157448560e-01
5.314015930089913686e-01
5.031227886505941216e-01
5.222836197823109705e-01
5.571821292663270420e-01
5.391144547456959701e-01
5.549972639266961272e-01
4.814898171988333253e-01
4.316883554963840131e-01
5.047763187965069731e-01
5.296828223072288511e-01
5.282393040352209024e-01
6.746372792497529192e-01
7.397402615363944944e-01
7.595278396011300170e-01
7.353529388430510849e-01
6.647680458663467462e-01
8.285273095909192476e-01
8.226120882120632194e-01
8.762942439000686035e-01
8.418129758335466395e-01
6.359875351683276223e-01
7.926752654544084731e-01
8.628915892287772893e-01
8.376683134136742037e-01
8.756834764971358487e-01
9.461224493854714090e-01
1.117104351365691528e+00
1.296852864144103723e+00
1.403035140824898885e+00
1.585450636276057201e+00
1.522677748134676712e+00
1.321596737382287667e+00
1.590403647597158132e+00
1.581265430483567602e+00
1.488772002012617612e+00
1.608407564841030979e+00
1.628184028504084946e+00
1.371277773358023477e+00
1.180726952247782569e+00
1.070966963482449241e+00
9.378117895195020592e-01
8.015039967536314869e-01
7.713443079453490281e-01
7.944439612867586487e-01
8.007942921512304357e-01
8.093875108007224650e-01
7.624364963680296814e-01
7.334539254721129664e-01
7.207766748671645685e-01
6.870161419381884960e-01
6.107086443039994039e-01
5.522101943916044586e-01
5.333434103115590741e-01
5.226655347202576740e-01
5.144535765406282879e-01
5.272872235256736984e-01
5.082541296188846092e-01
5.097449628369958852e-01
4.750880503939671762e-01
4.291617617241200167e-01
4.540326230543820230e-01
4.185496584543213494e-01
3.819480119635646487e-01
3.718100457643603307e-01
3.740088374309815666e-01
3.429424210682905372e-01
2.889923967208674060e-01
2.756190571027081204e-01
2.783760184862256182e-01
2.775027982237604496e-01
2.764661649514661423e-01
2.899682905721120418e-01
2.770894769153004478e-01
2.585119134318936696e-01
2.397545623695099826e-01
2.084204054545164553e-01
1.905969738715628525e-01
1.799706212972329578e-01
1.804692155764785477e-01
1.861273105912550074e-01
1.882044356932104645e-01
1.859256945519778825e-01
1.905570165121080739e-01
1.862911992785077075e-01
1.739229948076646826e-01
1.604028003323750284e-01
1.568797689824487085e-01
1.499077333932272438e-01
1.399566897637276042e-01
1.290709556252157275e-01
1.188203501976442950e-01
1.111123124718922245e-01
1.067094406553895647e-01
1.044554798047718364e-01
1.038356705325495927e-01
1.052854198245920664e-01
1.082452624769563582e-01
1.106381853900885864e-01
1.119315917629832569e-01
1.115734551018330717e-01
1.093443889333031993e-01
1.052372201120934520e-01
9.944145504772433641e-02
9.674374232356440506e-02
9.891590013079400168e-02
9.896693746782224410e-02
9.709191227150332226e-02
9.429073223773497270e-02
9.118341126338397329e-02
8.418057923489920269e-02
7.836403535480472582e-02
7.737599678366725853e-02
7.441342266612233081e-02
7.208234901775524561e-02
6.900200663940124490e-02
6.549401385847328227e-02
6.185055745075498934e-02
5.819710686217352547e-02
5.526906254480761643e-02
5.430446246503892876e-02
5.347504654269596980e-02
5.279682930128701268e-02
5.226867550107064386e-02
5.188562204993330679e-02
5.158001688866529350e-02
5.130891752641426884e-02
5.102861830749867711e-02
5.069919813155539245e-02
5.028797278628191481e-02
4.979369590432891624e-02
4.921092752192739173e-02
4.850659742183248413e-02
4.768733678635451306e-02
4.676808452047638565e-02
4.577005727900258780e-02
4.473623251194590311e-02
4.368810059763414411e-02
4.263410891604928893e-02
4.159861500615413821e-02
4.060238566710922675e-02
3.966158589942769125e-02
3.878724706799226152e-02
3.798518545715454109e-02
3.725631133002126061e-02
3.659724790867563415e-02
3.600116911719810492e-02
3.545876337641511861e-02
3.495923654389972851e-02
3.449127832834521235e-02
3.404393121284090412e-02
3.360731729199529366e-02
3.317319493328422381e-02
3.273533261482992202e-02
3.228970082374639505e-02
3.183840164585565596e-02
3.138386441499266266e-02
3.092159622256918788e-02
3.045508708865079725e-02
2.998897289679938391e-02
2.962879653242725397e-02
3.022605010546077983e-02
3.085150435964487126e-02
3.130552531075689315e-02
3.159154018674686232e-02
3.173062421401483951e-02
3.175229342028838136e-02
3.162914743213320057e-02
3.136787929790309931e-02
3.099579484119074566e-02
3.051624192437713684e-02
2.990258452379774071e-02
2.915219115675338549e-02
2.828782890220172402e-02
2.729676867541540319e-02
2.615963490750697340e-02
2.548618145266403484e-02
2.517453489537264943e-02
2.464961868067046952e-02
2.391994160946741763e-02
2.351492153567009274e-02
2.305229134526538479e-02
2.252853804844630325e-02
2.266163148837706254e-02
2.297760434613634398e-02
2.316634085449877783e-02
2.325279652345427217e-02
2.319356189281798070e-02
2.306577342982120762e-02
2.342111557471583672e-02
2.365250721605010459e-02
2.375105331424655006e-02
2.373039552290968912e-02
2.358280102831483011e-02
2.329276183582315932e-02
2.286288965262162076e-02
2.231753721513258376e-02
2.171594121581055248e-02
2.167993164374001913e-02
2.158023114503624870e-02
2.140168784599841972e-02
2.114489406041749828e-02
2.081145061611309674e-02
2.042416842181049921e-02
1.996961640013258932e-02
1.944734270372543497e-02
1.936978264818372056e-02
1.936040285796027799e-02
1.929987694838311216e-02
1.917906219281059754e-02
1.901084239876329324e-02
1.879546271001707528e-02
1.852542042378720749e-02
1.820619673503133876e-02
1.785480828701527245e-02
1.745753213342097696e-02
1.701815987751200548e-02
1.654226787885946376e-02
1.616501472112515797e-02
1.585170266227423769e-02
1.551046726605957542e-02
1.514223961422139081e-02
1.474968450651259477e-02
1.437873228628460016e-02
1.443276975313579139e-02
1.443616992955529602e-02
1.439111848365987739e-02
1.436595474124216162e-02
1.448041737387409898e-02
1.457130482968851774e-02
1.463652569305441860e-02
1.468385624127976907e-02
1.470925935404952464e-02
1.471125532333917955e-02
1.469884897709587517e-02
1.466584574033889810e-02
1.461339178214730687e-02
1.454889765718625320e-02
1.446583558625914173e-02
1.436887815500248293e-02
1.426004797957812313e-02
1.425400341592681155e-02
1.433526917630138960e-02
1.438397500763544286e-02
1.440160944228154397e-02
1.439680107495759989e-02
1.439545553801738730e-02
1.435804578511800690e-02
1.428207984887647219e-02
1.417043303289202902e-02
1.402616795969007478e-02
1.386017410571065145e-02
1.372653404970002738e-02
1.354585870377400005e-02
1.334404668161770675e-02
1.315257303314792438e-02
1.295450268921983020e-02
1.274927966038921258e-02
1.253857054951554306e-02
1.232394847114925973e-02
1.210688682577877422e-02
1.188875458572520409e-02
1.167081300008898995e-02
1.145421361822743407e-02
1.123999752809157898e-02
1.102909570269674892e-02
1.082233034703404019e-02
1.062041713766440250e-02
1.042396824892435729e-02
1.023349606243497724e-02
1.004941745876283127e-02
9.872058596179334594e-03
9.701660083872413326e-03
9.538382464131581889e-03
9.382311922392458370e-03
9.233466150234749190e-03
9.091800292563406369e-03
8.957212915866416547e-03
8.829551941122674302e-03
8.708620490178887313e-03
8.594182601052073253e-03
8.485968772795737108e-03
8.383681306217112897e-03
8.286999412443514859e-03
8.195584064866000273e-03
8.109082577187324073e-03
8.027132891619145894e-03
7.949367568062474382e-03
7.875417466662350263e-03
7.804915121469390912e-03
7.737497803928249790e-03
7.672810279447712760e-03
7.610507262075912049e-03
7.550255573646573459e-03
7.491736017315412700e-03
7.434644975171910905e-03
7.378695742464121653e-03
7.323619610756143539e-03
7.275614704784650472e-03
7.237474255488724612e-03
7.200746329920977747e-03
7.165217051716815493e-03
7.130672989094830570e-03
7.096903190222747168e-03
7.063701029117488289e-03
7.030865864072138351e-03
6.998204510936295933e-03
6.965532535392405730e-03
6.932675369607944199e-03
6.899469259040035170e-03
6.865762046898231039e-03
6.831413803344302260e-03
6.796297307920040782e-03
6.760298393843526890e-03
6.723316162883115864e-03
6.685263080101753672e-03
6.646726889409778835e-03
6.607085247879312950e-03
6.566186028522497629e-03
6.523991731416979752e-03
6.480477231053633803e-03
6.435629360348010981e-03
6.389446435386492498e-03
6.341937729302999684e-03
6.293122902630943032e-03
6.243031397677331618e-03
6.191701804094023980e-03
6.139181202090769097e-03
6.085524489204929312e-03
6.030793697213619742e-03
5.975057303450195291e-03
5.918389542501835583e-03
5.860869722089935910e-03
5.802581547584553454e-03
5.743612458812752050e-03
5.684052982402504166e-03
5.623996102708580386e-03
5.563536653873185633e-03
5.502770735191076130e-03
5.470057041730148374e-03
5.456949239702007376e-03
5.439882365476420879e-03
5.418879142852206336e-03
5.393988526520726058e-03
5.365284391373926869e-03
5.332864069125244251e-03
5.296846753850986862e-03
5.257371799252369415e-03
5.214596928540756599e-03
5.168696378748681257e-03
5.119858999121162241e-03
5.068286323097594658e-03
5.014190632149614739e-03
4.957793028581065735e-03
4.899321532921180160e-03
4.839009220931834478e-03
4.777092412666319662e-03
4.713808926140389960e-03
4.649396405742759787e-03
4.595079892246477400e-03
4.557108510674065353e-03
4.519462163591264799e-03
4.514406815984898028e-03
4.552777178866659370e-03
4.589185994452378049e-03
4.623474684939243157e-03
4.655505076527080566e-03
4.685159422293478336e-03
4.712340265200632913e-03
4.736970152143040423e-03
4.758991210220372969e-03
4.778364596584027194e-03
4.795069833782109221e-03
4.809104043022808216e-03
4.820481087270613203e-03
4.829230635903111746e-03
4.835397163423714624e-03
4.839038893689906300e-03
4.840346797464772748e-03
4.839845629084022459e-03
