3.262453223600280672e-01
3.261847882849961966e-01
3.245896932397497880e-01
3.281198367189930298e-01
3.357573513139502919e-01
4.202936035458045838e-01
3.494005717192689153e-01
4.240075627280166515e-01
4.447839193314576667e-01
5.931157738329173590e-01
9.425266914655549000e-01
6.638854305996233496e-01
6.538160613739029126e-01
5.968293354581778454e-01
6.851294273844549254e-01
6.049742507753264054e-01
9.117643774590006300e-01
8.538429040377365498e-01
8.810306658062072582e-01
1.135349788503405399e+00
1.090984377717287623e+00
1.008862131059842238e+00
1.197812436015719184e+00
1.534358951615123701e+00
1.760673735984497723e+00
1.471467938659693830e+00
1.986535691137842230e+00
1.805098806670853318e+00
2.129337161890378027e+00
2.217915744314606918e+00
2.109896499469255726e+00
2.645303934795673939e+00
2.596064654171224895e+00
2.736806702386708867e+00
2.204603749617327857e+00
1.952251124938402915e+00
1.665992684099812937e+00
1.169965491619583187e+00
1.180454564875526913e+00
1.303971306369611005e+00
1.168930374309751441e+00
9.400238035017418614e-01
8.563731416342733604e-01
9.047046626012301695e-01
9.172818988587881917e-01
7.107994094695863074e-01
6.051385729056167895e-01
6.126716227867747833e-01
5.327155387354050031e-01
4.712689912481320409e-01
4.856385223060151746e-01
4.586543800325999509e-01
4.881015720657544965e-01
4.741473505255243137e-01
3.991293510971120617e-01
3.492833463222952961e-01
3.348027671184202192e-01
2.969580937637870122e-01
2.702257068268728024e-01
2.542715760000185399e-01
2.504719379534269819e-01
2.514101961670949237e-01
2.542155979170329094e-01
2.442971489225381210e-01
2.327502239719035082e-01
2.334558204541339055e-01
2.148905169996446207e-01
2.000936412570146206e-01
2.040540831852050430e-01
1.994100715047681660e-01
1.837183079957869503e-01
1.569277380140256528e-01
1.540154497134100520e-01
1.591027079976114200e-01
1.594887056396026848e-01
1.545913606789280359e-01
1.444531719580138818e-01
1.316019755634681987e-01
1.289078054901773296e-01
1.405819846701360232e-01
1.424949243234268081e-01
1.309413176918033939e-01
1.293253431276426002e-01
1.216283953886036495e-01
1.180851466660624849e-01
1.099760613173175333e-01
9.663523529961470793e-02
9.244201350102676518e-02
8.821758056318038110e-02
8.352188412885543090e-02
8.557062006197610482e-02
8.785816026067168327e-02
8.791965906739390713e-02
8.534366828550608852e-02
7.986243127472039682e-02
7.495720981003160810e-02
8.136445389279528539e-02
8.647594681466556910e-02
8.823729491273299419e-02
8.466994388323366427e-02
7.728187662177486705e-02
6.800528752384675524e-02
6.018889851382319689e-02
5.993007257121660269e-02
5.874753549237014816e-02
5.700044453620106699e-02
5.496770362514335345e-02
5.265252967208240709e-02
5.015709734420256000e-02
5.144231307445995549e-02
5.280546581654312066e-02
5.315848077515927111e-02
5.226956447785139487e-02
4.983578766735310972e-02
4.590864303455117340e-02
4.181298630777260245e-02
4.106346175391369091e-02
4.078833611803941300e-02
4.040841808311816663e-02
3.954647579202798940e-02
3.859861226093205117e-02
4.075538872792202477e-02
4.230016456350875476e-02
4.317245771880456884e-02
4.327851983910832590e-02
4.272315480459984438e-02
4.159668131226896409e-02
3.987876381231193756e-02
3.768451709763556701e-02
3.630200733771012100e-02
3.765344497217073400e-02
3.818747484030104306e-02
3.793868864059200818e-02
3.687174435598454536e-02
3.516076884906564615e-02
3.372892505743593783e-02
3.302043236287720285e-02
3.196252882327879630e-02
3.074166960406634133e-02
2.941592067975603436e-02
2.804497239397212016e-02
2.668413957940250769e-02
2.621308117582596062e-02
2.658445260507733346e-02
2.683530917996907947e-02
2.698318833218938881e-02
2.704301749268979774e-02
2.703258304406119805e-02
2.690038321836918378e-02
2.663223720184088733e-02
2.621811869825217342e-02
2.565586808142053879e-02
2.495337436429529918e-02
2.412912346294142363e-02
2.321124501182092112e-02
2.223536310561057688e-02
2.124165742475687610e-02
2.027157242064366385e-02
1.936458425755316348e-02
1.855536379605854380e-02
1.787157666928543970e-02
1.759252749704568602e-02
1.754817595936960031e-02
1.744547901273401508e-02
1.730690243939708370e-02
1.711414388028046143e-02
1.687150450437252189e-02
1.713593798975620100e-02
1.747050425788897882e-02
1.784843186711955812e-02
1.824538516778808489e-02
1.863896860704794545e-02
1.900947860124339861e-02
1.934036726313292237e-02
1.961844621312877623e-02
1.983387261259133422e-02
1.997996682147089309e-02
2.005291255940173240e-02
2.006773284475018085e-02
2.001484950579285674e-02
1.989048527580420528e-02
1.969810704197848608e-02
1.944224885504261535e-02
1.912823961194328251e-02
1.876198082626227490e-02
1.834977070252800588e-02
1.789816735822565702e-02
1.741388224890756675e-02
1.690369443375196179e-02
1.637437699327936799e-02
1.601792572954850377e-02
1.561823037309274277e-02
1.518539415068461892e-02
1.473801334640366910e-02
1.427025894506679486e-02
1.379068497172241878e-02
1.348897918933136472e-02
1.320488256976269995e-02
1.290743240353254759e-02
1.260279405907726268e-02
1.229689206375672410e-02
1.199528075898292044e-02
1.170302546540302399e-02
1.142459842425277462e-02
1.116379313722921755e-02
1.092365989474972446e-02
1.070646432890471310e-02
1.051366982213939281e-02
1.034594361043998829e-02
1.020318548976910204e-02
1.008457721532185318e-02
9.988650001834870756e-03
9.913367012391651259e-03
9.856217370870614183e-03
9.814318050064331847e-03
9.784519961585105147e-03
9.763514694828886314e-03
9.747938594876078347e-03
9.734471214151116727e-03
9.719925593282828166e-03
9.701328298874359671e-03
9.675987644931913906e-03
9.641549031316962171e-03
9.596036823449418524e-03
9.537882660331876983e-03
9.465940497601622178e-03
9.444740834398362983e-03
9.459321903353018826e-03
9.465112236164580431e-03
9.461037686782714298e-03
9.446547617154068752e-03
9.424562809300663854e-03
9.391243902315155392e-03
9.346591584479264914e-03
9.290855614814267846e-03
9.224512787885294149e-03
9.148241638100315307e-03
9.062894715887948038e-03
8.969469243381220439e-03
8.869076917088230053e-03
8.762913570286780252e-03
8.652229342404326243e-03
8.538299930163402093e-03
8.422399415949223533e-03
8.305775089154140284e-03
8.189624594332124696e-03
8.075075660235294522e-03
7.963168587055048306e-03
7.854841597859001448e-03
7.750919092483143751e-03
7.652102782866146077e-03
7.558965635348554972e-03
7.471948498868747485e-03
7.391359260354890548e-03
7.317374335848062655e-03
7.250042282489998352e-03
7.189289298275687752e-03
7.134926365000255483e-03
7.086657784375122691e-03
7.044090856357103532e-03
7.006746452867122603e-03
6.974070248353557953e-03
6.945444379341057968e-03
6.920199319512362023e-03
6.897625773417096103e-03
6.876986408819586553e-03
6.857527267625650354e-03
6.838488714132237925e-03
6.819115800091809371e-03
6.798667944437325646e-03
6.776427846383857763e-03
6.751709567902316154e-03
6.723865739919778102e-03
6.692293862724407738e-03
6.656441686428931845e-03
6.615811671541298351e-03
6.569964541378844718e-03
6.518521950378575527e-03
6.461168300377450983e-03
6.397651746692706656e-03
6.362315288734363139e-03
6.382303130758106360e-03
6.396731223111335948e-03
6.405144312738040961e-03
6.407140911594308257e-03
6.402375391055786791e-03
6.390559374637659086e-03
6.371462463111822808e-03
6.383259940505290470e-03
6.417302802684357946e-03
6.447035402006814388e-03
6.472170402814559666e-03
6.492455258654995266e-03
6.507672530319291888e-03
6.534698628531593334e-03
6.558911664324537823e-03
6.575156982868261141e-03
6.583311846372543776e-03
6.583305184596092985e-03
6.575116214010391646e-03
6.558772699877628114e-03
6.534348903962245922e-03
6.501963258054979655e-03
6.461775804783707021e-03
6.413985445066883173e-03
6.358827030522927991e-03
6.296568337472934797e-03
6.227506957301177405e-03
6.151967135715838246e-03
6.070296591635216711e-03
5.982863343574043938e-03
5.891868132511569184e-03
5.814499816683154146e-03
5.733530704342621256e-03
5.649217122815894387e-03
5.561820762111686564e-03
5.471607125761412428e-03
5.378844052354591829e-03
5.283800312787932663e-03
5.264047641338844875e-03
5.243072538360094882e-03
5.220025496665056837e-03
5.194974689872784539e-03
5.167991085222701543e-03
5.139148071936305504e-03
5.108521103260453555e-03
5.076187352623408137e-03
5.042225384606105650e-03
5.006714840838293740e-03
4.969736141513182021e-03
4.931370201880968564e-03
4.891698164654299623e-03
4.850801147821250103e-03
4.808760007929739795e-03
4.765655118607888853e-03
4.721566164274760419e-03
4.676571948733580439e-03
4.630750218309826263e-03
4.584177499211521990e-03
4.536928948725064623e-03
4.489078220046517978e-03
4.440697339864275138e-03
4.391856598776156667e-03
4.342624453773291301e-03
4.293067442177406039e-03
4.243250107022835532e-03
4.193234932843857392e-03
4.143082291756902680e-03
4.092850398975145763e-03
4.042595277796492796e-03
3.992370732879073694e-03
3.942228331755854437e-03
3.892217394137129517e-03
3.842384988208631582e-03
3.792775933574050497e-03
3.743432810642234425e-03
3.694395975470846950e-03
3.645703580237474959e-03
3.597391598431989423e-03
3.549493854635540641e-03
3.502042058222527843e-03
3.455065841127144283e-03
3.408592798518158065e-03
3.362648532881954908e-03
3.317256700385048766e-03
3.272439060037219804e-03
3.228215524386540691e-03
3.184604212331642453e-03
3.141621503284016716e-03
3.115219067945366582e-03
3.100560925103806528e-03
3.085147278382327496e-03
3.069021487331488867e-03
3.052226191193560013e-03
3.034803249912205059e-03
3.016793691059911804e-03
2.998237662018433513e-03
2.979174387610460020e-03
2.959642132492818975e-03
2.939678168629298281e-03
2.919318746999744352e-03
2.898599074102561728e-03
2.877553292117480521e-03
2.856214463351770729e-03
2.834614558127693425e-03
2.812784446384139318e-03
2.790753892312343356e-03
2.768551552339751799e-03
2.746204975680225768e-03
2.723740607993569221e-03
2.701183797063013044e-03
2.678558801023167655e-03
2.655888799044530974e-03
2.633195903236317838e-03
2.610501173178920303e-03
2.587824631476371914e-03
2.565185281198774543e-03
2.542601124536776093e-03
2.520089182601204653e-03
2.497665516448406217e-03
