8.640846146759249002e-01
8.641315131361859692e-01
8.662951287955180657e-01
8.637162268845003377e-01
8.689821003361388740e-01
8.733970647747679728e-01
8.756036273266151193e-01
8.852926190030167009e-01
8.889845485299291417e-01
8.860617261526820831e-01
9.515013224327630859e-01
1.033180941492960692e+00
1.056363155784009633e+00
1.006115450059198224e+00
1.236150548733719212e+00
1.573385505872215262e+00
1.374561630816578672e+00
1.400199085313280412e+00
1.682666614205082567e+00
1.564338889391615028e+00
1.787224061691672805e+00
1.873433493124617488e+00
1.804344660236232523e+00
2.024430501800297932e+00
2.050234821155365150e+00
1.882680547167191021e+00
1.885336152032397239e+00
2.183470889944099547e+00
2.031448317493937061e+00
2.017301571556556983e+00
1.895455376555580829e+00
1.694332594836748029e+00
1.713804452308023363e+00
1.738285355989880099e+00
1.891168645850914709e+00
1.858783440243903629e+00
1.955902433618189606e+00
1.977489941342537527e+00
2.038457357139906279e+00
2.217819649336094212e+00
2.727745344419442386e+00
3.177103275119395498e+00
3.120288764028351647e+00
2.705270560697727866e+00
2.821941376017907288e+00
3.566432717009712317e+00
3.500770988958436192e+00
3.226830117601414472e+00
3.293559068533910228e+00
3.068049642974909119e+00
3.662561219718550642e+00
4.083835628490227521e+00
4.255355405388588252e+00
4.306991638883078011e+00
4.490343348052416417e+00
4.561402048660763597e+00
4.758728769067167796e+00
5.207603925257838107e+00
6.062015309769326343e+00
5.998084390918425157e+00
4.617256445121630470e+00
4.693474318487006691e+00
4.818823362061240623e+00
4.769456604565735169e+00
4.610198400820661568e+00
4.418204188173639579e+00
4.252264922597800201e+00
4.492342618371507612e+00
4.842177670222395314e+00
5.162435132556499440e+00
5.375945009846268441e+00
5.431429531776843511e+00
5.248435202676067668e+00
4.829608904858952556e+00
4.206752596099732067e+00
4.218231084480869697e+00
4.303406433011108589e+00
4.406129431605825708e+00
4.485261305299738765e+00
4.531791670755816348e+00
4.537668987258099307e+00
4.503724623901650403e+00
4.419031235333633845e+00
4.695351998174913000e+00
5.044228367679201241e+00
5.233599663917526179e+00
5.624504217244617799e+00
5.621428569369615325e+00
5.390268209928082754e+00
4.857236419468336841e+00
4.205808383367597436e+00
3.617128382999824421e+00
3.231958379722803532e+00
2.845769161901332556e+00
2.481509594082846881e+00
2.152939048242700437e+00
1.872730656054371501e+00
1.641419033845362252e+00
1.459590238813383234e+00
1.351964006383557404e+00
1.254265816740443684e+00
1.165821190497596582e+00
1.086849845532824155e+00
1.015927303107756030e+00
9.654286233921929306e-01
9.210349184314921001e-01
8.801847286948877302e-01
8.426783768404593200e-01
8.085539924596236716e-01
7.778438133808454058e-01
7.658257605056782991e-01
7.552763718405857141e-01
7.427469880852446416e-01
7.271706291719414184e-01
7.091701271523825900e-01
6.872781724110477164e-01
6.614413277977585492e-01
6.577250337669039437e-01
6.552549207064815029e-01
6.493920410753755146e-01
6.403068556256013011e-01
6.270679123649425257e-01
6.104301896256597582e-01
5.895498333324101781e-01
5.652904251521714274e-01
5.490964768755128844e-01
5.409308753406592007e-01
5.327892287461762910e-01
5.243358184802522359e-01
5.154426657529851408e-01
5.059988980983491924e-01
4.962411855954313999e-01
4.860019315083217717e-01
4.749988981217706518e-01
4.632053461818959050e-01
4.508995437410581175e-01
4.380686575572841912e-01
4.337820142930706724e-01
4.320336311826055153e-01
4.299971423891511546e-01
4.273803195081847250e-01
4.241323103943736017e-01
4.202141069926508821e-01
4.158900547633861966e-01
4.110175911755249434e-01
4.054184313770775039e-01
3.990937014842783070e-01
3.922974654969068053e-01
3.850082340161399830e-01
3.770335488891345954e-01
3.684077156885218196e-01
3.593812132458323871e-01
3.499715688074012121e-01
3.400267519363671109e-01
3.296050795294790947e-01
3.188091933710671122e-01
3.079243143747309452e-01
2.967277654496577322e-01
2.852905303694368566e-01
2.736848484005637849e-01
2.619832927098048048e-01
2.536038980363662376e-01
2.503252527621124823e-01
2.477094763348910711e-01
2.455088209358069207e-01
2.432815160831453827e-01
2.410242681713856416e-01
2.387343144847975662e-01
2.364094134896841115e-01
2.340478315170105850e-01
2.316483261326344190e-01
2.292101265322362136e-01
2.268036348413998982e-01
2.243612681425217192e-01
2.218789127680472484e-01
2.193572904380406141e-01
2.167974772026296792e-01
2.142008740597600158e-01
2.115691770588660481e-01
2.089043472094542497e-01
2.062085804910269160e-01
2.034842782293719843e-01
2.007340180822551889e-01
1.979605258424566028e-01
1.951666482426831772e-01
1.923553269155382772e-01
1.895295736362802297e-01
1.866944262596783588e-01
1.839020899997406422e-01
1.811017563230999938e-01
1.782965183045419344e-01
1.754894451809793920e-01
1.726835660459856703e-01
1.698818550893910484e-01
1.670872183581977866e-01
1.643024820018135213e-01
1.615303819559374965e-01
1.587735550105149329e-01
1.560345312001439610e-01
1.533157274519714452e-01
1.506194424181757086e-01
1.479478524226688352e-01
1.453030084444333903e-01
1.433403128197323351e-01
1.441282051539973796e-01
1.439933755322287956e-01
1.430743513531260447e-01
1.413424679193933664e-01
1.423579044234725421e-01
1.429817733421895609e-01
1.431479454570152299e-01
1.427457438202326956e-01
1.417938991084153610e-01
1.403298818597499553e-01
1.383993558852359418e-01
1.361678123301546806e-01
1.335774110573943185e-01
1.306767371204392292e-01
1.275252969700572114e-01
1.263821044570520302e-01
1.254418192123034070e-01
1.244927681968066996e-01
1.235356515694600310e-01
1.225711685111923327e-01
1.216000147651786489e-01
1.206228804030786278e-01
1.196404478041211972e-01
1.186533898382020058e-01
1.176623682410655874e-01
1.166680321707332657e-01
1.156710169351537199e-01
1.146719428799140017e-01
1.136714144268251153e-01
1.126700192518140381e-01
1.116683275947417953e-01
1.106668916896833693e-01
1.096662453077675708e-01
1.086669034049750071e-01
1.076693618638757399e-01
1.066740973248118535e-01
1.056815670965085829e-01
1.046922091400506599e-01
1.037064421202418818e-01
1.027246655160874711e-01
1.017472597861549394e-01
1.007745865827942844e-01
9.980698900911648408e-02
9.884479191501127637e-02
9.788830222643105095e-02
9.693780930477254032e-02
9.599358533141744143e-02
9.505669491464584231e-02
9.413505783593056897e-02
9.321999802233017773e-02
9.231173487652677423e-02
9.141047268651289470e-02
9.051640108038722099e-02
8.962969548649624141e-02
8.875051759965557618e-02
8.787901584766816265e-02
8.701532585990538748e-02
8.615957093403842082e-02
8.531186250111739977e-02
8.447230058553643894e-02
8.364097426168631833e-02
8.281796210348597864e-02
8.200333262787495858e-02
8.119714473020955836e-02
8.039944811131659319e-02
7.961028369636051483e-02
7.882968404354422087e-02
7.805767374355697397e-02
7.729426980822134974e-02
7.653948204973752556e-02
7.579331344803869053e-02
7.505576050867331095e-02
7.432681360827224359e-02
7.360645733080206643e-02
7.289467079120413862e-02
7.219142794910661520e-02
7.149669791104554251e-02
7.081044522230414695e-02
7.013263014765976078e-02
6.946320894168121762e-02
6.880213410889099435e-02
6.814935465299333528e-02
6.750481631666342686e-02
6.686846181132970190e-02
6.624023103696212444e-02
6.562006129302659641e-02
6.500788747984920235e-02
6.440364229095286996e-02
6.380725639704530605e-02
6.321865862169155637e-02
6.263777610776782856e-02
6.206453447718855709e-02
6.149885798256070346e-02
6.094066965084430493e-02
6.038989142058436704e-02
5.984644427155826063e-02
5.931024834852412220e-02
5.878122307743845892e-02
5.825928727649593020e-02
5.774435926052041979e-02
5.723635693995811347e-02
5.673519791401327589e-02
5.624079955891767013e-02
5.575307911074488254e-02
5.527195374360269198e-02
5.479734064280729344e-02
5.432915707416319934e-02
5.386732044844262657e-02
5.341174838166824757e-02
5.296235875245933200e-02
5.251906975440902292e-02
5.208179994572199878e-02
5.165046829501597492e-02
5.122499422423517496e-02
5.080529764836384798e-02
5.039129901181785276e-02
4.998291932307456775e-02
4.958008018522326588e-02
4.918270382532376195e-02
4.879071312042305986e-02
4.840403162189785974e-02
4.802258357737720917e-02
4.764629395080346996e-02
4.727508844009885997e-02
4.690889349371366729e-02
4.654763632511498689e-02
4.619124492516093333e-02
4.583964807385474544e-02
4.549277535007448942e-02
4.515055713985834801e-02
4.481292464367540168e-02
4.447980988270923419e-02
4.415114570309119912e-02
4.382686577999454769e-02
4.350690462060018832e-02
4.319119756520535536e-02
4.287968078883426515e-02
4.257229130093739128e-02
4.226896694488382900e-02
4.196964639624652105e-02
4.167426916116937635e-02
4.138277557330925782e-02
4.113006900368180313e-02
4.095965618059312779e-02
4.078829313122523531e-02
4.061603274591116947e-02
4.044292937643959723e-02
4.026903863650391213e-02
4.009441721268465486e-02
3.991912268533533842e-02
3.974321335878572281e-02
3.956674810139713949e-02
3.938978619360091610e-02
3.921238718578525656e-02
3.903461076372629485e-02
3.885651662214712615e-02
3.867816434654034602e-02
3.849961330224718759e-02
3.832092253023377387e-02
3.814215065081161954e-02
3.796335577304504189e-02
3.778459541120898074e-02
3.760592640680460175e-02
3.742740485707384684e-02
3.724908604857837119e-02
3.707102439640874714e-02
3.689327338837995740e-02
3.671588553426095858e-02
3.653891231942107964e-02
3.636240416363232392e-02
3.618641038304549334e-02
3.601097915677633349e-02
3.583615749722362381e-02
3.566199122473331928e-02
3.548852494409814040e-02
3.531580202554623210e-02
3.514386458912330258e-02
3.497275349075921330e-02
3.480250831157329083e-02
3.463316735108173949e-02
3.446476762019243245e-02
3.429734483945901663e-02
3.413093343719104250e-02
3.396556655094461197e-02
3.380127603024186272e-02
3.363809244194961023e-02
3.347604507570001858e-02
3.331516195293608706e-02
3.315546983552781352e-02
3.299699423721263319e-02
3.283975943543905596e-02
3.268378848441688689e-02
3.252910322946609561e-02
3.237572432245933857e-02
3.222367123792080346e-02
3.207296228993108261e-02
