6.585070710636179436e-01
6.571000261410703258e-01
6.525376031600196303e-01
6.607431489273879466e-01
6.629044537503102630e-01
6.715088097674839496e-01
6.763281193642342037e-01
6.874121258633011378e-01
7.007688897490471636e-01
7.194558777117309178e-01
7.551277491755262750e-01
8.243039870340569397e-01
8.367762202755176792e-01
1.064271381296892471e+00
1.024597040889131172e+00
1.402932907652587602e+00
9.725721320669040715e-01
1.089449015686536626e+00
1.276520288922424307e+00
1.349184730832576617e+00
1.722009910122251242e+00
1.486796315902621179e+00
1.416147093382294386e+00
1.659345588373081881e+00
1.902848755368106826e+00
2.445571960802049638e+00
2.332467059721819336e+00
2.417426414305994697e+00
2.226918700541522966e+00
2.701110643491620333e+00
2.667126154650978354e+00
2.572783824869756319e+00
2.398374772783894215e+00
1.837230393293916908e+00
2.224830194472563250e+00
2.442806876543730521e+00
2.564783718874510399e+00
2.419926736299673475e+00
2.646536210767630681e+00
2.831083726205056106e+00
2.652227834205045820e+00
1.875205211014026041e+00
1.423816662581382841e+00
1.259967600445576430e+00
1.188253201413021598e+00
1.172369129786920761e+00
1.183294760119665723e+00
1.180879725177413908e+00
1.184916801133736097e+00
1.528905731801862844e+00
1.461074715870106511e+00
1.470373753223378044e+00
1.497848915008350046e+00
1.617649416529825190e+00
1.681702805787295807e+00
1.633072730323223976e+00
1.812368997287229444e+00
1.919547125482149674e+00
1.789907220558778267e+00
1.613043113982237875e+00
1.707742425771760608e+00
1.784552775468450037e+00
1.808672094449981227e+00
2.121991019287915226e+00
2.203341924988107436e+00
2.448467055122280023e+00
2.715817744187255300e+00
2.998494744200809858e+00
3.175543865274007782e+00
3.003096869160289284e+00
2.944997314315172865e+00
2.795214469582233185e+00
2.647256251691946449e+00
2.421653973992491160e+00
2.317669730687935026e+00
2.508126461338753277e+00
2.700989340713644271e+00
2.856504056012844739e+00
2.959554294731248092e+00
2.997315826304725928e+00
2.955876079592263395e+00
2.852996015041121325e+00
2.861628826377811574e+00
3.039695609912499652e+00
3.116796220641404602e+00
3.160183098677141089e+00
3.277712784183050676e+00
3.326094366013833348e+00
3.231631226632863285e+00
2.965339365839078756e+00
2.628907776819731090e+00
2.745824659023472503e+00
2.867771532582276794e+00
2.939397575523174044e+00
2.967003607518885033e+00
2.956592496247982371e+00
2.913115894216487867e+00
2.840883593787830286e+00
2.777548768169886717e+00
2.872665268567961672e+00
3.009467729187403684e+00
3.108012444571563559e+00
3.130277200323365427e+00
3.102077302771736544e+00
3.104426579915867457e+00
3.143506220496141701e+00
3.212715805631686905e+00
3.263110381291294271e+00
3.278328065836038530e+00
3.247385951916205826e+00
3.166724797095957999e+00
3.086600773598351832e+00
2.955144563089949106e+00
2.776908599949968082e+00
2.570244090076238663e+00
2.391186598738168190e+00
2.189510505332913137e+00
1.976315716463476591e+00
1.761400455016161049e+00
1.555237359755266002e+00
1.365717139074481556e+00
1.239015857469454751e+00
1.156565475395187503e+00
1.076634812204532388e+00
1.001828448293211826e+00
9.319177266995330999e-01
8.683447211271079214e-01
8.105426644037047046e-01
7.592444658214940745e-01
7.416650586372376397e-01
7.525279052235065436e-01
7.542245852528183248e-01
7.559912476830045192e-01
7.648210571134921310e-01
7.591276731804136313e-01
7.386584045177891911e-01
7.045558153879697416e-01
6.585503395451337560e-01
6.044862095426518644e-01
5.535190438485574349e-01
5.088149940910772218e-01
4.962284932922459424e-01
4.848148493050155605e-01
4.733854311453674080e-01
4.616798293301073719e-01
4.496788019822606786e-01
4.373653924047543051e-01
4.249987471163499952e-01
4.123104131364851432e-01
3.992241738666285622e-01
3.939408262696394991e-01
4.132046612561323662e-01
4.299135474250015965e-01
4.424067749016083462e-01
4.519604222558817885e-01
4.551677928120978489e-01
4.523621180648995654e-01
4.508798791390979388e-01
4.519520505852092085e-01
4.583710701340406035e-01
4.632930234032323069e-01
4.649080222321492761e-01
4.649012048842802169e-01
4.634513250761945202e-01
4.620768583970623622e-01
4.603356306858704117e-01
4.589721445261752963e-01
4.569026001829460948e-01
4.537829971517228778e-01
4.487082735259880217e-01
4.406764695903039319e-01
4.289812370796609042e-01
4.130926831247935249e-01
3.929266711926604483e-01
3.697120584127285836e-01
3.724541807307266694e-01
3.711807285916113863e-01
3.655971341681373832e-01
3.555892899989545608e-01
3.413040589352311915e-01
3.231822467563493784e-01
3.016932777903043039e-01
2.775869777931475046e-01
2.708228601714985917e-01
2.721859154255711899e-01
2.722817691461997813e-01
2.714023508437762300e-01
2.693198564195601885e-01
2.663926912786289680e-01
2.624085097056353399e-01
2.577662236422559316e-01
2.522761500940926549e-01
2.463000437572530898e-01
2.397530461110911337e-01
2.328399822198931601e-01
2.256809220382749448e-01
2.182856466125005224e-01
2.108515884701845089e-01
2.084283542931341937e-01
2.069727479007894833e-01
2.051127291414992782e-01
2.029594241832108348e-01
2.004824146239489735e-01
1.977518994717257506e-01
1.948350404861716456e-01
1.918711214291664580e-01
1.888513666980202177e-01
1.858060876398315575e-01
1.827814099478981547e-01
1.798168753684482868e-01
1.769453366179203069e-01
1.741930258612919558e-01
1.715804066515923820e-01
1.691541741299679991e-01
1.668845833038320181e-01
1.647756510395412544e-01
1.628267604316996631e-01
1.610332378903188144e-01
1.593869459992932336e-01
1.578768762191062325e-01
1.564897279112216211e-01
1.552104625310256059e-01
1.540228241118847263e-01
1.529098193043216258e-01
1.518541521962311902e-01
1.508386109015384946e-01
1.498464044603986522e-01
1.488893744897223648e-01
1.479360777861801757e-01
1.469625440405804562e-01
1.459558936872276669e-01
1.449046033062361405e-01
1.437985815365817321e-01
1.426292108109897816e-01
1.413948184439854927e-01
1.401291248633280140e-01
1.387830706148816817e-01
1.373535345707378452e-01
1.358387046603588555e-01
1.342379971547679740e-01
1.325662304649631029e-01
1.308465412849150189e-01
1.290442207232962435e-01
1.271624426458737578e-01
1.252051292568224228e-01
1.231768484440580458e-01
1.211198155349936245e-01
1.190077218453670510e-01
1.168389398394912987e-01
1.146195757641818302e-01
1.123559414417555219e-01
1.100555511711474310e-01
1.077561070773926100e-01
1.054292729443694759e-01
1.030814844517378148e-01
1.007190782721142236e-01
9.834824599441090165e-02
9.779664479625196916e-02
9.803733175724685389e-02
9.821468032818776728e-02
9.832893085648584941e-02
9.839141638338434748e-02
9.841266050034871982e-02
9.837313921744950118e-02
9.827412484397851644e-02
9.811710864093881046e-02
9.790377527842455962e-02
9.763597827336233104e-02
9.733770284582682342e-02
9.699685378011450865e-02
9.660719403557488372e-02
9.617098292256952285e-02
9.569054907103460850e-02
9.516827295370768047e-02
9.460657067254277242e-02
9.402457107173406436e-02
9.341719210515714300e-02
9.277679615255801648e-02
9.210579135339924672e-02
9.140656258732232642e-02
9.068146199732825263e-02
8.993280053192025114e-02
8.916284045499804634e-02
8.838036270374467762e-02
8.759451615009390679e-02
8.679287885931809277e-02
8.597747244748123185e-02
8.515024724290713720e-02
8.431307930829297359e-02
8.346776808116804225e-02
8.261603458768382313e-02
8.175952018251081421e-02
8.089978577122515502e-02
8.003831147279523439e-02
7.917746552492206658e-02
7.832910383103273977e-02
7.748222725701614522e-02
7.663802110643554155e-02
7.579759380675735181e-02
7.496197832439406572e-02
7.413213379044203410e-02
7.330894730533794867e-02
7.249323590148809560e-02
7.168574863797176622e-02
7.088716880547271670e-02
7.009811622372419393e-02
6.931914960895824152e-02
6.855076899829500026e-02
6.779341821107842669e-02
6.704748733766312252e-02
6.631331523739499023e-02
6.559119203815484689e-02
6.488136162401830775e-02
6.418402410265861002e-02
6.349933824284248463e-02
6.282742387565032338e-02
6.216836425142140132e-02
6.152220834655505732e-02
6.088897311646825072e-02
6.026864568751642837e-02
5.966193672617402244e-02
5.906938616942795928e-02
5.848934899518894170e-02
5.792172756761965885e-02
5.736640374728993463e-02
5.682324067739120965e-02
5.629208449735412234e-02
5.577276598249819584e-02
5.526510211084742497e-02
5.476889755619637756e-02
5.428394610796165309e-02
5.381003201955597559e-02
5.334693128548911173e-02
5.289441284803855781e-02
5.245223973517681992e-02
5.202017013202753920e-02
5.159795838687612074e-02
5.118535595228449614e-02
5.078211226511744614e-02
5.038797556732424465e-02
5.000269366654471609e-02
4.962601464367340232e-02
4.925768750316611433e-02
4.889746277540325120e-02
4.854509306592049572e-02
4.820033355920246704e-02
4.786294247632299353e-02
4.753268148935661103e-02
4.720931609439794202e-02
4.689261594584685777e-02
4.658235515279193079e-02
4.627831254065354477e-02
4.598027187940319227e-02
4.568802208070207871e-02
4.540135736469237682e-02
4.512007739995885225e-02
4.484398741671143107e-02
4.457289829595496161e-02
4.430662663632661119e-02
4.404499479856258809e-02
4.378783093154547251e-02
4.353496897955921180e-02
4.328624867250370489e-02
4.304151550099138274e-02
4.280062067681243004e-02
4.256342108103352423e-02
4.232977919896094982e-02
4.209956304559758083e-02
4.187264608098880542e-02
4.164890711586360234e-02
4.142823021075728307e-02
4.121050456758729857e-02
4.099562441482431513e-02
4.078348888759816132e-02
4.057400190362364656e-02
4.036707203472065381e-02
4.016261237466655504e-02
3.996054040596166285e-02
3.976077786207603965e-02
3.956325059097732383e-02
3.936788841522986110e-02
3.917462499279914662e-02
3.898339767732433153e-02
3.879414737866409418e-02
3.860681842380674078e-02
3.842135841889172260e-02
3.823771811251767960e-02
3.805585126029214366e-02
3.787571449146052288e-02
3.769726717694214801e-02
3.752047130007708092e-02
3.734529132951262820e-02
3.717169409476201586e-02
3.699964866377971479e-02
3.682912622461101404e-02
3.666009996828171330e-02
3.649254497623385246e-02
3.632643810958149921e-02
3.616175790274369500e-02
3.599848445881975723e-02
