7.797856341067114228e-01
7.822951559774279362e-01
7.789141725744568312e-01
7.895188449823726806e-01
7.928271684727430380e-01
8.045942352849987378e-01
8.218528158452023114e-01
1.006234380438495890e+00
1.145192161716520829e+00
1.085541180098486880e+00
1.415979027612389141e+00
1.557332226937275577e+00
1.575363287411586377e+00
1.707370549885933730e+00
1.616179387481307517e+00
1.438569246246080624e+00
1.647698042188894929e+00
1.936796555785523788e+00
1.472202508771396356e+00
1.613465387501361370e+00
1.972493542055072213e+00
2.439813918484180277e+00
2.089238848396582249e+00
2.104997835424355479e+00
2.219091597345768996e+00
2.690829446468236075e+00
3.286895085465869837e+00
2.944878227331651388e+00
3.389120226164175964e+00
3.841761755958306157e+00
4.335112941137791331e+00
3.876625632922421349e+00
3.528400785338610124e+00
4.272626031043039951e+00
4.923764854055510121e+00
4.661567240221788033e+00
4.263524321562429442e+00
4.176063274157368888e+00
4.193976405866150614e+00
4.436581797452146425e+00
4.756074126175780847e+00
4.633083045154315016e+00
4.623616332630704484e+00
4.551210927589194988e+00
4.715413101970979071e+00
4.779636489700100022e+00
5.000975110553875780e+00
4.924092639216319789e+00
4.019032350628770622e+00
5.202155664362292598e+00
5.369610218030604898e+00
5.501157745406056065e+00
5.629276433230839594e+00
5.106894181229832519e+00
4.211377111524604366e+00
3.073867739947553357e+00
2.277634989890997996e+00
1.766352041609683177e+00
1.469955264205260015e+00
1.288904735497197640e+00
1.174110439418364349e+00
1.083248165809350461e+00
1.003023432492405442e+00
9.318220621200060672e-01
8.772548817440528612e-01
8.433036716436145275e-01
8.221199136532169049e-01
8.012033616311294848e-01
8.058221771066426120e-01
8.348594751896716293e-01
8.346338454128967577e-01
7.893783842024540975e-01
7.460128453328438436e-01
6.950198378160145074e-01
6.491866064028743999e-01
5.983479177666990445e-01
5.645904951739479927e-01
5.545867539108865207e-01
5.557095820038404632e-01
5.502187058966166999e-01
5.317823920476656419e-01
5.038851932185643978e-01
4.762256766160914978e-01
4.572017877250574291e-01
4.479954741273838303e-01
4.422866686925320812e-01
4.318791413541627766e-01
4.180585248988579194e-01
4.231743896977406827e-01
4.181024514960274274e-01
4.019353839517344484e-01
3.773663347622246977e-01
3.501755435313914644e-01
3.245533543684783195e-01
3.047342046114602243e-01
2.926992965722720053e-01
2.883018501805565958e-01
2.894959423592530223e-01
2.931072378797183742e-01
2.965320664755274338e-01
2.984228977787021231e-01
2.976273929686114594e-01
2.939500735329891312e-01
2.878395537184120223e-01
2.799905502303062788e-01
2.714090303842634500e-01
2.624299714654745874e-01
2.532022095551449969e-01
2.439707868707510496e-01
2.349327443097653512e-01
2.262976241231198782e-01
2.183087577774059651e-01
2.112217517200215278e-01
2.052533226429429647e-01
2.005219366151080040e-01
1.970013931759063974e-01
1.945019089701428838e-01
1.926838246266259491e-01
1.911201543228948918e-01
1.895675782877879190e-01
1.873392585985860503e-01
1.877630701991857554e-01
1.889821854613449037e-01
1.914773529311426248e-01
1.975271025346705400e-01
2.015731947995956785e-01
2.030742193024669684e-01
2.026056581906633403e-01
1.994306999139493497e-01
1.941856272634553682e-01
1.868965500058665796e-01
1.854056042681926919e-01
1.838743248697248533e-01
1.814734397228640606e-01
1.781992316342254912e-01
1.742012588618113145e-01
1.698839260256724271e-01
1.649885613157181519e-01
1.596003329581936747e-01
1.537923244980183290e-01
1.478914751997453536e-01
1.416680579676116991e-01
1.351658998770778053e-01
1.284352380536331051e-01
1.264135035948258656e-01
1.255461456657896713e-01
1.245560976670798820e-01
1.234357866237415086e-01
1.222177742534234085e-01
1.209351877148534538e-01
1.195061631238421990e-01
1.179308273949962599e-01
1.162120699934793416e-01
1.143554837481921271e-01
1.123691734316922541e-01
1.102634647790298045e-01
1.080505448818181446e-01
1.057440618777479163e-01
1.033587080969013694e-01
1.009098067663427717e-01
9.841291830996358458e-02
9.591292523452826790e-02
9.342342988183088837e-02
9.092394636090857241e-02
8.842806614050921499e-02
8.950753748810488797e-02
9.045751906370816386e-02
9.093227619434807174e-02
9.096390987753139035e-02
9.059055980702483690e-02
8.989156365609728139e-02
8.894825551183330181e-02
8.772306166434461205e-02
8.625994665017479301e-02
8.460154283047204016e-02
8.278834455611078225e-02
8.085813448224686562e-02
7.884561484836846712e-02
7.678221208700121425e-02
7.471762464154993455e-02
7.360056009666945953e-02
7.607967878293392383e-02
7.825621468103090284e-02
8.010570746777365136e-02
8.165161787016259054e-02
8.360277545936890820e-02
8.526734159234855559e-02
8.647905011339752923e-02
8.731033773419483168e-02
8.910035407456809442e-02
9.117765279339318241e-02
9.285901960141727807e-02
9.415204784283730255e-02
9.507138697794499660e-02
9.563792520884938086e-02
9.587792703382184978e-02
9.582148132637238747e-02
9.550047559802866959e-02
9.494688834381360965e-02
9.420775412707753371e-02
9.330262231546412877e-02
9.224869183805858852e-02
9.106105016023566257e-02
9.061833260186770433e-02
9.003197487483131922e-02
8.932317707341956570e-02
8.851068390238803207e-02
8.756889581677310130e-02
8.651480218171113401e-02
8.536443678828423143e-02
8.413182940834981749e-02
8.287251328218694923e-02
8.303697997874812109e-02
8.304861791175352503e-02
8.283571094134072055e-02
8.239817941929365730e-02
8.171054586440192058e-02
8.077124187658572818e-02
7.958454272743385738e-02
7.815982642217084164e-02
7.731401629331204062e-02
7.660361314170613389e-02
7.591281257951046357e-02
7.518889691530042385e-02
7.441823123786533989e-02
7.356198820554092632e-02
7.261668050155180298e-02
7.158045491695799734e-02
7.045426563411634480e-02
6.925873524818436378e-02
6.800140822824086995e-02
6.752459983574277125e-02
6.714307280007318635e-02
6.670562325092944944e-02
6.622252131591555013e-02
6.568086352757016022e-02
6.510573618392519191e-02
6.452881442707801563e-02
6.392688301120939831e-02
6.330986814537478691e-02
6.269256911779191865e-02
6.210618597574031619e-02
6.152384792846099515e-02
6.094948822203085509e-02
6.038540411919520595e-02
5.984108386318791328e-02
5.933069707040994345e-02
5.882778353400405780e-02
5.832912358131064207e-02
5.783040593641079058e-02
5.733360997886995103e-02
5.685128310660705203e-02
5.635136241873418134e-02
5.582711442269324559e-02
5.527165238519615720e-02
5.470336388461023713e-02
5.410003288178705932e-02
5.344574363477665180e-02
5.273466942106204425e-02
5.199399470804656753e-02
5.119023637314285696e-02
5.031597215909711096e-02
4.938941838260890033e-02
4.840177201086656028e-02
4.753324842693128910e-02
4.690560623241844806e-02
4.670980537014437356e-02
4.714005655108689102e-02
4.751092572203762660e-02
4.782508811179801006e-02
4.809597899406973381e-02
4.829529244307022295e-02
4.841990801156716151e-02
4.846735641149300250e-02
4.845783608913970669e-02
4.838060464623900742e-02
4.822252561716457858e-02
4.798362526541777306e-02
4.766455769808011084e-02
4.729929091786611028e-02
4.685729407363939392e-02
4.633966558781267564e-02
4.574913027412277899e-02
4.509123404951696085e-02
4.439511887109959254e-02
4.363550930885217588e-02
4.281656050977760558e-02
4.194268908624705638e-02
4.101852270838202141e-02
4.006556879503747615e-02
3.907857295741918452e-02
3.805439060035584881e-02
3.699799913657043221e-02
3.610448458737176847e-02
3.528129519846250062e-02
3.506300860770294320e-02
3.492610712046925747e-02
3.475719513615224687e-02
3.456213644365647292e-02
3.434873304422219470e-02
3.410738741490965120e-02
3.383971097302601594e-02
3.354735880607835619e-02
3.323201701580875272e-02
3.289539071381560736e-02
3.253919271524844531e-02
3.216513296335731659e-02
3.177490871148170443e-02
3.137454862346499007e-02
3.096792394965060952e-02
3.077796859244528310e-02
3.068750577293740886e-02
3.057457684047085525e-02
3.044059471775818065e-02
3.028697548362617106e-02
3.011513019618639389e-02
2.993615324038138154e-02
2.974274266031918731e-02
2.953482113259615557e-02
2.931371064394986195e-02
2.908069838810090069e-02
2.883703218504922797e-02
2.858391648630570839e-02
2.832250894896571822e-02
2.805391755425274206e-02
2.777919824817060707e-02
2.749935307828607969e-02
2.721532879955021814e-02
2.692801591971413777e-02
2.663824815659689149e-02
2.634680227749371106e-02
2.605439829000676458e-02
2.576169995579036254e-02
2.546931559740209933e-02
2.517779916932419773e-02
2.488765156520255165e-02
2.459932213405883333e-02
2.431751566031913406e-02
2.403850073024088249e-02
2.376213529085434081e-02
2.348869305777316271e-02
2.321840573926234330e-02
2.295146525190774889e-02
2.268802599029022538e-02
2.242820713192054602e-02
2.217209496041727679e-02
2.191974519265724522e-02
2.167118529486304970e-02
2.142641677479118281e-02
2.127778533533190505e-02
2.115244762742613319e-02
2.102887376656387142e-02
2.090717874698423337e-02
2.078746478393413838e-02
2.066982175561825341e-02
2.055432766016088847e-02
2.044104908337380372e-02
2.033004167700643711e-02
2.022135064185206013e-02
2.011501121684921775e-02
2.001104916904178702e-02
1.990948128429554861e-02
1.981031585625625188e-02
1.971355317177816285e-02
1.961918599190556542e-02
1.952720002587765569e-02
1.943757439802218379e-02
1.935028210612681904e-02
1.926529046974282885e-02
1.918256156762508310e-02
1.910205266510979494e-02
1.902371662758005344e-02
1.894750232271006501e-02
1.887335500939872970e-02
1.880121671215101778e-02
1.873102658302479642e-02
1.866272124852798309e-02
1.859623514256869906e-02
1.853150082503102550e-02
1.846844928605232555e-02
1.840701023538676706e-02
1.834711237822306620e-02
1.828868367586826416e-02
1.823165159303038671e-02
1.817594333077261759e-02
1.812148604607601021e-02
1.806820705751253572e-02
1.801603403821679106e-02
1.796489519577878710e-02
1.791471943947780740e-02
1.786543653574100901e-02
1.781697725095280141e-02
1.776927348381194746e-02
1.772225838549785701e-02
1.767617727360934823e-02
1.763095941694305113e-02
1.758624598733675437e-02
1.754197609273144484e-02
1.749809050265736798e-02
1.745453171323724240e-02
