5.935884725959532648e-01
5.931182885494986623e-01
5.928340122124603484e-01
6.018964403978276367e-01
6.089877821975305805e-01
6.220449618916964463e-01
6.366492678856449094e-01
6.651796412264632252e-01
7.056127038390612727e-01
7.893216151222403054e-01
1.185831471317465136e+00
1.138657480356624951e+00
1.059752245397806991e+00
1.012438056722220425e+00
1.327303916019506369e+00
1.060302941831178680e+00
1.462266977374609755e+00
1.604457164041843908e+00
1.547852561188745257e+00
1.442124337249333976e+00
1.697425286428589919e+00
2.119497799841524532e+00
1.892034532926753165e+00
2.366544348069265169e+00
2.300275634528056834e+00
2.238874706921251789e+00
2.633722844375182337e+00
2.243746943451276010e+00
2.212422488778857055e+00
2.201187793249243629e+00
2.186118858717424729e+00
1.953529867267310260e+00
2.099942141552144204e+00
2.535483755706212428e+00
2.616203071689831905e+00
2.694901291154143674e+00
2.519477458422988203e+00
2.364984451330415460e+00
2.232967591279997777e+00
1.732940835005547520e+00
1.497002291187210732e+00
1.448946526695690240e+00
1.503411609938829718e+00
1.405142709944036117e+00
1.544307339232935394e+00
1.608370332845120654e+00
1.817205641192590759e+00
1.705010342278151514e+00
1.879725504913412060e+00
1.636786619739944992e+00
1.554324381857128623e+00
1.515024895739845556e+00
1.670720086990657327e+00
1.779911082207678463e+00
1.756149383423277754e+00
2.104882946552248058e+00
2.480485000103167970e+00
2.539344615443158037e+00
2.549529237297209594e+00
2.774878123604369140e+00
3.115326015245995617e+00
3.137897670363029246e+00
2.643391585697387747e+00
2.463642078394108648e+00
2.188755614643899783e+00
2.025344257726514829e+00
2.644303758610934363e+00
3.060990710804860182e+00
3.249385130236730479e+00
3.264901854188996033e+00
3.218002749601554857e+00
3.018892203268746854e+00
2.848237341921025845e+00
2.665122480349794820e+00
2.562741508780035815e+00
2.611450536815286050e+00
2.785039106119159058e+00
2.988352185941150374e+00
3.135334904239349907e+00
3.331204235197750219e+00
3.521879973682807918e+00
3.550285591072558589e+00
3.437384171542556377e+00
3.235166655206811015e+00
3.007622191958825741e+00
2.820652657616100178e+00
2.721570670873076025e+00
2.851363441314093805e+00
3.081949243900811819e+00
3.100406718981782550e+00
2.865302333782194122e+00
2.813835155440791436e+00
2.851486690763240794e+00
2.874959655029125649e+00
2.907098693217804897e+00
2.971800147306134399e+00
3.053777528558006882e+00
3.086204655933752150e+00
3.343915209705461411e+00
3.559263002886416505e+00
3.764487552032319329e+00
3.959281559572583653e+00
4.072802943630006389e+00
4.110563684589457978e+00
4.039037521814170972e+00
3.956738959159117552e+00
3.779129413361599354e+00
3.557887800551415403e+00
3.329830706338733126e+00
3.053676240968084432e+00
2.780527701664969875e+00
2.518272473096569986e+00
2.234200237218101570e+00
2.038705029087585441e+00
1.849254876871413655e+00
1.661038740938011182e+00
1.497812723442582650e+00
1.343859624499015526e+00
1.196719277574668006e+00
1.069116430511688476e+00
1.004906362887749482e+00
9.635331758095451171e-01
9.215011408180231456e-01
8.796279507741989745e-01
8.379523424049342140e-01
7.961573521190017377e-01
7.551994920129312394e-01
7.147119455462832560e-01
6.907840975529601080e-01
6.697888465720297502e-01
6.492374976111322527e-01
6.309536278961261901e-01
6.298906960959790302e-01
6.237614201248021795e-01
6.125365809648896098e-01
6.102527505087841364e-01
6.079137841574961953e-01
6.014146790281589272e-01
5.913089221714424859e-01
5.774472352080883830e-01
5.601948585776960199e-01
5.399772953132088160e-01
5.388997691659659361e-01
5.414023736486630600e-01
5.365779937468992955e-01
5.248794897630173484e-01
5.069710098118986874e-01
4.838018528858761269e-01
4.640763621217059431e-01
4.569824396661467114e-01
4.482087104637351715e-01
4.380550091562242510e-01
4.267420308509221050e-01
4.141809666831413050e-01
4.008784974175187421e-01
3.867291717250397887e-01
3.718507936330092134e-01
3.656464971645408957e-01
3.624605344761027137e-01
3.585170045064669520e-01
3.537086886664788654e-01
3.484368608828081748e-01
3.424264668346618801e-01
3.358902994371621431e-01
3.288889988542135767e-01
3.213304486956214956e-01
3.135228645902434219e-01
3.051931454171230018e-01
3.112200412631793145e-01
3.169890722814151518e-01
3.176548263986693210e-01
3.123450361572733258e-01
3.023953247317562876e-01
3.146225793339912369e-01
3.212605132165863298e-01
3.221274579973236185e-01
3.172064432382923904e-01
3.072384916443248182e-01
2.964642647553482613e-01
3.010884537454626697e-01
3.040523534246770132e-01
3.056303564440620568e-01
3.056784474355769832e-01
3.042940329266018429e-01
3.016190591456112680e-01
2.975579482042222668e-01
2.925149489595064156e-01
2.862628379418990510e-01
2.792027894516913022e-01
2.713179738785971296e-01
2.626613950329479419e-01
2.536247821729288310e-01
2.441425795686097966e-01
2.343281777824249845e-01
2.278812531506903272e-01
2.412425187934338355e-01
2.515119518402758048e-01
2.576997177711535802e-01
2.591794608242433684e-01
2.557266788011212100e-01
2.474320507802764690e-01
2.384901286161430767e-01
2.362589537487300162e-01
2.312114675552260634e-01
2.238746531800612782e-01
2.153996858805045655e-01
2.070890527442533213e-01
1.981318601568055615e-01
1.959734293781073833e-01
1.933028139513887356e-01
1.902914544873596792e-01
1.870970278780427765e-01
1.838476879847591450e-01
1.806099727946084421e-01
1.774520199550638777e-01
1.744348299798796353e-01
1.716217614299751226e-01
1.689833275047790684e-01
1.665287526179842492e-01
1.642844218431784853e-01
1.622045504101870539e-01
1.602848169344063545e-01
1.585482260967466528e-01
1.569974027758867241e-01
1.555167435441399959e-01
1.540372143086110035e-01
1.524884293503556976e-01
1.508034609264321257e-01
1.490094490844832420e-01
1.470133081539243269e-01
1.448419814870181843e-01
1.424611804110928193e-01
1.398898375751241319e-01
1.390771015628714802e-01
1.384941716917255650e-01
1.374841411873343744e-01
1.362035740628966540e-01
1.345556861278245364e-01
1.326850808251998082e-01
1.305182874885483235e-01
1.282015654216431266e-01
1.256749733374228351e-01
1.230562668275702459e-01
1.203367174496754871e-01
1.175600202002699962e-01
1.147878635888580495e-01
1.120388326202664542e-01
1.093578640251300221e-01
1.067672599452795940e-01
1.042669736831521587e-01
1.018509851437032765e-01
9.993749275567245793e-02
9.883074882166198449e-02
9.746393662645846945e-02
9.583884746715316816e-02
9.395981035008578452e-02
9.185062585665908219e-02
8.947517680156637232e-02
8.846276836359093232e-02
8.862625855449421386e-02
9.063980309216551623e-02
9.248961922344546560e-02
9.414222134065118597e-02
9.562483690444752160e-02
9.692007645874502197e-02
9.796759405307610413e-02
9.880455298056697866e-02
9.939374947304824293e-02
9.968003897741463393e-02
9.974647526869157010e-02
9.948209665512060262e-02
9.894142884258520787e-02
9.808770911816644400e-02
9.693546259281760058e-02
9.789759599603860274e-02
9.911711576740067642e-02
1.001342340531252290e-01
1.009702436459958275e-01
1.015664513277072661e-01
1.019903745589427757e-01
1.021651163208801838e-01
1.021512144736073102e-01
1.019016667141083576e-01
1.014516759817643693e-01
1.007910823567496755e-01
9.991657057540738462e-02
9.887317979196959261e-02
9.761942823485143805e-02
9.621082952291172552e-02
9.464209807348011871e-02
9.290678642899820316e-02
9.105823657574110830e-02
8.909561106189635427e-02
8.701807912527381728e-02
8.484495387403327704e-02
8.263511627670280801e-02
8.177165602185597348e-02
8.123999221270675197e-02
8.062574213395617972e-02
7.996561744945276939e-02
7.923481378675441278e-02
7.843725878187585154e-02
7.757913763545316865e-02
7.666676332898565704e-02
7.570801345038336017e-02
7.473146380090869845e-02
7.371805721109672693e-02
7.267403116957406317e-02
7.160548798433800932e-02
7.051835246363245824e-02
6.941833428368544834e-02
6.831089505741066992e-02
6.720122007071632764e-02
6.609419458801216174e-02
6.500061144666054169e-02
6.392318822712829418e-02
6.285978759854497777e-02
6.181401519638093228e-02
6.078912350365811568e-02
5.978801096505814705e-02
5.881322419731090101e-02
5.786696302637787948e-02
5.695108806539477680e-02
5.606713055254612665e-02
5.521630417856528139e-02
5.439951862280390654e-02
5.361739454133544053e-02
5.287027974958802279e-02
5.215826635961718499e-02
5.148120864343552067e-02
5.083874140503671230e-02
5.023029866494421736e-02
4.965513247123580498e-02
4.911233166644781573e-02
4.860084046138687941e-02
4.811947667515397570e-02
4.766694952182342487e-02
4.724187683515027047e-02
4.684280164216521325e-02
4.646820800443710736e-02
4.611653606485169310e-02
4.578619624611686423e-02
4.547558256266502619e-02
4.518308501594704707e-02
4.490710105371379518e-02
4.464604608505658156e-02
4.439836304987628685e-02
4.416253104914018984e-02
4.393707305023259596e-02
4.372056268835927684e-02
4.351163018527549886e-02
4.330896742123957477e-02
4.311133218848553494e-02
4.291755166481855260e-02
4.272652515058363021e-02
4.253722610367490636e-02
4.234870352229953838e-02
4.216008271720705913e-02
4.197056551586013373e-02
4.177942994864008996e-02
4.158602945715951515e-02
4.138979167136494497e-02
4.119021679849408507e-02
4.098687566603726601e-02
4.077940745932968902e-02
4.056751719479717577e-02
4.035097296513585896e-02
4.012960299350962212e-02
3.990329253177333363e-02
3.967198063348649495e-02
3.943565683367309532e-02
3.919435776358953794e-02
3.894816372555592182e-02
3.869719525470262378e-02
3.844160968666360256e-02
3.818159775625765140e-02
3.795231048692315756e-02
3.776325114286278872e-02
3.757473002549627239e-02
3.738646986232625757e-02
3.719803846321930590e-02
3.700959744769500431e-02
3.682130239768258151e-02
3.663330283034804680e-02
3.644574218852114633e-02
3.625875784542683528e-02
3.607248112436634013e-02
3.588703733139755880e-02
3.570254580072039496e-02
3.551911995079989892e-02
3.533686735121916583e-02
3.515588979881348330e-02
3.497628340262853852e-02
3.479813867663247851e-02
3.462154063878947197e-02
3.444656891775735308e-02
3.427329786389479716e-02
3.410179666568883411e-02
3.393212947083813075e-02
3.376435551033647731e-02
