1.980979344536777931e-01
1.993429414395194443e-01
2.041176523702479539e-01
2.032781022709827801e-01
2.052630620922081539e-01
2.085020987709595708e-01
2.140818015271427899e-01
2.249268334723493190e-01
2.928342479198524639e-01
3.629436079560470207e-01
2.497265289779657393e-01
2.907232456299487233e-01
3.939852185209785640e-01
4.689265192139382976e-01
4.044280057892862268e-01
4.328845268703530036e-01
3.846738080326236320e-01
4.543121213434093142e-01
4.926289123419214100e-01
5.006176225425786885e-01
5.366784890747422487e-01
6.965847855241614761e-01
7.887968058979110131e-01
8.815825386355279347e-01
8.064636758290748553e-01
8.861677651631240105e-01
7.266827204335600809e-01
9.149789047831804467e-01
1.102381294040056359e+00
8.147207377997695010e-01
5.163715953507476142e-01
4.102261281985966068e-01
3.581575474514008817e-01
3.054141195396015696e-01
3.103079360671072151e-01
3.468942498340960578e-01
3.366075502174932788e-01
3.185580793944586264e-01
4.061177844490041489e-01
4.568291042565307825e-01
4.599962261539705666e-01
4.676387724383865296e-01
4.327484167329726517e-01
4.754799513633541919e-01
4.390098633356350200e-01
4.387281869237173448e-01
4.880504368374491975e-01
4.953038781603477658e-01
5.061504806287590030e-01
5.256219715081904553e-01
5.433151909156397341e-01
6.633567730254781303e-01
7.016502718093742264e-01
5.825534006182574442e-01
6.621523410966819734e-01
6.742165145047288588e-01
7.263772787188735869e-01
7.818077224219868171e-01
8.709661306717976226e-01
8.960093378059463820e-01
7.957825223913875812e-01
8.922482503665756237e-01
9.307217448897396883e-01
9.599472809100584314e-01
9.749002606875625254e-01
1.072015428264780024e+00
1.216004676056682055e+00
1.201878035641719356e+00
1.104889710401736336e+00
1.125387062346195677e+00
1.050623379545909453e+00
9.667989770495757362e-01
9.205020642087101690e-01
8.931949885791499177e-01
8.617361710465530900e-01
8.462638213754289929e-01
8.842054625813485780e-01
9.938626455532950654e-01
1.146429960075908472e+00
1.278884467648537360e+00
1.334187162915027480e+00
1.292550132283609265e+00
1.165127048044797720e+00
1.029018611888474100e+00
9.060840209135359036e-01
7.855922224337150706e-01
6.776262641393512309e-01
6.028010135415325932e-01
5.549406077228833389e-01
5.175025487673032831e-01
4.809013347060319687e-01
4.496355976674533683e-01
4.188526212084069944e-01
3.786068878178574515e-01
3.426635767035828839e-01
3.353027709458381578e-01
3.268181503948001665e-01
3.263618872272690541e-01
3.217663018403430497e-01
3.114873543047336213e-01
2.961706681052806434e-01
2.769723795871784078e-01
2.553351591784756569e-01
2.520763375332050749e-01
2.863462376072878346e-01
3.004954446539770951e-01
2.942446561578842545e-01
2.753112901930297451e-01
2.542072714693905389e-01
2.324318325945141928e-01
2.184043736109697043e-01
2.119985728386037382e-01
2.091776275530420337e-01
2.081559203625791554e-01
2.121854425092731811e-01
2.092941139827289854e-01
1.968429771773702597e-01
1.886936306123286056e-01
1.840573111422984520e-01
1.856887897277192667e-01
1.883144891757356221e-01
1.835429910095325023e-01
1.717595382133701165e-01
1.641934604388260166e-01
1.543953145852869080e-01
1.498195027055030382e-01
1.533221808068938596e-01
1.511100957041665305e-01
1.537573167352569714e-01
1.494838138179750142e-01
1.406369236759189845e-01
1.302160274074824764e-01
1.208187208099986004e-01
1.141178055940940544e-01
1.104867933345150266e-01
1.091439209776885605e-01
1.088989615495161989e-01
1.088633619543536157e-01
1.083998511164818157e-01
1.074501949192909339e-01
1.060668257232108697e-01
1.042957795861232800e-01
1.021291671434826354e-01
9.946556847971443904e-02
9.617793468949661917e-02
9.224913286465509510e-02
9.202631531122966446e-02
9.182088911755506566e-02
9.078359639660273095e-02
8.897282076296340880e-02
8.648764999046151813e-02
8.343741028814864735e-02
7.992580588059872149e-02
7.610888112594639543e-02
7.209931270145836235e-02
6.808464067775116257e-02
6.428150403292404169e-02
6.097548334716852703e-02
5.842902092076232567e-02
5.721154764994781233e-02
5.795807611817320459e-02
5.860680794109450475e-02
5.911819837754827417e-02
5.985301843724495641e-02
6.186540081543825953e-02
6.371602656205001269e-02
6.512332061351576440e-02
6.586309704626999717e-02
6.575869731200056911e-02
6.473561338127227505e-02
6.278700681033773379e-02
6.107365091394855589e-02
6.112678623507813991e-02
6.049677305593328253e-02
5.925526695311796044e-02
5.743218534386788227e-02
5.775035313752686222e-02
5.819400427694062378e-02
5.814063268036107068e-02
5.760450943737777108e-02
5.660650176739093903e-02
5.517498908303242883e-02
5.334120233217799767e-02
5.114128242326392015e-02
4.861814312861424681e-02
4.582128753610904826e-02
4.280476688908989996e-02
4.081678541115778269e-02
4.071975108485954148e-02
4.028174803133854898e-02
3.951894374832680412e-02
3.847262734537386375e-02
3.714657178886614231e-02
3.556237752651002226e-02
3.444042248629299030e-02
3.401873872294090134e-02
3.401979974686886177e-02
3.387344779885774482e-02
3.358548592686250167e-02
3.316089807377766568e-02
3.263521734783971645e-02
3.198399380428527256e-02
3.126885215949753299e-02
3.077204254262363992e-02
3.043762287977644712e-02
3.012191566126874026e-02
2.982508806446272642e-02
2.955070361843985249e-02
2.929626072786068944e-02
2.905876129146948289e-02
2.883677688009657347e-02
2.862849656290293240e-02
2.843176271911142944e-02
2.824411486549446848e-02
2.806284000815471164e-02
2.788502794429176951e-02
2.770762991026929495e-02
2.753405383380647456e-02
2.735803664037946004e-02
2.717347157528997650e-02
2.697732468475672746e-02
2.676670361807041709e-02
2.664846938304916285e-02
2.647939733909458748e-02
2.615964335689469761e-02
2.576117791591624184e-02
2.545559344646506142e-02
2.512348247305571866e-02
2.477051151570076881e-02
2.439603652905936171e-02
2.399308561540689638e-02
2.356175768027014492e-02
2.310250699966153592e-02
2.262401236900253923e-02
2.212333843439292028e-02
2.159741685333381456e-02
2.104787888002522186e-02
2.047660799028320350e-02
1.988920991036259578e-02
1.996623162688919775e-02
2.014705668042284306e-02
2.030610566701450403e-02
2.046541853023664884e-02
2.063323930272422876e-02
2.074588772427186575e-02
2.081088591913680952e-02
2.083045188777837842e-02
2.079549884430089216e-02
2.075256705207800464e-02
2.071246571247415541e-02
2.064453278211974413e-02
2.054905937667980687e-02
2.042651131211977583e-02
2.027981493201114205e-02
2.011663259070963980e-02
1.992838291412201562e-02
1.971607002202696579e-02
1.948081268168447289e-02
1.922383076324291756e-02
1.894643170834180157e-02
1.888466402050721638e-02
1.887898987646114551e-02
1.878191467084008859e-02
1.859987008481258502e-02
1.832971508617632639e-02
1.798523369955201331e-02
1.756334007091681429e-02
1.712413227733695920e-02
1.692834076257002107e-02
1.672026489485255868e-02
1.650071691158033066e-02
1.627052679782141006e-02
1.603053719591654089e-02
1.596688017759554518e-02
1.622479615346043846e-02
1.641765795077197720e-02
1.655294468954281173e-02
1.663193698004071172e-02
1.665116446082062426e-02
1.661576405385890159e-02
1.653846787461715762e-02
1.641324357849087770e-02
1.624521979011400719e-02
1.603986371963844054e-02
1.581185580629575552e-02
1.555730924085465400e-02
1.528174136505506750e-02
1.499079466625420805e-02
1.468992092380616392e-02
1.438430002893232619e-02
1.407877030801982926e-02
1.378098127573179274e-02
1.349132429934248902e-02
1.321303068154068734e-02
1.294918040311597227e-02
1.270234109984249779e-02
1.247456341806634471e-02
1.226738550575544144e-02
1.208184575270827149e-02
1.191850283120963853e-02
1.177746205413313964e-02
1.165840704902352913e-02
1.156063575431728017e-02
1.148309976332142872e-02
1.142444608043181875e-02
1.138306040162820158e-02
1.135711109287067949e-02
1.134459310644638647e-02
1.134337114994967907e-02
1.135122149926109415e-02
1.136587192814876406e-02
1.138503930557629475e-02
1.140646449337194557e-02
1.142794425121264508e-02
1.144735993320334516e-02
1.146270282702796690e-02
1.147209605346287582e-02
1.147381300273055994e-02
1.146629233813945860e-02
1.144814964574053517e-02
1.141818584938470403e-02
1.137614357023398332e-02
1.132371675690252780e-02
1.125708993470168548e-02
1.117579924260811951e-02
1.107956632579146575e-02
1.096829182586565865e-02
1.084204711859096913e-02
1.070106454963355713e-02
1.054572641666594139e-02
1.037655293903759837e-02
1.019656016160790275e-02
1.000541805162469614e-02
9.802498917885298785e-03
9.588724945358926416e-03
9.365090938479805546e-03
9.299534973183053166e-03
9.268710153225469955e-03
9.225499390328951305e-03
9.170098257793619576e-03
9.102783407364919283e-03
9.023905780651188258e-03
8.937145915522399717e-03
8.840022419472022552e-03
8.732644391180639440e-03
8.627789030521153604e-03
8.695822488051972721e-03
8.755374518332182526e-03
8.806321676638174945e-03
8.848593978670079088e-03
8.882172206376751436e-03
8.907085022959027390e-03
8.923405938679471530e-03
8.931250162980108528e-03
8.930771378820003686e-03
8.922683473524995953e-03
8.908832946648860204e-03
8.887275235984034433e-03
8.858277616021864934e-03
8.822130205259300084e-03
8.779142863384263584e-03
8.729642178609985440e-03
8.673968562026913506e-03
8.612473460813101916e-03
8.545516702611381799e-03
8.473463978806331648e-03
8.396684474532243106e-03
8.315548650279901838e-03
8.230426178660718919e-03
8.141684038541072838e-03
8.049684767021895310e-03
7.954784868274536805e-03
7.858863798290156855e-03
7.760734445100398414e-03
7.660629210187833681e-03
7.558868678836982991e-03
7.455762004159636504e-03
7.351606161727099707e-03
7.246685331468449148e-03
7.141270400239177647e-03
7.035618579154237148e-03
6.929973127774131415e-03
6.824563178089896633e-03
6.719603651834667180e-03
6.615295262853605404e-03
6.517246194636552512e-03
6.496357396289413957e-03
6.474158234898159774e-03
6.450719440021630835e-03
6.426110788438078349e-03
6.400400942657783962e-03
6.373657305762139152e-03
6.345945890884593064e-03
6.317331205679298060e-03
6.287876150610883542e-03
6.257641930304072043e-03
6.226687977733577975e-03
6.195071890116409311e-03
6.162849376301650188e-03
6.130074214388916455e-03
