2.182132819790205958e-01
2.176057228953986733e-01
2.166040597787094457e-01
2.230405041892485063e-01
2.252643886009026708e-01
2.303258838785078033e-01
2.398906141152080118e-01
2.890813710824260419e-01
2.936410160648541545e-01
3.363464361787908419e-01
3.820917939235534688e-01
4.012092734548045603e-01
3.249256085969058350e-01
4.219021476090761835e-01
5.301697469805336516e-01
4.466213763464553232e-01
4.879414055314553189e-01
5.985946641770615306e-01
7.626772720638030911e-01
8.262588415087662730e-01
7.412944646160892770e-01
7.656381479402790680e-01
8.925952558274623527e-01
7.761688041900941526e-01
4.706609315776704161e-01
4.297913809004911823e-01
4.298608417350307520e-01
4.701440533911416253e-01
4.931723213262774186e-01
4.855160267220227643e-01
5.975590991742105729e-01
6.845357464747818810e-01
5.728396899648047214e-01
6.516746012928665843e-01
6.445723985038712689e-01
6.966716047622800723e-01
7.627169840232350673e-01
8.258752254171859430e-01
7.253864650007519899e-01
7.518238662798034655e-01
7.356083603254343073e-01
8.310766702056752164e-01
8.500635260091177203e-01
7.902978568310272678e-01
8.371375145300951059e-01
9.979685216622243837e-01
1.174224444887932872e+00
1.296981546866778245e+00
1.298258477167281155e+00
1.276189394011299605e+00
1.286313938371733911e+00
1.374791212230409787e+00
1.433500465511617250e+00
1.245070470865695889e+00
1.232883873645102879e+00
1.258555263031807980e+00
1.395848258332306857e+00
1.364830174917606165e+00
1.256267839339211712e+00
1.281539842214476810e+00
1.476638385700133727e+00
1.803470209945275959e+00
2.050443847455955648e+00
2.041059093683290637e+00
2.023424732374000445e+00
1.628579910874856207e+00
1.337654298679656906e+00
1.144996430859923864e+00
9.038872971912986776e-01
7.947772958402972154e-01
7.657386001109804941e-01
7.579607255167846169e-01
7.421402890844005507e-01
6.516155737165747475e-01
5.750770184363186432e-01
4.707915311394558766e-01
4.247702425861621389e-01
4.238074449017428247e-01
4.268289061752800762e-01
4.295135504759764467e-01
4.272694638457478211e-01
4.178970867539849032e-01
4.002918843665379534e-01
3.745901365417289575e-01
3.594404731525547847e-01
3.394008989985121683e-01
3.270377892158324862e-01
3.269509229278958484e-01
3.160711909754914672e-01
3.144309757818976037e-01
3.268792873137006394e-01
3.440131845318143422e-01
3.510231142809835947e-01
3.355618977089730448e-01
3.161654067173076399e-01
2.729096816323774988e-01
2.463278068112787211e-01
2.281613753670662936e-01
2.138896856034801230e-01
2.195723286397632534e-01
2.209515563124546389e-01
2.177615105472435197e-01
2.101653988950290819e-01
1.987262384996274500e-01
1.938045172416672235e-01
1.875222061799475259e-01
1.789471954720937008e-01
1.686694330657157459e-01
1.646633128252669442e-01
1.605720896633633099e-01
1.552714480205440728e-01
1.530274587351209969e-01
1.576067096515972599e-01
1.519903497318399466e-01
1.391615434101002302e-01
1.251307273447755108e-01
1.162712983707799713e-01
1.152156078267878858e-01
1.202012792922236978e-01
1.268062577663815749e-01
1.307763710260437806e-01
1.298642309608883660e-01
1.277392324998556372e-01
1.329445298916454299e-01
1.341501823622306411e-01
1.320821592854845017e-01
1.276784963620452296e-01
1.216724788297734172e-01
1.144240217182234676e-01
1.059895273694854145e-01
9.796903234978916741e-02
9.892976271250650266e-02
9.835548626484864887e-02
9.625730162315267180e-02
9.257005259746010906e-02
8.751686563375375705e-02
8.342261352638130623e-02
8.077769378384259957e-02
7.821966070250058189e-02
7.664886509510535073e-02
7.517581131156850227e-02
7.385140836608630743e-02
7.267175849181609082e-02
7.158248085746894696e-02
7.052055694189775237e-02
6.941122429280772999e-02
6.843367212106761521e-02
6.825759601718162095e-02
6.739768434824240650e-02
6.589827059996887504e-02
6.364955493988221080e-02
6.067971178134975996e-02
5.715944265101789712e-02
5.455877768740680783e-02
5.422048343313961433e-02
5.631959001516158303e-02
5.806472234340692012e-02
5.867598343660038185e-02
5.827648055345390626e-02
5.696829244569891204e-02
5.500705561076773414e-02
5.264759891669909542e-02
5.013418104937492764e-02
4.774176314748333066e-02
4.569037098187269524e-02
4.412549183146052822e-02
4.310955993682872439e-02
4.262406353949678428e-02
4.258061474989006251e-02
4.283853071593547029e-02
4.322610268812088208e-02
4.368053235343419965e-02
4.494974326552278465e-02
4.606322912108747752e-02
4.690819262383057880e-02
4.726315505666494471e-02
4.707173849865703419e-02
4.625444884036430948e-02
4.484207250857355498e-02
4.284620368534561297e-02
4.039438189977452576e-02
3.840571207794120367e-02
3.859559128803109057e-02
3.831928015060888371e-02
3.762827286422387035e-02
3.651483557202810093e-02
3.510086237852109992e-02
3.434045200015162225e-02
3.429682876351135279e-02
3.407633556954098308e-02
3.372802218006466096e-02
3.323336175414279281e-02
3.260549773577755411e-02
3.186433431256353171e-02
3.103098763982134814e-02
3.012707956066609447e-02
2.919457809008227378e-02
2.834144085221393730e-02
2.762400348794022062e-02
2.686231706567069472e-02
2.607083386429099800e-02
2.526339799328741753e-02
2.484187497551450935e-02
2.445331722130711025e-02
2.406758927890203376e-02
2.368499905606609446e-02
2.330583455637800019e-02
2.293036523435348570e-02
2.255884323890559873e-02
2.219150453923936575e-02
2.182856993023418735e-02
2.147024591783528238e-02
2.111672548778174494e-02
2.076818876305767253e-02
2.042480355713779949e-02
2.008672583184178267e-02
1.975410006950087741e-02
1.942705956934523762e-02
1.910572667930868912e-02
1.904064439696496677e-02
1.913203625291071824e-02
1.928152759454688711e-02
1.947975516114358249e-02
1.971465240808454450e-02
1.997223305471455129e-02
2.023740402975414410e-02
2.049476199273995297e-02
2.073592579071699069e-02
2.094462621565421415e-02
2.110595268708528177e-02
2.120941709977582426e-02
2.124683682029266524e-02
2.121251386056576677e-02
2.110329176896424963e-02
2.091850152814713273e-02
2.066870377123868063e-02
2.035516036228424142e-02
1.997611034927027768e-02
1.953841332977009418e-02
1.905011672503119022e-02
1.859779097962220573e-02
1.858310497153873794e-02
1.852002247004362612e-02
1.840943004168472952e-02
1.825382309470479497e-02
1.805635647536443442e-02
1.782069580655889704e-02
1.755087245046531297e-02
1.725114632058978234e-02
1.692587992734580216e-02
1.657942619189987574e-02
1.622239810379090194e-02
1.604028366625283308e-02
1.585573497073419422e-02
1.566968362172307602e-02
1.548297693565090123e-02
1.529637357696432380e-02
1.511054105439696427e-02
1.492605491779787005e-02
1.474339948625865912e-02
1.456296993285511980e-02
1.438507554870581580e-02
1.420994401137741503e-02
1.403772648490699340e-02
1.386850338624127411e-02
1.370229066005002397e-02
1.353904641444222262e-02
1.337867777995036846e-02
1.322104786642317245e-02
1.306598270554770909e-02
1.291327807745817728e-02
1.276270613477654449e-02
1.261402174809813335e-02
1.246696851060848620e-02
1.232128435023422536e-02
1.217670670956515037e-02
1.203297726368638375e-02
1.188984615617057379e-02
1.174707574209743824e-02
1.160444383491998632e-02
1.146174646124145484e-02
1.136080015267061823e-02
1.145485451189943472e-02
1.154054161570018840e-02
1.161654709377943177e-02
1.168162500934351658e-02
1.173461266495061210e-02
1.177444529387146679e-02
1.180017015577939331e-02
1.181221744505165337e-02
1.181144238298356512e-02
1.179459386649656452e-02
1.176124663002238620e-02
1.171113528331702708e-02
1.164415801663227015e-02
1.156037790645752378e-02
1.146002181398657511e-02
1.134347692678154725e-02
1.121128504665176717e-02
1.106413477250248190e-02
1.090285176559726774e-02
1.072838731662491794e-02
1.054180545633963927e-02
1.034426887061611934e-02
1.013702388719772522e-02
9.921384807533897496e-03
9.700779245798376096e-03
9.474520991511872769e-03
9.405486610733917660e-03
9.493319480370748450e-03
9.574407228061104780e-03
9.648104264136420430e-03
9.713841650995830995e-03
9.771129145419306730e-03
9.819556360690555666e-03
9.858793083436291974e-03
9.888588787190811039e-03
9.908771395207289015e-03
9.919245349094463551e-03
9.919989045971650682e-03
9.911051710402948856e-03
9.892549768986156483e-03
9.864662797728492374e-03
9.827629111767460790e-03
9.781741065903657578e-03
9.727340133476810452e-03
9.664811828455783724e-03
9.594580531464320591e-03
9.517104278740893403e-03
9.432869567506389080e-03
9.342386226768580743e-03
9.246182399793115639e-03
9.144799677482133224e-03
9.038788418184501641e-03
8.929832958912977195e-03
8.817836096573206800e-03
8.702741217163453835e-03
8.585091257032540640e-03
8.465419049540680654e-03
8.344244195659973259e-03
8.222070240203497443e-03
8.099382155409590167e-03
7.976644131679543753e-03
7.854297671015978560e-03
7.732759977037919827e-03
7.664734900933623148e-03
7.641638731880965631e-03
7.615115842040645101e-03
7.585351005447531041e-03
7.552533731194691763e-03
7.516857088144561147e-03
7.478516587738597531e-03
7.437709127724355211e-03
7.394631999358265012e-03
7.349481958867736670e-03
7.302454364273121973e-03
7.253742378301730742e-03
7.203536236404161838e-03
7.152022580046774568e-03
7.099383853961783140e-03
7.045797765954075684e-03
6.991436807676085913e-03
6.936467834532980895e-03
6.881051702651842968e-03
6.825342960144438649e-03
6.769489590742928595e-03
6.713632806694566808e-03
6.657906888710188667e-03
6.602439069671429961e-03
6.547349459730335448e-03
6.492751009646434424e-03
6.438749509728914147e-03
6.385443621568826986e-03
6.332924939635943030e-03
6.281278080409908281e-03
6.230580795931628217e-03
6.180904109660581916e-03
6.132312471885119527e-03
6.084863932491206898e-03
6.038610328638541538e-03
5.993597485605668337e-03
5.949865428320169625e-03
5.907448601644049724e-03
5.866376098181420862e-03
5.826671891372106615e-03
5.788355072241021561e-03
5.751440088985865576e-03
5.715936987424234846e-03
5.681851651197175959e-03
5.649186041067086848e-03
5.617938431621487955e-03
5.588103644993282389e-03
5.559673280457118685e-03
5.532635939448578115e-03
5.506977445078025356e-03
5.482681056064624830e-03
5.459727673775264904e-03
5.438096043167380163e-03
5.417762945991130494e-03
5.398703387163648719e-03
