4.097800991630823342e-01
4.063779750050269257e-01
4.058914170373022490e-01
4.117328576152637920e-01
4.235509598477198434e-01
4.804505949949336441e-01
4.416389517941400888e-01
5.215382590874843016e-01
4.216744840307651288e-01
4.944830576798493471e-01
6.262625563220777236e-01
6.459340838286057318e-01
7.987469351563085684e-01
7.638587153971125865e-01
5.951933841334193787e-01
6.347120566576787137e-01
9.200857755828166784e-01
9.256095927862467709e-01
9.373495447401202219e-01
9.793905309588879504e-01
9.158486692763720960e-01
1.103153019256303269e+00
1.089362072205881882e+00
1.101221304986713001e+00
1.132423895995879892e+00
1.485779218338846963e+00
1.616521381626323750e+00
1.672341812859886367e+00
1.755797091818036781e+00
1.600690431706592420e+00
2.023417639553901193e+00
2.478108259699442595e+00
2.141968423954328404e+00
2.144857763581362153e+00
2.027753106147452300e+00
2.078737682217658644e+00
2.115169023173518070e+00
1.944680272243828334e+00
2.321539791329229274e+00
3.049949102052352590e+00
2.441608336261595902e+00
1.624546123883455317e+00
1.125378565088945182e+00
8.789494000272796148e-01
7.884212304731081922e-01
7.466992439153021799e-01
6.827013274019652078e-01
6.517677817769929050e-01
6.799274629080933607e-01
7.222589940092102312e-01
6.426921945017709525e-01
5.779544320218361619e-01
5.554386948094877097e-01
5.515596636106189221e-01
4.742940942317975805e-01
4.400450266527105025e-01
4.620136968973523328e-01
4.046290525032584240e-01
3.550712443393302387e-01
3.390436669335252229e-01
3.167998456715986899e-01
3.063802631773979712e-01
2.868941949607776154e-01
2.644844072980645500e-01
2.421055503078044235e-01
2.218984716629397447e-01
2.082024971157107052e-01
2.058257330160438159e-01
2.062067979075734026e-01
2.069784555090263822e-01
2.038508000471365156e-01
2.023668191388945103e-01
2.052235313525209159e-01
1.983359150895800949e-01
1.822358520186479480e-01
1.763124145703887091e-01
1.874337673063631027e-01
1.883281586802347529e-01
1.782157395432821534e-01
1.638586708106740397e-01
1.454058495147654839e-01
1.318231131805776557e-01
1.248396646292035950e-01
1.213674678337264279e-01
1.192347435124121169e-01
1.182024622866056640e-01
1.159454464992852041e-01
1.133757254144017040e-01
1.152888786214141675e-01
1.092799062001563598e-01
9.510113655086835371e-02
9.191146691579736572e-02
9.214517350059404921e-02
9.076046231382198237e-02
8.824261805958252824e-02
8.435693473021688149e-02
7.965111821419278149e-02
7.755754819465451866e-02
8.020921129969542374e-02
7.950904029137688400e-02
7.451418638407156236e-02
7.274676552828114595e-02
7.238602505275562593e-02
6.891922415847259731e-02
6.640502454225402640e-02
6.423311353072523600e-02
6.214398599050978411e-02
6.027778182482355224e-02
5.866953490491809420e-02
5.727293879821769573e-02
5.602775334388396949e-02
5.485560820678408306e-02
5.356161992548988393e-02
5.204523201354518958e-02
5.023653124266673486e-02
4.810186687208230227e-02
4.564373055687083458e-02
4.510512304002392558e-02
4.800282824686487315e-02
4.999765708404834558e-02
5.083246516627031725e-02
5.332518532011894935e-02
5.402039125498309113e-02
5.211104405714096777e-02
4.790238737463081709e-02
4.868433276130921389e-02
4.904278021658433490e-02
4.836472478595977426e-02
4.668929078089292112e-02
4.421161994298766773e-02
4.469249727491266672e-02
4.461285184084674144e-02
4.410421575124517241e-02
4.319007772095424802e-02
4.193476826812749664e-02
4.043658321456941596e-02
3.878388868381105192e-02
3.705183574534828134e-02
3.530099206011758778e-02
3.394406777346526544e-02
3.292798253294699357e-02
3.191118589035966957e-02
3.090934133045003182e-02
2.993296025049095241e-02
2.898847902312195676e-02
2.835855292846366227e-02
2.799827030372289277e-02
2.757750844131312204e-02
2.711057076957876233e-02
2.661020708842378249e-02
2.608824541191594182e-02
2.555604407240085960e-02
2.502473607003060860e-02
2.450526734566231199e-02
2.400825384683252448e-02
2.354369842155014034e-02
2.312061782218061134e-02
2.274663303851573101e-02
2.242757376074449097e-02
2.216714117794554156e-02
2.196666381306451934e-02
2.182496993985426695e-02
2.173838847335192101e-02
2.170087906502355529e-02
2.170428224503299572e-02
2.173867239701067836e-02
2.179279044611720506e-02
2.185452951445008077e-02
2.192198852456089114e-02
2.197640839188899284e-02
2.200395489543342797e-02
2.199385229102455291e-02
2.193670463017557970e-02
2.182479361662747683e-02
2.211262864566671330e-02
2.224801487692150068e-02
2.215668576455800259e-02
2.182666020932407316e-02
2.126440407835163138e-02
2.052936597447099776e-02
2.006941026166458863e-02
1.993562568447470457e-02
1.976382867248488440e-02
1.955567416861919011e-02
1.931347565671398189e-02
1.904010019372980034e-02
1.873885835116455983e-02
1.841339262826739015e-02
1.806756754626630268e-02
1.770536422076285712e-02
1.733078175869065540e-02
1.694774736240999002e-02
1.658876533631583813e-02
1.670317301585606470e-02
1.676977077617716749e-02
1.680117671139422578e-02
1.678903134099618902e-02
1.673794623464481407e-02
1.665273366019831905e-02
1.653823997342319246e-02
1.639919792699552278e-02
1.624010051508941593e-02
1.606509788781350020e-02
1.587791788246741692e-02
1.568180985272578376e-02
1.547951074221892015e-02
1.527323175411132543e-02
1.506466351392093082e-02
1.485499730124708977e-02
1.464495973114687301e-02
1.443485818315986061e-02
1.422463429110584418e-02
1.401392290601807290e-02
1.381997342130916046e-02
1.369487383300476736e-02
1.357054873640203829e-02
1.344615659053591088e-02
1.332074358614394709e-02
1.319328294585096241e-02
1.306271228022320118e-02
1.292796834972820448e-02
1.278801872091849152e-02
1.264188993763148451e-02
1.248869195120831145e-02
1.232763866756984676e-02
1.215806456945708360e-02
1.197943746273010500e-02
1.179136747045843661e-02
1.159361246321872173e-02
1.138608016525330738e-02
1.116882721509650581e-02
1.118196897196677836e-02
1.128475758485780224e-02
1.136025994384967305e-02
1.139717009163304998e-02
1.139418857489704097e-02
1.135068792611547590e-02
1.126671762955467823e-02
1.114299297351867973e-02
1.098086885048696164e-02
1.078229994545643576e-02
1.054978904859380125e-02
1.028632543792737039e-02
9.995315407971876176e-03
9.680507073511987817e-03
9.347460675676355288e-03
9.053050057768269321e-03
9.071541541419848864e-03
9.082748789319935664e-03
9.086518801324945660e-03
9.082747310417955619e-03
9.071377216640381241e-03
9.052396718037973578e-03
9.025837184427404000e-03
8.991770816520770759e-03
8.950308131576626899e-03
8.901595313980780605e-03
8.845811466694209618e-03
8.783165796875344253e-03
8.713894765883951551e-03
8.638259232072441687e-03
8.556541610589277896e-03
8.469043073335884991e-03
8.376080808172944522e-03
8.277985355116633873e-03
8.177106603820307948e-03
8.072871759900339395e-03
7.964406580598274582e-03
7.852068029364963828e-03
7.736215367387447132e-03
7.617208157054229309e-03
7.495404400602630711e-03
7.371158816256230192e-03
7.244821252531683312e-03
7.224132615288530491e-03
7.200972520130054406e-03
7.172423988601015106e-03
7.136197704255177986e-03
7.092406420154783245e-03
7.041453677912703005e-03
6.983758560347702767e-03
6.919752293335187238e-03
6.849875006703385304e-03
6.774572666041853153e-03
6.694294184852527321e-03
6.609488723403802307e-03
6.520603179518032200e-03
6.428079873450349112e-03
6.332354427784586508e-03
6.234501856052131023e-03
6.276196480413326687e-03
6.311782871623222539e-03
6.341282335251339011e-03
6.364747286185799477e-03
6.382258861941467881e-03
6.393924528915997420e-03
6.399875698662929775e-03
6.400265370425273388e-03
6.395265814214966954e-03
6.385066307971236192e-03
6.369870938943338577e-03
6.349896479836946057e-03
6.325370347709333846e-03
6.296528652150877592e-03
6.263614338999396944e-03
6.226875433107308469e-03
6.186563384309403703e-03
6.142931517949136618e-03
6.096233591846429885e-03
6.046722459637623136e-03
5.994648840553042958e-03
5.940260194113250805e-03
5.883799698135644234e-03
5.825505328019919306e-03
5.765609034205713447e-03
5.704336015045460492e-03
5.641904081066229787e-03
5.578523107343239494e-03
5.514394569683323671e-03
5.449711160500152543e-03
5.384656479847142740e-03
5.319404797642451888e-03
5.254120882068054159e-03
5.188959889957302229e-03
5.124067314707568543e-03
5.059578987084805725e-03
4.995621124843794593e-03
4.932310426542547456e-03
4.869754205825749249e-03
4.808050561662844183e-03
4.747288581188470295e-03
4.687548570888379687e-03
4.628902313114713687e-03
4.571413343851696114e-03
4.515137249286366519e-03
4.460121977539318640e-03
4.406408162908066924e-03
4.354029460035309905e-03
4.303012885381196466e-03
4.253379163555908241e-03
4.205143076802839858e-03
4.158313814998225444e-03
4.112895324985170811e-03
4.068886657315186513e-03
4.026282308635028076e-03
3.985072559188236607e-03
3.945243803007576419e-03
3.906778871190317443e-03
3.869657345916832376e-03
3.833855865520716458e-03
3.799348419298114593e-03
3.766106631600316286e-03
3.734100034932549220e-03
3.703296331432335154e-03
3.673661642524087695e-03
3.645160746774220740e-03
3.617757305229851034e-03
3.591414074964145806e-03
3.566093110321525567e-03
3.541755951691413773e-03
3.518363802884309863e-03
3.495877696205619296e-03
3.474258645989424313e-03
3.453467790906300083e-03
3.433466525002622574e-03
3.414216617970312374e-03
3.395680324901158374e-03
3.377820486121408013e-03
3.360600616871566894e-03
3.343984988019365473e-03
3.327938697641843937e-03
3.312427733831226420e-03
3.297419029673423659e-03
3.282880510176649363e-03
3.268781131984651624e-03
3.255090916078522915e-03
3.241780973980120609e-03
3.228823527754272598e-03
3.216191924307668787e-03
3.203860644388585241e-03
3.191805306354951206e-03
3.180002665661161958e-03
3.168430609761304674e-03
3.157068149447152423e-03
3.145895406249760509e-03
3.134893596868143593e-03
3.124045014521705660e-03
3.113333007749969749e-03
3.102741956676102492e-03
3.092257247480922205e-03
3.081865244788163302e-03
3.071553262566254633e-03
3.061309533701588471e-03
3.051123178445033692e-03
3.040984171918730602e-03
3.030883310817787581e-03
3.020812179866287986e-03
3.010763117399911908e-03
3.000729181176236063e-03
2.990704113988408835e-03
