2.667208222517098992e-01
2.651973952448528071e-01
2.680824105966935211e-01
2.679517387081821744e-01
2.720267379107453309e-01
2.833587227041868828e-01
2.998798018955212141e-01
3.169893836709797297e-01
3.849822308641176472e-01
3.210134459212528601e-01
3.830025761044719146e-01
4.286102268404828330e-01
5.414698257976044982e-01
5.758482185126688746e-01
7.102356462265544401e-01
6.549029416552111238e-01
6.944650062500355991e-01
7.480834949796526523e-01
6.027063339382484619e-01
4.940921203519701432e-01
5.753893586143954408e-01
6.083312683548195432e-01
5.153681186529799341e-01
5.511142828072097544e-01
6.782405011427774522e-01
8.084345381101125660e-01
9.731791577330410892e-01
1.073831041357965255e+00
9.829579209118036731e-01
7.723736391566818904e-01
9.168800908421689266e-01
9.616387655316324112e-01
1.126461000135750901e+00
9.760654643153277021e-01
9.212278799639180837e-01
1.311279348572352843e+00
1.408763468312034028e+00
1.374848467191758017e+00
1.447167112476983153e+00
1.716148246582212655e+00
1.975951178872131120e+00
1.824514326489476979e+00
1.883987224133795824e+00
2.041993146634952350e+00
2.149381231985624030e+00
2.089784778641342378e+00
1.881067455864664950e+00
2.097023591171098822e+00
2.328992656940525485e+00
2.137178641241794796e+00
2.194014711406881091e+00
2.195158377274430084e+00
2.038357506230468630e+00
1.757237708090747086e+00
1.446154749668652428e+00
1.132262573522863303e+00
8.824423143040487361e-01
7.210654704136711945e-01
6.481475443062747477e-01
6.356819882225948071e-01
6.607455045258132653e-01
6.935043474836771749e-01
7.268882322671641472e-01
7.430904879840327659e-01
6.203206081163051833e-01
5.923109503698150702e-01
5.740664626834722783e-01
5.424210436831655713e-01
4.747682011043396488e-01
4.279753725503856465e-01
4.144023631502845029e-01
4.121196431126691873e-01
4.029424163537739245e-01
3.869986132110334598e-01
3.650504722224908183e-01
3.389737207601216107e-01
3.096230815414537374e-01
3.189042088920522877e-01
3.107142576316341831e-01
2.895362053613615982e-01
2.918802592214525538e-01
2.810991912558030714e-01
2.609968453938592559e-01
2.355924424135145412e-01
2.081762533833404205e-01
1.955317508547738392e-01
1.878702970359832636e-01
1.806499151440090489e-01
1.743273681093572836e-01
1.682780997523848909e-01
1.623075404246085429e-01
1.559533997558531782e-01
1.485716556436067204e-01
1.418516857954802701e-01
1.434742488805168803e-01
1.442274164633302047e-01
1.441885183731726472e-01
1.431573237182204028e-01
1.410737399600072994e-01
1.379525187546942477e-01
1.336670269684750723e-01
1.284713715024043412e-01
1.223721747048457653e-01
1.243280667621327745e-01
1.251226389730952793e-01
1.198560496224387595e-01
1.225877670644374834e-01
1.237370650923064058e-01
1.232344539439474695e-01
1.218495643488369529e-01
1.196790856230117855e-01
1.169535606847395270e-01
1.141876559337340752e-01
1.113678003478934947e-01
1.085213181285540757e-01
1.056858145530697318e-01
1.030787198412101285e-01
1.003743363867873051e-01
9.747929263457452698e-02
9.440600200838399070e-02
9.321904694210889075e-02
9.149461672325721884e-02
8.917532872740061012e-02
8.608499024644378217e-02
8.235027642419892602e-02
7.789867221131539787e-02
7.397107579955018719e-02
7.491054140287665974e-02
7.541335927041838139e-02
7.542205335419405188e-02
7.533401891866610411e-02
7.638784212000097884e-02
7.673986731752278911e-02
7.462149776964685510e-02
7.286797647693604718e-02
7.049486792596273976e-02
6.743849685672800853e-02
6.399244721487240550e-02
6.013727117933533040e-02
5.851127232457792315e-02
5.861931067203796780e-02
5.855737338659444680e-02
5.832490758462997166e-02
5.792393504535028881e-02
5.735878519817793481e-02
5.663657137277408604e-02
5.584514784091047096e-02
5.490976099149596362e-02
5.384068823998585523e-02
5.264922788361082323e-02
5.134744923341270917e-02
4.994795835203465900e-02
4.847937316015327180e-02
4.697879587324414047e-02
4.541378482118828275e-02
4.379712653269712125e-02
4.214131291941776436e-02
4.045841793860634888e-02
3.875999338877918893e-02
3.705698301347595813e-02
3.535965389817062599e-02
3.367754399958951261e-02
3.258729586876858708e-02
3.278984202311128332e-02
3.328729469106017635e-02
3.358581034253853292e-02
3.367858907288626830e-02
3.359505542024026487e-02
3.339236857713592799e-02
3.318541110513276854e-02
3.274018782794047011e-02
3.255264580678684377e-02
3.237229955786690566e-02
3.217420466935317497e-02
3.195514234374320639e-02
3.170674378491289414e-02
3.143090197131387376e-02
3.112951196941381865e-02
3.080445970853597920e-02
3.047625157736416276e-02
3.012972964997480754e-02
2.976408394112774886e-02
2.938107424691498853e-02
2.898241616936066481e-02
2.856977576291867826e-02
2.814476502491368090e-02
2.771709111257508740e-02
2.728745230697743329e-02
2.684900071146494732e-02
2.640312195608465057e-02
2.595113750214934206e-02
2.549430367014913004e-02
2.503381113424796994e-02
2.457078483544241146e-02
2.410628426828854629e-02
2.364130409883287084e-02
2.317677507355634520e-02
2.271380043377341576e-02
2.226122528541100987e-02
2.181085775262687695e-02
2.136341522233252063e-02
2.091955871389087132e-02
2.047989473675403127e-02
2.004497724358001581e-02
1.961530965657049680e-02
1.919134694867692670e-02
1.877349776178543345e-02
1.836212654619858234e-02
1.795755570744519275e-02
1.792189403062088848e-02
1.795753294783884735e-02
1.791888450391112414e-02
1.780697388697718986e-02
1.762962946022717664e-02
1.739795358730822361e-02
1.718272908099279309e-02
1.733351403396344789e-02
1.762107211204032645e-02
1.787472246257762118e-02
1.809369927548753684e-02
1.827757413632759981e-02
1.842622885534740684e-02
1.853982794117771046e-02
1.861879108291720347e-02
1.867076576499445556e-02
1.869509736528470606e-02
1.868721411271135821e-02
1.864822536497448557e-02
1.857937424266096343e-02
1.848201518515243252e-02
1.835759283248359491e-02
1.820762230143962296e-02
1.803367089871215495e-02
1.783734129294980986e-02
1.762025614722183969e-02
1.738404419700455630e-02
1.713032774442818998e-02
1.686522587010423971e-02
1.659041709759133051e-02
1.630230222153215489e-02
1.600237777953144799e-02
1.584662949487497183e-02
1.578975319228570831e-02
1.570400912413650110e-02
1.559093160534290312e-02
1.545211573113403243e-02
1.529629576271613646e-02
1.512181898786130706e-02
1.492610600565902682e-02
1.471081533926985214e-02
1.447759650873963605e-02
1.422807925800541155e-02
1.400112800150126770e-02
1.394104100509803608e-02
1.387871987706956745e-02
1.381434197265547781e-02
1.374807797134847305e-02
1.368009181374320316e-02
1.361054067136479098e-02
1.353957494628449214e-02
1.346733829768165074e-02
1.339396769247373602e-02
1.331959347775341258e-02
1.324433947227341736e-02
1.316832307513151473e-02
1.309165538911331167e-02
1.301444135729297458e-02
1.293677991055222631e-02
1.285876412475187025e-02
1.278048138575640404e-02
1.270201356111979457e-02
1.262343717686274097e-02
1.254482359833726697e-02
1.246623921417003462e-02
1.238774562172588814e-02
1.230939981421696160e-02
1.223125436740889541e-02
1.215335762629712706e-02
1.207575389022244594e-02
1.199848359641465106e-02
1.192158350116273059e-02
1.184508685819667638e-02
1.176902359386159530e-02
1.169342047880623722e-02
1.161830129575348869e-02
1.154368700319975856e-02
1.146959589469066960e-02
1.139604375380285500e-02
1.132304400408617670e-02
1.125060785466058290e-02
1.117874444055474460e-02
1.110746095840106466e-02
1.103676279695151204e-02
1.096665366290590880e-02
1.089713570144651596e-02
1.082820961197666562e-02
1.075987475913040524e-02
1.069212927857777530e-02
1.062497017840415697e-02
1.055839343550573836e-02
1.049239408764733594e-02
1.042696632072635105e-02
1.036210355187950662e-02
1.029779850805462998e-02
1.023404330065129375e-02
1.017082949575824624e-02
1.010814818080162103e-02
1.004599002714993972e-02
9.984345349038591805e-03
9.923204158985272569e-03
9.862556219699596810e-03
9.802391092817559770e-03
9.742698184131022218e-03
9.683466786180457489e-03
9.624686117543733779e-03
9.566345359523120012e-03
9.508433690002803321e-03
9.450940314897583391e-03
9.393854496953747343e-03
9.337165582335136410e-03
9.280863024948116796e-03
9.224936408636589397e-03
9.169375467359965406e-03
9.114170103447756868e-03
9.059310404109581841e-03
9.004786656151234775e-03
8.950589359101857739e-03
8.896709236786322361e-03
8.843137247518062516e-03
8.789864592926252898e-03
8.736882725382736151e-03
8.684183354487810466e-03
8.631758452037303214e-03
8.579600256443019324e-03
8.527701275732425118e-03
8.476054289874910760e-03
8.424652352198407079e-03
8.373488789930090201e-03
8.322557204238027057e-03
8.271851469265801768e-03
8.221365730898251220e-03
8.171094404574008249e-03
8.121032172966771365e-03
8.071173982850194523e-03
8.021515041699230769e-03
7.972050813886055395e-03
7.922777016400895170e-03
7.873689614462232519e-03
7.824784816538844778e-03
7.776059069387891362e-03
7.727509052753853830e-03
7.679131673831150230e-03
7.630924061584655645e-03
7.582883560979463734e-03
7.535007726996326670e-03
7.487294318618126047e-03
7.439741292726718448e-03
7.392346797841490083e-03
7.345109167998711136e-03
7.298026916360289724e-03
7.251098729170215619e-03
7.204323459216570476e-03
7.157700119863340954e-03
7.111227878625971804e-03
7.064906051130449838e-03
7.018734094916630542e-03
6.972711603469161287e-03
6.927120161329301633e-03
6.881750142915204690e-03
6.836522173205530906e-03
6.791436380978121100e-03
6.746493002117592667e-03
6.701692374132444188e-03
6.657034930743935958e-03
6.612521196644530197e-03
6.568151782158067852e-03
6.523927378375012423e-03
6.479848752031740558e-03
6.435916740779117594e-03
6.392132248426996878e-03
6.348496240290603734e-03
6.305009738794865003e-03
6.261673819160093642e-03
6.218489605029748311e-03
6.175458264528540554e-03
6.132581006161485181e-03
6.089859075090820265e-03
6.047293749266412395e-03
6.004886335946609151e-03
5.962638168161868250e-03
5.920550601319572379e-03
5.878625010059997276e-03
5.836862785011844544e-03
5.795265329947729693e-03
5.753834058715861371e-03
5.712570392665383863e-03
5.671475757742173301e-03
5.630551582236024283e-03
5.589799293997253955e-03
5.549220318438168736e-03
