1.271297911388865332e-01
1.265451525024897939e-01
1.250959224129418734e-01
1.279865766293239449e-01
1.294125568603210485e-01
1.357996925767425145e-01
1.914126879482418997e-01
1.388903767351332696e-01
1.537869433219778703e-01
2.400308217829361934e-01
2.607071715187005978e-01
2.430516079614317981e-01
2.512612727803877899e-01
3.657191313932091625e-01
2.953225364409921561e-01
3.175299893605186274e-01
3.932085498416998948e-01
4.545096535422790129e-01
3.481199242002046557e-01
4.256343450805657458e-01
4.002797737225662345e-01
2.993531045480782304e-01
3.370196877611979502e-01
3.031045783222672263e-01
2.999596698672045703e-01
3.015976875388919898e-01
3.147813135645503579e-01
3.439481056701450545e-01
3.845289826210140371e-01
4.341767290571333371e-01
4.698653844575283456e-01
4.188902958828115142e-01
3.620920976182537832e-01
4.157727365788186358e-01
4.488426948564346319e-01
4.272712551356458444e-01
4.731929487538337753e-01
4.982730825505771732e-01
4.887202992255075817e-01
5.030997138187139894e-01
6.477640984144886760e-01
6.934168815042160983e-01
6.103968190694778473e-01
6.450747287340902192e-01
7.348194975816534358e-01
7.864207263645924817e-01
7.018526233500163025e-01
7.944059142906497728e-01
7.908552141140945402e-01
8.398752025319432546e-01
9.379480588748508874e-01
9.757320010546901567e-01
1.115780378408013584e+00
1.140527676536313262e+00
1.082845431280330617e+00
1.088542377220225843e+00
1.154150320528638973e+00
9.778856528579089602e-01
9.354711379330363785e-01
8.614227343245238755e-01
7.770723964777077608e-01
6.762315282719507659e-01
6.376633365648560758e-01
6.533901709113285605e-01
6.553231182787370157e-01
6.105438971610351873e-01
5.629674512521730678e-01
5.334198175634330408e-01
5.390304187004725245e-01
5.407003620643685560e-01
4.998895336937598799e-01
4.512360934422656178e-01
4.171227844714661681e-01
4.212412428679715992e-01
3.767678424764531186e-01
3.325677654499993308e-01
3.388763202410116082e-01
3.343385041481754527e-01
3.109908543711155104e-01
3.152092439145738889e-01
3.216109428098706813e-01
2.841107297342211346e-01
2.417771864945700011e-01
2.064800115505852629e-01
1.917640913890473475e-01
1.854822669285844661e-01
1.728336429324630608e-01
1.575619561698522741e-01
1.455835970913078314e-01
1.411444652232352603e-01
1.417076660857656822e-01
1.437414941385268818e-01
1.478611645672177899e-01
1.501902164432840636e-01
1.478053323314485745e-01
1.416626508598930467e-01
1.340661979837214079e-01
1.276180350234858429e-01
1.241751000895998380e-01
1.231643828689416853e-01
1.228092595091061917e-01
1.206716871460265100e-01
1.146829656137443171e-01
1.150615540148755001e-01
1.130149106599848824e-01
1.130355710867896601e-01
1.095998737932287748e-01
1.028494446051592681e-01
9.340018127605645426e-02
9.113583046469569959e-02
8.720163322485485757e-02
8.115891810411261786e-02
7.362347965554301432e-02
7.240210130185119330e-02
7.157334437363371826e-02
7.019010854836681135e-02
6.832868482854895231e-02
7.159091437607460751e-02
7.235046111290599491e-02
7.054920104061343511e-02
6.695064665056429942e-02
6.241061937538962962e-02
5.780475213611585561e-02
5.567808452475320885e-02
5.411512006438623512e-02
5.276820593552385835e-02
5.168356125700757780e-02
5.068247171206086837e-02
4.950513368966973776e-02
5.000753184546897351e-02
5.082111278381405001e-02
5.146598217833836530e-02
5.180342917653142643e-02
5.163695949679093788e-02
5.084977615680456864e-02
4.935824639553886006e-02
4.714449671874228198e-02
4.840111596447873449e-02
4.902805620651890656e-02
4.889453105250132769e-02
4.807666505859481410e-02
4.675476955013953967e-02
4.519569494322413922e-02
4.363745253831965987e-02
4.233160575405699177e-02
4.147861939607415394e-02
4.112170189024051681e-02
4.118448544841378511e-02
4.148931202717238975e-02
4.181827953102712492e-02
4.193135564079910477e-02
4.161139609308781712e-02
4.069864580970544016e-02
3.912935189766926503e-02
3.700965525173285919e-02
3.532254537076573442e-02
3.333590140842497551e-02
3.083489393133318976e-02
3.091747938274528457e-02
3.151046336424492139e-02
3.148868313408560715e-02
3.091662890883827702e-02
2.976867216389036952e-02
2.814464872656950029e-02
2.611054083351560182e-02
2.550082468318121479e-02
2.528137330981791719e-02
2.499745106984635132e-02
2.519965200540565803e-02
2.568508801415277099e-02
2.602283954399023033e-02
2.621902442390061302e-02
2.736655964425997040e-02
2.815609440024584645e-02
2.835857368072290663e-02
2.796900285494822308e-02
2.703000259801248417e-02
2.563900271878853318e-02
2.476153162394162735e-02
2.429442566835023423e-02
2.413083795414603522e-02
2.387330297391583589e-02
2.344308417757956509e-02
2.286145570366250254e-02
2.218631788762893270e-02
2.141935414314080979e-02
2.060120288252964907e-02
1.986767062155228927e-02
1.931430723970144203e-02
1.876817031941402369e-02
1.823032143885482126e-02
1.770141224180002068e-02
1.718180643898139723e-02
1.667168860899555932e-02
1.617115760359683768e-02
1.568030335544122467e-02
1.519926675143374976e-02
1.472828296095028168e-02
1.426770919288794341e-02
1.381803830068757330e-02
1.337989996914374681e-02
1.295405141280019448e-02
1.265395089492086372e-02
1.268647618012032526e-02
1.274726042390116748e-02
1.282539275062644958e-02
1.291008197772546343e-02
1.299100421441726390e-02
1.305862677822191252e-02
1.310449520529011203e-02
1.312147209570278632e-02
1.310391916468846112e-02
1.304781691663715361e-02
1.295081956651153790e-02
1.281754896028832608e-02
1.264568110165877231e-02
1.243514037296652650e-02
1.227255973268799247e-02
1.248125919955797060e-02
1.262129667574810911e-02
1.268569654762924208e-02
1.267739334205255676e-02
1.260275157900475097e-02
1.247878507464257256e-02
1.231138439428015006e-02
1.210898456181504212e-02
1.188426776809604901e-02
1.164959515925751213e-02
1.141630995137958397e-02
1.119416258653460616e-02
1.099088096346598209e-02
1.081189738922895896e-02
1.066023313939126055e-02
1.053701706143612797e-02
1.044183132861160358e-02
1.036975513091538403e-02
1.031587624715615131e-02
1.027407833309989735e-02
1.023748124483293311e-02
1.019888564121829329e-02
1.015119798411009445e-02
1.008781575430866585e-02
1.000295703297294884e-02
9.891923231200918168e-03
9.751288395555789829e-03
9.579381225432774538e-03
9.381484650076349352e-03
9.151768055367668145e-03
8.917751784317059019e-03
8.884200313254441567e-03
8.843299585292488732e-03
8.795266458234335394e-03
8.740362405128402831e-03
8.678887720324213184e-03
8.611175866244350982e-03
8.537588008957715247e-03
8.459115006145514343e-03
8.377148989039162261e-03
8.290404637776622662e-03
8.199298304558165842e-03
8.104251890220780588e-03
8.005689061813823018e-03
7.904031801647629085e-03
7.799697288422533653e-03
7.693095107424560188e-03
7.584624783748251942e-03
7.520742057325192735e-03
7.557408624724804708e-03
7.582018132068350444e-03
7.594351886625885610e-03
7.594361830961241649e-03
7.582157618976065674e-03
7.557992420679322462e-03
7.522247835870406879e-03
7.475418268345045136e-03
7.418095080404973028e-03
7.350950812974835213e-03
7.277285107705211593e-03
7.195701223715615137e-03
7.106484729919701655e-03
7.010474684943333867e-03
6.908523428061009129e-03
6.801485107576839273e-03
6.690205301306502601e-03
6.575511765222227627e-03
6.567464670228472835e-03
6.564852680057254794e-03
6.555800682462514968e-03
6.540604700722500199e-03
6.519593013080014245e-03
6.493119966062835084e-03
6.461560104473794940e-03
6.425302657088405311e-03
6.384746407296876085e-03
6.340294969468995324e-03
6.292352483773260355e-03
6.241319734827363401e-03
6.187590694031381601e-03
6.131549479049628985e-03
6.073567720087460348e-03
6.014002318406851295e-03
5.953193578926322532e-03
5.891463697355613788e-03
5.829115578849809395e-03
5.766431965308032107e-03
5.703674846325136431e-03
5.641085129284029338e-03
5.578882543255577094e-03
5.517265752285920553e-03
5.456412653818201730e-03
5.396480838525073535e-03
5.337951595973775172e-03
5.280588849817617440e-03
5.224459326219270221e-03
5.169650240344706403e-03
5.116232403639650421e-03
5.064261204126932828e-03
5.013777620546801088e-03
4.964809258173623688e-03
4.917371393308530951e-03
4.871468016427012854e-03
4.827092864485126554e-03
4.784230433892425888e-03
4.742856967652143464e-03
4.702941410322277437e-03
4.664446326023826903e-03
4.627328775607077692e-03
4.591541149626358377e-03
4.557031955029031134e-03
4.523746553461778508e-03
4.491627850978195668e-03
4.460616937552717466e-03
4.430653677728393913e-03
4.401677251751285290e-03
4.373626648825584655e-03
4.346441113198738077e-03
4.320060544869788743e-03
4.294425856246859158e-03
4.269479286894354263e-03
4.245164678201894873e-03
4.221427710029447382e-03
4.198216101705247796e-03
4.175479779281802452e-03
4.153171011525723724e-03
4.131244516690689428e-03
4.109657542512926143e-03
4.088369921135994421e-03
4.067344101784873579e-03
4.046545162438614125e-03
4.025940803091804417e-03
4.005501322233584287e-03
3.985199578430151032e-03
3.965010938689471354e-03
3.944913215186721285e-03
3.924886592142417391e-03
3.904913544000935752e-03
3.884978746359545217e-03
3.865068981098015478e-03
3.845173036440502866e-03
3.825281603483899825e-03
3.805387170011753726e-03
3.785483912225587246e-03
3.765567585762579980e-03
3.745635416273372740e-03
3.725685990426788607e-03
3.705719147948663417e-03
3.685735875224934073e-03
3.665738200934153847e-03
3.645729094021364376e-03
3.625712364596342819e-03
3.605692567976071308e-03
3.585674911907338770e-03
3.565665167599272548e-03
3.545669584457352731e-03
3.525694808652597798e-03
3.505747805910284284e-03
3.485835788189305551e-03
3.465966144673712692e-03
3.446146376916467847e-03
3.426384037996475524e-03
3.406686676100436403e-03
3.387061781878159244e-03
3.367516740234912948e-03
3.348058785736175019e-03
3.328694962065664644e-03
3.309432085387906987e-03
3.290276711101572556e-03
3.271235104451058421e-03
3.252313214396317705e-03
3.233516650876352896e-03
3.214850665225945509e-03
3.196320133629579514e-03
3.177929543535528128e-03
3.159682982704693256e-03
3.141584131084836778e-03
3.123636254896512698e-03
3.105842203290037299e-03
3.088204406991614231e-03
3.070724879245005732e-03
3.053405218367506724e-03
