9.598178240806182204e-02
9.597927295872220321e-02
9.637096622646847133e-02
9.655192061817435834e-02
9.785843405080249524e-02
9.933173705683218113e-02
1.014609246101598888e-01
1.077071361307286312e-01
1.208496850332902717e-01
1.059614374835353284e-01
1.266862277185633601e-01
2.015774342758582527e-01
1.531566052008971057e-01
1.474284375681067238e-01
2.313382593051975522e-01
2.968528286970926189e-01
1.807686085186952507e-01
1.980945485003061668e-01
1.998287494604899794e-01
2.567735069680840421e-01
2.704980411107810734e-01
2.293044738690688533e-01
2.133183814243468368e-01
2.622488466639572025e-01
2.806815364100674337e-01
3.135464758456513179e-01
3.875315426741938740e-01
3.029341576010974868e-01
3.048156745167821535e-01
2.604402636901017032e-01
2.670223645860784756e-01
2.474587356541632088e-01
2.422587555211740129e-01
2.168524214455558041e-01
1.859529424495123262e-01
1.863358714683127082e-01
1.763955272241929384e-01
1.897359589805142910e-01
1.774383067647684054e-01
1.735241431122986622e-01
1.836180360170419634e-01
2.165140764153802577e-01
2.037113743016877310e-01
2.109905903115296688e-01
2.108933478721879140e-01
2.159429685016292511e-01
2.202451854387011965e-01
2.217179285933437161e-01
2.104763542375157614e-01
2.033912600916064628e-01
2.353751919843765916e-01
2.596249185529678760e-01
2.984418104456560417e-01
2.873667784234871236e-01
2.582712276211693858e-01
2.970832756094894389e-01
2.870083744902302558e-01
2.670595525431989081e-01
3.012394690385531981e-01
3.455788371752150367e-01
3.573847019383266099e-01
3.565477523353830502e-01
3.927384272302613111e-01
3.847093806842208918e-01
3.482908811595524790e-01
3.411641520163495311e-01
3.374090666435968222e-01
3.336646410594500400e-01
3.443063030712918415e-01
3.681513332592541987e-01
3.632003789797088045e-01
3.255310251703024682e-01
3.378379272285543800e-01
3.462463561660646394e-01
4.334880998562333776e-01
4.859671571210204544e-01
5.318034437616213639e-01
5.885439592394985375e-01
6.529871947259924259e-01
6.465722713766164365e-01
6.725518917085330228e-01
6.677529513723164944e-01
6.221041408982991294e-01
5.504792982958136571e-01
5.928608415842884227e-01
5.936112414369940637e-01
5.405595313409593539e-01
4.758468391339662484e-01
4.236969584864940241e-01
3.706400349805909489e-01
3.235119147575841736e-01
2.973633408788711185e-01
2.875179260513952006e-01
2.913549312336799479e-01
2.975336672129322291e-01
2.912994340742095511e-01
2.719465131825308246e-01
2.472563936704286480e-01
2.285241149255960169e-01
2.178281253515689797e-01
2.153644329253592560e-01
2.177391617604037266e-01
2.203052812620123202e-01
2.207356243220228720e-01
2.186046829864749796e-01
2.146411237965700769e-01
2.136706160150926570e-01
2.134352054744738936e-01
2.078486187803104956e-01
2.023879474606172790e-01
2.005197751385536520e-01
1.938781894367008207e-01
1.909077414802260453e-01
1.825971335337418511e-01
1.712823313747308673e-01
1.671767242867216730e-01
1.655502891722264724e-01
1.624476989315364328e-01
1.566070889355702100e-01
1.467158835664217065e-01
1.340262955215821561e-01
1.308626568034696735e-01
1.317160875265573350e-01
1.293919321010331969e-01
1.237000104494345720e-01
1.158217417798241416e-01
1.121549863592444657e-01
1.070088519046256126e-01
1.028840270078469066e-01
1.002668001295054789e-01
9.670915095814018592e-02
9.252638600577337002e-02
8.800514754481923718e-02
8.356056213026799573e-02
7.930430870950765099e-02
7.545206496279706354e-02
7.214962183202282275e-02
6.944609430901590996e-02
6.732292267648155859e-02
6.573566099204918023e-02
6.460563988073100838e-02
6.383330630459299604e-02
6.330951716649563243e-02
6.292463977792620011e-02
6.257557062040731977e-02
6.217089471232530723e-02
6.167598991679892895e-02
6.102801729924045571e-02
6.015270138493716834e-02
5.907513275676341824e-02
5.777418251983390540e-02
5.621595373533773421e-02
5.449612286122606369e-02
5.256481156987496267e-02
5.046369818544074737e-02
4.827269811183026310e-02
4.651053158211484323e-02
4.616703881174181318e-02
4.611356588830724940e-02
4.601661325871371500e-02
4.554148929986682331e-02
4.531710109051878543e-02
4.537460336180253184e-02
4.613631594177444728e-02
4.615543831951751663e-02
4.550759877712830248e-02
4.429609662647106261e-02
4.263571617107078660e-02
4.067148282446764185e-02
3.850205753332240632e-02
3.657169131870444817e-02
3.623845596667039926e-02
3.567624865711253868e-02
3.492796279219927830e-02
3.407841064619127752e-02
3.320096796472527673e-02
3.232018960624678805e-02
3.147695635607392767e-02
3.071416984625600227e-02
3.002766489444744225e-02
2.940733453297204869e-02
2.883892932081203245e-02
2.829943407591830468e-02
2.777027745650485074e-02
2.722533659058083352e-02
2.662116306157670878e-02
2.593158192965082029e-02
2.514741205936096152e-02
2.426146166580502375e-02
2.325362170220657970e-02
2.330085189154045347e-02
2.336031556514332405e-02
2.337792406988116467e-02
2.335650915683658985e-02
2.362767832790937939e-02
2.344223926113923537e-02
2.285671346736321136e-02
2.253162162032563282e-02
2.215950861316562381e-02
2.171343213118072379e-02
2.119732249236567015e-02
2.061685615423792042e-02
1.999098882664206503e-02
1.931931188429346705e-02
1.860590539026455922e-02
1.823813003795957469e-02
1.849652215775816205e-02
1.878019685947011908e-02
1.900107860078593600e-02
1.908413798927563118e-02
1.895555146621832540e-02
1.858879291579801710e-02
1.839651895927078840e-02
1.807933706545712324e-02
1.802948608305807512e-02
1.775907616973363898e-02
1.741563120681633922e-02
1.688274183356388777e-02
1.697892109483746179e-02
1.703633162523648242e-02
1.702210230163635901e-02
1.693178230132112022e-02
1.677315806290936503e-02
1.655671221508151630e-02
1.629341736276261610e-02
1.600331572111173342e-02
1.568786743262059330e-02
1.545195830037794475e-02
1.526578488815524305e-02
1.507220622879133949e-02
1.487261530981827916e-02
1.466834982994207233e-02
1.446068127488213742e-02
1.425080614306801011e-02
1.403983919176528782e-02
1.382880855709238584e-02
1.361865258983391107e-02
1.341076872315698915e-02
1.320686489364922452e-02
1.300583965971176433e-02
1.280828789136007236e-02
1.261471896292422346e-02
1.242556016283085513e-02
1.224116072524070349e-02
1.206179635076191914e-02
1.188767409333296200e-02
1.171893750181524779e-02
1.155567191658486877e-02
1.139790983206649851e-02
1.124563624805462181e-02
1.109879394290298922e-02
1.095728861176322247e-02
1.082099382334392006e-02
1.068975575659917958e-02
1.056339768770977322e-02
1.044172420467316155e-02
1.032452513377088779e-02
1.021157916781029185e-02
1.010265719158080257e-02
9.997525304119991504e-03
9.895947541409436804e-03
9.797688306451357923e-03
9.702514516079431550e-03
9.610197476233175301e-03
9.520514498967793185e-03
9.433250275894932563e-03
9.348198023391991740e-03
9.265160415782482811e-03
9.183950322646360770e-03
9.104391366735341620e-03
9.026318318578273325e-03
8.949577343694413434e-03
8.874026117678415759e-03
8.799533823893351120e-03
8.725981047974052524e-03
8.653259582197847175e-03
8.581272152449637147e-03
8.509932079312944667e-03
8.439162884220564875e-03
8.368897850636956848e-03
8.299079549325761099e-03
8.229659336291854019e-03
8.160596830697246229e-03
8.091859379757010418e-03
8.023421516562644421e-03
7.955264416286208715e-03
7.887375355450721229e-03
7.819747178527030121e-03
7.752377775192952764e-03
7.685269571547618042e-03
7.618429037652903711e-03
7.551866213635594419e-03
7.485594255922102883e-03
7.419629005122760357e-03
7.353988576369575002e-03
7.288692973011210059e-03
7.223763723955153870e-03
7.159223544885144966e-03
7.095096023454724662e-03
7.031405328119516920e-03
6.968175940352519006e-03
6.905432409734309392e-03
6.843199131297390825e-03
6.781500144468767879e-03
6.720358952790557450e-03
6.659798363629953165e-03
6.599840346875921263e-03
6.540505911886328010e-03
6.481815001489609797e-03
6.423786402285290922e-03
6.366437670115061495e-03
6.309785069803659427e-03
6.253843528179927995e-03
6.198626599370499028e-03
6.144146441529922502e-03
6.090413803988582557e-03
6.037438023959101202e-03
5.985227032002956790e-03
5.933787365254898638e-03
5.883124187921407594e-03
5.833241317925064173e-03
5.784141259180917635e-03
5.735825238902841038e-03
5.688293248990066928e-03
5.641544091279723436e-03
5.595575425661460274e-03
5.550383820937157542e-03
5.505964807590593701e-03
5.462312932202974085e-03
5.419421813055873283e-03
5.377284196426688687e-03
5.335892013316002880e-03
5.295236436298393287e-03
5.255307936060554450e-03
5.216096337541739278e-03
5.177590875233423207e-03
5.139780247594894283e-03
5.102652670290588714e-03
5.066195928174459066e-03
5.030397425700565764e-03
4.995244235830637383e-03
4.960723147252240131e-03
4.926820709791085440e-03
4.893523277957263426e-03
4.860817052615505618e-03
4.828688120748079321e-03
4.797122493141651664e-03
4.766106140151191856e-03
4.735625025483090715e-03
4.705665137955220532e-03
4.676212521286413244e-03
4.647253301936171005e-03
4.618773715036831456e-03
4.590760128433549539e-03
4.563199064851987917e-03
4.536077222285750908e-03
4.509381492693252322e-03
4.483098978867073800e-03
4.457217009811531225e-03
4.431723154441152834e-03
4.406605233817675361e-03
4.381851331924464452e-03
4.357449805021405657e-03
4.333389289745016165e-03
4.309658709859811622e-03
4.286247281909690010e-03
4.263144519660040654e-03
4.240340237518338759e-03
4.217824552956464697e-03
4.195587887975359663e-03
4.173620969664911147e-03
4.151914830020521537e-03
4.130460804916377335e-03
4.109250532413361717e-03
4.088275950415533322e-03
4.067529293682230727e-03
4.047003090403277284e-03
4.026690158087961428e-03
4.006583599251094252e-03
3.986676796399396712e-03
3.966963406907512459e-03
3.947437357429059261e-03
3.928092838048895252e-03
3.908924296211157418e-03
3.889926430380335684e-03
3.871094183577718836e-03
3.852422736748910455e-03
3.833907501971186519e-03
3.815544115612034843e-03
3.797328431378210918e-03
3.779256513392814740e-03
3.761324629138986918e-03
3.743529242490916016e-03
3.725867006701481712e-03
3.708334757481113186e-03
3.690929506052734784e-03
3.673648432331269153e-03
3.656488878162244150e-03
3.639448340645060325e-03
3.622524465539441428e-03
