8.705648616023935193e-02
8.685617001817966254e-02
8.846347567869668194e-02
8.738128289334062826e-02
8.817170873314204849e-02
8.921720241787656214e-02
9.065084272374777929e-02
9.761753674100774603e-02
1.169918719511400113e-01
1.078656484529782744e-01
1.182647569794779141e-01
1.429523389928967214e-01
2.084511555014714745e-01
1.639894655090699260e-01
1.761498286795961654e-01
1.968774724601553283e-01
2.153960272180839575e-01
3.058639824179307243e-01
2.506430683545218807e-01
2.105178085541357380e-01
2.178429162637739724e-01
2.373845259442302902e-01
2.403266862794952718e-01
2.916658728739464079e-01
2.482453451602052164e-01
3.013365226780106987e-01
3.012631760303816075e-01
3.246733060922905589e-01
3.821969253411018896e-01
4.383387766030725219e-01
4.226164624282847671e-01
3.708056526833358180e-01
2.903135317765726531e-01
2.443236151130665224e-01
2.233465152961282285e-01
2.309258077556359257e-01
2.424444917690619650e-01
2.167208033016060909e-01
1.880428875101990138e-01
1.961127227091143399e-01
1.774073751600539206e-01
1.550832239200248819e-01
1.813410583819096977e-01
2.099757215184706038e-01
2.138295911480852241e-01
1.956106969259378825e-01
1.674451154327198099e-01
1.836555339538495923e-01
2.080012783664068610e-01
1.976243270150955245e-01
1.893734365618073845e-01
2.153543916887981358e-01
2.460772770091172734e-01
2.453622871745076151e-01
2.183576621691153685e-01
2.261088022426256394e-01
2.093076299979373389e-01
2.190233699489407548e-01
2.374372812706902480e-01
2.457718716946006576e-01
2.400527903146893460e-01
2.498259353067436017e-01
2.526833798074789028e-01
2.576690524557646578e-01
2.647944615226394682e-01
2.672711264615377780e-01
2.680447706011801490e-01
2.710750715751280571e-01
2.882909056961936445e-01
3.165375275177371162e-01
3.371304394281581240e-01
3.380456602738154959e-01
3.416847006354803429e-01
3.557614222406003668e-01
3.671552765193937806e-01
3.544803932394131052e-01
3.483604945200678427e-01
3.719627815802868942e-01
3.912247238682899364e-01
4.070954660573903316e-01
4.143997409681287047e-01
4.054563987521733193e-01
3.769710464033855790e-01
4.091068749427347884e-01
4.373920277888041497e-01
4.523356634624438599e-01
4.858936859924752327e-01
5.509349379464812957e-01
6.256126014401763857e-01
6.800514136055451075e-01
6.855695209035640447e-01
6.387741362731559347e-01
6.162990876803717821e-01
6.066048695453113426e-01
5.838817120391021076e-01
5.482414643456291481e-01
5.019038429072066876e-01
4.422266879971341602e-01
3.933813801991569714e-01
4.224151792285670837e-01
4.303349237262698579e-01
4.063046207666772269e-01
3.662969694207140470e-01
3.385765213083414826e-01
3.173266403408706027e-01
3.144085493795260589e-01
3.236283041663711724e-01
3.288612264158269904e-01
3.245780594600597979e-01
3.103331045184906101e-01
2.861347251290771165e-01
2.563962659866732552e-01
2.289925419997596023e-01
2.040066135861177687e-01
1.832346071027958767e-01
1.675417501038878598e-01
1.565400018458013576e-01
1.492252557833342597e-01
1.499098834838130390e-01
1.555546063146148184e-01
1.602287867836683088e-01
1.629637889209987200e-01
1.625128090457540753e-01
1.612262085607509277e-01
1.594128337809330720e-01
1.615926651568382610e-01
1.608397986343542141e-01
1.568989714549058612e-01
1.532692441144181406e-01
1.539924733502926468e-01
1.525293411409997246e-01
1.481411430916363403e-01
1.414491899005858588e-01
1.329158950082709734e-01
1.290944471141553529e-01
1.256586071384291348e-01
1.212573512313723928e-01
1.163482653175125919e-01
1.113020160156731747e-01
1.064446245485169695e-01
1.019412298742881778e-01
9.775594349400124061e-02
9.397696261879182056e-02
9.036002110518445707e-02
8.955365155749690775e-02
8.927742207342452552e-02
8.896400942627842590e-02
8.854782977302159963e-02
8.790124402339123677e-02
8.693429716341331825e-02
8.560133373302242221e-02
8.388177055903728307e-02
8.177663993390725528e-02
7.932304295933784166e-02
7.653868299831211031e-02
7.345198682267611856e-02
7.010234396155186343e-02
6.810142473436105182e-02
6.708509539362976504e-02
6.622168109154727422e-02
6.651074609896895362e-02
6.626646356700501006e-02
6.557189609094826732e-02
6.444130694044049312e-02
6.288419103218043094e-02
6.096178692413244810e-02
5.867150302031352155e-02
5.819926544758248499e-02
5.890932861313653846e-02
5.876592161309596857e-02
5.784004050679692616e-02
5.622606560404313364e-02
5.552692762791369002e-02
5.528655827235091913e-02
5.450416025529523922e-02
5.334289749871568703e-02
5.190181772797823612e-02
5.032059560228364231e-02
4.872418563515901191e-02
4.721637025144127808e-02
4.590641791484943030e-02
4.480371142727960360e-02
4.394249390111269055e-02
4.328232459394182330e-02
4.276479165281713707e-02
4.232925563676059877e-02
4.187181532550277030e-02
4.131181212522696405e-02
4.057389923799881171e-02
3.961657399493267312e-02
3.994752600214770966e-02
4.097359842919681694e-02
4.173602749810225582e-02
4.218010235701585148e-02
4.226690493944579990e-02
4.197438474673251263e-02
4.129749939322319846e-02
4.026424877850438844e-02
3.888587953340096048e-02
3.719456474591501666e-02
3.525253972808948394e-02
3.541905806168618026e-02
3.537865999200064115e-02
3.508696274082629546e-02
3.458951541703041144e-02
3.385552726831996678e-02
3.293646049128960696e-02
3.181842553252128836e-02
3.054485922308851700e-02
2.913204371570009277e-02
2.759594842124253253e-02
2.599186438218328843e-02
2.461179043652554979e-02
2.486283457695636495e-02
2.502461185149199713e-02
2.509170925160473034e-02
2.506910241536531789e-02
2.496035490091653292e-02
2.476564490198569779e-02
2.449510335442662765e-02
2.414463990678921215e-02
2.373078082064486102e-02
2.324393607105790585e-02
2.270819229091632085e-02
2.210771316640917222e-02
2.147168665506092242e-02
2.122418664061141019e-02
2.183123909666497692e-02
2.229706578518149407e-02
2.263639109837991062e-02
2.282129857491357883e-02
2.286805230879771292e-02
2.276874165329631841e-02
2.252563865479693603e-02
2.215740220932128218e-02
2.166659156490636715e-02
2.116805909555302331e-02
2.119264533627177732e-02
2.112887010822314324e-02
2.097642682495221012e-02
2.074809852634992846e-02
2.044131248239745846e-02
2.006288444643375066e-02
1.962346032663322623e-02
1.975430251102878315e-02
2.010266563196688380e-02
2.038608134565421046e-02
2.060433117383103641e-02
2.077020486165534821e-02
2.087587487040875461e-02
2.092077544641722520e-02
2.090759003523756307e-02
2.084808706511440471e-02
2.074295966756366932e-02
2.058993161322841478e-02
2.039307804697288937e-02
2.015808772471913007e-02
1.989847182815479218e-02
1.960710546844582347e-02
1.928824227579051254e-02
1.894604578072379281e-02
1.858454214587024894e-02
1.821287312027116204e-02
1.783176082646220975e-02
1.744141294969957928e-02
1.704500917056389619e-02
1.664546926269987875e-02
1.624544487218377783e-02
1.584731626238109620e-02
1.545319344949331979e-02
1.506492115173371955e-02
1.468408699097506834e-02
1.431203240100585410e-02
1.395134541031274947e-02
1.360116715132583115e-02
1.326206509109336198e-02
1.293458277738366788e-02
1.261909393259021475e-02
1.231581976885532184e-02
1.202484623016678196e-02
1.174614090920955527e-02
1.147956942531898859e-02
1.122491108639472532e-02
1.098187369255529747e-02
1.075069241595779518e-02
1.053099042846840708e-02
1.032180150977565769e-02
1.012265960052562488e-02
9.933087412739434810e-03
9.752604570216948099e-03
9.580734639512500719e-03
9.417011094294394646e-03
9.260982265710116304e-03
9.112215340429514338e-03
8.977240340523228584e-03
8.882991102451363169e-03
8.787900999395586651e-03
8.693612526519794645e-03
8.599188887528006614e-03
8.504298538537700958e-03
8.409050020444426912e-03
8.313530677848958786e-03
8.217810076747269002e-03
8.121943211822751571e-03
8.025973484413620809e-03
7.929935437275645316e-03
7.833857237787667654e-03
7.737762904976865606e-03
7.641674280601988035e-03
7.545612747303176958e-03
7.449600700027346652e-03
7.353662779655984263e-03
7.268584308302360013e-03
7.211881904189477478e-03
7.158377158684360413e-03
7.108006691183752640e-03
7.060706353685213855e-03
7.016410172582636384e-03
6.975049442532728870e-03
6.936551970526986903e-03
6.900841466709790178e-03
6.867837076562700524e-03
6.837453048107584169e-03
6.809598526303930165e-03
6.784177466220370212e-03
6.761088655853081213e-03
6.740225838694677805e-03
6.721477926558837475e-03
6.704729291991532066e-03
6.689860130701536997e-03
6.676746883716688265e-03
6.665262709790076463e-03
6.655277998262051388e-03
6.646660913757655893e-03
6.639277963956665210e-03
6.632994582316488127e-03
6.627675718355961060e-03
6.623186428461064895e-03
6.619392461041847912e-03
6.616160829933913530e-03
6.613360371288342504e-03
6.610862279172319278e-03
6.608540615826015603e-03
6.606272793541273329e-03
6.603940024875324007e-03
6.601427739022219278e-03
6.598625962905645299e-03
6.595429664722701237e-03
6.591739060134719358e-03
6.587459879650344255e-03
6.582503597629642787e-03
6.576787622878845462e-03
6.570235451343250759e-03
6.562776781796708300e-03
6.554347595509248114e-03
6.544890200947738740e-03
6.534353245414781068e-03
6.522691694751472230e-03
6.509866782858801659e-03
6.495845933252755548e-03
6.480602654196327556e-03
6.464116409399203560e-03
6.446372466452327844e-03
6.427361724895168556e-03
6.407080526032868199e-03
6.385530446326732022e-03
6.362718076642078814e-03
6.338654788994590138e-03
6.313356492896898646e-03
6.286843383101121431e-03
6.259139680333698601e-03
6.230273367078514868e-03
6.200275919571026847e-03
6.169182037923137338e-03
6.137029375634944599e-03
6.103858269710384435e-03
6.069711472986265809e-03
6.034633889510852313e-03
5.998672314240073231e-03
5.961875177805719961e-03
5.924292297523724680e-03
5.885974635292258450e-03
5.846974062905197118e-03
5.807343135820997211e-03
5.767134875530407871e-03
5.726402561088294978e-03
5.685199530381522710e-03
5.643633494552133083e-03
5.601970516240948814e-03
5.559979325123668922e-03
5.517711671976436964e-03
5.475218573084973152e-03
5.432550170624874872e-03
5.389755603541284204e-03
5.346882888726992022e-03
5.303978812346767102e-03
5.261088831217248379e-03
5.218256984167587813e-03
5.175525812857509865e-03
5.132936291966342865e-03
