2.445467362391780808e-01
2.430950111777404332e-01
2.453310265872752638e-01
2.438592281257189742e-01
2.496811462490077516e-01
2.583312109711193294e-01
2.620389284625297410e-01
2.833435246664804952e-01
3.292846340527559312e-01
4.524786435993363165e-01
4.167133453284491140e-01
5.447498531293089030e-01
6.342785990129746754e-01
4.023635842601512302e-01
5.522864583968571939e-01
6.356572257984992591e-01
5.427784994994988566e-01
5.174320594556329755e-01
5.768963037330164800e-01
6.759151112874843825e-01
8.366330452394469264e-01
9.016071694206105880e-01
1.111537475482295090e+00
8.369908562662136120e-01
1.160833288555046972e+00
1.094390258307542663e+00
1.004719902771527673e+00
1.047228982899511829e+00
1.147517796378782151e+00
1.253477114277497639e+00
1.682698785138785347e+00
1.790714293801784596e+00
1.612123860565858546e+00
2.110468254556843615e+00
1.795898994979173269e+00
1.319247950445111783e+00
1.126127790335896606e+00
9.109218346899912166e-01
9.198799783200687363e-01
9.535288414916053279e-01
8.565635657037969919e-01
7.093679501968153112e-01
6.307927329396287863e-01
6.942147081090944694e-01
7.017005332721801825e-01
7.051753551425660183e-01
5.997662994147592297e-01
4.914638725861141810e-01
4.003428720680383690e-01
3.381182055092592509e-01
3.123754037627569091e-01
3.165752149077584177e-01
3.285371309955206209e-01
3.266243904811924059e-01
2.979828601152735290e-01
2.743319475583269607e-01
2.385685174400923314e-01
2.346798417492428346e-01
2.149814236364909203e-01
2.008027081489275056e-01
1.915654699970114339e-01
1.945492289733640745e-01
2.013160436441632506e-01
1.855175204517061638e-01
1.617946985849257335e-01
1.515556973011290276e-01
1.465537648418538119e-01
1.410613781308829862e-01
1.350946205397878797e-01
1.280765794432488225e-01
1.189261793709747161e-01
1.084872086320715634e-01
9.755072393562294608e-02
8.764965119623482903e-02
8.325075660561366553e-02
8.162896105702720229e-02
7.908650674063813502e-02
7.990201166637823926e-02
8.385811637068865676e-02
8.726859095744493588e-02
8.916466595728060607e-02
8.843233202631470280e-02
8.489182969795130984e-02
8.112003153297314695e-02
9.212600322563653521e-02
9.169081710075097091e-02
8.249583281305467031e-02
8.240512493605132993e-02
7.601096279683210166e-02
6.833421454142782347e-02
6.451710004182031888e-02
6.176767575708590891e-02
5.822565195686543738e-02
5.333423687352069342e-02
4.959080587254824368e-02
4.636047320827944851e-02
4.471169054077252930e-02
4.418458700659226579e-02
4.465610664289602905e-02
4.714082915022751313e-02
4.774572038582363537e-02
4.596257671161030345e-02
4.239641690177516770e-02
3.874601497941101980e-02
3.566663486140186218e-02
3.439871177713958728e-02
3.392267532568599836e-02
3.481716439335293123e-02
3.575724081432516549e-02
3.581604934094485132e-02
3.441238204006091123e-02
3.137431325301799634e-02
3.034283743439143005e-02
2.969608936561097742e-02
2.928977802139176578e-02
2.884515200141327812e-02
2.817228899808613823e-02
2.737790683947315118e-02
2.644180939854650497e-02
2.537876376061757103e-02
2.464170582184822128e-02
2.392973358888118157e-02
2.323942827128105612e-02
2.257357632956652829e-02
2.193381457875280202e-02
2.132080812542102785e-02
2.145115049378424482e-02
2.205421381185286578e-02
2.256099272405595949e-02
2.291492784025626894e-02
2.310220722002435945e-02
2.310743125401108072e-02
2.347530061297564002e-02
2.438942612392540690e-02
2.495225094032572574e-02
2.504239166524803786e-02
2.471745773323505424e-02
2.395361689843557296e-02
2.279080507610480727e-02
2.132415602151890507e-02
2.050575235851596553e-02
2.035373273859620788e-02
2.004551184222574250e-02
1.926478612006572375e-02
1.812588215057351834e-02
1.721961368849184160e-02
1.646138134659964891e-02
1.567921455017724439e-02
1.490410416713077758e-02
1.483765102753158323e-02
1.475927010305340056e-02
1.466855253786411399e-02
1.482205943084822369e-02
1.497597869829458798e-02
1.508090479935608394e-02
1.514804132366994252e-02
1.517637727017775995e-02
1.515664073983052397e-02
1.508993814931364717e-02
1.497778417607532192e-02
1.482206567458524415e-02
1.463831613822955818e-02
1.453363983010287630e-02
1.451328004330598893e-02
1.448708996713428572e-02
1.445491632939293301e-02
1.441664520583848738e-02
1.437220011612999442e-02
1.432153997279583119e-02
1.426465692381571199e-02
1.420157412485072677e-02
1.413234347233138788e-02
1.405704332473238852e-02
1.397577623522133251e-02
1.388866671576490311e-02
1.379585904917696865e-02
1.369751516310205482e-02
1.359381257709246608e-02
1.348494243183935050e-02
1.337110760733796651e-02
1.325252093528453065e-02
1.312940350910495220e-02
1.300198309385421948e-02
1.287049263692595195e-02
1.273516887954509284e-02
1.259625106802992993e-02
1.245397976332196684e-02
1.230859574631387558e-02
1.216033901633794927e-02
1.200944787958798353e-02
1.185615812394741342e-02
1.170070227651655650e-02
1.154330893996607585e-02
1.138785689360585947e-02
1.123162919451049964e-02
1.107391609953881952e-02
1.091492871286383649e-02
1.075487218598971707e-02
1.059394541338849922e-02
1.043234078004597748e-02
1.027024395705864249e-02
1.010783374189441405e-02
9.945281939545981206e-03
9.782753281426736017e-03
9.620405378718239336e-03
9.458388707032583387e-03
9.296846619639087539e-03
9.135915386365666552e-03
8.975724255606925411e-03
8.816395537010243005e-03
8.658044702513953417e-03
8.500780503618736439e-03
8.344705102788894588e-03
8.189914217264537485e-03
8.095465227483377227e-03
8.043921266189914612e-03
7.989246583053057418e-03
7.931612242447001054e-03
7.871186547432117500e-03
7.808134773499801097e-03
7.742618933048814149e-03
7.674797568861409063e-03
7.604825574816355058e-03
7.532854042113761549e-03
7.459030129409742645e-03
7.385499950558150652e-03
7.311079419571709682e-03
7.282821075694469008e-03
7.496783016937391513e-03
7.694358518274256077e-03
7.870274160320579748e-03
8.020077110063398088e-03
8.141714994757699372e-03
8.233537269142245790e-03
8.294296065765375398e-03
8.323141102851696824e-03
8.319609281755483907e-03
8.377575098475522827e-03
8.552141809485519497e-03
8.689348954468172417e-03
8.787666913947904737e-03
8.856835786707834696e-03
8.886421094331992121e-03
8.876416211810475229e-03
8.837303536212044730e-03
8.758817299707056386e-03
8.646302373528810120e-03
8.503966222042986384e-03
8.326323200930865753e-03
8.122349298353944910e-03
7.890500871440315686e-03
7.629718208818992223e-03
7.546992453512768768e-03
7.500180004857162804e-03
7.436751980054340759e-03
7.421990367392398459e-03
7.479808951824855161e-03
7.587681098258169596e-03
7.680613214451345767e-03
7.752574085860627559e-03
7.803804358054875802e-03
7.834667015504724261e-03
7.845637133814555714e-03
7.837291454886624598e-03
7.810297898960729540e-03
7.767063227086867805e-03
7.711585563463560500e-03
7.639688699421415263e-03
7.552282042067101110e-03
7.450318588856180875e-03
7.334785804509651522e-03
7.241852687953386977e-03
7.220040705920259365e-03
7.193435908476922790e-03
7.162228976193163281e-03
7.126613529758801455e-03
7.086785316772323609e-03
7.042941450299356441e-03
6.995279698427512953e-03
6.943997823567775972e-03
6.889292970153902511e-03
6.831361099424754224e-03
6.770396469609490757e-03
6.706591160252579897e-03
6.640134638433884545e-03
6.571213365925933879e-03
6.500010444825232714e-03
6.426705300404565377e-03
6.351473399194146330e-03
6.274486000503037841e-03
6.196582584830203320e-03
6.118343108520061906e-03
6.038752179043860996e-03
5.957963486501586560e-03
5.876125825623937544e-03
5.793383001620183194e-03
5.709873758028839209e-03
5.625731725475694410e-03
5.541085389542479284e-03
5.456058076423644931e-03
5.370767955257357840e-03
5.285328055322262991e-03
5.199846297222390085e-03
5.114425536940397227e-03
5.029163621062238652e-03
4.944153452834738199e-03
4.859483067368175653e-03
4.775235715394505857e-03
4.691489954428626485e-03
4.608319746740589980e-03
4.525794562892380794e-03
4.443979490442005395e-03
4.362935346879079357e-03
4.282718796210751439e-03
4.203382468506235842e-03
4.124975081783297491e-03
4.047541565742293276e-03
3.971123186818727169e-03
3.895757674144192419e-03
3.821479345778018653e-03
3.770819862516874236e-03
3.727294175821169609e-03
3.683727818051049999e-03
3.640154133980073609e-03
3.596604982113144923e-03
3.553110766636009832e-03
3.509700470355138664e-03
3.466401687934893110e-03
3.423240659923216904e-03
3.380242307045370782e-03
3.337430264723360157e-03
3.294826917865949310e-03
3.252453435758225278e-03
3.210329806925252358e-03
3.168474873924083824e-03
3.126906368056550992e-03
3.085640943813096858e-03
3.044694213152828420e-03
3.004080779403599938e-03
2.963814270792072304e-03
2.923907373646564972e-03
2.884371865088771174e-03
2.845218645244496341e-03
2.806457769093166372e-03
2.768098477450693651e-03
2.730149227826286773e-03
2.692617724273221273e-03
2.655510946985007153e-03
2.618835180984672474e-03
2.582596044400599887e-03
2.546798516005424010e-03
2.511446962054018558e-03
2.491820365523846493e-03
2.474666235960237826e-03
2.457624675312898750e-03
2.440696320702418626e-03
2.423881744674446798e-03
2.407181457623319438e-03
2.390595910036486839e-03
2.374125494806275313e-03
2.357770549366492319e-03
2.341531357822210658e-03
2.325408152991717114e-03
2.309401118416913850e-03
2.293510390252055404e-03
2.277736059195801729e-03
2.262078172240216713e-03
2.246536734484491388e-03
2.231111710810323393e-03
2.215803027533134757e-03
2.200610574012955636e-03
2.185534204192816996e-03
2.170573738124194005e-03
2.155728963398054025e-03
2.140999636550311794e-03
2.126385484450472527e-03
2.111886205602822413e-03
2.097501471406390365e-03
2.083230927423696584e-03
2.069074194571196134e-03
2.055030870225944047e-03
2.041100529422757055e-03
2.027282725870538631e-03
2.013576993011147263e-03
1.999982845060591357e-03
1.986499777943753330e-03
1.973127270252821724e-03
1.959864784158299456e-03
1.946711766299202536e-03
1.933667648611596098e-03
1.920731849164202020e-03
1.907903772935698374e-03
1.895182812591337130e-03
1.882568349201661556e-03
1.870059752995402013e-03
1.857656383974299252e-03
1.845357592650888594e-03
1.833162720620951308e-03
1.821071101235322920e-03
1.809082060135258803e-03
