3.998669892817230953e-01
4.013544088257092191e-01
4.004070655764248032e-01
4.070559828822277182e-01
4.097412022400691023e-01
4.132692771146574406e-01
4.211994710714385692e-01
4.278934837048724571e-01
4.460020532282903405e-01
4.375580728261095342e-01
4.750468323941067772e-01
6.259614988217806486e-01
6.788388190850591641e-01
7.365874046284958121e-01
6.564762862059950743e-01
6.505029946368275917e-01
8.077211654674072427e-01
7.110036439819631404e-01
9.561208887246948063e-01
8.528304951176507442e-01
1.150078909123069870e+00
1.338101704310665552e+00
1.088836128419601312e+00
1.459432112218299382e+00
1.592165515909684803e+00
1.494316327601876271e+00
1.621850506527003244e+00
1.420048304631027269e+00
1.440581350307868824e+00
1.415551870203614282e+00
1.543755573918538015e+00
1.520885528122538410e+00
1.917425666096505221e+00
1.609199565696487255e+00
1.112044463462099175e+00
8.377546048411577129e-01
7.321964151621687122e-01
6.338965671959786441e-01
6.666008076376813696e-01
6.814912635162772014e-01
8.364874004407023556e-01
9.717439158184867365e-01
8.870883069344233096e-01
9.245718031716360086e-01
9.149559182138117253e-01
8.613477595185099478e-01
8.769055710156955508e-01
1.030291418369923662e+00
1.048919785120013604e+00
1.145899593183484555e+00
1.105522051216459412e+00
1.104726949139637204e+00
1.082963427210497098e+00
1.036243141898578246e+00
1.067968850388467228e+00
1.083428722088553897e+00
1.098867595629590133e+00
1.121206926152472194e+00
1.149018430535084345e+00
1.184317695980863228e+00
1.225194562319919411e+00
1.281650094941735984e+00
1.360390457278156218e+00
1.453980325275964214e+00
1.573299976503615083e+00
1.674746446947425582e+00
1.799488619398201150e+00
1.958908689103402878e+00
2.133446782733393388e+00
2.194560450165010668e+00
2.126453454213229399e+00
2.015800384920157562e+00
1.991651566596058354e+00
2.017029254405326100e+00
2.360974754585575486e+00
2.380345922870176878e+00
2.259205971358609677e+00
2.192681810720252589e+00
2.092783782558813144e+00
1.900055341215838967e+00
1.676304998091594278e+00
1.743483236449187235e+00
1.777331178039729842e+00
1.789367137595307966e+00
1.792243616177769949e+00
1.812033258727077989e+00
2.066483018929802018e+00
2.255233528447209146e+00
2.395751623019246601e+00
2.421341397613746338e+00
2.388065284897411988e+00
2.221497297465059528e+00
1.978475364417114468e+00
1.726029996596164517e+00
1.478525228631090149e+00
1.255524845260896249e+00
1.060474448178165829e+00
9.244905686624753649e-01
8.135000278277043639e-01
7.309694145969333201e-01
6.687905812212079359e-01
6.225974404115408589e-01
5.872041859306265099e-01
5.639264117080371452e-01
5.478658392400803656e-01
5.329945514198216605e-01
5.216784346405716200e-01
5.098077982463278257e-01
4.968957161622558072e-01
5.116227065129222984e-01
5.247204506204072860e-01
5.251475319370149109e-01
5.222246471318873207e-01
5.265922098045162647e-01
5.205852729903250875e-01
5.048346733295487887e-01
4.812875248949514129e-01
4.599249220174750907e-01
4.418547479399798084e-01
4.203213355732476342e-01
3.978456881507164145e-01
3.765992730314731696e-01
3.585265193601527289e-01
3.447028384875407414e-01
3.356770087789353596e-01
3.304998683395227732e-01
3.277891173114688694e-01
3.262863665248929013e-01
3.240936613982080550e-01
3.200642227728608957e-01
3.133724805811075598e-01
3.170364177584800713e-01
3.184625182734793225e-01
3.169236108447703870e-01
3.118132518164346001e-01
3.031301206171667095e-01
2.913363244609962766e-01
2.768149173305921584e-01
2.598517722237447813e-01
2.414185036244178295e-01
2.217881346880233029e-01
2.067026394434933467e-01
1.986993593569068295e-01
1.892441158002881041e-01
1.879840042397973865e-01
1.878721103623766098e-01
1.871914254284649526e-01
1.860178856251760438e-01
1.845810480783459107e-01
1.828303074985188903e-01
1.807968719104635358e-01
1.785421767051476316e-01
1.761219790578632260e-01
1.737206933561707689e-01
1.712163496909706040e-01
1.686328448584968609e-01
1.659852235205860893e-01
1.632807931466042084e-01
1.605501514086384862e-01
1.578491343805588920e-01
1.550762631213501164e-01
1.522229609535256933e-01
1.492802573365627217e-01
1.462401027123983455e-01
1.430964816473010714e-01
1.399397219224421118e-01
1.366777690592694272e-01
1.333070788540285101e-01
1.298355149300555733e-01
1.262749352856448459e-01
1.226409336964906921e-01
1.189524115547149763e-01
1.152442809028661197e-01
1.115616418755307759e-01
1.088837046698948458e-01
1.065828697191389812e-01
1.048235708408008504e-01
1.034320577717124240e-01
1.018947127519052864e-01
1.002233146930962132e-01
9.843192837315616062e-02
9.653651266469819026e-02
9.459850309315114003e-02
9.259772834041557488e-02
9.054192753513119751e-02
8.845036423690100236e-02
8.634219353403928265e-02
8.423609477055676864e-02
8.214994154001922788e-02
8.010051389238442843e-02
7.810325592313516196e-02
7.617208029588244667e-02
7.431921979274402901e-02
7.255512473706837717e-02
7.141979265928319331e-02
7.114071176287893594e-02
7.085365869602835986e-02
7.052919640515017963e-02
7.014291006327165456e-02
6.967589974843033107e-02
6.911500934890126013e-02
6.845281372910902440e-02
6.768739284823033220e-02
6.682192605712132527e-02
6.586414234784039590e-02
6.482566309633509827e-02
6.372127307167593790e-02
6.256815345585309274e-02
6.138510760670283506e-02
6.019180657641759469e-02
5.900807722628034768e-02
5.800174700638529440e-02
5.786971730926954854e-02
5.775943362278677939e-02
5.766341672830307269e-02
5.757459280069166657e-02
5.748634485942791944e-02
5.739255317105455834e-02
5.728762523559347702e-02
5.716651608536897633e-02
5.702473968691010309e-02
5.685837228020219902e-02
5.666404851374835100e-02
5.643895123312878820e-02
5.618079577321182655e-02
5.588780957815650541e-02
5.555870793821549719e-02
5.519902416147216134e-02
5.481387775495649012e-02
5.439137928558393509e-02
5.393179263678186952e-02
5.343572125390950306e-02
5.350240547699039451e-02
5.388015282233044739e-02
5.422947068081978433e-02
5.454026001441642652e-02
5.480341559760914388e-02
5.501090599285693439e-02
5.515582864516216377e-02
5.523244161087617621e-02
5.523617372060135589e-02
5.516361518705521078e-02
5.501249080682733134e-02
5.478161798293927631e-02
5.447085180958087525e-02
5.408622680613495159e-02
5.364358112472909085e-02
5.312554646836699368e-02
5.253521412935859697e-02
5.187633622521425902e-02
5.115323709342571579e-02
5.037072459744819375e-02
4.953400264377612328e-02
4.864858603928372272e-02
4.772021864899084198e-02
4.675479565360462358e-02
4.575829055201446893e-02
4.473668740473436128e-02
4.369982490490986748e-02
4.265587611468314722e-02
4.160264193787693160e-02
4.054561551422755650e-02
3.981520300088011582e-02
3.959723156684404055e-02
3.936484230640736881e-02
3.911872206559343507e-02
3.885957315701737275e-02
3.858810897516158633e-02
3.830504994660859780e-02
3.801111980520877065e-02
3.770704218275096331e-02
3.739353750412002797e-02
3.707132017362305132e-02
3.674109604092404280e-02
3.640356013238355698e-02
3.606221213727558994e-02
3.571910602018948250e-02
3.537038645766339695e-02
3.501668906453125202e-02
3.465863154372278432e-02
3.429681265877889546e-02
3.393181137935599029e-02
3.356418618753990307e-02
3.319447453331356157e-02
3.282319242640283075e-02
3.245083415412398919e-02
3.207787211404628663e-02
3.170475675131687737e-02
3.133191659077971813e-02
3.095975835490114014e-02
3.058866715825288643e-02
3.021900677101788807e-02
2.985111994317600145e-02
2.948532878231350032e-02
2.912193517870072940e-02
2.876122127068187970e-02
2.840344994496024622e-02
2.804886536647814566e-02
2.769769353221360891e-02
2.735014284511940244e-02
2.700640470386173400e-02
2.671819584499867881e-02
2.668993303578075932e-02
2.665444763972596789e-02
2.661192700059346675e-02
2.656256766652620449e-02
2.650657411552626366e-02
2.644415755437607915e-02
2.637553479111682739e-02
2.630092717676804637e-02
2.622055961714032588e-02
2.613465965078769909e-02
2.604345659134425089e-02
2.594718073246508883e-02
2.584606261241982270e-02
2.574033233642802204e-02
2.563021895397676192e-02
2.551594988882181086e-02
2.539775041915834364e-02
2.527584320593445275e-02
2.515044786627595313e-02
2.502178059015653516e-02
2.489005379751048005e-02
2.475547583467376661e-02
2.461825070570990842e-02
2.447857783919391711e-02
2.433665188617320507e-02
2.419266254817597356e-02
2.404679443360034641e-02
2.389922693971553366e-02
2.375013415912755055e-02
2.371112275639978770e-02
2.367066617385457650e-02
2.362318790303294391e-02
2.356886972430661392e-02
2.350790944530903315e-02
2.344051895322379550e-02
2.336692235674888915e-02
2.328735422351389805e-02
2.320205790950950753e-02
2.311128398286197913e-02
2.301528873989289181e-02
2.291598191921026886e-02
2.281263144576833879e-02
2.270479391391130863e-02
2.259273250921729759e-02
2.247671046483961516e-02
2.235699008100827320e-02
2.223383182444854320e-02
2.210749350260426613e-02
2.197822951228241978e-02
2.184629015783963457e-02
2.171192103682130156e-02
2.157536248990573474e-02
2.143684911155690695e-02
2.129660931884401129e-02
2.115486497522287360e-02
2.101183106590302427e-02
2.086771542230419704e-02
2.072271849202612579e-02
2.057703315229756150e-02
2.043084456310094096e-02
2.028433005786488275e-02
2.013765906919135276e-02
1.999099308640571795e-02
1.984448564319829522e-02
1.969828233256691249e-02
1.955252084648592334e-02
1.940733103931207085e-02
1.926283501134905263e-02
1.911914721164753236e-02
1.897637455782905797e-02
1.883461657133098099e-02
1.869396552575854076e-02
1.855450660805534405e-02
1.841631808937535877e-02
1.827947150581347296e-02
1.814403184662927160e-02
1.801005774907930498e-02
1.787760169886330047e-02
1.774671023523277311e-02
1.761742415901979344e-02
1.748977874356512363e-02
1.736380394748262765e-02
1.723952462800824523e-02
1.711696075472888753e-02
1.699612762321612083e-02
1.687703606682724664e-02
1.675969266790764203e-02
1.664409996635210845e-02
1.653025666569540517e-02
1.641815783674703544e-02
1.630779511733521786e-02
1.619915690935477479e-02
1.609222857102590720e-02
1.598699260596832261e-02
1.588342884738341496e-02
1.578151463813010774e-02
1.568122500595536470e-02
1.558253283432259328e-02
