4.095668605192030465e-01
4.101462618722898634e-01
4.174664357208662802e-01
4.178938153264216138e-01
4.213586791993761960e-01
4.281031698907020733e-01
4.370199897155793156e-01
4.461063216510066654e-01
4.629268150263284864e-01
4.726699072997743167e-01
5.219487317480544508e-01
5.780108319167177600e-01
6.357148381884727417e-01
7.113895836592504240e-01
6.972748163552360268e-01
7.080168238810865544e-01
7.294715968336187295e-01
9.235420459069827448e-01
1.049595285524515642e+00
9.554139175342194479e-01
9.653246454301331880e-01
1.508331746392826744e+00
1.495131209061955957e+00
1.683578045855798067e+00
1.606447271709295910e+00
1.181269835606289176e+00
1.392825417961653489e+00
1.227106783369832588e+00
1.361255000003704252e+00
1.445084734168508911e+00
1.581881764957251191e+00
1.483540928239457157e+00
1.092695498702344947e+00
7.622410036634534869e-01
7.453540680697503529e-01
8.148099252220822875e-01
8.754653533763262496e-01
9.219225660894005969e-01
8.780851761347470141e-01
1.006623191511072823e+00
1.191590584022413468e+00
1.213651611463312019e+00
1.031849389142599271e+00
1.094945996034208280e+00
1.109995453793470643e+00
1.288302211336892933e+00
1.481565005494562604e+00
1.262870055791363910e+00
1.278212470235357001e+00
1.498868333626542038e+00
1.670924694530907750e+00
1.617170809444094859e+00
1.571693526702617971e+00
1.685641621543498614e+00
1.631050393917998331e+00
1.729620206304896435e+00
1.826664237483602848e+00
1.966296937984301385e+00
2.053429903474028873e+00
1.806258411089794791e+00
1.881031112000126626e+00
1.977429697602838488e+00
1.993472881512386552e+00
2.118727014887336502e+00
2.253481833643980359e+00
2.326301315294763583e+00
2.730129468582926044e+00
3.111682702756153773e+00
2.985844517712420210e+00
2.637444759744990819e+00
2.446475809212121710e+00
2.720256841476410337e+00
2.840618688865880870e+00
2.834990223904704898e+00
2.756924093333228853e+00
2.573105861254922910e+00
2.232004454022403994e+00
2.254783865207043103e+00
2.465563495561866159e+00
2.633991743343133241e+00
2.741845176942065976e+00
2.784951886947027333e+00
2.756700500891855476e+00
2.659364518161900559e+00
2.541803393662251054e+00
2.598778611281541639e+00
2.451920984891520661e+00
2.096811655316544343e+00
1.771398984987347713e+00
1.570738399922598338e+00
1.379957889995103493e+00
1.210020788945570303e+00
1.065743360404328266e+00
9.501880086097775902e-01
8.574820561058631441e-01
7.887427352686449122e-01
7.315984200959186889e-01
6.813112658392600496e-01
6.337950484276784202e-01
5.860447570818309027e-01
5.649756079745212878e-01
5.489781711135840458e-01
5.329765258141190287e-01
5.326625593552235527e-01
5.410344750224072019e-01
5.476211702824786975e-01
5.492611615449525253e-01
5.469772225578342084e-01
5.436532535774737385e-01
5.532579492470383054e-01
5.671319862551351676e-01
5.779792281992415237e-01
5.671192014133913384e-01
5.320828630240800328e-01
5.085037898496478359e-01
4.772810604934514256e-01
4.299798857359903304e-01
3.771004943493629358e-01
3.646415646061961224e-01
3.681837442126882909e-01
3.692180800973293153e-01
3.673792709398932543e-01
3.624016737826845080e-01
3.542438679804166268e-01
3.432113151979037657e-01
3.291786210331511531e-01
3.182274301509633863e-01
3.164918200198794107e-01
3.121478997143202205e-01
3.053723288807088654e-01
2.961594277796705810e-01
2.846070486977346770e-01
2.708894142315326770e-01
2.558103834404973909e-01
2.542500624897672257e-01
2.520939499729171196e-01
2.574771659250470468e-01
2.683203573650710938e-01
2.762330706422229665e-01
2.760535292594505918e-01
2.681681719552045928e-01
2.539439913150484118e-01
2.425351438864633835e-01
2.310668371911814845e-01
2.186478360666646581e-01
2.060555899720681039e-01
1.975219747088509115e-01
1.914007303826957274e-01
1.886882390158765577e-01
1.892543007511912345e-01
1.919195070499470357e-01
1.950295409138396718e-01
1.989035892999864163e-01
2.010613819102999023e-01
1.997774559117081461e-01
2.018398093706210150e-01
2.047397968062144302e-01
2.071171516679121971e-01
2.048273728379554348e-01
1.980437011627854405e-01
1.875341849279471007e-01
1.743561332156176313e-01
1.664187440319009337e-01
1.596253141687307420e-01
1.509099108412608470e-01
1.407443655692575402e-01
1.398697332183249653e-01
1.380685554275628557e-01
1.352568328099800488e-01
1.315684920336646913e-01
1.271456271580972408e-01
1.221638922204440481e-01
1.166901656748251109e-01
1.153330200822983709e-01
1.172008446599726306e-01
1.175656546513105388e-01
1.162814297255340690e-01
1.133694198102881689e-01
1.123188284831226347e-01
1.135140942521052770e-01
1.135672214401065860e-01
1.167869929765981418e-01
1.190214716979842297e-01
1.198905557193282179e-01
1.194497026338019185e-01
1.178360091523414643e-01
1.151824526954593197e-01
1.115675836063659693e-01
1.126333521372029217e-01
1.141018065051061237e-01
1.150485754872665328e-01
1.155837342374729376e-01
1.156375907770257477e-01
1.153758891134729903e-01
1.147230799311622501e-01
1.138105914523904055e-01
1.126162301689257461e-01
1.112123279017591115e-01
1.096293653223150422e-01
1.078680507353575180e-01
1.060276230116681956e-01
1.040552653350147183e-01
1.020206724736360399e-01
9.994389861362344696e-02
9.780498936801082510e-02
9.564728770720867801e-02
9.349845352539329357e-02
9.132837704702256865e-02
8.914695001832426136e-02
8.698628336974215114e-02
8.484970368020533504e-02
8.271432790368332677e-02
8.058260162054732556e-02
7.845585142018840497e-02
7.634977470453088721e-02
7.426852475324090264e-02
7.218975513374768782e-02
7.011335015462943909e-02
6.803936299478356708e-02
6.596818133710485865e-02
6.390065457247730285e-02
6.183989451770626616e-02
6.043024373000580041e-02
6.042127039363138358e-02
6.035850038128087042e-02
6.023671091486464124e-02
6.005459154623510321e-02
5.981115110808397223e-02
5.953563271905631948e-02
5.920494364975207452e-02
5.881178810869949064e-02
5.835702224981717534e-02
5.784207024127747260e-02
5.729047372143966643e-02
5.676675799696558750e-02
5.709781515978973321e-02
5.731135074735752705e-02
5.736022959116798131e-02
5.724667893282557596e-02
5.699078555639671556e-02
5.661773605403223192e-02
5.610045823672316773e-02
5.544820459574049953e-02
5.470496545058119164e-02
5.385794040387843762e-02
5.290699359714578359e-02
5.186422328271517862e-02
5.077878900943084278e-02
4.962360522719787975e-02
4.841021173420260310e-02
4.715010036829345857e-02
4.587088269163315524e-02
4.457491626401115931e-02
4.326020788908698650e-02
4.205273360363499108e-02
4.191287355112629370e-02
4.173688979401112692e-02
4.152963429725180927e-02
4.129572741391410173e-02
4.103950989130604465e-02
4.076500453521256923e-02
4.048481277623058178e-02
4.019752675054630991e-02
3.990108700157533189e-02
3.959809322607734522e-02
3.929077069598416877e-02
3.898097942078464218e-02
3.867022899110587886e-02
3.835969824100116110e-02
3.805025885925723828e-02
3.774491587508136542e-02
3.744798621785828951e-02
3.715284129985453598e-02
3.685944686664600900e-02
3.656760621148239659e-02
3.627699092497228134e-02
3.598717074340997135e-02
3.569764204169912497e-02
3.540785458901497124e-02
3.511723626000418097e-02
3.509833420584258096e-02
3.508596007875643824e-02
3.505588237854281169e-02
3.500798293930461325e-02
3.494215719897516420e-02
3.485833561252979496e-02
3.475650217634597416e-02
3.463670991856319242e-02
3.449909329280177045e-02
3.435378662809036171e-02
3.419332075437944707e-02
3.401569750338701015e-02
3.382142492556643870e-02
3.361111102190161848e-02
3.338546001410905295e-02
3.314526659484352128e-02
3.289140842910814877e-02
3.263047242483533422e-02
3.236214622023690646e-02
3.208279155742534139e-02
3.179351345453875627e-02
3.149544811605538980e-02
3.118975075888236539e-02
3.087758348993948146e-02
3.056010343853369712e-02
3.023845132544031311e-02
2.991379661725548575e-02
2.959412441767024851e-02
2.927312807572932801e-02
2.895179476294533136e-02
2.863105074581784662e-02
2.831175492446484643e-02
2.799469343720653244e-02
2.768057534241695830e-02
2.737002937210374770e-02
2.706360173679328920e-02
2.676175494839458033e-02
2.646486761518610994e-02
2.617323515336727330e-02
2.588707135303090420e-02
2.560697247000413845e-02
2.533589323243507982e-02
2.507031722198049817e-02
2.481017772161047200e-02
2.455534359605991701e-02
2.430562430480909947e-02
2.406077524095102255e-02
2.382050331562961601e-02
2.358447271565921113e-02
2.335231076342941456e-02
2.312361381196135698e-02
2.289795311406016970e-02
2.267488060896194826e-02
2.245393457250415351e-02
2.223464508743993803e-02
2.201653929054131140e-02
2.179914636113729209e-02
2.158200222174259941e-02
2.136465392404842192e-02
2.114682709658637083e-02
2.093099626613571448e-02
2.071368428970375361e-02
2.049451686642830492e-02
2.042216871178784490e-02
2.047811516757632247e-02
2.053104442182741157e-02
2.058058527689903341e-02
2.062635500964516561e-02
2.066796367001960677e-02
2.070501822876056122e-02
2.073712655399249927e-02
2.076390118670036478e-02
2.078496290028554808e-02
2.079994402548219698e-02
2.080862062394637363e-02
2.081482177935897390e-02
2.081396206345113159e-02
2.080574277497124203e-02
2.078988911933155395e-02
2.076615200773179390e-02
2.073430959054856776e-02
2.069416852864322531e-02
2.064556501033418603e-02
2.058836551980745833e-02
2.052246736794919105e-02
2.044779899480998753e-02
2.036432005586379101e-02
2.027202130376553474e-02
2.017092427846256530e-02
2.006108081939026941e-02
1.994257241312679535e-02
1.981550939030925565e-02
1.968319646413203838e-02
1.954374109472813148e-02
1.939612618634769040e-02
1.924056099558721367e-02
1.907727813854447063e-02
1.890653219279460687e-02
1.872859824002577264e-02
1.854377036133623285e-02
1.835236009677449626e-02
1.815469488017001573e-02
1.795111645848607163e-02
1.774197930649303728e-02
1.752764904556351061e-02
1.730850087354642020e-02
1.708491801629068163e-02
1.685729020348337992e-02
1.662601218048814777e-02
1.639148225656983371e-02
1.620036625674656922e-02
1.623707720798882315e-02
1.627211751853030117e-02
1.630541126460130497e-02
1.633688778095543359e-02
1.636648159377548581e-02
1.639413234526005195e-02
1.641978470718896688e-02
1.644338828746878117e-02
1.646489752821293784e-02
