7.408858999897042219e-01
7.404597801228652854e-01
7.401660213088209206e-01
7.440365557053975065e-01
7.444125547626304629e-01
7.468098685843927997e-01
7.505025510161754676e-01
7.535588200886650379e-01
7.575004711189777806e-01
7.628034479375568333e-01
7.699767458765186534e-01
7.811907230282755243e-01
7.981556902133118969e-01
8.214742360194066118e-01
8.657923207781074160e-01
9.839205975730583864e-01
1.041561915014798112e+00
1.024432600746843391e+00
9.861322861443514443e-01
1.502444588325475561e+00
1.296231081821350495e+00
1.253032036855184161e+00
1.224064983021294406e+00
1.373816316568154505e+00
1.508503019082793273e+00
1.675855029737581603e+00
1.818660440536234102e+00
2.072948777865590397e+00
2.245893867857616577e+00
1.737567996835328366e+00
2.030671117299150730e+00
2.067481571384866434e+00
2.175782116660684995e+00
2.724625325990830849e+00
2.433723716691317041e+00
2.522905797201735467e+00
2.177012082151901229e+00
2.292215880292971075e+00
2.210224084081916729e+00
1.996489927035375977e+00
2.140899102833875300e+00
2.229711384354211567e+00
2.076738236182542607e+00
1.795486478575772482e+00
1.677936051852253696e+00
1.570638180017124741e+00
1.570543544592430951e+00
1.652096762461257473e+00
1.654972095851521718e+00
1.700324465197029289e+00
1.782879611083812099e+00
1.775165046273609271e+00
1.781972619712227424e+00
1.766646266724599013e+00
1.596395877179589640e+00
1.675786418115394527e+00
1.803319422791300752e+00
1.829065098077271356e+00
1.773829931717302744e+00
1.788446152738948580e+00
1.910108148612888579e+00
2.038095470671301701e+00
2.163152571585635897e+00
2.397026412165433662e+00
2.587810303125630984e+00
2.735037206684186817e+00
2.894685319787263289e+00
3.075860726058034178e+00
2.842167363490598841e+00
2.790047338210519534e+00
2.911087860758564183e+00
3.111058792860473599e+00
3.330650901998065905e+00
3.454122876262428754e+00
3.389621990386980865e+00
3.315631382093914947e+00
3.175013962664977374e+00
3.402177854212236507e+00
3.620555788994107349e+00
3.972622085103338474e+00
4.226754008721375300e+00
4.089494426236209179e+00
3.563853708120209074e+00
3.652702675527855991e+00
3.701377193720815750e+00
3.750183434351021639e+00
4.083701833516083290e+00
3.939054983269840715e+00
3.661219181271201162e+00
3.839228581252756012e+00
3.944851127819629877e+00
3.981960840024888260e+00
3.957493975364161365e+00
3.879174169913254477e+00
3.757978550269637008e+00
3.630010321753224023e+00
3.938969259398786615e+00
4.222333264818257881e+00
4.370818633886901061e+00
4.394828998953146382e+00
4.316873609623756103e+00
4.159601099948267766e+00
3.953648400626455839e+00
3.732470511640102906e+00
3.527703670852476936e+00
3.369274072071264392e+00
3.274919253359859450e+00
3.256586773197770235e+00
3.304072333975504705e+00
3.401405353310312574e+00
3.525858001133147290e+00
3.657001553518581805e+00
3.775733445781173980e+00
3.873197624467635602e+00
3.936495824901807161e+00
3.961221454528671693e+00
3.945586845451420466e+00
3.926826550517680037e+00
4.431015997395857831e+00
4.736766005262897927e+00
4.822135336165466413e+00
4.703141727724676535e+00
4.548213818065109493e+00
4.270236136625126910e+00
3.868556684348092300e+00
3.388979018067467042e+00
2.940990612628547218e+00
2.519387402211431759e+00
2.227841461467881423e+00
2.070735821191083570e+00
1.934120187312660111e+00
1.823515321328013750e+00
1.740722870206609540e+00
1.657913320945045177e+00
1.575738746039424543e+00
1.510945163729026541e+00
1.454383417562108427e+00
1.399808196453702136e+00
1.347258794360113976e+00
1.300160913453562106e+00
1.263218733119293891e+00
1.227665767589513512e+00
1.193378162565247980e+00
1.160763248399654612e+00
1.129164740776763098e+00
1.098400741517283619e+00
1.068340532885606375e+00
1.039356214146277102e+00
1.010859417988879239e+00
9.826970786673285829e-01
1.029644369017947758e+00
1.070314963415470944e+00
1.097975430311664002e+00
1.109301120603781943e+00
1.102563556587215610e+00
1.076939408132822074e+00
1.032691053680940829e+00
1.001389729716382515e+00
1.000714287192667085e+00
9.951659992161947521e-01
9.851655109387348341e-01
9.711086441835299343e-01
9.718262109042690167e-01
9.683676084541175122e-01
9.611625406512847025e-01
9.503148082656466267e-01
9.360634880920996048e-01
9.187661868519404473e-01
8.988051457718349013e-01
8.765731063204100781e-01
8.524599657196081370e-01
8.268430522607160826e-01
8.001552419099087210e-01
7.725917337853129840e-01
7.483527307972528408e-01
7.401758238528206579e-01
7.287210206406211643e-01
7.146532236150402451e-01
6.982979112501954688e-01
6.800105866650183462e-01
6.604792605412401763e-01
6.396027706049390860e-01
6.180167680565504806e-01
5.958624417094634529e-01
5.733548166122264256e-01
5.507434157613014802e-01
5.291501228740588259e-01
5.161622155954241897e-01
5.041105090881071726e-01
4.928948940683152702e-01
4.825361872797584439e-01
4.730368605862997344e-01
4.643829313619786681e-01
4.571830736096548775e-01
4.576781266024372852e-01
4.545174958707605684e-01
4.479481441539309716e-01
4.382603922525071805e-01
4.278524416215255255e-01
4.253741135782053151e-01
4.218884669779128793e-01
4.171426613976548792e-01
4.134587742022804990e-01
4.178682351646439419e-01
4.188810623146989043e-01
4.161587948050556318e-01
4.152647299053868202e-01
4.145005816977717084e-01
4.117105113556100981e-01
4.069177097435018875e-01
4.001687339662026721e-01
3.915330102978769600e-01
3.817052428497775263e-01
3.775370486868988573e-01
3.730088040594187748e-01
3.682656955275582789e-01
3.631869115635010248e-01
3.577132819374899686e-01
3.520413179410350479e-01
3.459878055960990406e-01
3.396028137239022193e-01
3.329816498284440263e-01
3.310919124685086645e-01
3.329053112926785851e-01
3.345071611437262504e-01
3.359378279149771718e-01
3.372041912641808858e-01
3.382056474377763133e-01
3.389270414803334242e-01
3.393556200917550725e-01
3.396125220222111496e-01
3.395997674932670907e-01
3.392709976907479219e-01
3.386216862796626037e-01
3.377730658528392826e-01
3.366581543055238157e-01
3.352196312659754263e-01
3.334598036704548574e-01
3.315333360372940130e-01
3.293242992424169624e-01
3.268067841522649952e-01
3.239920387446766359e-01
3.210579695849234416e-01
3.178369571675863647e-01
3.143393052805761867e-01
3.105995389289429864e-01
3.067474148480682783e-01
3.026486089406301705e-01
2.983159776304430411e-01
2.937708077717016142e-01
2.891593977719533193e-01
2.843488056735076208e-01
2.793531503752587075e-01
2.741867212800944698e-01
2.689402353314855887e-01
2.635985093380872057e-01
2.581223037295142797e-01
2.525258825488195802e-01
2.468233792370196911e-01
2.419790284830617977e-01
2.405881104012670413e-01
2.391268398006507478e-01
2.375979004130492900e-01
2.360050785948062113e-01
2.344145632217343733e-01
2.327629822257848979e-01
2.310530629848189521e-01
2.292875354417108491e-01
2.274691252415945719e-01
2.256005473861592281e-01
2.237320174876535617e-01
2.218289791845495240e-01
2.198820773746869017e-01
2.178939285599691966e-01
2.158671168131537088e-01
2.138041898908140392e-01
2.117126584578383763e-01
2.096361532798347860e-01
2.075292054649885976e-01
2.053941980496575559e-01
2.032334655326268058e-01
2.010492917922706846e-01
1.988439082722553986e-01
1.966194924211391304e-01
1.944043144430546710e-01
1.921894544985386089e-01
1.899601531248615860e-01
1.877183847317743515e-01
1.854660662344640165e-01
1.832050566000041070e-01
1.809371565555015215e-01
1.786641084462693707e-01
1.763875962333893155e-01
1.741360624281839131e-01
1.718883995866934133e-01
1.696405807996759496e-01
1.673940886332616063e-01
1.651503492749146207e-01
1.629107330946972798e-01
1.608633536163988909e-01
1.587763283959491289e-01
1.566447248042718288e-01
1.555379597314925921e-01
1.563614505735602678e-01
1.570668916611534516e-01
1.576463045665116025e-01
1.580737837112043687e-01
1.584184175988165855e-01
1.586185944055453212e-01
1.587034232764653052e-01
1.586885158435380749e-01
1.585375906557702774e-01
1.583112397441521768e-01
1.579648955481094963e-01
1.575149484143521794e-01
1.569864605478615283e-01
1.563404287305088791e-01
1.556304343074673135e-01
1.548231135589792362e-01
1.539244101394598441e-01
1.529692258456379905e-01
1.519160017742238744e-01
1.508054453982889120e-01
1.496251124247122977e-01
1.483587687926322674e-01
1.470629745283130174e-01
1.456897742798840545e-01
1.442540173194982178e-01
1.427863428940329416e-01
1.412515404066131686e-01
1.400747494547716354e-01
1.414721317257786048e-01
1.425778638898721473e-01
1.433969746021102332e-01
1.439169013518976081e-01
1.441742533815690286e-01
1.441268813729646159e-01
1.438441797643028319e-01
1.432619790984713815e-01
1.424594662744170792e-01
1.413740066164408116e-01
1.400830130067634294e-01
1.385238320689571867e-01
1.367860083471455213e-01
1.348031109989462628e-01
1.326461535583064455e-01
1.302880552608199904e-01
1.326965713275346792e-01
1.358441063707556684e-01
1.387763300871363570e-01
1.414848090300602768e-01
1.439691665774488760e-01
1.462687901560934256e-01
1.483303595846504896e-01
1.501510209582813671e-01
1.517385197068646385e-01
1.531381308525149310e-01
1.542966795494151167e-01
1.552159771587914572e-01
1.559284170306451944e-01
1.564447239751695917e-01
1.567329037185829776e-01
1.567983543356254172e-01
1.567000444303381368e-01
1.564033362515288850e-01
1.559031946839851135e-01
1.552142201031435353e-01
1.543925462626242195e-01
1.533907573122225143e-01
1.522178709814521469e-01
1.508950606680563022e-01
1.494633040998363804e-01
1.478869157228493714e-01
1.461756848814011189e-01
1.443394841782317251e-01
1.424334504239649357e-01
1.404222566566352692e-01
1.383132617155692634e-01
1.361161617222511055e-01
1.338414578792160581e-01
1.315337688430541774e-01
1.291636558150975889e-01
1.267400962460937253e-01
1.242718187059726476e-01
1.217672788182796312e-01
1.192346381562580798e-01
1.171323577518770115e-01
1.158657695812171234e-01
1.145626672179601985e-01
1.132267674954454267e-01
1.118616820163098741e-01
1.104756550750143201e-01
1.090846110279101305e-01
1.076733679797995252e-01
1.062450951357541834e-01
1.048028405654347489e-01
1.033495292672160226e-01
1.018879617623159595e-01
1.004317918943585936e-01
9.897688339042119698e-02
