7.132613417679873891e-01
7.099505229341442902e-01
7.256599052208776435e-01
7.207369280230192521e-01
7.328697581510893455e-01
7.698688371614713644e-01
8.629094992175102563e-01
9.257623285820822945e-01
1.374727667981133550e+00
1.522507671708126065e+00
1.084653603536079869e+00
1.584035673158196378e+00
1.767699256091556759e+00
1.149677142853097855e+00
1.759485677382799373e+00
1.811987201744572618e+00
1.928430979177384152e+00
1.612254065712171780e+00
1.421740160430473576e+00
1.633098775215997778e+00
1.624378261639638943e+00
2.208744422993654588e+00
2.496861825778907029e+00
2.393693644092991235e+00
2.355016178335040511e+00
2.939505967713586188e+00
2.709058166481665531e+00
3.181796487983704402e+00
3.420823441646214214e+00
3.353306692581733639e+00
3.814799228296975375e+00
4.668635121040648706e+00
5.155268089209805282e+00
4.392610679746444369e+00
4.157729298250647076e+00
4.295486656597173436e+00
4.860399101976401681e+00
4.417884604757488454e+00
4.065612169813431542e+00
3.690072339252102651e+00
4.386935327796680717e+00
4.725077320330919761e+00
4.728231798226695481e+00
4.664103611440692632e+00
4.400969297922774359e+00
4.662472492578527472e+00
4.066467561336313707e+00
3.637771677718649954e+00
3.830749999678385809e+00
4.155300648211587067e+00
4.420305827321810099e+00
4.585282605633994812e+00
4.602844349546695746e+00
4.438239725041183803e+00
3.905742536463091330e+00
3.243144040044917187e+00
2.530421950049373869e+00
1.882132377775368237e+00
1.458359131492179772e+00
1.290314987946345804e+00
1.258357122899848690e+00
1.240854480086148737e+00
1.184000062584257718e+00
1.095767418216031519e+00
9.898653454887506031e-01
8.898441338347642393e-01
8.029196223099159813e-01
7.846446728570344309e-01
7.711565740028805127e-01
7.553983841416510581e-01
7.454838766995638411e-01
7.397613022529979654e-01
7.282546506333291703e-01
6.999362573401883836e-01
7.089546667750095121e-01
7.571340833001318771e-01
7.456327163870480890e-01
6.837268405163121621e-01
5.931032174837040927e-01
5.375327125072438816e-01
5.047484047877653923e-01
4.883880646463664710e-01
4.755736523867775123e-01
4.671133660430585310e-01
4.735945455964086226e-01
4.988357538082048848e-01
5.088836069111699612e-01
5.005154892931124033e-01
4.764185407223137658e-01
4.421742297873918481e-01
4.070448012271652982e-01
3.698493063263075808e-01
3.495229390342625697e-01
3.335194123621787465e-01
3.261067072035913061e-01
3.188412176886720739e-01
3.121694494771883321e-01
3.054137688796631500e-01
2.973097455366167097e-01
2.917217597400731943e-01
2.940882501253840875e-01
2.954986979139629377e-01
2.943723525621217418e-01
2.896540384121515932e-01
2.817194698747463866e-01
2.704829376398428797e-01
2.568471581802612147e-01
2.423551242695692332e-01
2.286517176430092058e-01
2.171635816704303168e-01
2.088555890231623968e-01
2.041019891349076243e-01
2.026802086459987551e-01
2.038696214548837704e-01
2.066208633444666098e-01
2.097547804477346289e-01
2.121527033779143090e-01
2.130194550666876796e-01
2.120938800959633330e-01
2.087018132417956251e-01
2.028782095091251625e-01
1.950670393082412080e-01
1.859766855754089454e-01
1.757952198474993788e-01
1.651532302348406867e-01
1.546332087140115663e-01
1.504467741278254500e-01
1.481059804743858066e-01
1.451977355201814202e-01
1.419433305489317676e-01
1.386730828114377534e-01
1.356535021219304749e-01
1.343496014621846923e-01
1.342137103751827598e-01
1.342899596666025097e-01
1.343050807319960682e-01
1.341354561846822835e-01
1.336181742633380798e-01
1.328098590899118581e-01
1.328541730023490297e-01
1.339798895628194764e-01
1.338469778049185266e-01
1.321820546272520214e-01
1.295075238088396474e-01
1.282693279895000538e-01
1.275238657534685793e-01
1.270090905622913435e-01
1.299236885725431057e-01
1.320330413934177882e-01
1.333714561302622448e-01
1.341149708824529996e-01
1.343961627792839841e-01
1.341274185181099698e-01
1.333916633024107012e-01
1.324741056328062605e-01
1.311811628249075490e-01
1.295474331653546640e-01
1.277536898935117404e-01
1.257002025670456158e-01
1.233260791863556860e-01
1.207200038355912136e-01
1.178836038936465630e-01
1.146976259056381453e-01
1.111897694298209921e-01
1.074801911527443754e-01
1.034196485469223853e-01
1.010051768900214059e-01
9.976011932832788698e-02
9.839794999875756121e-02
9.691075670781540419e-02
9.529404634257088169e-02
9.362728930358110713e-02
9.184771674519778828e-02
8.993943273118128190e-02
8.790768565897552622e-02
8.575918535872706361e-02
8.355579829142749382e-02
8.128425954615646487e-02
7.891595980517804310e-02
7.645918684005657828e-02
7.706766161446153285e-02
7.826794883034061956e-02
7.931013546742471387e-02
8.019384878449810350e-02
8.091913977254239221e-02
8.156564004346264496e-02
8.207404810483166779e-02
8.242469111217708144e-02
8.261736448703689562e-02
8.265166115414861181e-02
8.252697089786052709e-02
8.224251705264516710e-02
8.179742488587095350e-02
8.124509767893051126e-02
8.057733101619800331e-02
7.974486525245803870e-02
7.874726431655863779e-02
7.852676643285416702e-02
7.900244551826887673e-02
7.944342321050776312e-02
7.977783529071837132e-02
8.000110256246899254e-02
8.016464667371787922e-02
8.023136658666357723e-02
8.017525377961866317e-02
8.001014195096596560e-02
7.977963297372871188e-02
7.941830046459744108e-02
7.892488398231456426e-02
7.834029429283731472e-02
7.766037109331606902e-02
7.684746959791489973e-02
7.590319669377090794e-02
7.487445499217129652e-02
7.430860406268664786e-02
7.455258100767063467e-02
7.470928936219664585e-02
7.477700002581463834e-02
7.480280009076327452e-02
7.493829077205906020e-02
7.621600415718748911e-02
7.728305430279026889e-02
7.805476166823183126e-02
7.852488435650009646e-02
7.874384359692630786e-02
7.871728663117014135e-02
7.840195065559359133e-02
7.783736891044867878e-02
7.706669679146342655e-02
7.603724035198915210e-02
7.549621585471814889e-02
7.534160851168046624e-02
7.494622684074757346e-02
7.422075378728167083e-02
7.318102266814625889e-02
7.184703465598957228e-02
7.032139860299996270e-02
6.855267656088517847e-02
6.655500048711614214e-02
6.435443024227983921e-02
6.278980324233299215e-02
6.196713521005411257e-02
6.091030684142700186e-02
5.956271270728522721e-02
5.795504011038424969e-02
5.667081145258014846e-02
5.591208901139354398e-02
5.497933030601599019e-02
5.414978803201682400e-02
5.362181165208781963e-02
5.305924336037007305e-02
5.246404232472135637e-02
5.183818068198723511e-02
5.120464534869900025e-02
5.054836664995261686e-02
4.986630817057873671e-02
4.916041748935207761e-02
4.843262286595419186e-02
4.768482757374526565e-02
4.691890471669253604e-02
4.613669252151769012e-02
4.533999009213254827e-02
4.453055361301667958e-02
4.371009298385265113e-02
4.288833013596702465e-02
4.206685753100980474e-02
4.123823701879516385e-02
4.040398737882490432e-02
3.976349556341506747e-02
3.956824657526310934e-02
3.935704350132519097e-02
3.913061862462116625e-02
3.888970049422878911e-02
3.863501230530060060e-02
3.836727040572841113e-02
3.808718292288473112e-02
3.779544850937405220e-02
3.749275520070344259e-02
3.717977938252529230e-02
3.685718486107955605e-02
3.652562203444036787e-02
3.632468433317864037e-02
3.612085200317018824e-02
3.591282987491981049e-02
3.570086598983324144e-02
3.548520332884110007e-02
3.526607964781278137e-02
3.504372733521449179e-02
3.481837329246174895e-02
3.459023883406760896e-02
3.436381146901951872e-02
3.413638125290638370e-02
3.390662663514804748e-02
3.367474843010410251e-02
3.344094171525681392e-02
3.320539582060271638e-02
3.296829433154023492e-02
3.272981510291469304e-02
3.249013028496827715e-02
3.224940635908540854e-02
3.200780418285398277e-02
3.176547904373144826e-02
3.152258072057750188e-02
3.127925355194452472e-02
3.103563651110525026e-02
3.079186328652317936e-02
3.054806236744801728e-02
3.030435713418993052e-02
3.006086595212403845e-02
2.981770226944984933e-02
2.957497471753340809e-02
2.933278721420989194e-02
2.909123906907183643e-02
2.885042509009557235e-02
2.861043569240398834e-02
2.837135700713457401e-02
2.813327099185191152e-02
2.789625554069076127e-02
2.766038459503832037e-02
2.742572825412565099e-02
2.719235288489252333e-02
2.696032123167923025e-02
2.672969252535381882e-02
2.650052259058963133e-02
2.627286395336227154e-02
2.604676594617830188e-02
2.590525688865418993e-02
2.597302475009887965e-02
2.601825253037740385e-02
2.604147592942843148e-02
2.604327898806618746e-02
2.602428853436365014e-02
2.598516885447701985e-02
2.592661659561118145e-02
2.584935590841258915e-02
2.575413383093922565e-02
2.564171591855476939e-02
2.551288211891155830e-02
2.537147543154349288e-02
2.521970854467937839e-02
2.505369409620309545e-02
2.487422651321203118e-02
2.468209869534798706e-02
2.447809926243056655e-02
2.426301002115707067e-02
2.403760364649482409e-02
2.380264156815367280e-02
2.355887205771021661e-02
2.330702850638422668e-02
2.304782788697087165e-02
2.278196939011929711e-02
2.251013322953301227e-02
2.223297960492699038e-02
2.195114781544380694e-02
2.166525551600213817e-02
2.137589810755459452e-02
2.108364825249796348e-02
2.078925213451797774e-02
2.049654569711909652e-02
2.020230645217569593e-02
1.990701867704425254e-02
1.985322233088591265e-02
1.982465893530337142e-02
1.978590231736166230e-02
1.973742451522784297e-02
1.967969541329112754e-02
1.961318141332161688e-02
1.953834421327937249e-02
1.945563968896235965e-02
1.936551687623465010e-02
1.926841704954249460e-02
1.916477289247155505e-02
1.905500775711705536e-02
1.893953500796940331e-02
1.881875744638040332e-02
1.869306681151252508e-02
1.856284335389445095e-02
1.842845547779745075e-02
1.829025944799785031e-02
1.814859915783631830e-02
1.800380595405768475e-02
1.785619851512054712e-02
1.770608277935492234e-02
1.755375191979640162e-02
1.739948636087918291e-02
1.724355383600200201e-02
1.708620948093790559e-02
1.692769596016100581e-02
1.676824362450487355e-02
1.660807069607236203e-02
1.644738347744995055e-02
1.628637658478364683e-02
1.612523319888389470e-02
1.596412533573249304e-02
1.580321413088612778e-02
1.564265013840562824e-02
1.548257363992490074e-02
1.532311496472786409e-02
1.520489856574120530e-02
1.511469163789590058e-02
