5.321758934181891609e-01
5.325167986990102520e-01
5.319460279677302728e-01
5.320091342505628429e-01
5.342099474867452180e-01
5.351921759979708648e-01
5.377328591477235076e-01
5.404954545642088881e-01
5.410639762611699766e-01
5.439875965705398553e-01
5.474233322828006010e-01
5.514846360422610561e-01
5.652480675441475810e-01
6.112128210999469013e-01
8.563909521260922864e-01
9.814432626780872360e-01
1.093166504378370041e+00
1.011480364164587087e+00
1.096379994579306905e+00
1.094484556506047701e+00
1.042311725087077923e+00
1.215062658118895689e+00
1.269373995621142281e+00
1.146409151838584162e+00
1.381262901777758234e+00
1.317690017999206376e+00
1.415527842061318209e+00
1.317930204228321411e+00
1.562805446488358285e+00
1.972459662485928522e+00
2.163294652646376548e+00
2.396890465429079686e+00
2.167961796422917864e+00
2.208489597273402438e+00
2.152016708579643112e+00
2.235860931965380161e+00
2.302768874149075273e+00
2.010922156110056758e+00
1.991241261981096855e+00
2.224428680418959026e+00
2.192682937476221117e+00
1.788798622120006732e+00
1.892458251321840201e+00
1.965061293451302094e+00
1.987818927446446615e+00
2.189914428990951123e+00
2.553723132348499458e+00
2.184887102557329985e+00
2.064169216560274744e+00
1.662629777544486709e+00
1.471687113532501368e+00
1.425084648154580025e+00
1.320230797279527524e+00
1.522260181557239411e+00
1.620864789999600264e+00
1.756786275594605984e+00
1.891759410309319822e+00
1.897621113163376450e+00
1.683465193591503928e+00
1.745751615620376507e+00
1.733406386597813098e+00
1.643509249403047434e+00
1.707481793631193234e+00
1.961334137305136727e+00
2.236886081397273962e+00
2.333410319837407432e+00
2.529142577429657202e+00
2.590276587369245043e+00
2.654108648610841392e+00
2.468983110275063009e+00
2.347536887893872937e+00
2.136254839818224394e+00
2.102579463196401210e+00
2.419538792239053659e+00
2.812324671598702697e+00
3.119949515022935937e+00
3.211864332798237687e+00
2.873882594224217435e+00
2.423963708046005472e+00
2.456324348473822194e+00
2.689194650637466655e+00
2.937695260719505708e+00
2.977752382635344919e+00
3.003001465526963898e+00
2.946346043003994719e+00
2.997393967111980029e+00
2.995609755660076257e+00
2.956752699859822808e+00
2.966364712789911984e+00
3.107114241702537250e+00
3.358262500474921364e+00
3.613257943625635349e+00
3.743486627340058881e+00
3.655976805154355080e+00
3.397377411274174364e+00
2.985919785338384980e+00
2.492820091813312988e+00
2.451713180166354977e+00
2.452289985303904629e+00
2.434638139705422866e+00
2.879139614504180766e+00
3.237299593960595079e+00
3.619450151907890323e+00
4.028506652976479252e+00
4.205568443187598149e+00
4.141824087043219471e+00
3.895089444029668169e+00
3.565816906491948934e+00
3.281652810631716211e+00
3.147579651944065748e+00
3.179860492306041841e+00
3.300226562963937127e+00
3.404068270627400583e+00
3.416361876242382856e+00
3.313194126587492683e+00
3.139461877513656685e+00
2.926533234774491898e+00
2.725599720094873835e+00
2.603297657599432213e+00
2.600543913793520456e+00
2.707734655343674302e+00
2.878234056021948817e+00
3.092319752613516659e+00
3.298123344788463474e+00
3.473400510179286638e+00
3.610684175090735248e+00
3.717457679894457190e+00
3.853322194081530316e+00
3.977213318059509284e+00
4.087234619392743795e+00
4.178786649816396803e+00
4.241020149960795571e+00
4.259910494847133577e+00
4.222531026349818362e+00
4.124228818826091825e+00
4.016113647053285440e+00
3.878331292103704531e+00
3.695931484571070680e+00
3.477333877475310420e+00
3.232383628186992208e+00
2.996570739399607941e+00
2.825850666712141468e+00
2.675503937883613848e+00
2.522123551436947331e+00
2.371297567475012080e+00
2.224956855808410960e+00
2.111687293581030467e+00
2.008741629580779176e+00
1.909640219006502271e+00
1.813889541873303868e+00
1.721014872357469416e+00
1.631534230357622350e+00
1.544672308817682582e+00
1.461545534424647741e+00
1.383532523700421013e+00
1.312209908483179088e+00
1.248890798668261359e+00
1.195118490187761395e+00
1.151780438187351763e+00
1.118956177596437396e+00
1.095870827800359271e+00
1.080955431758940932e+00
1.072076765601954307e+00
1.067143734280470602e+00
1.063023705445475198e+00
1.057733009444672634e+00
1.048887540371284954e+00
1.035611412586234570e+00
1.016310817684217271e+00
9.904439116723815495e-01
9.578985999623699232e-01
9.343590237399254095e-01
9.196122508974965415e-01
8.989526167593852035e-01
8.882717406848701369e-01
8.782238880249055857e-01
8.628855320985735489e-01
8.426351590407464842e-01
8.179842077196973760e-01
7.898813301663453190e-01
7.669143859935894092e-01
7.446596834042875646e-01
7.182466257879711602e-01
7.034837883751473564e-01
6.874275187832998846e-01
6.686176816488852426e-01
6.485913062729350420e-01
6.286188769348834970e-01
6.099195235337919740e-01
5.934621462727830421e-01
5.801148852009555545e-01
5.703672597213221840e-01
5.642469869287842776e-01
5.615625852940956397e-01
5.618368827269875077e-01
5.643688909126558517e-01
5.683025894441378068e-01
5.729092265962366648e-01
5.772787809114425794e-01
5.806572857078362571e-01
5.822742085363952214e-01
5.817711896077321088e-01
5.786333073340773625e-01
5.725289504008465036e-01
5.632953817231469706e-01
5.508753928407281730e-01
5.353121836052420202e-01
5.167412346601351070e-01
4.959143463591229040e-01
4.909293449261814546e-01
4.840147145999626477e-01
4.752383223720757499e-01
4.703292008218135090e-01
4.777672757029115536e-01
4.838955033695734320e-01
4.886412523134461283e-01
4.921260457460770454e-01
4.941214466954071405e-01
4.947580922244480539e-01
4.940803272327279894e-01
4.919693721498539785e-01
4.885824558648549365e-01
4.839988773124092036e-01
4.781258789437392576e-01
4.711704175025632213e-01
4.631902509155012559e-01
4.541242360680907697e-01
4.442987667798966589e-01
4.335896641510499916e-01
4.221704232479847052e-01
4.101587490437453853e-01
3.975586416474427565e-01
3.845855121410226007e-01
3.712129677470851208e-01
3.576056027046856101e-01
3.438476763576506223e-01
3.299258002134365375e-01
3.313696886730816971e-01
3.348473156146192231e-01
3.371335653967386103e-01
3.458387122637476274e-01
3.531634611009183966e-01
3.590070166691011200e-01
3.634069585076886155e-01
3.665278802593346930e-01
3.683239270349103478e-01
3.688593050507193993e-01
3.682158669113972382e-01
3.665979055160901168e-01
3.639804578912470001e-01
3.604573756644562921e-01
3.561697079602529903e-01
3.512477677086134342e-01
3.457017203006256811e-01
3.396674649042123462e-01
3.332773314490465877e-01
3.265149676941521695e-01
3.195797696505013330e-01
3.124416422700453388e-01
3.052388043009938157e-01
2.979748994224949987e-01
2.907664697679596677e-01
2.835695718418527744e-01
2.765515280091869199e-01
2.696324285561454981e-01
2.628642386895404526e-01
2.563275337020956557e-01
2.499668367993246598e-01
2.437978552140633026e-01
2.382554303133753715e-01
2.341467896823314354e-01
2.301339984574814201e-01
2.265290483384941322e-01
2.268974380073447150e-01
2.269993538149452927e-01
2.268549455440903029e-01
2.264810650306618156e-01
2.258916580338083679e-01
2.250982570202077759e-01
2.241105057756956342e-01
2.229366814075729175e-01
2.215842297989061294e-01
2.200664225970296595e-01
2.183932276103026926e-01
2.165616115482137671e-01
2.145785905475469657e-01
2.124516745157221942e-01
2.101888937878407526e-01
2.077987278514986380e-01
2.052899756600135850e-01
2.026716581112447957e-01
1.999528733022983007e-01
1.971426285164293579e-01
1.942568567421624204e-01
1.913060122556248244e-01
1.882907928684989796e-01
1.852194602059135387e-01
1.820998551302827340e-01
1.789393481472084102e-01
1.757448117920122344e-01
1.725469712304555370e-01
1.700290370045947352e-01
1.685268033874127158e-01
1.670455555395050085e-01
1.656061017517300726e-01
1.641987088702206998e-01
1.628202910751883337e-01
1.614732906534421530e-01
1.601597301062965550e-01
1.588811666216256024e-01
1.576386566089424124e-01
1.564327304566807963e-01
1.552669389992127613e-01
1.541517990359007884e-01
1.530712895121478789e-01
1.520238776240366574e-01
1.510075187294240562e-01
1.500196845963368553e-01
1.490573985554982661e-01
1.481172766950776265e-01
1.471955741982469423e-01
1.462926674249744319e-01
1.454151535715468568e-01
1.445434640456072783e-01
1.436729650648408685e-01
1.427989282964829132e-01
1.419165891666267498e-01
1.410212043779406343e-01
1.401081079320180001e-01
1.391905895172383945e-01
1.382519487578479644e-01
1.372827530182677280e-01
1.362791014702539050e-01
1.352374012171349560e-01
1.341544041100574958e-01
1.330371847138816233e-01
1.318880296323098056e-01
1.306899618976166133e-01
1.294413059433516811e-01
1.281408434165927923e-01
1.267878227594220197e-01
1.253901238152936304e-01
1.239548667512225810e-01
1.224668769932844153e-01
1.209271924832170386e-01
1.193373027499184669e-01
1.176991343904294357e-01
1.160150332572882914e-01
1.143024327342718194e-01
1.125527873933103440e-01
1.107652828597556344e-01
1.089436541062467484e-01
1.070919336665580035e-01
1.061780452436654199e-01
1.056474602855438927e-01
1.051046414140181517e-01
1.045499040824064280e-01
1.039898498281772304e-01
1.034211741598757145e-01
1.028414041190414130e-01
1.022509282973307898e-01
1.016501517204973920e-01
1.010394943867856110e-01
1.004193898399793755e-01
9.979028377821344553e-02
9.915263270173439725e-02
9.883765157421815772e-02
9.925807694756290378e-02
9.966928123939280959e-02
1.000698422924954367e-01
1.004583928477845028e-01
1.008336225714171891e-01
1.011942798237932956e-01
1.015391731821466831e-01
1.018671727211009209e-01
1.021775689748828375e-01
1.024788011127629184e-01
1.027604660223818550e-01
1.030216664251074887e-01
1.032615694121154365e-01
1.034794065079555070e-01
1.036744735626950326e-01
1.038461304661212198e-01
1.039938007001069975e-01
1.041169707389785343e-01
1.042151893045247663e-01
1.042976250628581125e-01
1.043580925915585239e-01
1.043927198971913856e-01
1.044012738887498820e-01
1.043835785008004613e-01
1.043395133163760591e-01
1.042690121099108386e-01
1.041720613129423628e-01
1.040552573633143074e-01
1.039196652292052742e-01
1.037578298546365935e-01
1.035699143040199471e-01
1.033561263255126234e-01
1.031167165497782617e-01
