4.436696480806565646e-01
4.430748668441055194e-01
4.419830446112538724e-01
4.433538600027056575e-01
4.455149734092577196e-01
4.479493534735186633e-01
4.513615420326104188e-01
4.541844473471483568e-01
4.579673468211883369e-01
4.637097627030445923e-01
4.734596540908904139e-01
4.983333964552459361e-01
5.366030387101786703e-01
5.213913781929750968e-01
6.088427338845392445e-01
5.926338558444910198e-01
5.663380475331971642e-01
6.210813093210575397e-01
6.275706226966638601e-01
6.767683448600754215e-01
7.885895121052981516e-01
1.009216479370974140e+00
8.209791897697921170e-01
9.208873396929374566e-01
9.151299787900128990e-01
9.666666715484547590e-01
1.367326252995071378e+00
1.265189973412243818e+00
1.242594085401312665e+00
1.254934106164171004e+00
1.400989950577306464e+00
1.624714670265160477e+00
1.469096515439602513e+00
1.607186896894746031e+00
1.465199959155568221e+00
1.540568239165215347e+00
1.645629501495832203e+00
1.378203510350097138e+00
9.884787368864641488e-01
7.651698945250362538e-01
6.401157283918911256e-01
5.837285788375125017e-01
6.461164444186636713e-01
6.714048376850315636e-01
7.361186727685088416e-01
7.452099576446377105e-01
7.643453931071564345e-01
7.847570234353341556e-01
8.802060137712293120e-01
9.555412146348771785e-01
9.776477250566265598e-01
9.753341200761266316e-01
8.792208748529639628e-01
9.885371793693275011e-01
1.006468225375916514e+00
1.023118734138162678e+00
1.133422630677080711e+00
1.301887627339632481e+00
1.347476101940027648e+00
1.363271805180976459e+00
1.359129553095290488e+00
1.351280498585048839e+00
1.355328237429635596e+00
1.300614997330810318e+00
1.379017358270377303e+00
1.254053363942259081e+00
1.264038186890137583e+00
1.424888400487863471e+00
1.566393340501923692e+00
1.495812421116649693e+00
1.448332406421050766e+00
1.564335112765414149e+00
1.689363916517055975e+00
1.790109785186627223e+00
1.911009457401957379e+00
1.954421395405421480e+00
1.799180254543394142e+00
1.751884419928104508e+00
1.892678751285604699e+00
2.000351824540350432e+00
2.068982156164809183e+00
2.070561754311203373e+00
1.979211542770085375e+00
2.021984208444426390e+00
2.194650592291865543e+00
2.205930917150929815e+00
2.147341117166708280e+00
2.109906361299907829e+00
2.124074817666913084e+00
2.161615589776391566e+00
2.184538659378832737e+00
2.161995381590473553e+00
2.074458919588123340e+00
1.905320556769534823e+00
1.657714389432582980e+00
1.631704549404475513e+00
1.766574862556773429e+00
1.905015244918790263e+00
2.032645506763494314e+00
2.141562386694704223e+00
2.220807107637198907e+00
2.258734697212170239e+00
2.247587107675016238e+00
2.256335949217031178e+00
2.419989304748403125e+00
2.431685455369056115e+00
2.309407553315386163e+00
2.079536570324313161e+00
1.857471789618213354e+00
1.642826942617939379e+00
1.433064590682767703e+00
1.276089803177338000e+00
1.138963808643576936e+00
1.026529950775891376e+00
9.355886118986758149e-01
8.581646717520230450e-01
8.697009408693886501e-01
8.777232259345733034e-01
8.833154558085695163e-01
8.857513896683717469e-01
8.757536896121127512e-01
8.617082116935078639e-01
8.225605703653017242e-01
7.742761129061780379e-01
7.475914494736802807e-01
6.984561790289106620e-01
6.345364235213916126e-01
5.669353843251042635e-01
5.113557108549725561e-01
5.056530033770132437e-01
5.036204019221858230e-01
5.072843272385275659e-01
5.089360540328259352e-01
5.081257061248055651e-01
5.049445291138259240e-01
4.988152571377103550e-01
4.897591305356781000e-01
4.779026633876123364e-01
4.635982450980538072e-01
4.471343823686627639e-01
4.287205220105960723e-01
4.202031622554983081e-01
4.222684440235559000e-01
4.191525254503454256e-01
4.127457039094635793e-01
4.227731195073667347e-01
4.246698931486572182e-01
4.189824238367801934e-01
4.070248405078081833e-01
3.896133317779389982e-01
3.805253488354984337e-01
3.833281686481450068e-01
3.816547611658565042e-01
3.868889887584916476e-01
4.036159010905051026e-01
4.102963614655419922e-01
4.074454960208736543e-01
3.959493766207657917e-01
3.834286067591984870e-01
3.751069638363591086e-01
3.604364211553827135e-01
3.407798007053321476e-01
3.176248092919549126e-01
2.927684196272629102e-01
2.677247553768168919e-01
2.650730350448147199e-01
2.615690132063351325e-01
2.567484189724036359e-01
2.508761615804508405e-01
2.436309992172058791e-01
2.354024261333027557e-01
2.260361364524252348e-01
2.159580348649716708e-01
2.179533971363329103e-01
2.231727035815052607e-01
2.260679279897059024e-01
2.263223104492627369e-01
2.237394536916729737e-01
2.184192619108335509e-01
2.197803729858288924e-01
2.218977032587061415e-01
2.218154039473476669e-01
2.198015634273089991e-01
2.161898557475341320e-01
2.113247886214029148e-01
2.055256503074544272e-01
1.990649242090953286e-01
1.922380061204687907e-01
1.852186477371769169e-01
1.781456279061054970e-01
1.711887763426709896e-01
1.645145736189889685e-01
1.582321103511381277e-01
1.525198232474026805e-01
1.475480436433845022e-01
1.434667411762327871e-01
1.403897827122177755e-01
1.383792746384620020e-01
1.374333633368264862e-01
1.375112501470417692e-01
1.384251156762405510e-01
1.399644196672145680e-01
1.418820567783898590e-01
1.439704471263980601e-01
1.459187805106221536e-01
1.475153531152278152e-01
1.486033620785606191e-01
1.490413383855086205e-01
1.487202630447837792e-01
1.476148064960607631e-01
1.457470014066386266e-01
1.431630647990036476e-01
1.399229258942610854e-01
1.361261643936745869e-01
1.318858982579306782e-01
1.273213300385886704e-01
1.225507178185702983e-01
1.180827574136690539e-01
1.176694608143029896e-01
1.168489846557334011e-01
1.156925726085466372e-01
1.142540356859202549e-01
1.126765714380052463e-01
1.109643165154969302e-01
1.092056290376133831e-01
1.075192413552548548e-01
1.059109425007661864e-01
1.044405871541024128e-01
1.031596294366983330e-01
1.021106847777510929e-01
1.013304477788878472e-01
1.008556744138390804e-01
1.006806040538633651e-01
1.008077525322056411e-01
1.012273076163671404e-01
1.019166540841064811e-01
1.028402708592194154e-01
1.039501076374801519e-01
1.052156613070500263e-01
1.065701171278714277e-01
1.079140201077744554e-01
1.091993274405113901e-01
1.103637527145814173e-01
1.112977867192156828e-01
1.119827146411543767e-01
1.123157510655298785e-01
1.122483750780173539e-01
1.117695014316937574e-01
1.107953378949142337e-01
1.093109124292104412e-01
1.073493377495611106e-01
1.066142808676408399e-01
1.057294922216121952e-01
1.044820916876400274e-01
1.028550164610796264e-01
1.008826164844637691e-01
9.859092534782501471e-02
9.605151851962523413e-02
9.434300352212145191e-02
9.433062555557063245e-02
9.376293319442226271e-02
9.268257703765717115e-02
9.114259149825562623e-02
8.923470150603442230e-02
8.698604053923103541e-02
8.448514041499098626e-02
8.308616532073731520e-02
8.173097739772380854e-02
8.019835707552061543e-02
7.854256005714904676e-02
7.678257874973877517e-02
7.495070680166622534e-02
7.309208207085672593e-02
7.122510904343710980e-02
6.938655466007866146e-02
6.760939531017987059e-02
6.590855216140048545e-02
6.431019520671327205e-02
6.283912786094139613e-02
6.151016713937046410e-02
6.033125109006347297e-02
5.931024334339975168e-02
5.845040773960356179e-02
5.775066568252079646e-02
5.720593491096121613e-02
5.680753469766263580e-02
5.654403995382988740e-02
5.640005643842914418e-02
5.635935449760422211e-02
5.640412835338153713e-02
5.651478644911976656e-02
5.667141182646194542e-02
5.685396519400179316e-02
5.704272524035312875e-02
5.722922646578548767e-02
5.739190878586842431e-02
5.751522701492910866e-02
5.759365793675700479e-02
5.761435446305924329e-02
5.756947416731564293e-02
5.745748932488323885e-02
5.727685702148607727e-02
5.702592677354478140e-02
5.670753610492694496e-02
5.631597576301351077e-02
5.584444194547309032e-02
5.528898322509184088e-02
5.464598948676159529e-02
5.391548116445427780e-02
5.310510045247292948e-02
5.220560193943087762e-02
5.212699509326761821e-02
5.214194264655043487e-02
5.208143247761876787e-02
5.196134483334469839e-02
5.177087084585087207e-02
5.150939833045609789e-02
5.119426881875076968e-02
5.081001749263042155e-02
5.036653719649492739e-02
4.987291939452286049e-02
4.932028048691242117e-02
4.871798530164993257e-02
4.807755892641284168e-02
4.739094868037521668e-02
4.666310879829027591e-02
4.590854465611934887e-02
4.512691840471705351e-02
4.431822485590557886e-02
4.348749447152346764e-02
4.263966326112458155e-02
4.178709522013419886e-02
4.092790046052233871e-02
4.006439688371089131e-02
3.929567088844758416e-02
3.875805647085585337e-02
3.887824060350120181e-02
3.896584623654751611e-02
3.902153996414992054e-02
3.904615239393868786e-02
3.904066013425471632e-02
3.901170110445677242e-02
3.895759357761394842e-02
3.887683130057269926e-02
3.877077438043943086e-02
3.864084880875334055e-02
3.848853175667082960e-02
3.831533768406159002e-02
3.812280530835183284e-02
3.791248546103369310e-02
3.768592985430147674e-02
3.744468076412194729e-02
3.719026163413003544e-02
3.692416858913957767e-02
3.664786284569306746e-02
3.636276399898628192e-02
3.607024415732258682e-02
3.577162289598567052e-02
3.546920982350389856e-02
3.516598534959849282e-02
3.485995596387247292e-02
3.455220450413871991e-02
3.424374789161438448e-02
3.393553604080908059e-02
3.362845130548981071e-02
3.332330841681016564e-02
3.302085486908199613e-02
3.272177171056568634e-02
3.242667469781712608e-02
3.213611577239902650e-02
3.185058482064100777e-02
3.157051167905817329e-02
3.129626835052506245e-02
3.102817139496909238e-02
3.076648446588356109e-02
3.051142095995411710e-02
3.026314675324190753e-02
3.002178299858309848e-02
2.978740895915350795e-02
2.956006485711004314e-02
2.933975471843680571e-02
2.912644919457394246e-02
2.892008834563580474e-02
2.872058437121225924e-02
2.852782427606916776e-02
2.834167246002458965e-02
2.816197322235252862e-02
2.798855317299927398e-02
2.782122354490473501e-02
2.765978240111656786e-02
2.750401673258156057e-02
2.735370444539928989e-02
2.720861623333051260e-02
2.706851733610202496e-02
2.693316918250492423e-02
2.680233091919643693e-02
2.667576082630411863e-02
2.655321762108766442e-02
2.643446165347199117e-02
2.631925599361445434e-02
