4.557083882557173005e-01
4.560232828041598241e-01
4.594945832208568448e-01
4.557992942070658304e-01
4.584789101751960971e-01
4.602633096966632364e-01
4.640001157183425429e-01
4.653994209298419893e-01
4.696329175420752011e-01
4.726706894387455726e-01
5.635389684153098155e-01
6.088954155900235810e-01
7.038146146266199832e-01
7.027591648823640069e-01
6.962304961795685587e-01
8.937106016513257645e-01
9.229229065288673262e-01
9.163280591397692243e-01
1.063202685689343729e+00
1.126681264876240984e+00
1.560095316813409960e+00
1.509468666775589663e+00
1.401715662128010464e+00
1.542264222840998178e+00
1.360552650727850477e+00
1.500591207337008459e+00
1.625375182213863345e+00
1.324734566666442515e+00
1.339266985544413036e+00
1.446182642136096153e+00
1.124658470871696903e+00
9.824788266086506017e-01
1.002797497686911399e+00
9.095516187142520526e-01
1.145576239584345180e+00
1.218731079438776232e+00
1.246572446179784244e+00
1.091172109943897128e+00
1.192448322223218060e+00
1.406218180998101586e+00
1.498404126151074101e+00
1.416499808685862227e+00
1.381570688685875625e+00
1.404127075705672079e+00
1.387135005291554091e+00
1.604037053905458254e+00
1.948513791497507697e+00
1.993489954636710859e+00
1.710152422429437324e+00
1.631388674510626746e+00
1.605939646179799674e+00
2.022629818553328018e+00
2.276864932809676834e+00
2.352438755011900806e+00
2.408239694675303522e+00
2.535233984541862995e+00
2.699991037993477061e+00
2.695007926566832079e+00
2.489439143085969697e+00
2.483418203861555096e+00
2.561169593428301638e+00
2.588865289250886992e+00
2.625939486962394209e+00
2.711060240628217599e+00
2.800400401652060722e+00
2.802069215251523193e+00
2.669313199277393522e+00
2.919966151256083275e+00
3.051611833766319393e+00
2.804204314554530342e+00
2.461445179341925638e+00
2.346634035695871034e+00
2.467810108875084119e+00
2.728781661585727214e+00
2.753648752165254621e+00
2.738707849113033888e+00
2.758803286107019748e+00
2.949059850806061700e+00
3.136055006482350471e+00
3.170070079738177338e+00
3.360935717575498138e+00
3.525877895814530039e+00
3.386195837509126338e+00
3.010701271541466717e+00
2.506783246125546594e+00
2.021162707057916563e+00
1.617063762850095676e+00
1.331593621001222472e+00
1.163027527914347603e+00
1.063273013783555099e+00
9.734446844763215978e-01
8.940915980328039137e-01
8.309297852736085011e-01
7.937652032531062885e-01
7.455388867144580045e-01
6.854572110782924943e-01
6.163909652919074000e-01
6.202205094926148687e-01
6.437553502575572573e-01
6.484622916439012341e-01
6.353581991049391808e-01
6.093838012988529451e-01
5.766269939191034366e-01
5.424894275533538313e-01
5.111552811816401087e-01
4.852080374285966946e-01
4.653246236917288892e-01
4.505452663165550042e-01
4.394496446428344250e-01
4.306482844836816426e-01
4.215955409819317490e-01
4.145200438692528966e-01
4.099967456767205087e-01
4.025323993289292024e-01
3.909046658902098348e-01
3.824315394761405029e-01
3.750131048800805500e-01
3.625669112174472741e-01
3.468768758496282856e-01
3.300739010734715095e-01
3.145700302143693006e-01
3.023712281503718735e-01
2.944904389251970511e-01
2.905759467461360157e-01
2.893725854846529999e-01
2.888459304218342627e-01
2.951040171961097913e-01
3.001777675793976807e-01
3.027162975448156601e-01
3.018066589478644590e-01
2.970795933561834468e-01
2.886474945733477626e-01
2.766506822811123367e-01
2.720864371778273227e-01
2.705776816262199791e-01
2.668019058508548924e-01
2.613647705328611681e-01
2.542899699823860660e-01
2.460679013381492641e-01
2.374212832632649484e-01
2.285550612276615323e-01
2.197726979149579596e-01
2.113663072146251265e-01
2.035398736738287806e-01
1.964140616969146658e-01
1.900370895852093178e-01
1.843989463988211785e-01
1.794466597745231762e-01
1.750988816453372676e-01
1.712586406332927691e-01
1.678236398901169768e-01
1.646939129628696430e-01
1.617769693942089082e-01
1.589907674155795481e-01
1.562649572500680595e-01
1.535500083786353054e-01
1.508502149398747438e-01
1.480706598542368413e-01
1.451798926403401746e-01
1.421533013746514584e-01
1.389720094021847097e-01
1.383615647903549961e-01
1.383166569838330529e-01
1.382902433789511554e-01
1.382517343543368249e-01
1.381705080832585086e-01
1.380159666937201546e-01
1.378296784295941491e-01
1.375348923417138991e-01
1.370831591561027796e-01
1.364465504579858435e-01
1.355992268441711113e-01
1.345180849930948386e-01
1.332194932120198128e-01
1.317399319442265626e-01
1.299789741712049085e-01
1.279289045969703165e-01
1.255871483889862972e-01
1.229742653227244437e-01
1.201807809903849694e-01
1.171128030756677652e-01
1.137874623656008471e-01
1.102265571351808415e-01
1.064560652227225651e-01
1.025621723362854787e-01
9.853770832262204182e-02
9.714922836587949750e-02
9.786104133597588184e-02
9.816167771046964419e-02
9.793507795830692919e-02
9.716029677000147247e-02
9.590849323398371873e-02
9.422018548881827549e-02
9.221732933864178194e-02
9.119408674271944903e-02
8.993694147765481095e-02
8.849840497117696103e-02
8.690999511667901745e-02
8.513487583735464270e-02
8.319323422647141586e-02
8.110615742203561296e-02
7.893074745108245860e-02
7.667978579102163739e-02
7.434167143873450512e-02
7.237781251881025835e-02
7.113350429695204646e-02
6.973126088025437264e-02
6.819477167937838813e-02
6.651802978145530953e-02
6.491851899437339757e-02
6.591790819768034160e-02
6.675346854214493642e-02
6.742485475828574604e-02
6.793379550349246121e-02
6.828385953696936017e-02
6.850452380543646524e-02
6.859549910112276716e-02
6.854628438502675947e-02
6.836509722052389049e-02
6.806089772811282912e-02
6.764318847912705046e-02
6.712182969442938296e-02
6.650687104072340594e-02
6.580840079317958058e-02
6.503641267934592851e-02
6.420069032558350930e-02
6.331869284625826766e-02
6.241000649575623865e-02
6.146250518029230253e-02
6.048434944099877197e-02
5.948317163215222775e-02
5.846604700496296075e-02
5.743947590470807607e-02
5.640937583483929263e-02
5.538108215551005437e-02
5.435935622577580534e-02
5.334839984837353583e-02
5.235187494810622510e-02
5.137292748789369645e-02
5.041421470773929658e-02
4.947793486029258142e-02
4.856585869777221842e-02
4.767936205372244607e-02
4.681945894086896043e-02
4.598683466764372924e-02
4.518187854822037358e-02
4.440471584837892699e-02
4.365523867552251885e-02
4.293313557359353105e-02
4.223791964146526162e-02
4.172929032029004670e-02
4.127286101086435205e-02
4.082393872386917699e-02
4.038251271352753802e-02
3.994856055423011421e-02
3.953074300246123968e-02
3.923989028070597879e-02
3.894503875220527850e-02
3.864730391633423162e-02
3.834769522994160157e-02
3.804711938910315672e-02
3.774638423217427374e-02
3.744620314446399367e-02
3.714719986146410718e-02
3.684991357269148948e-02
3.655480424131010708e-02
3.626225805974078037e-02
3.597259297344498202e-02
3.568606421085795954e-02
3.540286976503052158e-02
3.512315578201526123e-02
3.484702181289458384e-02
3.457452589790562664e-02
3.430568945199569120e-02
3.404050193052409606e-02
3.377892525388110495e-02
3.352089797895461271e-02
3.326633920608275397e-02
3.301515221445981696e-02
3.276722782335656642e-02
3.252244747750430293e-02
3.228068605958957921e-02
3.204181443200411483e-02
3.180570171679226316e-02
3.157270392063096093e-02
3.134312642374052077e-02
3.111588569063810511e-02
3.089086348301842838e-02
3.066794722415816868e-02
3.044703094364352436e-02
3.022801603529277556e-02
3.001081183894736826e-02
2.979533606212678848e-02
2.958151505378346993e-02
2.936928394245864535e-02
2.915858665372713168e-02
2.894937581914880029e-02
2.874161258822671358e-02
2.853526635700749312e-02
2.833031442320388046e-02
2.812674158013560646e-02
2.792453965978595326e-02
2.772370703316407586e-02
2.752424808008457208e-02
2.732617263378682437e-02
2.712949541039439555e-02
2.693423542983909569e-02
2.674041543411177779e-02
2.654806131016685875e-02
2.635720152200346500e-02
2.616786655559231664e-02
2.598008838351052036e-02
2.579389994990463966e-02
2.560933468056026882e-02
2.542642602068651350e-02
2.524520700063323866e-02
2.506570983354701812e-02
2.488796554466883235e-02
2.471200363312339721e-02
2.453785176717340061e-02
2.436553551267191253e-02
2.419507809484434252e-02
2.402650019238566220e-02
2.385981976350797298e-02
2.369505190419001622e-02
2.353220873415712983e-02
2.337129931461318436e-02
2.321232959083931527e-02
2.305530236275284139e-02
2.290021727814537875e-02
2.274707085051486805e-02
2.259585649743756780e-02
2.244656459765819595e-02
2.229918256753427724e-02
2.215369495247719936e-02
2.201008353379441465e-02
2.186832744737992468e-02
2.172840331467341610e-02
2.159028538222402399e-02
2.145394567043745065e-02
2.131935412854328235e-02
2.118647879438807780e-02
2.105528595902915120e-02
2.092574033365890082e-02
2.079780521758363074e-02
2.067144266785110943e-02
2.054661366692989849e-02
2.042327828939915005e-02
2.030139586694985898e-02
2.018092514846007296e-02
2.006182445782124860e-02
1.994405184656485031e-02
1.982756524103194973e-02
1.971232258414890720e-02
1.959828197150125309e-02
1.948540178052549782e-02
1.937364079293793853e-02
1.926295831036272874e-02
1.915331426314527408e-02
1.904466931086181911e-02
1.893698493659168314e-02
1.883022353285122505e-02
1.872434848071317937e-02
1.861932422112608232e-02
1.851511631909996333e-02
1.841169152073032778e-02
1.830901780268285109e-02
1.820706441592835970e-02
1.810580192108921654e-02
1.800520221891464129e-02
1.790523857316958165e-02
1.780588562832864999e-02
1.770711942133790934e-02
1.760891738730741701e-02
1.751125836075028558e-02
1.741412257122472440e-02
1.731749163466090105e-02
1.722134854009810603e-02
1.712567763266495402e-02
1.703046459214790573e-02
1.693569640857035125e-02
1.684136135421543390e-02
1.674744895319504184e-02
1.665394994732960141e-02
1.656085626082424295e-02
1.646816096181609804e-02
1.637585822261245980e-02
1.628394327804265698e-02
1.619241238244572764e-02
1.610126276545121790e-02
1.601049258663244865e-02
1.592010088996400827e-02
1.583008755702560583e-02
1.574045326001698164e-02
1.565119941527290393e-02
1.556232813561176515e-02
1.547384218357826871e-02
1.538574492505783917e-02
1.529804028249109882e-02
1.521073268991642718e-02
