4.139327018900823552e-01
4.129756181790111835e-01
4.097011265444575057e-01
4.149652332002926047e-01
4.170205631215648800e-01
4.227573499629437292e-01
4.279795550763177969e-01
4.354921742929601658e-01
4.497330448630869615e-01
5.370042374303688471e-01
5.327081524444835514e-01
5.061620371327194556e-01
5.834882625208783757e-01
6.498396173687251975e-01
6.415825418900541477e-01
7.615275025685406263e-01
6.918789781397499672e-01
8.033952755942584956e-01
7.682715733764143851e-01
8.644455225670734100e-01
8.335687843573186262e-01
8.717482113980878911e-01
1.043529774471857907e+00
1.047909846578747306e+00
1.139188065458047294e+00
1.745789835409733426e+00
1.733406807196884225e+00
1.300661266363927426e+00
1.494776203422379046e+00
1.271009593342411481e+00
1.342366879327033136e+00
1.307656365746005411e+00
1.607274692065042698e+00
1.730470343846959747e+00
1.496421184872769095e+00
1.134829394061225738e+00
8.036200551612493470e-01
6.756260140253648183e-01
6.962221613157963951e-01
6.689205401540297968e-01
6.388208196765449154e-01
6.742490299298276035e-01
7.283226232297541625e-01
7.453026232418421548e-01
7.401050277111513864e-01
7.347490947730827004e-01
7.311108783768587305e-01
7.540642215752182409e-01
7.902578837649348875e-01
8.004537174637165187e-01
8.811633255475725957e-01
9.338885902892944957e-01
1.047782577851759767e+00
1.118787162505898714e+00
1.129214861265382064e+00
1.240930218577797284e+00
1.370623938805728859e+00
1.289858620343332873e+00
1.221037796748654092e+00
1.275193446668576813e+00
1.366067052599911902e+00
1.434930428134260083e+00
1.480591277461049460e+00
1.491819032915145282e+00
1.488425790723079789e+00
1.460090997416403802e+00
1.410516098076326275e+00
1.364366353425898071e+00
1.420659365121305306e+00
1.517042593300528930e+00
1.667833147924566273e+00
1.834222638148523821e+00
1.989424209909243180e+00
2.082910834800120625e+00
2.090699770822677994e+00
2.071928019430929080e+00
2.177876044649720733e+00
2.382550212416615576e+00
2.336866935887232266e+00
2.158637659267424791e+00
1.932651077345833412e+00
1.808229999044461911e+00
1.801400195056682696e+00
1.856469580086476334e+00
1.956456885255137168e+00
2.079551989687311142e+00
2.195895653340747433e+00
2.278505438747098211e+00
2.298006665038744067e+00
2.276598738318481363e+00
2.588323146647256934e+00
2.690911635266560964e+00
2.572473045243015122e+00
2.278119962855922331e+00
2.068857741137206663e+00
1.903281672085020970e+00
1.892289560387298453e+00
1.952645646273096558e+00
2.061038645424838389e+00
2.095949546341268732e+00
2.051018319362231779e+00
2.011648375772199238e+00
1.891430633784920046e+00
1.681415662883908313e+00
1.431950613336548717e+00
1.329507713612522402e+00
1.234922017683352191e+00
1.132999755451033819e+00
1.025959733700562815e+00
9.648138479259702471e-01
9.035486543907612633e-01
8.406401459008079335e-01
7.767627937134469196e-01
7.400884698107755844e-01
7.175150110969829020e-01
6.689301034754147057e-01
6.246282451941378433e-01
5.994295739574497794e-01
5.740945988067333028e-01
5.486860849887121860e-01
5.297526466273863033e-01
5.161659498626066656e-01
5.021291021915946784e-01
4.876589364098902757e-01
4.728848466411171292e-01
4.580747000937459568e-01
4.428837466039489690e-01
4.313981881705932220e-01
4.204558419344267550e-01
4.235382506168834382e-01
4.158121367335426699e-01
3.972627664248033486e-01
3.684983743275623280e-01
3.642860222819354066e-01
3.670496322474848250e-01
3.668537354500671088e-01
3.637879710561360280e-01
3.579852186427315841e-01
3.496185099211337466e-01
3.388959169776382674e-01
3.260496421700434522e-01
3.189185477124014678e-01
3.164868677250662898e-01
3.127058689904999023e-01
3.075796884985312896e-01
3.011990132147437382e-01
2.939622132453068581e-01
2.857128725797969393e-01
2.767545623912960329e-01
2.672330972906347135e-01
2.645133420409281344e-01
2.646034971115455159e-01
2.585499646104486016e-01
2.475625177349823902e-01
2.406665163661338980e-01
2.378278356684138950e-01
2.344492095560305189e-01
2.304105288373879401e-01
2.260371548505484829e-01
2.211898759392778580e-01
2.158790264723646490e-01
2.104172225316433276e-01
2.046213202243246376e-01
1.985403773366271052e-01
1.923751402077219230e-01
1.860869017465039410e-01
1.796663673641803183e-01
1.731654675646311092e-01
1.677165177858110645e-01
1.706663143154517337e-01
1.732235615147481589e-01
1.748631464401057267e-01
1.751946636904050947e-01
1.741436132814489779e-01
1.714167591074147734e-01
1.671621524053923391e-01
1.613255541444019725e-01
1.541892837050317100e-01
1.472584871533078876e-01
1.434584206845002097e-01
1.421856152558333697e-01
1.421084330121250294e-01
1.409081999354233616e-01
1.386737302425652407e-01
1.354772462409545297e-01
1.315793608259655800e-01
1.270735141304009663e-01
1.222390527173289471e-01
1.187753076957699105e-01
1.159188004356171697e-01
1.128001786783252997e-01
1.095024745131105703e-01
1.061358354927798564e-01
1.028090111318963329e-01
9.963606928343418656e-02
9.665062917624851757e-02
9.391885039705967497e-02
9.149207314584401063e-02
8.940655226512063403e-02
8.768370621069462856e-02
8.633080808082106705e-02
8.534204155654326329e-02
8.470346843552141458e-02
8.439307516028375644e-02
8.436025606424558954e-02
8.456073275127722055e-02
8.494556617206770743e-02
8.546289005699167496e-02
8.607366898796288412e-02
8.672676243082966252e-02
8.736313419517420520e-02
8.793382870182338273e-02
8.839347296942676180e-02
8.870112726955990679e-02
8.882693001898415985e-02
8.880112273446240378e-02
8.853642022760527253e-02
8.801336241096029134e-02
8.724165629864995275e-02
8.625084169134421275e-02
8.497807621697878178e-02
8.342580769400827212e-02
8.167398908430191506e-02
7.966791544420991078e-02
7.741349241539507986e-02
7.495955940828831487e-02
7.233516011270604840e-02
6.967958363504314634e-02
7.093317294873002776e-02
7.202122383582705567e-02
7.292477485320808528e-02
7.366651093352598323e-02
7.419886411799572756e-02
7.457826808168827037e-02
7.473957349178819709e-02
7.474677193889092686e-02
7.453681062428287041e-02
7.418655624702520657e-02
7.363159704059252242e-02
7.293258210503761330e-02
7.206462670459325148e-02
7.103587104509985484e-02
6.989406764686316442e-02
6.860172917275522697e-02
6.718768751981593623e-02
6.569166217360621063e-02
6.408639088463372047e-02
6.259285506752310102e-02
6.212550932245607810e-02
6.243431378199733317e-02
6.291921132424738161e-02
6.315340284157253126e-02
6.319675475561686850e-02
6.301678104867365626e-02
6.261845290054621205e-02
6.203969864899113590e-02
6.130518754805104609e-02
6.039988073413973813e-02
5.934265101699282008e-02
5.816513255802676502e-02
5.690372816138630080e-02
5.554543998313981462e-02
5.410958882758246102e-02
5.294200514626697107e-02
5.223648600217264265e-02
5.152416789163809935e-02
5.080602077018847584e-02
5.008298733949782811e-02
4.935598226687303025e-02
4.862589154600754915e-02
4.789357198764567641e-02
4.715985083304916059e-02
4.642552547848387973e-02
4.569136330628546100e-02
4.495810160922651677e-02
4.422644760612049614e-02
4.349707853615707165e-02
4.327983583700673736e-02
4.303675422704731496e-02
4.274956703633574912e-02
4.242828841588322519e-02
4.208247908356205907e-02
4.172113708164830459e-02
4.135260619864081222e-02
4.098450177303501057e-02
4.062365336632942775e-02
4.027606359378855388e-02
3.994688223800448024e-02
3.964039463669848107e-02
3.936002323090524030e-02
3.910834108346184640e-02
3.888776041723628063e-02
3.870180419199367727e-02
3.854724151813466310e-02
3.842369827492672640e-02
3.833014682400822520e-02
3.826496383098204612e-02
3.822599164459827142e-02
3.821060214865755478e-02
3.821576207599811786e-02
3.823809884344167576e-02
3.827396605433643767e-02
3.831950788953255443e-02
3.837072170104663393e-02
3.842351820027292003e-02
3.847377872076624544e-02
3.851740911528968997e-02
3.855038992589916724e-02
3.856882254369684015e-02
3.856897114062279863e-02
3.854730023147814877e-02
3.850487113480147855e-02
3.844218373165510239e-02
3.834892466606993483e-02
3.822258803055669785e-02
3.806098574386260897e-02
3.786225970266723917e-02
3.762488996239922445e-02
3.734769914342696284e-02
3.702985328548309002e-02
3.667569113471919051e-02
3.628931939673650520e-02
3.586157154782317058e-02
3.539286841495679209e-02
3.488393623230523488e-02
3.433579199698479079e-02
3.374972705383006560e-02
3.312728917070762585e-02
3.247026336032848154e-02
3.178950741779786732e-02
3.131329555244569129e-02
3.111673665342697473e-02
3.089405569957050582e-02
3.064546835055680790e-02
3.037130224821786226e-02
3.007199111577464612e-02
2.974806863609954014e-02
2.940016215913877906e-02
2.902898628050699231e-02
2.864186380430626747e-02
2.823561587716708760e-02
2.780837748398773054e-02
2.793616124849395213e-02
2.827770304100907933e-02
2.858630084491008139e-02
2.886054826885644728e-02
2.909954786891767731e-02
2.930257882836098324e-02
2.946909488456983875e-02
2.959872135159293330e-02
2.969125131610870008e-02
2.974664107475079658e-02
2.976500488779274672e-02
2.975576295299886195e-02
2.971261911329137542e-02
2.963355212602962127e-02
2.951920767048227603e-02
2.937035707072452317e-02
2.918788949022074405e-02
2.897280389230454112e-02
2.872620082683433398e-02
2.844927409688574951e-02
2.814330235587296850e-02
2.781730082063354342e-02
2.746696701042472197e-02
2.709144258831879329e-02
2.669224445071811253e-02
2.627093497840428740e-02
2.612237382822330672e-02
2.619950376716250265e-02
2.625851005049536710e-02
2.629944612416020705e-02
2.632240634176633010e-02
2.632752422190817385e-02
2.631497067206409884e-02
2.628495218384385018e-02
2.623770901129430372e-02
2.617700264872428392e-02
2.610321279981184586e-02
2.601300882508273543e-02
2.590673704578298764e-02
2.578476892535399786e-02
2.564749926816579234e-02
2.549534443689247670e-02
2.532874059516634913e-02
2.514814197724152267e-02
2.495401919033318414e-02
2.474685755112659286e-02
2.452715546095496010e-02
2.430121114319084424e-02
2.406375129920335781e-02
2.381512305293563558e-02
2.355585745831515615e-02
2.328649167371723769e-02
2.300756759852092340e-02
2.271963055967767334e-02
2.242322804919166801e-02
2.211890851349981174e-02
2.180722019335754741e-02
2.148871001844926756e-02
