5.000723275741683072e-01
5.017728313601015344e-01
5.068659309502350219e-01
5.099693803739886455e-01
5.101650922375490227e-01
5.141541757304816107e-01
5.217000920255865370e-01
5.275200670213409104e-01
5.329703129225392688e-01
6.088777173905192130e-01
5.581098996605711182e-01
6.411801370411530643e-01
6.156796529135836193e-01
7.414078801572785427e-01
7.631825914994873061e-01
9.996716100070298650e-01
7.984612557715800030e-01
1.105970535176897585e+00
1.476061301258502656e+00
1.413598738276244271e+00
1.539182621859704003e+00
1.296849550633970560e+00
1.209376885036816063e+00
1.473882681948084583e+00
1.067950029297356496e+00
1.050473982196119982e+00
1.251380819742559991e+00
1.198375953235971014e+00
9.167127362727048867e-01
7.499045454522027532e-01
8.767498902546730921e-01
1.031071457518433432e+00
1.181467003497544077e+00
1.189072846370908376e+00
1.154066510896794906e+00
1.204175310144077526e+00
1.463276799786701110e+00
1.873770671602562610e+00
1.888188615159030137e+00
1.728185430462627847e+00
1.751735096626296118e+00
1.802553505062555184e+00
1.984981143753386634e+00
1.924929828910602492e+00
2.065500571445181510e+00
1.867362031240015874e+00
2.182121602239027958e+00
2.399709500478803381e+00
2.553386349076614881e+00
2.430492443774707745e+00
2.233670386447100586e+00
2.432416036632490286e+00
2.574915354306801962e+00
2.820875835902163953e+00
3.537489426831347039e+00
3.918305742628910515e+00
3.327147553887864984e+00
3.299308864652348294e+00
3.159113113238756210e+00
2.993229295735185591e+00
2.862860908962720607e+00
2.731262972868999661e+00
2.592636101269137239e+00
3.030659177116979297e+00
3.300595770776295179e+00
3.040279648156833936e+00
2.861430239791100671e+00
2.770206517350299436e+00
2.688830894608949862e+00
2.774638827100649685e+00
3.274650415068011355e+00
3.869542441460230187e+00
4.094256889822958989e+00
3.828715742221687091e+00
3.325088586733077278e+00
2.743819969669444969e+00
2.147490673562322261e+00
1.664082666884925565e+00
1.403570672379473416e+00
1.229604547514308477e+00
1.114877392293741165e+00
1.032818452084792504e+00
9.618763175905131746e-01
9.648498951793339495e-01
9.660646375458646906e-01
9.658004348951044760e-01
9.294940286415023234e-01
8.868485964935836074e-01
8.578468330084629834e-01
8.308125007676927520e-01
8.121372392465698864e-01
7.961106115783709303e-01
7.692565272062072967e-01
7.228540283317745896e-01
7.416210811659351698e-01
7.260542113014326615e-01
7.108214585703530597e-01
6.827945231007430671e-01
6.669188782876274146e-01
6.626609073904370373e-01
6.435552735001339730e-01
6.063749561762277196e-01
5.618373452363180087e-01
5.289047816094915033e-01
5.147353532925273978e-01
4.767968657384307751e-01
4.230277107895484834e-01
4.054601437292781885e-01
3.881016245301479040e-01
3.693838391831109624e-01
3.509892498421646745e-01
3.346662747533059035e-01
3.213797251280516853e-01
3.113788268831108597e-01
3.044261836622791373e-01
2.998390941000187437e-01
2.968011653416389173e-01
2.944856713291479355e-01
2.921589951950439579e-01
2.892508357489295689e-01
2.853806673803460092e-01
2.806251448966077811e-01
2.749088792548819993e-01
2.680353742339590672e-01
2.601282297359089890e-01
2.516601832225231483e-01
2.426083928762922948e-01
2.329476658058081961e-01
2.258458480039955418e-01
2.261590879035188240e-01
2.261844876828206785e-01
2.257128018945739611e-01
2.247292010442298316e-01
2.234692114925759254e-01
2.217381122235067004e-01
2.193595604062895665e-01
2.164444916110867534e-01
2.130067934906813010e-01
2.087611913764400307e-01
2.038388787927455925e-01
1.983149551810979017e-01
1.919567481833392986e-01
1.849430196413742178e-01
1.774108232024575460e-01
1.692214207952705551e-01
1.604876088873749274e-01
1.515645459745020573e-01
1.479807799544159141e-01
1.482565582953527805e-01
1.546684004726051609e-01
1.572150182274263397e-01
1.558349550838134256e-01
1.510765787628335910e-01
1.433706481674162370e-01
1.348846661066505359e-01
1.365296337761692513e-01
1.392933687479155358e-01
1.397447870469809283e-01
1.379660985455325173e-01
1.346527406049045916e-01
1.300760099956346227e-01
1.249104633735462905e-01
1.196345418783871795e-01
1.176288839391319840e-01
1.156724577892654787e-01
1.131892811615199251e-01
1.106410406768947446e-01
1.082429308174090721e-01
1.061341214287939289e-01
1.042367298511921447e-01
1.023864366674152732e-01
1.013660486814157990e-01
1.019162117150053115e-01
1.023501433432181112e-01
1.052222048696067613e-01
1.087664940595853003e-01
1.117873742270486664e-01
1.142300263573750724e-01
1.157896971813322518e-01
1.164539299151164248e-01
1.161211593010504362e-01
1.147255557055492925e-01
1.124363802893900838e-01
1.091631311498535567e-01
1.051131998007858726e-01
1.003428738083243649e-01
9.977097111485640213e-02
9.994932405758172322e-02
9.977210847287935891e-02
9.933923404585361105e-02
9.858467437538705191e-02
9.750100968750641250e-02
9.610410657599890993e-02
9.441237079235109686e-02
9.250300410552846075e-02
9.038037313199341616e-02
8.802190035108221899e-02
8.545185058856628879e-02
8.269567254183587957e-02
7.977987417744447640e-02
7.811153551984592602e-02
7.822349928817767806e-02
7.819113531686638918e-02
7.802739777560105394e-02
7.769184201215843799e-02
7.718553773978492627e-02
7.651090141489738650e-02
7.571100057085521084e-02
7.477469973365068190e-02
7.368327594030341099e-02
7.244470593376335643e-02
7.106847443414025800e-02
6.958360237484449706e-02
6.801454719171695640e-02
6.634007551849159523e-02
6.495719884596853899e-02
6.380843430131623306e-02
6.231605001104373320e-02
6.048299772734918450e-02
5.834497852071862667e-02
5.600465464716736924e-02
5.350013043164755788e-02
5.102467181782938815e-02
4.911306668763165684e-02
4.817776746897668022e-02
4.812991714363489687e-02
4.806479384581882619e-02
4.797822800669206134e-02
4.786350147373567149e-02
4.772017668584162958e-02
4.754800230069602951e-02
4.734690941709585044e-02
4.711700607880673491e-02
4.685857025189074654e-02
4.657204147181392972e-02
4.625801135657972574e-02
4.591721318067305130e-02
4.555051069858747498e-02
4.515888640054277481e-02
4.474342937270234938e-02
4.430532292466630995e-02
4.384583213419558645e-02
4.336629144702591060e-02
4.286809245584950745e-02
4.235267196948803992e-02
4.182233776185340784e-02
4.128917808605343104e-02
4.074262463808499268e-02
4.018417931710872859e-02
3.961533991019741685e-02
3.903759131997468906e-02
3.845239748438318561e-02
3.786119400601768020e-02
3.726538149756170037e-02
3.666631964331543841e-02
3.672588111551900597e-02
3.701302726847541247e-02
3.721249243014102676e-02
3.731355899053714203e-02
3.729764014367396158e-02
3.742482980648619700e-02
3.764107883595706888e-02
3.781806882230479006e-02
3.795472383807176053e-02
3.805043952359401377e-02
3.810504999326699838e-02
3.811879278149686578e-02
3.809227246399179978e-02
3.802642354043483247e-02
3.809089636424255187e-02
3.824204449139491369e-02
3.833566962168796083e-02
3.837221536955325030e-02
3.835274659253978813e-02
3.827888246847739595e-02
3.815272803084542030e-02
3.797680541270133381e-02
3.775398590549991495e-02
3.748742379832607080e-02
3.718049281756866109e-02
3.683672584841275049e-02
3.645975848615561066e-02
3.605817077420735151e-02
3.563710350335556193e-02
3.519307642466341229e-02
3.472965185995809112e-02
3.425028887544531719e-02
3.375831408683879764e-02
3.325689710801165572e-02
3.274903046823648273e-02
3.223751377902817072e-02
3.172494189261732683e-02
3.121369676682795788e-02
3.070594273128357532e-02
3.020362483986256327e-02
2.970846998181964418e-02
2.922199043175493713e-02
2.874548951692955032e-02
2.828006909367017374e-02
2.782663853270587323e-02
2.738592493502197203e-02
2.695848430856721822e-02
2.654471346289253089e-02
2.614486239574707535e-02
2.575904696472756245e-02
2.538726166182752458e-02
2.502939232722757937e-02
2.468522865879985498e-02
2.435447639522687890e-02
2.403676906981514622e-02
2.373167924658267300e-02
2.345602705872165336e-02
2.322346220405086675e-02
2.299963816564632932e-02
2.278421526806713449e-02
2.257684284979196918e-02
2.237716250791935840e-02
2.218481107383346237e-02
2.199942332503724771e-02
2.182063444035099373e-02
2.164808220578530451e-02
2.148140898149785219e-02
2.132026343984369868e-02
2.116430208543744473e-02
2.101319056990737233e-02
2.086660481184007127e-02
2.072423193623126186e-02
2.058577104397587079e-02
2.045093382552120448e-02
2.031944502913366618e-02
2.019104279794073364e-02
2.006547888503392926e-02
1.994251875987851710e-02
1.982194161628328399e-02
1.970354029197587606e-02
1.958712111035992159e-02
1.947250365329760910e-02
1.935952047414560631e-02
1.924801675930942410e-02
1.913784994598732858e-02
1.902888930302674628e-02
1.892101548245673712e-02
1.881412004663098048e-02
1.870810497767552011e-02
1.860288217366360547e-02
1.849837293633480387e-02
1.839450745470174592e-02
1.829122428840126990e-02
1.818846985329408694e-02
1.808619791335209018e-02
1.798436908088386216e-02
1.788295032692807998e-02
1.778191450473552357e-02
1.768123988677114053e-02
1.758090971751189585e-02
1.748091178282941069e-02
1.738123799643143813e-02
1.728188400478417736e-02
1.718284881023397076e-02
1.708413441308844621e-02
1.698574547267475698e-02
1.688768898743450361e-02
1.678997399363508711e-02
1.669261128307066716e-02
1.659561313898485699e-02
1.649899308965998776e-02
1.640276568021237572e-02
1.630694626062119401e-02
1.621155079074002026e-02
1.611659566092319903e-02
1.602209752806603091e-02
1.592807316602597167e-02
1.583453933010984735e-02
1.574151263493109645e-02
1.564900944445173081e-02
1.555704577455518586e-02
1.546563720645488527e-02
1.537479881044973538e-02
1.528454508055927287e-02
1.519488987737093767e-02
1.510584638021856933e-02
1.501742704731348459e-02
1.492964358339510418e-02
1.484281527330361984e-02
1.481637377705528197e-02
1.478970136789855769e-02
1.476278347164087547e-02
1.473560716021259966e-02
1.470816109320991980e-02
1.468043545533282909e-02
1.465242189183908923e-02
1.462411344128500615e-02
1.459550446745608993e-02
1.456659058985810759e-02
1.453736861348057900e-02
1.450783645914149704e-02
1.447799309298746818e-02
1.444783845780382367e-02
1.441737340394689572e-02
1.438659962204063593e-02
