4.064024777337340022e-01
4.055214940592413719e-01
4.067862327529555566e-01
4.070797997133247526e-01
4.084144450949325766e-01
4.128148060216330073e-01
4.194171467709467693e-01
4.258427516305998695e-01
4.405848288419814129e-01
5.092703757763924477e-01
4.937442099582722843e-01
5.245634732320986204e-01
7.188848834171873703e-01
7.224725319957886471e-01
6.181811378462266360e-01
6.651738798745076009e-01
8.403819496252862287e-01
9.502112811652537738e-01
8.876713639537103795e-01
9.656998314528356664e-01
1.254440268833337369e+00
1.419600612191515232e+00
1.342697754678173538e+00
1.322872084389330016e+00
1.558031297010407545e+00
1.386349688592384499e+00
1.310467746399918587e+00
1.406276941895310495e+00
1.644135911281533913e+00
1.727141080862331091e+00
1.529152327215801632e+00
1.519307483899596356e+00
1.048748663739097253e+00
7.652641091611632751e-01
8.856371015128472468e-01
1.006981046072500385e+00
9.992246280385578272e-01
1.031905176827317527e+00
9.459835276023877970e-01
1.043253716328133240e+00
1.012702077356694597e+00
1.030578342435928718e+00
1.171056201319151224e+00
1.254849818231635217e+00
1.167143789193504588e+00
1.155691586273740912e+00
1.426845621779064155e+00
1.490648241586412182e+00
1.478173218047151183e+00
1.673824012034198283e+00
1.523399688324564405e+00
1.644523203729870264e+00
1.545728834006169006e+00
1.611919334772551560e+00
1.784232259903465234e+00
1.854766209494894458e+00
1.913978933452057607e+00
1.935735052143395363e+00
2.005012337629159980e+00
1.932779326842006595e+00
1.848565776913117409e+00
2.090527908967963366e+00
2.221973127033345818e+00
2.237622229418872344e+00
2.356084727445399096e+00
2.618042293328602721e+00
2.704596991071719803e+00
2.625040710045725145e+00
2.579031131630026064e+00
2.919368440610837556e+00
2.973450718048246344e+00
2.726212592157116088e+00
2.245711075895504116e+00
1.947865937356091592e+00
2.085342297231806530e+00
2.216696790658924776e+00
2.326246205126101696e+00
2.396639705566316891e+00
2.421503107009573164e+00
2.402046615795916384e+00
2.386374579810378371e+00
2.430429276326687038e+00
2.646755424827855752e+00
2.762096840781050222e+00
2.746206795437868387e+00
2.681514485925746261e+00
2.418330648344510614e+00
2.121114885439732589e+00
1.887491473397080011e+00
1.648769510266270499e+00
1.419295373042704700e+00
1.218452675816736441e+00
1.055937017436878955e+00
9.330101602485140200e-01
8.446756667861934353e-01
7.806786025498809733e-01
7.303198758030079452e-01
6.839440649087189517e-01
6.365622118776258498e-01
5.876566697091933911e-01
5.770797453793871101e-01
5.932481979997235033e-01
6.141178918578008572e-01
6.280284844818864176e-01
6.442202444955718033e-01
6.414274647105142613e-01
6.240856901552237490e-01
5.962055136201078742e-01
5.587492427005974482e-01
5.493914511032707004e-01
5.262329841416540921e-01
4.862236665827973092e-01
4.630611987027024590e-01
4.526098866374068663e-01
4.381092767155415624e-01
4.199234666200662436e-01
3.988574494549629867e-01
3.763403855264007558e-01
3.629415322155820633e-01
3.481346800308696143e-01
3.327044115572807548e-01
3.184433065212323166e-01
3.208423050109517893e-01
3.191011921674594687e-01
3.139609184967227518e-01
3.059936813805961275e-01
2.951825651424620500e-01
2.958475785237033584e-01
2.992913586481477650e-01
2.982464094676509636e-01
2.915562527839521412e-01
2.782006674905167509e-01
2.709349732342655748e-01
2.696426130313210323e-01
2.666647887614964074e-01
2.613925715928120952e-01
2.539020680900572757e-01
2.439833296287406972e-01
2.315673107973025557e-01
2.243928142722293184e-01
2.279796930330545424e-01
2.294097671313620190e-01
2.288333635823531220e-01
2.258584259105279046e-01
2.204634478761104965e-01
2.128711847127997825e-01
2.047033523907939301e-01
2.073449225802149742e-01
2.091000853035092644e-01
2.097479481361927411e-01
2.096070217837109340e-01
2.083948889782940017e-01
2.062344496719298870e-01
2.032092558051950271e-01
1.991757956027594978e-01
1.944858637650081490e-01
1.888673881060559390e-01
1.826802176164283864e-01
1.758041435317914680e-01
1.683761449686102807e-01
1.677326201984286058e-01
1.667182947409503457e-01
1.639916449350291849e-01
1.597176002918902771e-01
1.540845838027470049e-01
1.472986537334508295e-01
1.414240796241568177e-01
1.372598889457212479e-01
1.376103887327222997e-01
1.371393279153929889e-01
1.355038306869741638e-01
1.327293770554092700e-01
1.291710986936085437e-01
1.249486040686398486e-01
1.202179176096530577e-01
1.152033881350984501e-01
1.101354382711723784e-01
1.052132194945684524e-01
1.038632510322786001e-01
1.031616097983877600e-01
1.023989783721052094e-01
1.015767661838812425e-01
1.006966513899659743e-01
9.977753817885817722e-02
9.884099851035869910e-02
9.785134495284032730e-02
9.681098621556835648e-02
9.572248166231585309e-02
9.460357344421370385e-02
9.347555763633805248e-02
9.230582100993300898e-02
9.109726225203948480e-02
9.226926257009046561e-02
9.398638677065346281e-02
9.555152418970472294e-02
9.688870115867612154e-02
9.793303680295081803e-02
9.863172599406089258e-02
9.894456458338994620e-02
9.892269411055702732e-02
9.849812278140206157e-02
9.764211972357506042e-02
9.636034731436154965e-02
9.473678165200913326e-02
9.275868452935974451e-02
9.042051054993933967e-02
8.775936068617500030e-02
8.485829024825362887e-02
8.175242784894601322e-02
7.844925031366808965e-02
7.499771854758208178e-02
7.144697391147766807e-02
6.784527821196914554e-02
6.565292089026526778e-02
6.652980474083207418e-02
6.729240252565818481e-02
6.793675501267879002e-02
6.846036626855370177e-02
6.889796795225018589e-02
6.921771595926766441e-02
6.941740731754836302e-02
6.949901297532037892e-02
6.946545534313912362e-02
6.932049819495710030e-02
6.906863822566544631e-02
6.871499932919947207e-02
6.830393797454575866e-02
6.780225467902806225e-02
6.721538851734029651e-02
6.654986249110232677e-02
6.581238952647476548e-02
6.500979602345249853e-02
6.414895154011163170e-02
6.323670470334458171e-02
6.227982535923672763e-02
6.130893284394334924e-02
6.030697732304973746e-02
5.927771286549744778e-02
5.822716606120866001e-02
5.716109691954059796e-02
5.608497398013357477e-02
5.500395430142931280e-02
5.392286801648169675e-02
5.284620713396517844e-02
5.177811825607972485e-02
5.072239888293077203e-02
4.968249697216228777e-02
4.866151343022677433e-02
4.766220721695622192e-02
4.668700275603987482e-02
4.573799935657404947e-02
4.481698236202687202e-02
4.392543576163209645e-02
4.306455601085464047e-02
4.223526682648275771e-02
4.143823473724802392e-02
4.067388519015467663e-02
4.019926950071404936e-02
4.009595856080405696e-02
3.995273579914994377e-02
3.977805269844814778e-02
3.956827087217753419e-02
3.932743295829202457e-02
3.905958122742746175e-02
3.876870366203991752e-02
3.845868632129439274e-02
3.813327194721016777e-02
3.779602468693608885e-02
3.745030073710235718e-02
3.709922465919328338e-02
3.674567106795650212e-02
3.639225135736406241e-02
3.604130510084427308e-02
3.569489574259366443e-02
3.535481018424105337e-02
3.502256186709407082e-02
3.469939694757994547e-02
3.438630317300901684e-02
3.408402107123510022e-02
3.379305708422535026e-02
3.351369829041809384e-02
3.324602838181642261e-02
3.298994458137139568e-02
3.274517521036287432e-02
3.251129763823036589e-02
3.228775637095431666e-02
3.207388105963914632e-02
3.186890423392957361e-02
3.167197858885707762e-02
3.148219367690920090e-02
3.129859187878706456e-02
3.112018354680454527e-02
3.094596123750398622e-02
3.077491296369565255e-02
3.060603441872013913e-02
3.043834013815166842e-02
3.027087357993729980e-02
3.010271611738232767e-02
2.993299494988229184e-02
2.976088994955789283e-02
2.958563946633289976e-02
2.940654512755373068e-02
2.922297567128145576e-02
2.903436985731569150e-02
2.884023850927151453e-02
2.864016573849961431e-02
2.843380940803030832e-02
2.822090089430143167e-02
2.800124420595086552e-02
2.777471451940421998e-02
2.754125619139649248e-02
2.730088030572625987e-02
2.705366181411438323e-02
2.679973632484249080e-02
2.653929659438047581e-02
2.627326973371012231e-02
2.600340553633328708e-02
2.572778222929510833e-02
2.544677260745999842e-02
2.516078722193433939e-02
2.487027010760554588e-02
2.457569450912745757e-02
2.427755863922356760e-02
2.397638149540785510e-02
2.367269876608049314e-02
2.336705884521185148e-02
2.306001897841364681e-02
2.275214155901209706e-02
2.244399058724762600e-02
2.213612830874401097e-02
2.182911203956162949e-02
2.152349118896444008e-02
2.121980448506907702e-02
2.091857740772400109e-02
2.062031983138849431e-02
2.055807684710034972e-02
2.051770055653920691e-02
2.047763335900019618e-02
2.043774952671242179e-02
2.039792901681148837e-02
2.035805743923324584e-02
2.031802601206029665e-02
2.027773150740920516e-02
2.023707618676606756e-02
2.019596772835250548e-02
2.015431914581655021e-02
2.011204870002881659e-02
2.006907980400471359e-02
2.002534092244041830e-02
1.998076546521719912e-02
1.993529167692357010e-02
1.988886252206765320e-02
1.984142556671755417e-02
1.979293285694982973e-02
1.974334079538853440e-02
1.969261001478908937e-02
1.964070525071912737e-02
1.958759521266738302e-02
1.953325245406749983e-02
1.947765324237466650e-02
1.942077742840111684e-02
1.936260831605901914e-02
1.930313253226266165e-02
1.924233989786417257e-02
1.918022329896941491e-02
1.911677855991416458e-02
1.905200431692667673e-02
1.898590189401968067e-02
1.891847518001212730e-02
1.884973050750484574e-02
1.877967653394361711e-02
1.870832412467016148e-02
1.863568623815589631e-02
1.856177781375130398e-02
1.848661566130169534e-02
1.841021835394355752e-02
1.833260612275274329e-02
1.825380075462509563e-02
1.817382549187065294e-02
1.809270493562950208e-02
1.801046495086338836e-02
1.792713257490755746e-02
1.784273592826451232e-02
1.775730412810580527e-02
1.767086720494736793e-02
1.758345602148142506e-02
1.749510219469006464e-02
1.740583801991289412e-02
1.731569639841458799e-02
1.722471076707958113e-02
1.713291503074169594e-02
1.704034349753914476e-02
1.694703081624426497e-02
1.685301191642098878e-02
1.675832195104546077e-02
1.666299624162323814e-02
1.656707022551235156e-02
1.647057940575348892e-02
1.637355930294985898e-02
1.627604540995741811e-02
