6.395067997559694684e-01
6.395995677166276261e-01
6.429375838150780398e-01
6.416941762056421750e-01
6.492348737155962946e-01
6.391111884483166028e-01
6.910941853824207337e-01
7.478857341483208243e-01
8.826701396494421870e-01
8.024832021280920991e-01
9.953131742855731989e-01
1.095087208504337939e+00
1.257368504848587643e+00
1.420630515677322903e+00
1.982963481441548659e+00
1.429095075613275867e+00
1.344701489877317968e+00
1.487517374361808420e+00
1.682870128831348122e+00
2.025706536746068043e+00
2.158914404685650990e+00
1.939409500895424854e+00
1.806313283264996850e+00
2.013024031103015865e+00
2.432527192803657368e+00
2.759864422675018414e+00
2.962566527618744949e+00
3.181438078642815803e+00
3.339632525109365702e+00
3.343113024163522962e+00
3.678667206523820621e+00
4.493179854783575067e+00
4.189037898264753146e+00
3.961228671311335603e+00
3.745662053781090517e+00
4.514429879349602714e+00
4.833371142291705169e+00
4.287442315321593256e+00
4.065549749572234361e+00
3.538969003654964141e+00
3.421444561402882556e+00
3.730047437455893622e+00
4.499502847149775775e+00
5.096782286786847749e+00
5.099660761271688436e+00
4.425758720871916019e+00
3.434426815836209901e+00
2.465327127070697344e+00
1.927731801123647504e+00
1.609625777385246037e+00
1.462449505155446694e+00
1.326664568675030464e+00
1.243177990554669821e+00
1.200425410114465352e+00
1.163939729552795788e+00
1.053467936332581401e+00
1.000924375996006477e+00
8.809041951841263263e-01
8.203588879801234635e-01
8.174928808872464758e-01
7.725078750007778883e-01
7.063551397039334878e-01
6.410030561739454846e-01
6.244345788195739821e-01
6.090166816877842226e-01
5.805150784702141076e-01
5.330766394559967036e-01
4.937920903620807711e-01
4.701978175233735846e-01
4.362191344327260301e-01
4.264855417554681560e-01
4.153195158147303667e-01
3.995307605569067277e-01
3.824941867907770132e-01
3.664561738006436586e-01
3.506265436051592133e-01
3.347874341243733398e-01
3.196744544343957939e-01
3.034554207786051561e-01
2.859551987344498558e-01
2.761313902114002627e-01
2.774017042728714744e-01
2.724573403079491030e-01
2.609607421414091299e-01
2.475737565859766343e-01
2.427100641157390604e-01
2.370995421476395359e-01
2.304639212554195626e-01
2.233024239209978057e-01
2.158968410577677133e-01
2.083396559822803251e-01
2.006010977916863891e-01
1.930379741001892746e-01
1.851202524979534136e-01
1.768463427052287817e-01
1.778374634891508044e-01
1.798689170307222474e-01
1.780379368819996200e-01
1.846508905957471303e-01
1.833266755488803246e-01
1.755050557196201899e-01
1.679791021186662348e-01
1.705733680487865889e-01
1.699503532571192133e-01
1.673754245052050671e-01
1.641487246910018349e-01
1.621670893542423164e-01
1.563629708745343239e-01
1.476954050010872987e-01
1.369848940003956239e-01
1.252645507968908611e-01
1.139652016565317894e-01
1.117501731492027001e-01
1.117667806816906723e-01
1.116348948713144912e-01
1.113365836324231306e-01
1.106577517443287639e-01
1.095242083820216344e-01
1.078904748903198735e-01
1.057400655138772266e-01
1.030839568762477038e-01
9.995763931753826048e-02
9.641716313360559898e-02
9.253457876832263396e-02
8.842922493443645948e-02
8.421538477421042224e-02
8.308383322984247421e-02
8.082593371544428973e-02
7.736771713947364348e-02
7.292615206220232071e-02
7.090551333079284091e-02
7.015557536335946531e-02
6.876810064981862813e-02
6.690286241814175083e-02
6.453704999144528609e-02
6.178638943891899549e-02
5.877414470124310564e-02
5.842388795684749087e-02
5.891771389526774538e-02
5.933195431505414175e-02
5.966756213253206209e-02
5.995017402669838152e-02
6.014451448035718073e-02
6.024930715372222439e-02
6.026448087905772466e-02
6.019102653628807115e-02
6.003085770371571067e-02
5.978667691938477358e-02
5.946184895070080745e-02
5.906028208563381121e-02
5.858631812782279236e-02
5.804463149697550173e-02
5.744013760006674851e-02
5.677791044508756491e-02
5.606310931361490474e-02
5.530091418504969741e-02
5.449646951184761168e-02
5.365483587641278751e-02
5.288498504518801546e-02
5.272516360977727579e-02
5.244184120323980985e-02
5.203918400507975134e-02
5.152272131996230020e-02
5.089910046895109591e-02
5.017585525292706655e-02
4.936119039592221092e-02
4.846378363637909858e-02
4.749636872246131708e-02
4.649832181409562643e-02
4.544167296583195154e-02
4.433532417832009714e-02
4.376729391828699384e-02
4.332862545177039448e-02
4.284205943527023830e-02
4.231190598886359205e-02
4.174246531019012302e-02
4.113798505147818474e-02
4.170084559278749992e-02
4.231835663908611878e-02
4.286348858254212385e-02
4.331618476559316588e-02
4.367422931792634688e-02
4.393675159409830139e-02
4.410409155703442358e-02
4.417766248444183336e-02
4.415981395009109522e-02
4.405369755435640383e-02
4.386313742599192572e-02
4.359250710071670837e-02
4.324661399882930718e-02
4.283059238613483310e-02
4.234980539701040797e-02
4.180975643934976144e-02
4.121601007566783742e-02
4.057412228725661152e-02
3.988957987450170856e-02
3.916774862394578616e-02
3.841382977617371214e-02
3.763282426058567331e-02
3.682950411311030486e-02
3.600839046466892263e-02
3.517373747501529452e-02
3.433494204424072244e-02
3.350047375112993886e-02
3.266193297687573771e-02
3.182251064058911477e-02
3.098512155296006404e-02
3.015241054547318153e-02
2.932676077542282350e-02
2.851030378426098327e-02
2.770493092637071539e-02
2.691230582379711134e-02
2.664050375152746813e-02
2.729720284695330221e-02
2.784746114045889842e-02
2.828746705443469650e-02
2.861519291928681444e-02
2.883024933127896830e-02
2.893372939555438270e-02
2.892804729986539827e-02
2.881677505521143892e-02
2.860448065369696272e-02
2.829657033342331332e-02
2.789913711256880938e-02
2.741881728172245597e-02
2.686435220125518025e-02
2.626590242475794826e-02
2.560460050810156943e-02
2.488793602928674603e-02
2.412340067511178562e-02
2.331840532141608857e-02
2.250457718138311469e-02
2.246638147968968088e-02
2.251506589416983270e-02
2.252254987848700471e-02
2.249085644470632389e-02
2.242209636438598219e-02
2.231844618707735928e-02
2.218212822723130556e-02
2.201539242682245406e-02
2.182049999354640502e-02
2.159970871063937939e-02
2.136154018150668299e-02
2.110804305130184813e-02
2.083457985413355446e-02
2.054327257964488895e-02
2.023619181153442359e-02
1.991534956667084452e-02
1.958269313182516708e-02
1.929878935626470546e-02
1.912115144661046678e-02
1.894308782281962922e-02
1.876469149534374173e-02
1.858604998185292914e-02
1.840724576849576619e-02
1.822835673660549993e-02
1.804945655624471540e-02
1.787061504669560166e-02
1.769189850787864990e-02
1.751337002143617608e-02
1.733508972525337963e-02
1.715711506205210360e-02
1.697950100353766076e-02
1.680230025232304358e-02
1.662556342265804343e-02
1.644933920155295520e-02
1.627367449205496114e-02
1.609861453979883478e-02
1.592420304436766715e-02
1.575048225668742793e-02
1.557749306371165876e-02
1.540527506174553529e-02
1.523386661911129390e-02
1.506330492991227871e-02
1.492056644417743931e-02
1.481454790908751269e-02
1.470904441977620263e-02
1.460405370377757667e-02
1.449957372407341231e-02
1.439560269092993172e-02
1.429213906973695811e-02
1.418918158605515789e-02
1.408672922785052586e-02
1.398478124509717341e-02
1.388333714736202616e-02
1.378239669927925660e-02
1.368195991456758014e-02
1.358202704830559736e-02
1.348259858814443608e-02
1.338367524441368833e-02
1.328525793928255448e-02
1.318734779522719690e-02
1.308994612283197884e-02
1.299305440833161199e-02
1.289667430058758293e-02
1.280080759795715166e-02
1.270545623502744581e-02
1.261062226927298427e-02
1.251630786780365441e-02
1.242251529419128100e-02
1.232924689541436795e-02
1.223650508908857501e-02
1.214429235107249323e-02
1.205261120317054589e-02
1.196146420119213565e-02
1.187085392376546755e-02
1.178078296095601447e-02
1.169125390390227288e-02
1.160226933443319480e-02
1.151383181539047083e-02
1.142594388135162800e-02
1.133860802979937826e-02
1.125182671277383251e-02
1.116560232902397837e-02
1.107993721660952696e-02
1.099483364592187574e-02
1.091029381325808213e-02
1.082631983483110100e-02
1.074291374106935322e-02
1.066007747171439368e-02
1.057781287090779794e-02
1.049612168299978061e-02
1.041500554867114299e-02
1.033446600146575682e-02
1.025450446462534623e-02
1.017512224841021426e-02
1.009632054763443844e-02
1.001810043973661718e-02
9.940462882933208053e-03
9.863408714838577812e-03
9.786938651477016665e-03
9.711053286167186174e-03
9.635753089278355915e-03
9.561038407700919034e-03
9.486909464854481264e-03
9.413366360819035508e-03
9.340409072763107209e-03
9.268037455442829087e-03
9.196251242082382690e-03
9.125050045160438758e-03
9.054433357661409790e-03
9.025689787852867949e-03
9.000932026311849951e-03
8.975748666870965106e-03
8.950149819038825602e-03
8.924145648053386642e-03
8.897746363473055253e-03
8.870962207807135680e-03
8.843803446346354749e-03
8.816280356717947839e-03
8.788403219410214143e-03
8.760182308128682330e-03
8.731627881037229769e-03
8.702750172249272553e-03
8.673559383676131621e-03
8.644065677249698418e-03
8.614279167513890639e-03
8.584209914769875063e-03
8.553867918199942882e-03
8.523263109828109821e-03
8.492405348335807860e-03
8.461304413730972446e-03
8.429970001647907676e-03
8.398411718785003463e-03
8.366639078024899409e-03
8.334661493974339017e-03
8.302488279230590268e-03
8.270128640114898441e-03
8.237591673570967069e-03
8.204886363639722277e-03
8.172021578474217979e-03
8.139006067646725739e-03
8.105848459553774074e-03
8.072557259091114185e-03
8.039140845766661742e-03
8.005607471424026206e-03
7.971965258979977348e-03
7.938222200627273462e-03
7.904386156763263185e-03
7.870464854830816134e-03
7.836465888135555474e-03
7.802396715446533251e-03
7.768264660115663071e-03
7.734076909668933381e-03
7.699840515438457871e-03
7.665562392485491920e-03
7.631249319447277329e-03
7.596907938526658265e-03
7.562544755846694298e-03
7.528166141609162962e-03
7.493778330447959345e-03
7.459387422171414629e-03
7.424999381978558861e-03
7.390620041444361486e-03
7.356255099161916437e-03
7.321910121588944692e-03
7.287590543911614573e-03
7.253301671223244713e-03
7.219048679290533156e-03
7.184836615903280634e-03
