3.723269582369492237e-01
3.713816066407991667e-01
3.703934600322840165e-01
3.727589768601061171e-01
3.751465537769172465e-01
3.815185432891234907e-01
3.839021142608078363e-01
3.913476520021830773e-01
4.109688813114277250e-01
4.511425591755233167e-01
5.260111603278219139e-01
5.366193143919055775e-01
6.431414320578188182e-01
6.831925096189342961e-01
7.084031916077256907e-01
6.519442550222634969e-01
7.659858095948434142e-01
8.145265160887918965e-01
9.894031127779909784e-01
8.890410203664496080e-01
7.806134034132644617e-01
1.129495443003037725e+00
1.053952753737878778e+00
1.739409360288284745e+00
1.676638403065600968e+00
1.891951134464905815e+00
1.603673445761060634e+00
1.408966604030104541e+00
1.530700576916371292e+00
1.733448957468095575e+00
1.538254266140905768e+00
1.453242303407275893e+00
1.376786832371803104e+00
1.547612158164193286e+00
1.048651710544700189e+00
7.607558755200641842e-01
6.871874213774004092e-01
7.127702723217206326e-01
6.850103814127568302e-01
6.674566713792836614e-01
6.773244167063566801e-01
8.102160939304859921e-01
1.012751851233824496e+00
1.024321555075411228e+00
8.080243020736895820e-01
8.911200038473923168e-01
9.966231210686817832e-01
1.071503760755040169e+00
1.052423948087581440e+00
1.052484126804990261e+00
1.079903056299795550e+00
1.310134161125838137e+00
1.350294512478486642e+00
1.383665267254339915e+00
1.484730369187612808e+00
1.430524631736618923e+00
1.353735576841502253e+00
1.277664358401968903e+00
1.406577938586006660e+00
1.561600276971648826e+00
1.506069083822169974e+00
1.725455592401262672e+00
1.891926475061016744e+00
2.007898414480874916e+00
1.998857157034732879e+00
1.889792961032790819e+00
1.935253073238284438e+00
2.043483336339740664e+00
2.056567386051368906e+00
2.140209800221192005e+00
2.110918735253376699e+00
1.959144302381602643e+00
1.768236439810068950e+00
1.588181634560305255e+00
1.524222611747400036e+00
1.547555506303730066e+00
1.518852342763802765e+00
1.761778678517949004e+00
1.915286161997790115e+00
1.965970058981675317e+00
1.957902593398985536e+00
1.918662842520253875e+00
1.840927707003032099e+00
1.753845502950587498e+00
1.684388650881827765e+00
1.662397152841215142e+00
1.694671946021698572e+00
1.766500952975152527e+00
1.844922127158288072e+00
1.895687806453925539e+00
1.894108793265990576e+00
1.863923858898254737e+00
1.798988726208339717e+00
1.682450200375172233e+00
1.529170924485213190e+00
1.356884728051870992e+00
1.199217375348182513e+00
1.064926281005715181e+00
9.444496058204499001e-01
8.426799388458949824e-01
7.605201794021971828e-01
6.986894894630044650e-01
6.497422506952699184e-01
6.049213965315695107e-01
5.588020561758219040e-01
5.176565007543263430e-01
5.157361538473670404e-01
5.064534539168934479e-01
4.998554672668782395e-01
5.029907876537179634e-01
5.159436101656412754e-01
5.322186514206601604e-01
5.439820218093395221e-01
5.440539959191582620e-01
5.320630923892828434e-01
5.006306898207377731e-01
4.802394180889719144e-01
4.610123993722153313e-01
4.523229317383458126e-01
4.596811883714836955e-01
4.667652257444959707e-01
4.645331365669238544e-01
4.534996243844585662e-01
4.351114059539542001e-01
4.145526221860117988e-01
4.082324799346792044e-01
3.957628441725082324e-01
3.779838942165643090e-01
3.559729340779908546e-01
3.305461718613702526e-01
3.027360156969853278e-01
2.883977637965083329e-01
2.963544271162154020e-01
2.995565243694438551e-01
2.954698222882524150e-01
2.851561001034492171e-01
2.698503748244710509e-01
2.611001500629135386e-01
2.543290889750736139e-01
2.435417402867970371e-01
2.302271565405307752e-01
2.206174391092967924e-01
2.170781478659443708e-01
2.120781026905664834e-01
2.070734284344757370e-01
2.033295012289119963e-01
2.014355290102413931e-01
2.014232259823512117e-01
2.027617629403935529e-01
2.045347982575665691e-01
2.080698576450782378e-01
2.134455288625911051e-01
2.172268553947893366e-01
2.188921171531113263e-01
2.180661370765703821e-01
2.146828740185273421e-01
2.089909794277121646e-01
2.011972219682526541e-01
1.916507245878611432e-01
1.805389235648324486e-01
1.747212996991115708e-01
1.719290997151667888e-01
1.678172841806810367e-01
1.633642937676485218e-01
1.641789750472617271e-01
1.644160487686802119e-01
1.640295917629803757e-01
1.631100625422138295e-01
1.617408473925639190e-01
1.598846963192562531e-01
1.577250688478381013e-01
1.551307666267444652e-01
1.523254362261099726e-01
1.491812160242599605e-01
1.458252403161335031e-01
1.422568829709736360e-01
1.384653859222461925e-01
1.345846810452660247e-01
1.305206512671020780e-01
1.263712759481520342e-01
1.221579980076627769e-01
1.178563615138405324e-01
1.135430650382812934e-01
1.092415981411669623e-01
1.049377828753738362e-01
1.017052945098375211e-01
1.013928495268093810e-01
1.008553303443235349e-01
1.001081650770288684e-01
9.916988307409022041e-02
9.814110387494860699e-02
9.694870013261110142e-02
9.561013449690630717e-02
9.414286215670637781e-02
9.258125540838753331e-02
9.097482836845061094e-02
8.928451063930395448e-02
8.752579426037641885e-02
8.571334196403515571e-02
8.386089234997656794e-02
8.198119166269536573e-02
8.011672319654641883e-02
7.825414246671685836e-02
7.639202450625569296e-02
7.453916058348485085e-02
7.270333060577477413e-02
7.089133854135536150e-02
6.910905697630316535e-02
6.736147854505072918e-02
6.565277220902640543e-02
6.398634261948280000e-02
6.236489105430075008e-02
6.079047666893115653e-02
5.926457703620528067e-02
5.822081309332985399e-02
5.736557774687326555e-02
5.657283120889384370e-02
5.584421632492883592e-02
5.517931201476808378e-02
5.457596817076535572e-02
5.403062915534548316e-02
5.353863921353230193e-02
5.309452481316328382e-02
5.269225044159130122e-02
5.232544571346429280e-02
5.198760278819856973e-02
5.168141099682226763e-02
5.139562029429173978e-02
5.112056233888342960e-02
5.085057489397766528e-02
5.058040382514362304e-02
5.030524761000604306e-02
5.002078324598745879e-02
4.972317618633569081e-02
4.940907691937650864e-02
4.908786683178192889e-02
4.875145155531837582e-02
4.839137443703944025e-02
4.800593947653453847e-02
4.759380275643443348e-02
4.715393718653258098e-02
4.668910457619265125e-02
4.621184771601793972e-02
4.570509515366265318e-02
4.516869912756951710e-02
4.460267865232683121e-02
4.400719804511371569e-02
4.339567048566149443e-02
4.276130502748847623e-02
4.209814368029497766e-02
4.140674735604918388e-02
4.092537310939601408e-02
4.103326583568396579e-02
4.113682059498383753e-02
4.123521835981436290e-02
4.132763738433010980e-02
4.141325135851251643e-02
4.149122895935363625e-02
4.156073469500115580e-02
4.162093092351280138e-02
4.167098091017851225e-02
4.171005277652154591e-02
4.173732418991951687e-02
4.175198763799978230e-02
4.175325613367728006e-02
4.174036919981145149e-02
4.171259898802414517e-02
4.166925639612595322e-02
4.160969705775111743e-02
4.154309909246721444e-02
4.146077657757855917e-02
4.136067852589420807e-02
4.124236856470713669e-02
4.110547907840598342e-02
4.094971460302693905e-02
4.077485456817318832e-02
4.058075536123562782e-02
4.036735170092497355e-02
4.013465731807524389e-02
3.988276495213296385e-02
3.961184568115196786e-02
3.932214761049232510e-02
3.901769391399790426e-02
3.870281554341799268e-02
3.837007753228848655e-02
3.801999204591732795e-02
3.765313467993002677e-02
3.727014025635500688e-02
3.687169829299055679e-02
3.645854820046971062e-02
3.603147426266899156e-02
3.559130045425157318e-02
3.513888514861180506e-02
3.467511576611342905e-02
3.420090341222607744e-02
3.371717754967644420e-02
3.322488074840650174e-02
3.273109490579114572e-02
3.223156053901968243e-02
3.172589269748409685e-02
3.121503822411972329e-02
3.069993447727828104e-02
3.018150517625320037e-02
2.966065651639765779e-02
2.913827356866174542e-02
2.872483110995940891e-02
2.848103229181264684e-02
2.823595526396218899e-02
2.798987081574123154e-02
2.774304570074249271e-02
2.749574176134715608e-02
2.724821511776719107e-02
2.700228221910863646e-02
2.675734407556371042e-02
2.651279219180530111e-02
2.626885539438435918e-02
2.602575388339362777e-02
2.578369878167857329e-02
2.554289174472132787e-02
2.530352462918555520e-02
2.506577921820886748e-02
2.482982700227453002e-02
2.459582901254649123e-02
2.436393570460674424e-02
2.413428689112231962e-02
2.390701171922791912e-02
2.368222869192298380e-02
2.346004572906383936e-02
2.324056026734237432e-02
2.302385939420370162e-02
2.281002001544489566e-02
2.259910905227774727e-02
2.239118366559399512e-02
2.218629150546447271e-02
2.198447098255754822e-02
2.178575155973862254e-02
2.159015406107496482e-02
2.139769099600310337e-02
2.120836689676763864e-02
2.102217866652717274e-02
2.083911593679953905e-02
2.065916143123246521e-02
2.048229133525719323e-02
2.030847566903206183e-02
2.013767866171921328e-02
1.996985912704137001e-02
1.980497083667425232e-02
1.964296289224367123e-02
1.948378009266619679e-02
1.932736329774452713e-02
1.917364978508083462e-02
1.902257360083044885e-02
1.887406590258641770e-02
1.872805529396361773e-02
1.858446815017238476e-02
1.844322893409204578e-02
1.830426050150738698e-02
1.816748439676223181e-02
1.803282113643504478e-02
1.790019048239931826e-02
1.776951170275601136e-02
1.764070382123838349e-02
1.751368585488224591e-02
1.738837703909970611e-02
1.726469704161498475e-02
1.714256616307891640e-02
1.702190552711870669e-02
1.690263725725137459e-02
1.678468464290837348e-02
1.666797229295974639e-02
1.655242627892836160e-02
1.643797426554152730e-02
1.632454563149525126e-02
1.621207157871756843e-02
1.610048523171308046e-02
1.601150937747381278e-02
1.595105530688072440e-02
1.589175105900247215e-02
1.583361192265243453e-02
1.577665061275160263e-02
1.572087733243793597e-02
1.566629983902016049e-02
1.561292351268410601e-02
1.557375467043965560e-02
1.556262755896051057e-02
1.554706473926077692e-02
1.552706859801248826e-02
1.550264161030992689e-02
1.547378670266852732e-02
1.544050760565140665e-02
1.540280919415612168e-02
1.536069781324230117e-02
1.531695331335377989e-02
1.526881335738632973e-02
1.521626866282570559e-02
1.515933277629675016e-02
1.509802207964723759e-02
1.503235600948607358e-02
1.496235725616907111e-02
1.488805194192828474e-02
