5.801554289233125106e-01
5.797495470554867580e-01
5.821001083304644386e-01
5.827263421971946578e-01
5.815331742908825818e-01
5.820612476501412225e-01
5.791330358613664409e-01
5.862727030937868733e-01
5.938696965985236220e-01
6.043149827808447228e-01
8.027869199427403180e-01
9.914900495055128937e-01
7.806139760875022704e-01
9.908127826943655680e-01
1.173846532374694274e+00
8.712993109218734045e-01
8.487527099829742516e-01
9.389426202239676833e-01
9.057541028127245042e-01
1.262708737025380890e+00
1.157843604282782657e+00
1.520052871487905799e+00
2.018924829347424676e+00
1.734268382859912361e+00
1.542437143025170876e+00
1.719680057748520285e+00
1.705204264102287759e+00
1.971800959963133870e+00
1.905045073889864993e+00
1.679543310865592609e+00
1.990872892324432097e+00
2.451866286650871807e+00
2.105896673784580564e+00
1.427375240691362013e+00
1.015873726024822510e+00
9.889050348847282512e-01
8.611208609593068442e-01
1.026708250022636104e+00
1.104471018650500680e+00
1.000841531108134230e+00
9.567094780098713835e-01
1.198951420197409634e+00
1.149418309653431391e+00
1.112021766626835717e+00
1.209461639545831746e+00
1.287659684033299001e+00
1.389422007426317940e+00
1.609650124019313511e+00
1.772035432828892754e+00
1.735194097903188348e+00
1.980686527693982679e+00
1.880040255141016692e+00
2.083485462054197601e+00
2.383329000704409228e+00
2.388357535924233055e+00
2.344309867922975243e+00
2.108481870615662945e+00
2.131117299064595905e+00
2.473937647754597347e+00
2.633245238383148834e+00
2.507683143292787964e+00
2.454082614341079882e+00
2.766246437286433490e+00
3.024504551710608613e+00
2.880737311557125313e+00
3.081846969932961589e+00
3.211854616233706938e+00
3.224209549028199895e+00
3.128871905379946750e+00
2.944598511855385681e+00
2.972971202104990773e+00
3.287073158152749475e+00
3.241196872081595792e+00
2.973072516542470289e+00
2.667913756510236656e+00
2.481706201801491929e+00
2.450242773715798350e+00
2.499381740632031335e+00
2.534703571721964366e+00
2.506256101510178080e+00
2.425317356590206863e+00
2.331241714843919510e+00
2.282750373371285502e+00
2.354411771422460387e+00
2.588231693521647170e+00
2.845035549657948248e+00
3.075394571647056541e+00
3.261006704592460004e+00
3.363923206656707521e+00
3.308219855793768094e+00
3.133685506696662237e+00
2.874382694797501081e+00
2.529074125410454954e+00
2.282345028519140229e+00
2.086058936096734762e+00
1.863837410087051394e+00
1.635841508665447641e+00
1.465848366656373081e+00
1.324504094801032483e+00
1.209703276837197139e+00
1.109874492416807801e+00
1.026696163373482129e+00
9.593500949181135162e-01
9.031783514628359821e-01
8.546091236227580934e-01
8.096403772369541452e-01
7.772322020552425714e-01
7.534758525097803306e-01
7.275813620726246933e-01
6.983956646774821531e-01
7.128835092584461242e-01
7.372656898280588456e-01
7.478376900265583105e-01
7.434425433609652689e-01
7.248062524733239753e-01
6.925669540090118037e-01
6.493245293710468991e-01
6.322224306703065899e-01
6.117698303372219870e-01
5.851070264847757496e-01
5.543892990245318231e-01
5.216190200974613056e-01
4.885010907427949078e-01
4.671928807591573807e-01
4.465135058395880430e-01
4.274050852020986890e-01
4.101570504717440557e-01
3.953778986168206555e-01
3.832819008530754523e-01
3.737499645908356483e-01
3.664097699088896820e-01
3.607236654568530820e-01
3.561243839799574928e-01
3.521764274890650803e-01
3.481369674503315692e-01
3.435341039937532814e-01
3.380679726184158684e-01
3.318837755629432396e-01
3.244852299618961045e-01
3.159589537685500993e-01
3.067199698844772504e-01
3.013377386697885796e-01
3.003528845308673922e-01
2.987094850514536160e-01
2.961974223628424663e-01
2.929094397350181511e-01
2.889714849752721415e-01
2.845286109617210513e-01
2.799632187255133853e-01
2.751862986429176039e-01
2.703077530280696417e-01
2.654417762559986849e-01
2.606789311793662467e-01
2.560840479092006405e-01
2.516961078902018589e-01
2.475542462206986039e-01
2.437392608925282311e-01
2.401104974379661416e-01
2.366315399045894885e-01
2.332556728388542333e-01
2.299299822833856533e-01
2.265991655738055499e-01
2.232088912860483165e-01
2.197086072490824771e-01
2.161396377850042239e-01
2.124544902027479532e-01
2.085476746989007868e-01
2.043983597369131988e-01
1.999947297898700682e-01
1.953336802540746320e-01
1.904201989796212857e-01
1.853647832847657717e-01
1.801270343817480968e-01
1.746799976166540092e-01
1.690505075217814124e-01
1.632685257160752801e-01
1.600507293195743141e-01
1.601552650702459668e-01
1.600285201479763886e-01
1.596578447965357195e-01
1.590429070214669227e-01
1.581863262933957681e-01
1.571841729776303487e-01
1.559961430600405874e-01
1.545846391942549969e-01
1.529596321926899594e-01
1.511322575301360382e-01
1.491816409965862344e-01
1.471076316156537112e-01
1.448634313818838726e-01
1.424619991216999337e-01
1.399163832264585239e-01
1.372488214861096456e-01
1.345553644976884011e-01
1.317500904712654297e-01
1.288453229536630773e-01
1.258530881849090344e-01
1.227850829486684670e-01
1.201157606239655340e-01
1.176001189498826482e-01
1.147149058452416465e-01
1.125842206159314712e-01
1.120367724461022868e-01
1.107211123884013354e-01
1.086891431999697927e-01
1.060551439095614168e-01
1.046306397003459732e-01
1.025081219288908330e-01
1.008923320795725859e-01
9.967442413533916801e-02
9.843295818845862466e-02
9.716932651095537554e-02
9.588494617860723879e-02
9.460513643694928865e-02
9.331777272803908063e-02
9.201262129753134955e-02
9.237474179193377877e-02
9.271786574259288649e-02
9.291696821467820833e-02
9.297523655067263526e-02
9.295154749252036719e-02
9.279726363093714070e-02
9.251403608318624350e-02
9.210694557797623194e-02
9.158148774980882922e-02
9.094351866824998409e-02
9.024910785392697976e-02
8.945600760821620367e-02
8.856749926421482455e-02
8.759024084444047564e-02
8.653100809430117057e-02
8.539664647441676248e-02
8.421510385960814804e-02
8.299194112378069366e-02
8.171169532637770350e-02
8.038104907481490036e-02
7.900656727437381510e-02
7.759466492504718538e-02
7.615157810138858951e-02
7.468333813628191820e-02
7.319768015628567992e-02
7.172111947766646178e-02
7.023379544526789364e-02
6.874079269869826092e-02
6.724691479587292797e-02
6.575667550288269436e-02
6.427429269843303039e-02
6.280368473948565178e-02
6.134846911695071570e-02
6.143347471504970875e-02
6.159522407962841201e-02
6.171009161319518377e-02
6.177939616764536318e-02
6.180458259596139509e-02
6.178720473376669159e-02
6.172890906615659951e-02
6.163141913458646676e-02
6.149652073090090820e-02
6.132604791098921621e-02
6.112186985377882770e-02
6.088587858340759745e-02
6.061997755846925545e-02
6.032607113258190573e-02
6.000605487743897876e-02
5.966180675763661789e-02
5.929517913763909798e-02
5.890799160118008471e-02
5.850202455543782043e-02
5.807901359165550809e-02
5.764064456878142950e-02
5.718854938766531476e-02
5.672489503891443852e-02
5.626031127107090912e-02
5.578599771988403122e-02
5.530334952147857031e-02
5.481369724814173783e-02
5.431830586533294841e-02
5.381837412593085124e-02
5.331503436563023862e-02
5.280935266305488568e-02
5.230232932885692937e-02
5.179489969510255726e-02
5.128793516662414481e-02
5.078224450941095508e-02
5.027857534350099050e-02
4.977761581414948122e-02
4.927999641543548415e-02
4.878629194173306899e-02
4.829702354435130851e-02
4.781266087227081102e-02
4.733362427761971664e-02
4.686028706714284037e-02
4.639297778483514323e-02
4.593198250793673748e-02
4.547754714608442939e-02
4.502987972806764272e-02
4.458915266725668042e-02
4.415550499475760088e-02
4.372904455348580743e-02
4.330985014160197710e-02
4.289797360402097803e-02
4.249344186237472010e-02
4.209625888005215366e-02
4.170640755910458991e-02
4.132385156492027894e-02
4.094853707680187055e-02
4.058039446209229378e-02
4.021933987398696592e-02
3.986527677050707291e-02
3.951809735601940349e-02
3.917768394553861055e-02
3.884391025040366541e-02
3.851664258955994624e-02
3.819574102495056078e-02
3.788106042447941801e-02
3.757245145253156060e-02
3.726976149227625990e-02
3.697283549954837739e-02
3.668151679221461070e-02
3.639564777678162139e-02
3.611507061489646619e-02
3.583962783155671128e-02
3.556916286920146220e-02
3.530352058811078719e-02
3.504254771754408693e-02
3.478609325928240514e-02
3.453400884636004947e-02
3.428614905921103378e-02
3.404237170244146793e-02
3.380253804388461819e-02
3.356651301849557234e-02
3.333416540002094586e-02
3.310536794180887754e-02
3.287999748936881739e-02
3.265793506680742669e-02
3.243906593906104030e-02
3.222327965194368704e-02
3.201047005116233052e-02
3.180053528408927077e-02
3.159337778263644758e-02
3.138890423260846940e-02
3.118702552782987372e-02
3.098765671242323383e-02
3.079071691238261660e-02
3.059612925614445603e-02
3.040382078798774951e-02
3.021372237285265341e-02
3.002576859519463792e-02
2.983989765232544084e-02
2.965605124348722615e-02
2.947417445387241069e-02
2.929421563818588800e-02
2.911612629905609845e-02
2.893986096664754107e-02
2.876537707505044325e-02
2.859263484009124875e-02
2.842159713592322390e-02
2.825222937303931148e-02
2.808449937688769008e-02
2.791837726809168890e-02
2.775383534431208679e-02
2.759084796367710854e-02
2.742939143139434127e-02
2.726944388796634713e-02
2.711098520068443152e-02
2.695399685759776107e-02
2.679846186483984469e-02
2.664436464678035174e-02
2.649169094966929289e-02
2.634042774810188212e-02
2.619056315575004484e-02
2.604208633849403390e-02
2.589498743153213420e-02
2.574925745989217404e-02
2.560488826206594806e-02
2.546187241747718474e-02
2.532020317690183292e-02
2.517987439646785994e-02
2.504088047510697607e-02
2.490321629474915796e-02
2.476687716407049294e-02
2.463185876527467302e-02
2.449815710406513455e-02
2.436576846195503965e-02
2.423468935222904824e-02
2.410491647824187025e-02
2.397644669461795885e-02
2.384927697086455800e-02
2.372340435752012464e-02
2.359882595519037507e-02
2.347553888511548850e-02
2.335354026273679315e-02
2.323282717306320369e-02
2.311339664816194558e-02
2.299524564654585601e-02
2.287837103434172195e-02
2.276276956889340675e-02
2.264843788346700137e-02
2.253537247311081584e-02
2.242356968363546157e-02
