4.242010217409448170e-01
4.238442903215214330e-01
4.244160270587858386e-01
4.261869896672574876e-01
4.270540822563161365e-01
4.285863697146606310e-01
4.302593224969153418e-01
4.357081183202722308e-01
4.366366510532087575e-01
4.475456232948002988e-01
4.833937187379073186e-01
5.612075517252126389e-01
8.102172060472985216e-01
8.128616254871904312e-01
8.339814507172083058e-01
9.514553113173204180e-01
8.974831063193855485e-01
8.655603061419524513e-01
8.842022550912705947e-01
8.469042210804462734e-01
1.101095782713583215e+00
1.104452331782418417e+00
1.094603158632909246e+00
1.282848247221715088e+00
1.210436307676451717e+00
1.274069964719890313e+00
1.409770806608369842e+00
1.813817404055283689e+00
1.893285185829528761e+00
1.653258041170333703e+00
1.792678238945179636e+00
1.603790724588584071e+00
1.660036900894238832e+00
1.822526079669810173e+00
1.491433558161606721e+00
1.417086422011988311e+00
1.541801899450168101e+00
1.877730696424420254e+00
2.015953113185634749e+00
1.862737844956568800e+00
1.325059068049349253e+00
1.057759210078401457e+00
9.275810589951078988e-01
8.464774255211688914e-01
8.609433300368305453e-01
8.720944461202919662e-01
8.327169373642995254e-01
8.894307891954278400e-01
9.389903635248549874e-01
9.920339820202037640e-01
1.181805649468498531e+00
1.196761745986665737e+00
1.247561623538747222e+00
1.432179836523106209e+00
1.352139245041038995e+00
1.289408505126196536e+00
1.306158805196788730e+00
1.412803969631062806e+00
1.357758049742732176e+00
1.273175796710236618e+00
1.255194593620868382e+00
1.391748218620072031e+00
1.562030508706810927e+00
1.615752663512829868e+00
1.738659657135590564e+00
1.949640036276525823e+00
2.016114345382816087e+00
1.925850856454713211e+00
1.987821413466808851e+00
2.107542381626089423e+00
2.120103373278734438e+00
1.902334674234913203e+00
1.964120768839189290e+00
1.957465489658098301e+00
2.012171294646323272e+00
2.058409838852084839e+00
2.312146712193356102e+00
2.672558595899540812e+00
2.982088483827456837e+00
3.064267502029873302e+00
2.960542916742959552e+00
2.652173995268945816e+00
2.382444338831037012e+00
2.186514968547134785e+00
2.130750786155307441e+00
2.180838643486179951e+00
2.237265265858871643e+00
2.292606806459005941e+00
2.341608314386274259e+00
2.393109913995924209e+00
2.457944232946414953e+00
2.536313644700677106e+00
2.620912303865184256e+00
2.693686265020231119e+00
2.741505538574205314e+00
2.757565561891655914e+00
2.713005724973641453e+00
2.797841965396970387e+00
3.096750507360572335e+00
3.111325366585992569e+00
3.071349554003796278e+00
2.898009755182645808e+00
2.741347768273819874e+00
2.719819080569244818e+00
2.769275668032670890e+00
2.810530646263909471e+00
2.800665256579147666e+00
2.758851149748761777e+00
2.735145436547435693e+00
2.739015175374570177e+00
2.726225273918852388e+00
2.678245772367608968e+00
2.592722007472364698e+00
2.492373006765311150e+00
2.313479409046417690e+00
2.052003353771350014e+00
1.796336634233235197e+00
1.521345236347297902e+00
1.337155526608517997e+00
1.177461948680423864e+00
1.029538746382029357e+00
9.514943804050370879e-01
8.930031897493253545e-01
8.494883503490530119e-01
8.129461266166819744e-01
7.792920832032317335e-01
7.956351201244331595e-01
8.129541700759126410e-01
8.249916639136657404e-01
8.276991228271474155e-01
8.181232491343325419e-01
8.005826201868774250e-01
8.035064131105232876e-01
7.946830125654968935e-01
7.743538037379178451e-01
7.435472758305241570e-01
7.038776259104845279e-01
6.707412016671597810e-01
6.908741015762228654e-01
6.954376350140980545e-01
6.864369791649852504e-01
6.663892235716986079e-01
6.385092874086083503e-01
6.273190814869856746e-01
6.081488494631673847e-01
5.832914308147618687e-01
5.547750808438230985e-01
5.243024229647226253e-01
4.935405023696009530e-01
4.638563126744306708e-01
4.366316192928977324e-01
4.129800314497481528e-01
3.939848415902044709e-01
3.804868189402030865e-01
3.728966537298128436e-01
3.707762405157932761e-01
3.733830497280921645e-01
3.795271640739852903e-01
3.876761366090188954e-01
3.961084048894386034e-01
4.032545787641473312e-01
4.079729207935332003e-01
4.093819555369794250e-01
4.068078334304404686e-01
4.000282156155864355e-01
3.975770930573256368e-01
3.920933569719045608e-01
3.814588302347536319e-01
3.752478531481702184e-01
3.705729195710315005e-01
3.628744622925280661e-01
3.527110199362200049e-01
3.409953479992640091e-01
3.282656237578079339e-01
3.153123512438005815e-01
3.026779420355467654e-01
2.910682733642980247e-01
2.806084012198793443e-01
2.714801646817550651e-01
2.637233406365190325e-01
2.571830872460494355e-01
2.514137574009422393e-01
2.459816047915307502e-01
2.406115417157264624e-01
2.347064465024405744e-01
2.346864736458545986e-01
2.377828612801075880e-01
2.406769891589676247e-01
2.430554602497894401e-01
2.446154067184885539e-01
2.450778546718034301e-01
2.442006271507022874e-01
2.417885337934387036e-01
2.450763322776273179e-01
2.506576247838333549e-01
2.548853803687199937e-01
2.576334097074984841e-01
2.588122949374455639e-01
2.583691801080895689e-01
2.562862042632036430e-01
2.525900763770655977e-01
2.473694473761066104e-01
2.406222029877261026e-01
2.324357419841652783e-01
2.245810025628112161e-01
2.173467413372294488e-01
2.100475738690685823e-01
2.040841106534823368e-01
2.035764695051977546e-01
2.084492731043073033e-01
2.109497714828464932e-01
2.111343397401749811e-01
2.091397919015242080e-01
2.051948718459131182e-01
1.994878233137075407e-01
1.922561172690064046e-01
1.837843842456603205e-01
1.743978916842909010e-01
1.644523398849118967e-01
1.541997799521704071e-01
1.525495432164882814e-01
1.515646139080996935e-01
1.505069148345375418e-01
1.493791894534498288e-01
1.482143341049501906e-01
1.470229603711009914e-01
1.457681879960216476e-01
1.444530818295964580e-01
1.430807787813764553e-01
1.416998495832691995e-01
1.402832161746205009e-01
1.388168607166158641e-01
1.373040961589912790e-01
1.365938481559370032e-01
1.366404097377365290e-01
1.365441222005419897e-01
1.363093603323919101e-01
1.359782862788893043e-01
1.355549219471825773e-01
1.350062937235620986e-01
1.343377056222976040e-01
1.335546473044094684e-01
1.327321904686823428e-01
1.318047352530416771e-01
1.307778406319911046e-01
1.296573207420430585e-01
1.284812231659676340e-01
1.272525066495454049e-01
1.259452908405904736e-01
1.245653199868849564e-01
1.231182747503875713e-01
1.216622316378367652e-01
1.201501454495185334e-01
1.192053199934080820e-01
1.197062112788458421e-01
1.197809359017892039e-01
1.193100783204284338e-01
1.183793151091422358e-01
1.198917299752658289e-01
1.221717759694852523e-01
1.239216170600109801e-01
1.251221593430689449e-01
1.258129371772430671e-01
1.259369238725939755e-01
1.255893028432155112e-01
1.246821552356773277e-01
1.233600476350947273e-01
1.215213822866106214e-01
1.193030795238635006e-01
1.166514787301770051e-01
1.136459312681231126e-01
1.103142645386517851e-01
1.066477434827968196e-01
1.027799063978444283e-01
1.006607174141167932e-01
1.001353656660843028e-01
9.941784222510602342e-02
9.853440799074039691e-02
9.744851376690150113e-02
9.624327292405675249e-02
9.486446046449009684e-02
9.332816459287029964e-02
9.169945386327682524e-02
8.992889335219764191e-02
8.802995143273044387e-02
8.606727798901092630e-02
8.421649157662863816e-02
8.412727133938849300e-02
8.443631387838598790e-02
8.461212735307732657e-02
8.466002230926021610e-02
8.463007234957715952e-02
8.448647056394861798e-02
8.423078080022133873e-02
8.386883009249228305e-02
8.345092963436753775e-02
8.293768632908704586e-02
8.233437954909571255e-02
8.164683736528298430e-02
8.091138346815442139e-02
8.011134515300147307e-02
7.924251940498311386e-02
7.831039242318024729e-02
7.732489638329809178e-02
7.631568872367489043e-02
7.525719095684636761e-02
7.415434171451390499e-02
7.301192053115432290e-02
7.183454040345793601e-02
7.065095786922517829e-02
6.944199784244892149e-02
6.820929725184970982e-02
6.760553782750383656e-02
6.756872711100983531e-02
6.739963956605228568e-02
6.706506327024139291e-02
6.657349302488646536e-02
6.593546965557947614e-02
6.519555574600803538e-02
6.433501185622560181e-02
6.335964400754098835e-02
6.228093299872752148e-02
6.111424902297399320e-02
5.989280536562072155e-02
5.895746909544930664e-02
5.859163183948412623e-02
5.822472731933855256e-02
5.785696983634228824e-02
5.748856316374613418e-02
5.711970106706057426e-02
5.675056779918146582e-02
5.638133857295097445e-02
5.601218000920039908e-02
5.564325056334279429e-02
5.527470092904951393e-02
5.490667442071000409e-02
5.453930733591530466e-02
5.417272929758340516e-02
5.380706357698565589e-02
5.344242739867738345e-02
5.307893222780101644e-02
5.271668404117352963e-02
5.235578358176633945e-02
5.199632659868178020e-02
5.163840407262112325e-02
5.128210242789764395e-02
5.092750373156712529e-02
5.057468588062417891e-02
5.022372277759250964e-02
4.987816002148591499e-02
4.953481990078029834e-02
4.919340630240420092e-02
4.885398205895805090e-02
4.851660666964172086e-02
4.818133642342740941e-02
4.784822451442968111e-02
4.751732115184921501e-02
4.718867366293501980e-02
4.686232659041830728e-02
4.653832178519354268e-02
4.621669849354560072e-02
4.589749344056757996e-02
4.558074090892729607e-02
4.526647281404901080e-02
4.495471877626356499e-02
4.464550618927622810e-02
4.433886028589235917e-02
4.403480420116129279e-02
4.373335903329989699e-02
4.343454390184585401e-02
4.313837600471081418e-02
4.284487067246870590e-02
4.255404142161092057e-02
4.226590000600196489e-02
4.198045646706489997e-02
4.169771918280828354e-02
4.141769491533577735e-02
4.114038885785686189e-02
4.086580468031811297e-02
4.059394457407906193e-02
4.032480929650707896e-02
4.005839821368412795e-02
3.979470934362600021e-02
3.953373939791540032e-02
3.927548382296142115e-02
3.901993684113017058e-02
3.876709149085982159e-02
3.851693966631063865e-02
3.826947215672447944e-02
3.802467868496477860e-02
3.778254794581233089e-02
3.754306764388577050e-02
3.730622453086265833e-02
3.707200444219280883e-02
3.684039233366456084e-02
3.661137231707381479e-02
3.638492769595289000e-02
3.616104100017153433e-02
3.593969402083781878e-02
3.572086784380693048e-02
