2.077780705279601847e-01
2.069998610291423624e-01
2.074612429666881641e-01
2.070680080636920772e-01
2.102194340170561726e-01
2.151997235084414095e-01
2.219403416873972357e-01
2.305246484789544303e-01
2.641164096334288613e-01
2.821151603839103794e-01
3.629660226723115946e-01
5.225814750031123612e-01
4.015173019365946838e-01
4.520880185760818848e-01
5.623100792867886666e-01
3.601143110790067103e-01
4.375844075666248112e-01
5.628937111748844035e-01
7.207803075008348825e-01
7.401217020906873945e-01
8.594232306458486903e-01
6.164509837857826691e-01
6.129051876283573286e-01
8.030215119979136063e-01
8.439253744333534701e-01
8.689657405029289627e-01
5.691637625492556030e-01
4.272640524830794151e-01
3.874021555312888165e-01
3.598957084993187894e-01
3.736901808428184646e-01
4.511470481027589075e-01
4.434704990125090118e-01
5.101222629167098122e-01
4.920357911531945128e-01
4.876782196770490518e-01
5.147178467347600650e-01
5.091630311264060404e-01
5.873860665297847561e-01
6.483790129081157261e-01
6.828034999483942880e-01
5.747263423714639163e-01
5.671483998965327622e-01
5.891130283787365807e-01
7.157472835090032959e-01
6.434641266507324930e-01
6.715348956784461532e-01
8.713072074558662061e-01
9.428493984359098690e-01
9.756575002315740486e-01
1.077043210185067768e+00
9.773015459930135540e-01
9.166698808939911514e-01
9.906134687131176175e-01
1.089856185485669204e+00
1.246217710650200372e+00
1.191375927578120830e+00
1.022125794499899376e+00
9.901814556743544493e-01
1.107142646227421867e+00
1.027851048680472168e+00
1.095075271920964877e+00
1.187945218125320723e+00
1.210097752704929475e+00
1.161317848096866001e+00
1.131081020897296341e+00
1.173205584184898287e+00
1.277065154680359305e+00
1.408600112530163262e+00
1.505880997026584289e+00
1.520841138405542026e+00
1.453386738712729720e+00
1.298917595389608381e+00
1.131299094246333237e+00
1.021793130394895277e+00
8.850349686724517939e-01
7.581741083780658697e-01
6.695500452841268713e-01
6.403493511633474577e-01
6.120479414293443776e-01
5.785996562283995948e-01
5.371127728448382710e-01
5.114741552779423772e-01
4.709171481205250975e-01
4.157020562685572185e-01
4.087320735352508727e-01
4.224826677589250123e-01
4.163584942292476443e-01
4.292910216993511274e-01
4.115200825691384123e-01
3.916004940110130450e-01
3.541907683495450487e-01
3.151312590310528239e-01
2.883353384082658621e-01
2.795443500735989018e-01
2.838639796889038114e-01
2.910432197362307072e-01
2.919150939337320505e-01
2.805920688149232123e-01
2.564471393925282228e-01
2.362714822966971162e-01
2.364826583772383362e-01
2.297550912271661139e-01
2.176459981922131970e-01
2.039434196810715194e-01
1.982718860566169694e-01
1.898847147632388432e-01
1.807455350339360889e-01
1.718705185643691069e-01
1.644237004058847207e-01
1.589690650349551149e-01
1.552520654383835463e-01
1.527262635403952573e-01
1.505899481924860839e-01
1.480739152691852578e-01
1.447057776966975962e-01
1.398014930929933064e-01
1.335461031346407146e-01
1.263841193626408232e-01
1.214287717257236526e-01
1.163179580732243146e-01
1.086933680127048774e-01
9.974627315025041963e-02
9.114373718266527424e-02
8.398375994845805326e-02
7.869013280554748579e-02
7.475204097267058867e-02
7.560001175667169226e-02
7.914546913811840168e-02
8.193929458487968220e-02
8.319338871524453727e-02
8.643879681111267532e-02
8.914793080625915689e-02
9.112333467899019768e-02
9.212598683257192111e-02
9.202724662174428805e-02
9.094541900610506047e-02
8.876997487301853396e-02
8.579270789754027404e-02
8.196476283826900633e-02
7.761651813718652149e-02
7.641837157682722370e-02
7.640284783342415897e-02
7.579597027918387464e-02
7.466212348881945404e-02
7.291519927820629132e-02
7.069667527313439059e-02
6.814129411839478512e-02
6.525683735375864547e-02
6.214688782346466239e-02
5.897589992672642306e-02
5.575001151133283928e-02
5.253978532969376392e-02
4.941096056019777388e-02
4.641740284966731217e-02
4.360153431462814033e-02
4.172416853922660679e-02
4.192030807296364542e-02
4.244327950790935389e-02
4.319449870322809165e-02
4.408326478989897657e-02
4.502356395748555173e-02
4.593692963518842404e-02
4.675445251177508948e-02
4.743128415510698692e-02
4.794727174822614041e-02
4.823435264007053247e-02
4.826701492965763257e-02
4.803162645033628997e-02
4.759172090810496331e-02
4.688227095628294538e-02
4.591495103873177719e-02
4.472824154529252833e-02
4.336784538802718886e-02
4.181726292433731590e-02
4.046334949626686356e-02
3.977736483062815909e-02
3.898122102656909060e-02
3.808123389405201203e-02
3.708868827980958682e-02
3.601563483571236512e-02
3.547227520900113340e-02
3.589595484815693432e-02
3.626510092737896679e-02
3.656368909233356779e-02
3.678769740553481521e-02
3.693439690524980695e-02
3.700230462595655023e-02
3.699112143722366880e-02
3.690165629723600460e-02
3.673573878671806264e-02
3.651598892248988926e-02
3.623261843012742095e-02
3.588244773205783583e-02
3.547015543246499064e-02
3.500093215105975347e-02
3.448036775505055468e-02
3.391434109164008504e-02
3.330891391808563085e-02
3.268313219518164531e-02
3.203460031741453551e-02
3.136322351209913650e-02
3.067487562640116086e-02
2.997520949673028456e-02
2.926959673854757221e-02
2.856307714674203788e-02
2.786031766601629669e-02
2.716558071697695170e-02
2.648270151470662540e-02
2.581507388756423133e-02
2.516564400174907401e-02
2.453691131540819068e-02
2.393093602794386585e-02
2.334935225318577126e-02
2.279338612506075223e-02
2.226387804515135918e-02
2.193688746669513953e-02
2.241931634333847734e-02
2.286205912601332532e-02
2.324853839771140462e-02
2.356718125641314721e-02
2.381269380401185298e-02
2.398740352571056278e-02
2.410214396798721070e-02
2.414050930992995420e-02
2.410448453649910103e-02
2.401106573414097875e-02
2.385960584804322146e-02
2.364545104381006110e-02
2.337503388000050988e-02
2.307236869182888866e-02
2.272215380624155109e-02
2.232967517444981592e-02
2.190484048298148648e-02
2.146023160687590692e-02
2.098623397778805882e-02
2.048665824171347696e-02
1.996485665094673012e-02
1.943600211687668278e-02
1.908587415144698263e-02
1.885597883013085882e-02
1.860835007786231649e-02
1.834446532244147013e-02
1.807639047743734781e-02
1.779244354941838385e-02
1.749307640688404705e-02
1.717864744531147000e-02
1.684946549766769622e-02
1.650878976509174978e-02
1.616122425963339646e-02
1.599699318017511196e-02
1.586103031863013782e-02
1.571912682585983531e-02
1.557088791487212971e-02
1.547404533120360672e-02
1.564511369153651077e-02
1.579666939350148763e-02
1.592153132709845167e-02
1.601933259471355342e-02
1.609720877567677108e-02
1.615163018447799900e-02
1.617875498587954472e-02
1.617883313211089177e-02
1.615722573288278646e-02
1.611562413434106805e-02
1.604850261243726678e-02
1.595673232289515978e-02
1.584132614540414638e-02
1.571298912482946633e-02
1.556365877427453616e-02
1.539403031843887548e-02
1.520550193407083951e-02
1.499953284399113511e-02
1.478555990914160075e-02
1.457601543915793517e-02
1.447577026218778776e-02
1.437087251441168494e-02
1.426162498892881957e-02
1.414834363195512784e-02
1.403135345467534240e-02
1.391098466827688472e-02
1.378756907836365536e-02
1.366143676601065324e-02
1.353484924248679784e-02
1.340720778385029455e-02
1.327767537899650352e-02
1.314654996077899672e-02
1.301411637632501721e-02
1.288064492816809979e-02
1.274639021802746047e-02
1.261159027876272709e-02
1.247646597710461332e-02
1.234122066857464353e-02
1.220604008350936048e-02
1.207109242271892785e-02
1.193652864125814561e-02
1.180248289690738299e-02
1.166907314245370191e-02
1.153640183931989131e-02
1.140455677174815469e-02
1.127361194194600839e-02
1.114362852659991215e-02
1.101465587782244140e-02
1.088673255161560008e-02
1.075988734903635634e-02
1.063414035661535383e-02
1.050950397388897631e-02
1.038598391728249443e-02
1.026358019121360182e-02
1.014228801853756662e-02
1.002209872368975754e-02
9.903000563038664647e-03
9.784979499108501996e-03
9.668019914216473276e-03
9.552105262830857743e-03
9.437218660901518230e-03
9.323343411766275152e-03
9.254243895775698947e-03
9.185633453132143258e-03
9.117375257102822150e-03
9.049449906685535019e-03
8.981837745834830855e-03
8.914519184219907647e-03
8.847474988824020198e-03
8.780686545655745634e-03
8.714136092757826524e-03
8.647806924376503362e-03
8.581683567295087314e-03
8.515751930635790876e-03
8.449999429293199651e-03
8.384415083485365419e-03
8.318989594457116069e-03
8.253715398704444470e-03
8.188586701481455690e-03
8.123599491495818448e-03
8.058751537970256298e-03
7.994042372114011294e-03
7.929473253549246953e-03
7.865047124218586816e-03
7.800768550365812411e-03
7.736643654838979561e-03
7.672680040067264041e-03
7.608886703733508568e-03
7.545273948546306515e-03
7.481853286191732753e-03
7.418637338197127916e-03
7.355639733110450572e-03
7.292875002307579353e-03
7.230358474417588645e-03
7.168106169714244004e-03
7.106134694964042972e-03
7.044461139626664523e-03
6.983102973715084837e-03
6.922077948583907174e-03
6.861403999804929245e-03
6.815224600551401946e-03
6.790257938451874434e-03
6.765433242588258893e-03
6.740738379903656735e-03
6.716161664781062669e-03
6.691691876644702622e-03
6.667318275003263420e-03
6.643030611348983878e-03
6.618819138736076191e-03
6.594674618648217745e-03
6.570588325630235919e-03
6.546552049751341688e-03
6.522558097025714201e-03
6.498599287829752956e-03
6.474668953676151334e-03
6.450760932309947820e-03
6.426869561278930436e-03
6.402989670209155090e-03
6.379116571827018675e-03
6.355246051816832234e-03
6.331374357670278667e-03
6.307498186760044853e-03
6.283614673507954135e-03
6.259721375903509917e-03
6.235816261436187731e-03
6.211897692606083675e-03
6.187964411876082510e-03
6.164015526418721233e-03
6.140050492628602169e-03
6.116069100294291121e-03
6.092071456838378876e-03
6.068057971447167465e-03
6.044029339161155132e-03
6.019986525062581695e-03
5.995930748588680637e-03
5.971863467972942513e-03
5.947786364900728602e-03
5.923701329377810583e-03
5.899610444938819739e-03
5.875515973965539721e-03
5.851420343562187786e-03
5.827326131642077307e-03
5.803236053419382444e-03
5.779152948161864201e-03
5.755079766689905757e-03
