2.350555238631562571e-01
2.362873995584774400e-01
2.378054207498993267e-01
2.406347283379610957e-01
2.432005710646760188e-01
2.476278981284989189e-01
2.539466668091081014e-01
2.605767678917469410e-01
2.990611635857025608e-01
4.934841690281989157e-01
3.081436661126842336e-01
3.431508032779370110e-01
4.717550473104899500e-01
4.083606405372128267e-01
4.741003417269846754e-01
4.561183517674147758e-01
5.048773135207323959e-01
6.989588609883466974e-01
5.983988547075905773e-01
7.016182976871808696e-01
7.025255479946730386e-01
6.421115024380908975e-01
7.723320609854730234e-01
8.798828060146808294e-01
4.953640851141556944e-01
4.496102404391012497e-01
4.090202987533413381e-01
3.936277992861120789e-01
4.379579690470357667e-01
4.626879795575975507e-01
4.565821066529820449e-01
5.198727951991520824e-01
6.000637418601659778e-01
6.630375619356623229e-01
6.629284282952080387e-01
7.098371406650437754e-01
7.020520902759723736e-01
7.653171740478186269e-01
8.656178035528772075e-01
9.487886521281380103e-01
8.790709813627959335e-01
8.208302175650232790e-01
8.331278546729402601e-01
8.869422032007666656e-01
8.865338902979909008e-01
9.196446436720167039e-01
9.993035862633310451e-01
1.075380764229921127e+00
1.209662822805194216e+00
1.309799850889562300e+00
1.423501763517308394e+00
1.456696366986818036e+00
1.396303658807753978e+00
1.447407065177238827e+00
1.508511609161423461e+00
1.469356998543507986e+00
1.354276811750805942e+00
1.318042018131375892e+00
1.511011295830865242e+00
1.450470915977244868e+00
1.363665796262967689e+00
1.500089688964302503e+00
1.682035934139663791e+00
1.837937164211034258e+00
1.901049087386769365e+00
1.877842442129583400e+00
1.752179980944345905e+00
1.538280382319466177e+00
1.276534246166247888e+00
1.000895372652482296e+00
7.766983644515684793e-01
6.102004430650223021e-01
5.598789873718896803e-01
5.281376940465560832e-01
5.329688339568831035e-01
5.269613302796571919e-01
5.034742355877980247e-01
4.809912460390949329e-01
4.482331802753530825e-01
4.677663403948374987e-01
5.048492304461925650e-01
5.011185454434050612e-01
4.737311086736735177e-01
4.392462714796523393e-01
3.863251727843213246e-01
3.606344026450125639e-01
3.357736320921996809e-01
3.208205743962036505e-01
3.059234240459353105e-01
2.875469670778527664e-01
3.086168485901344960e-01
3.191842711433991453e-01
3.129027099284611979e-01
3.055386196495771811e-01
2.927025441901424663e-01
2.855905258896523913e-01
2.737891243430385924e-01
2.594937236760857524e-01
2.449206450326928686e-01
2.314233760184793987e-01
2.193076900502803905e-01
2.125249951300876294e-01
2.066817194007884995e-01
1.999398461626125945e-01
1.911735618494961875e-01
1.798942632510242556e-01
1.658932903311441387e-01
1.508689359723488499e-01
1.493480267217200952e-01
1.489048521891306043e-01
1.472892400295156279e-01
1.448791806914540847e-01
1.414724567117431886e-01
1.374935708497282139e-01
1.356133083343731560e-01
1.325824098124549488e-01
1.282596704070853022e-01
1.230523574803347175e-01
1.170062514748837629e-01
1.120869374678187397e-01
1.111139568277789563e-01
1.097216397774814223e-01
1.079683616297826970e-01
1.060719748532319984e-01
1.043673193471806177e-01
1.025981694057788163e-01
1.004448404561048974e-01
9.782430622743090720e-02
9.496471402506617698e-02
9.188174400946887144e-02
8.857924708944520109e-02
8.579469451222802856e-02
8.311170626591216082e-02
8.053179684741094968e-02
7.800997322347294483e-02
7.556571121088476173e-02
7.321542313107411160e-02
7.097246142264733437e-02
6.884715283886025383e-02
6.684686962452823789e-02
6.497614101934699737e-02
6.323680548672341861e-02
6.162820145749513950e-02
6.014739224233956599e-02
5.878941917358770919e-02
5.781663390980773531e-02
5.721330586026670412e-02
5.664629078777378562e-02
5.612036839108044961e-02
5.563705007009307063e-02
5.520260961969029184e-02
5.482799939098623176e-02
5.448470422698661886e-02
5.416565778751016719e-02
5.386256903072216690e-02
5.356635127297706273e-02
5.326752452523803028e-02
5.295658245322171914e-02
5.262431757207643168e-02
5.226210043381102760e-02
5.186211053941528620e-02
5.141751846624736250e-02
5.092707332888121718e-02
5.041867739417619371e-02
4.985182591085481757e-02
4.922427939271263597e-02
4.853504311537512605e-02
4.778432006451521080e-02
4.697343890590592597e-02
4.610476185385847803e-02
4.518157717373977311e-02
4.420798080292056426e-02
4.321922581471009800e-02
4.219073300199496779e-02
4.112513208329727360e-02
4.002841557476287393e-02
3.890678915553164030e-02
3.776655887836482400e-02
3.661402692061343361e-02
3.553871660550232681e-02
3.446732342111025887e-02
3.336852543751562400e-02
3.266700539820771576e-02
3.293591739334590651e-02
3.313971466542376537e-02
3.327305537688778764e-02
3.333793234286901164e-02
3.333692954840079131e-02
3.327313896542376248e-02
3.315007750202177139e-02
3.297160557819468069e-02
3.274184859261648067e-02
3.248717035344658721e-02
3.218978667463861382e-02
3.185308133109162471e-02
3.148150012083174298e-02
3.107945082927412658e-02
3.065125556123912687e-02
3.020110925871252738e-02
2.973304432378144971e-02
2.925090116948210819e-02
2.875830444274686190e-02
2.826067243620767125e-02
2.776813473970814877e-02
2.727339831809923523e-02
2.677914734086180373e-02
2.628780736524176376e-02
2.580154662199455121e-02
2.532228026052071174e-02
2.485167713763833039e-02
2.439116875009619823e-02
2.394195993205349218e-02
2.350504096145107635e-02
2.308120074711860620e-02
2.267104079436196504e-02
2.227498967702969124e-02
2.189331777199410994e-02
2.152615204038827931e-02
2.117349066887834474e-02
2.083521740920025317e-02
2.051111548065212217e-02
2.020088092402929497e-02
1.990413531668709310e-02
1.962043777877475748e-02
1.934929622005359187e-02
1.909017779152882843e-02
1.884251852193241650e-02
1.860573213183384228e-02
1.837921802842918534e-02
1.816236849490011906e-02
1.795457509513418218e-02
1.775523432185208833e-02
1.756375252115901023e-02
1.737955013119851788e-02
1.720206527450074060e-02
1.703075674797630348e-02
1.686510645267641148e-02
1.670462130957966682e-02
1.654883470413330560e-02
1.639730750491042929e-02
1.624962869804391988e-02
1.610541567958576753e-02
1.596431424499205470e-02
1.582599831412511912e-02
1.569016942678850418e-02
1.555655604283988185e-02
1.542491267772629071e-02
1.529501890249939343e-02
1.516667823450265108e-02
1.503971694319111187e-02
1.491398279293258688e-02
1.478934374232588299e-02
1.466568661792103448e-02
1.454291577773452263e-02
1.442095177809407831e-02
1.429973005621072366e-02
1.417919963808809622e-02
1.405932188075114178e-02
1.394006925610797101e-02
1.382142418182616232e-02
1.370337790463241161e-02
1.358592943912681830e-02
1.346908456480004450e-02
1.335285488321554317e-02
1.323725693637702212e-02
1.312231138591214881e-02
1.300804225404547827e-02
1.289447622407505732e-02
1.278164200040088176e-02
1.266956972545896058e-02
1.255829045255264960e-02
1.244783567154941414e-02
1.233823688573176119e-02
1.222952523718764083e-02
1.212173117753528179e-02
1.201488418234315791e-02
1.190901250545536513e-02
1.180414297130892576e-02
1.170030080204837244e-02
1.159750947701341725e-02
1.149579062187777549e-02
1.139516392485851078e-02
1.129564707794510590e-02
1.119725573994692983e-02
1.110000352021305384e-02
1.100390197974268104e-02
1.090896064882957740e-02
1.081518705806732740e-02
1.072258678209693505e-02
1.063116349358777732e-02
1.054091902630467995e-02
1.045185344573038716e-02
1.036396512576767508e-02
1.027725083051831377e-02
1.019170579984701730e-02
1.010732383777629591e-02
1.002409740271765354e-02
9.942017698934886571e-03
9.861074768172092830e-03
9.781257580865863888e-03
9.702554126704726958e-03
9.624951503491584875e-03
9.548436004139699423e-03
9.472993201497467014e-03
9.398608030556105525e-03
9.325264867623790296e-03
9.252947606654992815e-03
9.181639732037951210e-03
9.111324388198853777e-03
9.041984445604554430e-03
8.973602563108189212e-03
8.906161246864158568e-03
8.839642905350346760e-03
8.774029901272139415e-03
8.709304599280898521e-03
8.645449410601160206e-03
8.582446834228816754e-03
8.520279494497006237e-03
8.458930175499557516e-03
8.398381852692650765e-03
8.338617720810683268e-03
8.279621219538329385e-03
8.221376055830811186e-03
8.163866223925564380e-03
8.107076022811915070e-03
8.050990071041220705e-03
7.995593319565588025e-03
7.940871062180910114e-03
7.886808944267695645e-03
7.833392969356731822e-03
7.780609504137825198e-03
7.728445281806747662e-03
7.676887403861227741e-03
7.625923340606064783e-03
7.575540930253168298e-03
7.525728377011399288e-03
7.476474247967571270e-03
7.427767469175811967e-03
7.379597320697746897e-03
7.331953431043941420e-03
7.284825770729848847e-03
7.238204645556792736e-03
7.192080688921848389e-03
7.146444854080983081e-03
7.101288405747100720e-03
7.056602911507317902e-03
7.012380232946062962e-03
6.968612516570522365e-03
6.925292184460053561e-03
6.882411924985109078e-03
6.839964683416499200e-03
6.797943652292312046e-03
6.756342262264077893e-03
6.715154172329746048e-03
6.674373260804377164e-03
6.633993615940404938e-03
6.594009526895189439e-03
6.554415474675024181e-03
6.515206123472561117e-03
6.476376311991667578e-03
6.437921045035278553e-03
6.399835485340142627e-03
6.362114945585698594e-03
6.324754880704774873e-03
6.287750880315716093e-03
6.251098661494329869e-03
6.214794061817404541e-03
6.178833032583161758e-03
6.143211632254492668e-03
6.107926020344155681e-03
6.072972451344929579e-03
6.038347269035381978e-03
6.004046900975059178e-03
5.970067853383291025e-03
5.936406705991837014e-03
5.903060107524276713e-03
5.870024771031231645e-03
5.837297469682638240e-03
5.804875032822142712e-03
5.772754342063543889e-03
5.740932327711808884e-03
5.709405965482423038e-03
5.678172273168722445e-03
5.647228307838224326e-03
5.616571162955667079e-03
5.586197965796464715e-03
5.556105875063378947e-03
5.526292078576525851e-03
5.496753791290918262e-03
5.467488253281144704e-03
5.438492727992437666e-03
5.409764500654802404e-03
5.381300876747091913e-03
5.353099180614046340e-03
5.325156754308481288e-03
5.297470956418370153e-03
5.270039161076042061e-03
5.242858757022337592e-03
5.215927146923375786e-03
5.189241746457586534e-03
