8.186401432521352162e-02
8.171632574081946765e-02
8.130942561923126810e-02
8.240280171461183967e-02
8.250723478587049242e-02
8.332124314010656840e-02
8.497511915383021419e-02
9.197925913581955770e-02
9.099722092833946452e-02
1.324524209375941008e-01
1.265040069525535105e-01
1.327215308316496145e-01
1.418997566423963741e-01
1.800505485503459124e-01
1.832458368471573396e-01
2.077529887564388555e-01
2.469967703616528232e-01
2.143490752870975402e-01
1.897140830921001942e-01
2.215135683979752301e-01
2.814326495351601176e-01
2.796368842540563615e-01
2.504339964268013641e-01
2.408529609904572211e-01
2.950127067372449452e-01
4.050664260558100582e-01
4.163099491595548263e-01
3.537591352619925411e-01
3.104034567960813895e-01
2.300871844929776866e-01
2.208025436424333743e-01
2.323287157189963259e-01
2.273543240374109042e-01
1.990744255863894918e-01
2.027664542501237677e-01
1.987101696768829584e-01
2.038787750227176454e-01
1.593300122176159461e-01
1.657168568260494745e-01
1.714579308535792712e-01
1.785740382088000788e-01
1.760036857849816838e-01
1.570140012298165411e-01
1.643057970820820946e-01
1.599197582573386733e-01
1.618859410612769889e-01
1.864054983100246199e-01
2.041734007043606303e-01
2.209356638172744192e-01
2.138177499099006007e-01
2.041437895647675860e-01
2.289264370460463160e-01
2.521392189025320474e-01
2.815569564762782639e-01
2.988843978194081208e-01
3.018520201039300299e-01
2.616474157874937312e-01
2.503755570609319525e-01
2.634573736802691690e-01
2.963001062299633892e-01
3.158857697489734218e-01
3.270045313579531543e-01
3.502045244219561537e-01
3.848294308906155536e-01
4.011021267481907349e-01
4.009829865849060537e-01
3.868264393747931074e-01
3.783630366229827069e-01
3.577591002123131081e-01
3.498959880825966429e-01
3.657128270446423635e-01
3.759835538773924624e-01
3.800575359136321163e-01
3.846080164098226728e-01
3.961292950229628462e-01
4.190248718651486404e-01
4.511642879251238636e-01
4.855768641437979705e-01
5.447171856203593121e-01
6.122802346349991431e-01
6.460770824281283353e-01
6.802138398785858575e-01
6.748947172075538958e-01
6.543361931486023630e-01
6.166368712826559850e-01
5.533753288431623174e-01
4.852641568378537884e-01
4.206545538254838346e-01
3.632393197510805916e-01
3.193958771051473855e-01
2.960046498581063723e-01
2.940685829313067212e-01
3.049953041472698301e-01
3.172634095594912274e-01
3.225607586998691656e-01
3.181365214215516879e-01
3.084201363200461121e-01
2.976580296780989010e-01
2.816863272642576299e-01
2.607400985712916008e-01
2.521865612003937329e-01
2.445259271880236007e-01
2.303253206000388797e-01
2.098317939917361818e-01
1.843952276438900195e-01
1.744229462213854609e-01
1.746561323379495767e-01
1.729942887010710306e-01
1.694622575305114731e-01
1.642209534307926821e-01
1.575434019790120099e-01
1.497823203568408035e-01
1.413329152167872305e-01
1.418605174804172531e-01
1.468989801363415060e-01
1.482076171094192096e-01
1.465178982311399203e-01
1.425770874532600041e-01
1.398316098098117410e-01
1.388919845009967680e-01
1.365279277278811931e-01
1.328526368284872750e-01
1.278596477206522808e-01
1.213753631219488260e-01
1.132499654706627529e-01
1.034707603532189213e-01
9.583532575907813267e-02
9.493945769738383611e-02
9.354954839672761924e-02
9.169979394595616229e-02
8.927088680564498890e-02
8.622077104229142197e-02
8.469363803784894784e-02
8.475187092584333948e-02
8.431587420796445020e-02
8.338128752009872635e-02
8.197001974058526486e-02
8.010944159705311873e-02
7.783181955982207412e-02
7.517329932268435044e-02
7.217297831841792966e-02
7.277577853674649377e-02
7.308778567258712722e-02
7.164402248416640306e-02
6.934271462817852283e-02
6.741372304764751966e-02
6.792539709829234496e-02
6.667015333590005366e-02
6.429716081591782539e-02
6.149911969361021580e-02
6.160516611369928203e-02
6.206178573964860751e-02
6.274446993915187842e-02
6.352626144236082906e-02
6.410164536769881460e-02
6.407175834990060104e-02
6.306315116595366532e-02
6.386698320346462232e-02
6.539036392596155045e-02
6.604022348969754153e-02
6.573070920628949765e-02
6.448523727657023974e-02
6.237162336119772554e-02
5.955270181812384600e-02
5.623222256443533018e-02
5.260485304005073359e-02
4.945867290734039246e-02
4.746136725404345724e-02
4.539122309736155769e-02
4.332776837453721636e-02
4.134949085288073395e-02
3.954136762762883173e-02
3.792721037280936264e-02
3.652296820586314191e-02
3.532888257249838793e-02
3.433855897241245431e-02
3.350746048912896236e-02
3.279855964398331603e-02
3.217315650480074424e-02
3.159513043735507482e-02
3.104986678622116344e-02
3.050192575730811470e-02
2.993299093022622551e-02
2.934565991240129998e-02
2.873721530283133291e-02
2.810041517941236008e-02
2.744953759516203379e-02
2.679538399788435749e-02
2.613525025906673904e-02
2.547728281267978151e-02
2.484080204063549707e-02
2.421780270236606816e-02
2.360887361849836955e-02
2.301393756726829304e-02
2.243879220907416330e-02
2.213561742568476501e-02
2.193626946400207764e-02
2.175507786667378596e-02
2.158973854646938084e-02
2.143687537789201389e-02
2.129613503127570848e-02
2.116248710071644973e-02
2.102809537453685304e-02
2.088814906221172357e-02
2.073813750747378545e-02
2.057405978576840044e-02
2.039258509871713643e-02
2.019328752147889552e-02
1.998046815988340982e-02
1.974502686443468241e-02
1.948679030466557438e-02
1.920634048346875691e-02
1.890492501622802884e-02
1.858587727661731304e-02
1.825738811751361282e-02
1.791390346939259262e-02
1.755811573909709170e-02
1.719279865186489065e-02
1.682069920174409511e-02
1.644444347443742294e-02
1.615602317752331402e-02
1.603380980670996575e-02
1.590578536278405494e-02
1.577321243833245193e-02
1.563733070750362650e-02
1.549931816590578715e-02
1.536025836329008021e-02
1.522111388144367812e-02
1.508270608556289485e-02
1.494570098809669748e-02
1.481060090924532849e-02
1.467774149655048065e-02
1.454729357709229169e-02
1.441926925396122203e-02
1.429353162479632747e-02
1.416980748702875714e-02
1.404770240141925593e-02
1.392671750751846987e-02
1.380626751898028984e-02
1.368569937103924355e-02
1.356431104217273656e-02
1.344137012717099185e-02
1.331875594342133394e-02
1.319375116002934403e-02
1.306503724990872028e-02
1.293192060363081673e-02
1.279375317764366339e-02
1.264994408613893603e-02
1.249996952247094464e-02
1.234338098006371523e-02
1.217981177660032617e-02
1.200898191436234469e-02
1.183070133479682991e-02
1.164487164558383053e-02
1.145148641537747577e-02
1.125063014426037206e-02
1.104247602755866961e-02
1.082728263650313723e-02
1.060632915510366370e-02
1.038090078826673680e-02
1.014946196823065909e-02
9.912549646461854200e-03
9.937698255715603224e-03
9.992750877014525135e-03
1.004251199573156020e-02
1.008638355252524169e-02
1.012381128608635245e-02
1.015428823031168902e-02
1.017735759972269657e-02
1.019261507519631307e-02
1.019971050845209191e-02
1.020156646417507557e-02
1.019538163490553602e-02
1.018034814161237166e-02
1.015632315925793679e-02
1.012321891155320772e-02
1.008100157121400754e-02
1.002968978665517118e-02
9.969352871573484293e-03
9.903532950578981461e-03
9.829491857344146294e-03
9.746831760383102908e-03
9.655789135181431712e-03
9.556639051955634692e-03
9.449692139584124628e-03
9.335291448813442042e-03
9.213809245490582611e-03
9.088874600131744905e-03
8.957697446968662311e-03
8.820542399247576631e-03
8.677860701594129061e-03
8.530117544538969726e-03
8.377788963226566812e-03
8.221358822626279386e-03
8.061315905507793200e-03
8.001716145338193600e-03
8.055652222462288126e-03
8.098888671054281854e-03
8.131338039023040115e-03
8.152983222504909394e-03
8.163874258149747890e-03
8.164124785941563600e-03
8.153908232510404669e-03
8.135414927688435285e-03
8.108070276802844742e-03
8.071036919791491418e-03
8.024672290711741193e-03
7.969373052910249181e-03
7.905570593415466724e-03
7.833726532098747933e-03
7.754328279014639953e-03
7.668994954437607231e-03
7.578502194935662212e-03
7.481895969820313158e-03
7.379719618169674165e-03
7.272522752724401920e-03
7.160857619712510981e-03
7.045275658203156190e-03
6.926324270745531225e-03
6.804543814260126909e-03
6.680464817926586377e-03
6.554605432788115915e-03
6.427469115173017715e-03
6.299542544071088518e-03
6.172113383872164863e-03
6.044788413993399182e-03
5.917883131644444995e-03
5.791805368559953954e-03
5.666939556657314171e-03
5.568760261119625778e-03
5.532122079614342457e-03
5.494878213160216823e-03
5.457057450980256144e-03
5.418688768035657272e-03
5.379801263164619464e-03
5.340424100000529424e-03
5.300586450609755598e-03
5.260317441865337319e-03
5.219646104475007299e-03
5.178601324706997959e-03
5.137211798728238965e-03
5.144402315232456634e-03
5.157991777323335698e-03
5.168618825016116011e-03
5.176329693433873169e-03
5.181179146131447387e-03
5.183229772954421957e-03
5.182551296558866524e-03
5.179219891076321768e-03
5.173317514358028585e-03
5.164931256991112628e-03
5.154152709138912908e-03
5.141077347322279417e-03
5.125803942659696785e-03
5.108922652293981098e-03
5.090313430365361359e-03
5.069796448459894765e-03
5.047476999706831599e-03
5.023461220851593856e-03
4.997855642774801099e-03
4.970766766685939288e-03
4.942300666747756130e-03
4.912562618647330938e-03
4.881656754179685559e-03
4.849685741638452320e-03
4.816750491414463660e-03
4.782949886679307115e-03
4.748380538360739631e-03
4.713136564011719855e-03
4.677309389735271120e-03
4.640987574616125579e-03
4.604256656712564684e-03
4.567199019995141045e-03
4.529893781281636722e-03
4.492416696247394751e-03
4.454840083851395287e-03
4.417232767876782228e-03
4.379660035159653464e-03
4.342183609291925400e-03
4.304861638704207683e-03
4.267748698853872369e-03
4.230895806838544902e-03
4.194350448096528100e-03
4.158156614181137030e-03
4.122354850355604457e-03
4.086982313047716510e-03
4.052072835291919278e-03
4.017657000104975923e-03
3.983762220863018046e-03
3.950412827613554445e-03
3.917630159047555578e-03
3.885432659229010217e-03
3.853835978352135316e-03
3.822853077096401066e-03
3.792494333745690359e-03
3.762767653840179676e-03
3.733678581337730382e-03
3.705230411327673640e-03
3.677424303372210917e-03
3.650259395348721091e-03
