7.022703190608571289e-01
7.055157207187472412e-01
7.121515959454187694e-01
7.145721534517927021e-01
7.196037219878325120e-01
7.311703796791764187e-01
7.418063574726643239e-01
7.597101585769171495e-01
8.260690023159908968e-01
8.687542921299649112e-01
9.319388276103334201e-01
9.007771030577452764e-01
1.097157123792279032e+00
1.313851622683378739e+00
1.584391989819902147e+00
1.368726899269664621e+00
1.410158681407832182e+00
1.487360375489531705e+00
1.839834928963272054e+00
1.495338221376578014e+00
1.637065495720503527e+00
1.365130697935964532e+00
1.442024043761373608e+00
1.359319918332594357e+00
1.234130213882656424e+00
1.645302888069759772e+00
1.847484011759175093e+00
1.861734685286736246e+00
2.097137876305799065e+00
2.169147407449935727e+00
2.234051191791629698e+00
2.227388552552151957e+00
1.909356907479184740e+00
2.012403799578154295e+00
2.219867304284501408e+00
2.332404242318592669e+00
2.565521957268907194e+00
3.080717962980997982e+00
3.237859937157391066e+00
3.639093549945485062e+00
3.821568324307160758e+00
3.285870109967972130e+00
3.227102957248407122e+00
3.858561624197069939e+00
4.352476063178423615e+00
4.465186832575970044e+00
4.103843341630228458e+00
3.495100562302483116e+00
3.729717221047447850e+00
4.062812553649372660e+00
3.847818253571051450e+00
3.533894787972348350e+00
3.696899343278178485e+00
3.498114992051217342e+00
3.251707761163155741e+00
3.161925829541217148e+00
3.485311533992901278e+00
3.674453913322377030e+00
3.870483149568641146e+00
4.179927203328712260e+00
4.542528660095490167e+00
4.774320957691694289e+00
4.575443615025126753e+00
3.999404204417010611e+00
3.215204459177138485e+00
2.687266820474544016e+00
2.276748829994171608e+00
1.926135464986539647e+00
1.635995473536610678e+00
1.427987606339491400e+00
1.293674157667112246e+00
1.207353326449574826e+00
1.143847489805116968e+00
1.089196872207498279e+00
1.038171926240121445e+00
9.874593191686346083e-01
9.384482121511272812e-01
9.100718000115601836e-01
8.978325289262762965e-01
8.875398033141944643e-01
8.747793560147547609e-01
8.592624963219097634e-01
8.354805026203868668e-01
8.015758641649701755e-01
7.580853368421809346e-01
7.371959265007487216e-01
7.295776462533913875e-01
7.128872802362747896e-01
6.940644563943141332e-01
6.837696109254911558e-01
6.195520466761013090e-01
6.138051604699323871e-01
6.212486701847774739e-01
6.131487675487780065e-01
5.914442177846167548e-01
5.584544499471106871e-01
5.189955239424882683e-01
5.035416353684024626e-01
4.873393827931346567e-01
4.758003945112172506e-01
4.731691347101927847e-01
5.262393680475838664e-01
5.415503854543879392e-01
5.182574116288123367e-01
4.640614973344349692e-01
4.200777180878794703e-01
4.187974059323247289e-01
4.121812001856055008e-01
4.021284389572624685e-01
3.878224151625479510e-01
3.709412882139812018e-01
3.508234383141747847e-01
3.293850237636316014e-01
3.091388290827405405e-01
3.143904213344029253e-01
3.174749403689867688e-01
3.176699352258441911e-01
3.159912058458633766e-01
3.123027520086876785e-01
3.066404163587184706e-01
3.001139296504989340e-01
2.921211759253584117e-01
2.829435875725342942e-01
2.734314984672689963e-01
2.729651799751043884e-01
2.798188615525669665e-01
2.825661332401498971e-01
2.848863805743238053e-01
2.972255269189970073e-01
3.010962269915540834e-01
2.958861426625510327e-01
2.818098264024387345e-01
2.597952383029243362e-01
2.363944039873562275e-01
2.472491534694748472e-01
2.546678108698929299e-01
2.553678150335595420e-01
2.499266008511883963e-01
2.392238891961934455e-01
2.243228831630135200e-01
2.168753802955339649e-01
2.104367209685968909e-01
2.034776322426798401e-01
1.963360272364176318e-01
1.891441818155782106e-01
1.824109480115402027e-01
1.764124284670069986e-01
1.704495538535616139e-01
1.652065033910262160e-01
1.611295791863234517e-01
1.578574112075519231e-01
1.553309414637073782e-01
1.534456301889828012e-01
1.520616544192827380e-01
1.510147359696558111e-01
1.501269905284413897e-01
1.492172681794168843e-01
1.482244700497432066e-01
1.469645629809044063e-01
1.452216895427678733e-01
1.428773566960032382e-01
1.398494218085121477e-01
1.363142661240154263e-01
1.319952006144280710e-01
1.330837245390804890e-01
1.346147492070033924e-01
1.358598122750958037e-01
1.367149374656315142e-01
1.370713732243429017e-01
1.368916458043736573e-01
1.362489496288992463e-01
1.351488359737170464e-01
1.334729736441932213e-01
1.312290083667028984e-01
1.285871462247051844e-01
1.254705602964873434e-01
1.218529727053794254e-01
1.177733226909284531e-01
1.134371626398742311e-01
1.087315734596263211e-01
1.037886709405816954e-01
1.058694077137546097e-01
1.077112750234676258e-01
1.093034820925235934e-01
1.107112301805910637e-01
1.118915059124979960e-01
1.128097184669658720e-01
1.134654977336553849e-01
1.138608171812973413e-01
1.139997679243602985e-01
1.139913844807218940e-01
1.137509896132129911e-01
1.132745742713758691e-01
1.125719168750729665e-01
1.116538869808808010e-01
1.105879872360003985e-01
1.093794713229768317e-01
1.079884167410823381e-01
1.064279589083917954e-01
1.047115230643226313e-01
1.028526886993550576e-01
1.009390113216969975e-01
9.891793667393566913e-02
9.678960894817013882e-02
9.463300908515964727e-02
9.373899652846016950e-02
9.275796365150347500e-02
9.170741014582477202e-02
9.063098980888403822e-02
8.948396464702876307e-02
8.827250939995508194e-02
8.700266550653759645e-02
8.568031962896430209e-02
8.431118542152346573e-02
8.290078830128441711e-02
8.146827821940921810e-02
8.003310650858808106e-02
7.856934296881196156e-02
7.708171636773797353e-02
7.557473375124858228e-02
7.405267773109157348e-02
7.251960534774398726e-02
7.097934833392728626e-02
6.943551461654906554e-02
6.789149090745011383e-02
6.801306267056904387e-02
6.827361628463679555e-02
6.816292349419031393e-02
6.763366264287092033e-02
6.670246496169500439e-02
6.542418680942982401e-02
6.385298407561770806e-02
6.195823286740449742e-02
5.977539367334037262e-02
5.734250902917704257e-02
5.690475445090235201e-02
5.777027039216739435e-02
5.828267454119882146e-02
5.853565655861789341e-02
5.845837774937373554e-02
5.806879269923731490e-02
5.738856878701747988e-02
5.647854282842480755e-02
5.536332987179500009e-02
5.523279748399551742e-02
5.555668461133812103e-02
5.573555801663321319e-02
5.577602015454917461e-02
5.568549067887085258e-02
5.547206112922583449e-02
5.514435635748857895e-02
5.471140359385529006e-02
5.419264365189178922e-02
5.360934027321528211e-02
5.294696274154001014e-02
5.225449104846418419e-02
5.156257566272306331e-02
5.078281821718783756e-02
4.993095723812982639e-02
4.902225080186680545e-02
4.807131831387240900e-02
4.709267708334267943e-02
4.611778034611675042e-02
4.513664150746272280e-02
4.416037032035700222e-02
4.319901307390051903e-02
4.226152162697897202e-02
4.135573970594570714e-02
4.048840481899793758e-02
3.966516411142136794e-02
3.889060247371241286e-02
3.816828124598413419e-02
3.750078589709098659e-02
3.688978112618741811e-02
3.633607190639113332e-02
3.583966908309286353e-02
3.539985823223607692e-02
3.501527059337172787e-02
3.468395499434615004e-02
3.440344979591250518e-02
3.417085399479241614e-02
3.398289672737143940e-02
3.383600452399680714e-02
3.372636576237342254e-02
3.364999186264038683e-02
3.360277486031742339e-02
3.358054107083603690e-02
3.357910064341556450e-02
3.359429286596196662e-02
3.362202715152973892e-02
3.365831969100790966e-02
3.369932580816994983e-02
3.374136809755108601e-02
3.378096046324698121e-02
3.381482820911854009e-02
3.383992435751977806e-02
3.385344239446157200e-02
3.385282565852388431e-02
3.383577359923849864e-02
3.380024514275994235e-02
3.374445940500269553e-02
3.366689399693309492e-02
3.356628116145455448e-02
3.344160198281576762e-02
3.329207889889316402e-02
3.311716674316723258e-02
3.291654253156502813e-02
3.269009420125979642e-02
3.243790849491656747e-02
3.216025817488579047e-02
3.187137467924505696e-02
3.198239508055195079e-02
3.208626311965249306e-02
3.218217917357940605e-02
3.226942403710682944e-02
3.234735692491578357e-02
3.241541321997810227e-02
3.247310200482615011e-02
3.252000340834321906e-02
3.255576579919044339e-02
3.258010285644788451e-02
3.259279054114314067e-02
3.259366399718717500e-02
3.258261440339703385e-02
3.255958579669838981e-02
3.252457188755789042e-02
3.247761288408150537e-02
3.241879234122291981e-02
3.234823404848512218e-02
3.226609896920871329e-02
3.217258224329206523e-02
3.206791026132446709e-02
3.195233781993666450e-02
3.182614536561013258e-02
3.169000983526669424e-02
3.154887382701612036e-02
3.139798901438352330e-02
3.123770504132527062e-02
3.106838559158552754e-02
3.089040623531165083e-02
3.070415238615484960e-02
3.051001736569762535e-02
3.030840057932307138e-02
3.009970579813872268e-02
2.988433955005883116e-02
2.966270961526738109e-02
2.943522362439194781e-02
2.920228775980260663e-02
2.896430555261809633e-02
2.872167677839275110e-02
2.847479644159201656e-02
2.822405385264826691e-02
2.796983178885156796e-02
2.771250573834795408e-02
2.745244322252886338e-02
2.719000319430898288e-02
2.692553550765574080e-02
2.665938045505991325e-02
2.639186836976428058e-02
2.612331928833143760e-02
2.585404267102860490e-02
2.558433717630995835e-02
2.531449048434586055e-02
2.504477916960164835e-02
2.477546861567155728e-02
2.450681297222630575e-02
2.423905514855474383e-02
2.397242684249161968e-02
2.370714860116554870e-02
2.344342991090724027e-02
2.318146931447069570e-02
2.292145455136736926e-02
2.266356272057626700e-02
2.240796046275246242e-02
2.215480415991699648e-02
2.190424015099389637e-02
2.165640495944719940e-02
2.141142553394480286e-02
2.116941949868537259e-02
2.093049541156566037e-02
2.069475303036257680e-02
2.046228358310890269e-02
2.023317004379191972e-02
2.000748741080073459e-02
1.978530298699107334e-02
1.956667666083653292e-02
1.935166118816784159e-02
1.914030247192946912e-02
1.893263984117727824e-02
1.872870632756920908e-02
1.852852893810936000e-02
1.833212892530577259e-02
1.813952205263763551e-02
1.795071885554614180e-02
1.776572489728047224e-02
1.758454101981620638e-02
1.740716358868174551e-02
1.723358473207934824e-02
1.706379257369277855e-02
1.689777145955439000e-02
