5.521936687604289684e-01
5.528121867097363085e-01
5.563940684761272681e-01
5.542772760158946044e-01
5.587776671799007389e-01
5.617826089083359786e-01
5.677084518388606504e-01
5.702067284582521545e-01
5.751039747952687575e-01
5.915151140011859487e-01
7.109081320730801234e-01
6.995710057468601528e-01
8.431928068553450339e-01
1.116869081213551551e+00
7.805066050117032139e-01
8.409242446194856724e-01
1.083197978734301570e+00
9.750436825022220644e-01
1.162583500181807450e+00
1.091805776727790001e+00
9.121829278026517551e-01
1.198153562741573808e+00
1.483684173904676662e+00
1.917740699921507419e+00
2.005849271244304344e+00
1.568358590049789170e+00
1.710641742580363278e+00
2.108073458890329377e+00
2.129022196663429067e+00
1.784516553112667436e+00
1.547493525097192180e+00
1.478841329873437971e+00
1.892322609626762908e+00
2.369870757781734838e+00
2.191457998212115399e+00
1.700025747257816855e+00
1.114554133143174086e+00
9.383382114486136238e-01
8.909686893757534643e-01
8.921530001837857382e-01
9.222685107885277844e-01
9.843301740263317168e-01
1.050456703775958456e+00
1.118993515325876542e+00
1.197980906479828800e+00
1.247912147687040507e+00
1.173686326557688009e+00
1.272695212754837213e+00
1.400906670839228596e+00
1.431857603558453595e+00
1.522421519046756266e+00
1.416436090058818653e+00
1.412244118906051948e+00
1.464989250894732864e+00
1.480001190610426232e+00
1.663732717278248563e+00
1.778042832620712943e+00
1.952860050781869861e+00
1.978223933094030995e+00
1.907927206720448465e+00
2.281116920363230438e+00
2.509169461717221772e+00
2.423383852675125016e+00
2.381058492897844214e+00
2.263537164597440920e+00
2.139555467290716440e+00
2.427298846722913961e+00
2.680113726302010502e+00
2.924472564270404806e+00
3.185263928659706423e+00
3.326822975895397771e+00
3.275669095424376565e+00
3.008819681911071964e+00
2.884180440106488330e+00
2.821686477098184209e+00
2.539980970256302761e+00
2.195491188107995040e+00
2.008160176943468045e+00
2.084425678844541441e+00
2.293334760109179360e+00
2.461726125167177148e+00
2.515122445772203452e+00
2.469856544161149969e+00
2.387739969635967352e+00
2.335363018898485521e+00
2.337992768277359357e+00
2.374229554100823147e+00
2.404693595217816338e+00
2.527132382697613977e+00
2.749522967568206244e+00
3.043822593580611802e+00
3.214193589307715371e+00
3.275977030600898843e+00
3.253779264713336783e+00
3.173588833095807527e+00
3.036053675019807052e+00
2.803831866841840714e+00
2.527772957651567953e+00
2.213666298533153221e+00
1.927780577172808041e+00
1.639746880283893926e+00
1.378967084045532143e+00
1.256680206715836245e+00
1.133828732896589475e+00
1.022302093741082718e+00
9.320027738605776157e-01
8.661728475636663038e-01
8.228199620034299944e-01
7.953361412131410013e-01
7.745747752588494350e-01
7.517556703914678451e-01
7.212227986982762129e-01
7.016867356722686910e-01
6.997941861879283243e-01
6.898891143708151263e-01
6.711495798143102265e-01
6.771523472449477721e-01
6.656323441252043338e-01
6.804772877845606249e-01
6.855205702472164653e-01
6.774404868985151040e-01
6.591066260696049062e-01
6.340203838893095911e-01
6.055464287444402016e-01
5.763361754990978802e-01
5.481936243524809793e-01
5.217403771298664283e-01
4.980737565259444888e-01
4.897027848958361851e-01
4.807975526816874456e-01
4.700667740257906124e-01
4.558018713263933819e-01
4.401643168741974921e-01
4.373195016432731008e-01
4.321276332280528099e-01
4.243514198305470830e-01
4.138799764845619289e-01
4.163396204122903899e-01
4.200257548341285729e-01
4.213364112199895484e-01
4.199707930467561079e-01
4.157835176838388103e-01
4.089020601133008803e-01
3.996680095284137479e-01
3.881239799722040473e-01
3.744733993675077310e-01
3.589879751981851497e-01
3.513004813398268866e-01
3.543842532852244376e-01
3.535516476509946160e-01
3.491949769631411682e-01
3.414670377481992536e-01
3.306933909185647003e-01
3.173779601069148248e-01
3.056513478524021110e-01
2.910312254102100926e-01
2.890384726213951483e-01
2.902740696640482287e-01
2.873091773192812393e-01
2.808919751334233994e-01
2.716290124917409843e-01
2.603232721960148099e-01
2.549459025488664543e-01
2.533064912304517358e-01
2.489855028172323625e-01
2.430455757737805811e-01
2.364780407848817434e-01
2.299533328629837226e-01
2.239554880567670714e-01
2.186536468738806138e-01
2.139324667555647930e-01
2.094513333281321499e-01
2.058988413589335209e-01
2.008071937823418252e-01
1.950666504510397137e-01
1.977432350515242743e-01
2.007925016480447133e-01
2.026960910991845721e-01
2.083630253908749230e-01
2.135029715680585305e-01
2.176638969612207097e-01
2.206459802851418461e-01
2.223631719753775271e-01
2.225592073287422645e-01
2.211667110772778944e-01
2.181887637068294639e-01
2.137269885121390878e-01
2.077444328236298099e-01
2.008995263136489628e-01
1.947957322765630772e-01
1.878046463848624670e-01
1.800800979279819636e-01
1.717405970969423934e-01
1.664321707144309215e-01
1.670889085194003643e-01
1.664236516436510549e-01
1.644798502520977146e-01
1.615412684665208654e-01
1.592808968082286281e-01
1.565085146601373212e-01
1.532612380960290677e-01
1.508849717085591902e-01
1.491596660084212600e-01
1.471316142404331395e-01
1.446788267324478350e-01
1.419039682790677048e-01
1.388757649249604542e-01
1.355336795212764012e-01
1.319466122488986426e-01
1.282268403423801051e-01
1.243030517543903674e-01
1.229943296674869541e-01
1.222636020769891502e-01
1.214245828107967523e-01
1.204586784990380605e-01
1.193476941926823048e-01
1.181049231222516538e-01
1.167967128975592045e-01
1.154049170630479237e-01
1.139152865845381168e-01
1.123397078092499141e-01
1.106928820710604139e-01
1.090424164302222498e-01
1.073345449338860697e-01
1.055790618925729896e-01
1.037851670556094313e-01
1.019614535450671378e-01
1.001346899786890038e-01
9.831959034782446205e-02
9.649345122879258996e-02
9.466259132422649714e-02
9.283275477009551857e-02
9.100912811738388897e-02
8.919636028973951247e-02
8.739858497235195034e-02
8.563893697374955205e-02
8.390753079006367521e-02
8.219846444290192233e-02
8.051420605522932594e-02
7.896997744758389726e-02
7.991979378035597714e-02
8.069105711161166095e-02
8.126628552102847791e-02
8.164694121546058059e-02
8.183622446540307627e-02
8.184514157959968395e-02
8.172523012300772494e-02
8.143075817284321782e-02
8.096921237745723088e-02
8.034878174020523844e-02
7.957819413200954706e-02
7.871936922316130625e-02
7.772784856182803070e-02
7.661192954307130543e-02
7.538106817098461088e-02
7.404472553912321009e-02
7.263861022781976928e-02
7.116138074815846204e-02
6.960369239076523440e-02
6.797440639093352277e-02
6.628216503682093919e-02
6.453536784979223284e-02
6.274596810547483638e-02
6.156902394369236087e-02
6.198852941215433204e-02
6.236875346561716188e-02
6.270037419331775386e-02
6.298289169566972934e-02
6.323029379174595344e-02
6.342478295594339288e-02
6.358958851489587838e-02
6.370482968880290808e-02
6.378679462436008529e-02
6.382610786502598832e-02
6.382626839863345114e-02
6.379286606667412818e-02
6.371189373515848131e-02
6.360464356279617315e-02
6.345572187027176403e-02
6.326179268573997594e-02
6.304226028309262153e-02
6.278535982529373505e-02
6.248624890459383158e-02
6.214607283578656161e-02
6.178757141672479303e-02
6.139167266706355153e-02
6.095789096659025991e-02
6.048754139304361732e-02
5.998288251208289124e-02
5.946488533020858475e-02
5.891388327947954390e-02
5.833134250363160994e-02
5.771876666999069955e-02
5.707769347451242120e-02
5.640969093115021787e-02
5.572810610148023341e-02
5.502861618680120193e-02
5.430628476961026768e-02
5.356275318908627903e-02
5.279967421393125249e-02
5.201870760531175641e-02
5.122151566537416073e-02
5.040975880306090839e-02
4.958509114442877924e-02
4.875494290182961349e-02
4.792124128011305412e-02
4.707874217158133229e-02
4.622904019554039540e-02
4.537370476289782212e-02
4.451427638350944488e-02
4.365226316006916990e-02
4.278913748650720050e-02
4.192633296059603693e-02
4.106524151988008575e-02
4.020721080776634704e-02
3.935354177524619940e-02
3.850548652183104908e-02
3.766424637692346311e-02
3.683097022160763956e-02
3.600675305022437572e-02
3.571415009148416753e-02
3.585275122796243580e-02
3.597878021026922057e-02
3.609223789557004097e-02
3.619314686493019934e-02
3.628155071655479735e-02
3.635751332281936254e-02
3.642111805952485265e-02
3.647246700794643665e-02
3.651168013661685446e-02
3.653889446515664469e-02
3.655426321499712083e-02
3.655795494948723551e-02
3.655015270850406339e-02
3.653105313917116848e-02
3.650086562684035779e-02
3.645981142901196653e-02
3.640812281441547366e-02
3.634604221102542831e-02
3.627382136347943875e-02
3.619172050385173478e-02
3.610278798018639462e-02
3.600764958924187326e-02
3.590335276390141384e-02
3.579017943516348693e-02
3.566841646181211078e-02
3.553835490400385211e-02
3.540028931945789908e-02
3.525451708376696469e-02
3.510133773330336576e-02
3.494105233348555190e-02
3.477396287183425611e-02
3.460037167630902050e-02
3.442058085918383442e-02
3.423489178732767868e-02
3.404360457737354989e-02
3.384701761723828140e-02
3.364542711308562972e-02
3.343912666215578811e-02
3.322840685023651514e-02
3.301355487410969486e-02
3.279485418918978712e-02
3.257258418028430302e-02
3.234701985632327387e-02
3.211843156840629016e-02
3.188708474996891640e-02
3.165387709771032287e-02
3.142122160274599119e-02
3.118643956535934597e-02
3.094977608337873623e-02
3.071147047215518414e-02
3.047175611876474025e-02
3.023086035415125175e-02
2.998900434293585299e-02
2.974640298964603344e-02
2.950326486147468105e-02
2.925979212552636335e-02
2.901618050172316554e-02
2.877261922932696295e-02
2.852929104565887775e-02
2.828637217932889608e-02
2.804403235391041485e-02
2.780243480300069459e-02
2.756173629698588715e-02
2.732208717828704669e-02
2.708363140689202392e-02
2.684650661478776498e-02
2.661084416765180719e-02
2.637676923518058117e-02
2.614440086804287189e-02
2.591385208077098129e-02
2.568522994188818590e-02
2.545863566837397104e-02
2.523416472604450914e-02
2.501190693364482506e-02
2.479194657215687964e-02
2.457436249626837599e-02
2.435922825066800732e-02
2.414661218829742065e-02
2.393657759154206588e-02
