7.401071720165846024e-01
7.406996348066930969e-01
7.412142969932473680e-01
7.407819065219986010e-01
7.499555098395395136e-01
7.566529764951018810e-01
7.605857013512105080e-01
8.374014778292203642e-01
8.626683609361994742e-01
9.913464645256774288e-01
1.404411516226613976e+00
2.353242063624486846e+00
1.276691311572825782e+00
1.558648478549306660e+00
2.129790522596768376e+00
1.619233334659805568e+00
1.756140365447981244e+00
1.261667226446258505e+00
1.342011246039831018e+00
1.453362742737459135e+00
1.776031034880796167e+00
1.891684279714321848e+00
1.906254760426113304e+00
2.016265300953931305e+00
2.026672694536235664e+00
2.755312987533388380e+00
2.302456100173983167e+00
2.998996596185669716e+00
3.177964906797520861e+00
3.057333782221834273e+00
3.563255575573597511e+00
4.601050074337488027e+00
5.237446697029845666e+00
5.018510187284443980e+00
4.121910348297716631e+00
4.347839957743236283e+00
3.821600713078732170e+00
3.695655670044191154e+00
3.985034989678199135e+00
4.314721466920798498e+00
4.591503442584862427e+00
4.351417302310790269e+00
3.923066027300078140e+00
3.912781789877595173e+00
3.891668047720544976e+00
4.169417088602683563e+00
4.756648629990244181e+00
4.726845074091972521e+00
3.748460832808069298e+00
2.585727943711327637e+00
1.865185383995936474e+00
1.483153742435433520e+00
1.319230991171597145e+00
1.222201179152549777e+00
1.117947336103069178e+00
1.026439613218919522e+00
9.508521530035780600e-01
9.070313880930064299e-01
8.854864886320613637e-01
8.755909134097510371e-01
8.764424459138997481e-01
8.884673871252812827e-01
8.968519288327154726e-01
8.573280634353684926e-01
8.021359104330808565e-01
7.815789356427174095e-01
7.455970823774108469e-01
7.089803485643000336e-01
6.882697692939006018e-01
6.438321886429675400e-01
6.229940013338002291e-01
6.185625859838578267e-01
5.889478338128484314e-01
5.388641371258264812e-01
4.728799575115967824e-01
4.275145299072243832e-01
4.376483650966145333e-01
4.175623178614408793e-01
3.962022246854711161e-01
3.896522974895869629e-01
3.830995667025592355e-01
3.737213451752432469e-01
3.611289152500364863e-01
3.442886387843146490e-01
3.229350193805710090e-01
3.343862857121495669e-01
3.568887979006782341e-01
3.618418692316326402e-01
3.493225453347952869e-01
3.233146871071090889e-01
2.887543946808217576e-01
2.868383276388234981e-01
2.853942305813406688e-01
2.770081878459244584e-01
2.631867237023700068e-01
2.473071868074576407e-01
2.318381526510762958e-01
2.175523317714768978e-01
2.052308794843218098e-01
1.950509530271669623e-01
1.868070538013600346e-01
1.801059437840815125e-01
1.745070466970230216e-01
1.696056656617949687e-01
1.650704008676338042e-01
1.606506063254082017e-01
1.578121593994352145e-01
1.559290198798995164e-01
1.535684271029310599e-01
1.506517641558286769e-01
1.474292736000089032e-01
1.435357715288676783e-01
1.389682563267285731e-01
1.337510546690945656e-01
1.279331119946792161e-01
1.216732659680613698e-01
1.174632100139226115e-01
1.195635683403770827e-01
1.201239955504591062e-01
1.193905340705005147e-01
1.172843910266995471e-01
1.189625482337356432e-01
1.230613228901051986e-01
1.245405141828822282e-01
1.228596063563673207e-01
1.293574910097499420e-01
1.362137980010520721e-01
1.402413600738887656e-01
1.415567694228099804e-01
1.403794493789791153e-01
1.375505378880554630e-01
1.335480204170785279e-01
1.290873637706612953e-01
1.250492915569536845e-01
1.218269231693255433e-01
1.197152212537045957e-01
1.188133639322332402e-01
1.189845694842640855e-01
1.198962046515240215e-01
1.210785430527366036e-01
1.222473490461970236e-01
1.226788359123714978e-01
1.218990735285774007e-01
1.198633608640547049e-01
1.159715809338197623e-01
1.105038377896983004e-01
1.031650911535835491e-01
9.632336613195884023e-02
9.223661644646538593e-02
9.270554392990212889e-02
9.231845022767704023e-02
9.125530211870172548e-02
9.051114328224904582e-02
8.992243510598053879e-02
8.766813926042316130e-02
8.900159815890582027e-02
9.299856935528298674e-02
9.601464022162913003e-02
9.803329558310699965e-02
9.920109006038763111e-02
9.928511687034088928e-02
9.838175108999919205e-02
9.667567395119031071e-02
9.403022444420347514e-02
9.054554646704308929e-02
8.651497800723707832e-02
8.190651491123297767e-02
7.682069127572657696e-02
7.571105382654444438e-02
7.477131511421393484e-02
7.363341459802917599e-02
7.206475975802568990e-02
7.065194835908771009e-02
6.915129063358427253e-02
6.754750242076075495e-02
6.622685103929185080e-02
6.499494244714661140e-02
6.349869982594068263e-02
6.172767316702563317e-02
6.158597588605471684e-02
6.233522954245034747e-02
6.285319206712802753e-02
6.314361526445962103e-02
6.325267080729163327e-02
6.320197577104533226e-02
6.294164383521881623e-02
6.248032579776795908e-02
6.182766872061026125e-02
6.099416150054591534e-02
6.054879066458095788e-02
6.041363217474818303e-02
6.024665148512532015e-02
6.004872634938381720e-02
5.982077324100800592e-02
5.956374225330861305e-02
5.927861249171877123e-02
5.896638789883728443e-02
5.862809345553580270e-02
5.835038581030788096e-02
5.865044112017241129e-02
5.878449452408564951e-02
5.879544327315099767e-02
5.868285881950773691e-02
5.842205667614946279e-02
5.802051149602439895e-02
5.748616523228784747e-02
5.682733452573823091e-02
5.605262257502541950e-02
5.517083583408468467e-02
5.419090581196500667e-02
5.357645656396291256e-02
5.433041217024725533e-02
5.656135378665431979e-02
5.839658156219020013e-02
5.991023792486837446e-02
6.100676335423738800e-02
6.175752851248260400e-02
6.211927228156682163e-02
6.211497658577621456e-02
6.178639826034172666e-02
6.110996538439353309e-02
6.013028585535556969e-02
5.887901942966914520e-02
5.734078884969926598e-02
5.557807868723002587e-02
5.415328951597891266e-02
5.492291367821316994e-02
5.540239444196862900e-02
5.560231262724994739e-02
5.557636739910855328e-02
5.533599248075447841e-02
5.485945279045594675e-02
5.416530700333932469e-02
5.330073457232621659e-02
5.229557415347258625e-02
5.112932606948900061e-02
4.982280101329778638e-02
4.839811541648561533e-02
4.692102756514556633e-02
4.535941257310600883e-02
4.373216362501796545e-02
4.205723672848612343e-02
4.035151302690796055e-02
3.904859755516297548e-02
3.903346756466127138e-02
3.897051033005261012e-02
3.886284192502628687e-02
3.871357330768105537e-02
3.852579073864746684e-02
3.830253826727305494e-02
3.804680221482713981e-02
3.776149757928520811e-02
3.744945627171832742e-02
3.711341709049661292e-02
3.675601733248146791e-02
3.637978593816261486e-02
3.598713806430694356e-02
3.558037097707932722e-02
3.516166116052003854e-02
3.473306253278050232e-02
3.429650566933043626e-02
3.385379793188435238e-02
3.340662440590213417e-02
3.295654955538369901e-02
3.250501950525535449e-02
3.205362423678482370e-02
3.161111881694729508e-02
3.117021251455206338e-02
3.073194024502350075e-02
3.029723651431394035e-02
2.986693974438876450e-02
2.944179676499383835e-02
2.902246742195559170e-02
2.860952925892452231e-02
2.820348222926144857e-02
2.780475340629911044e-02
2.741370165622305025e-02
2.703062224799111096e-02
2.665575137594733759e-02
2.628927057351427773e-02
2.593131100034887573e-02
2.558195758960972108e-02
2.524125304139246753e-02
2.490920165465596720e-02
2.458577298926114749e-02
2.427090535323159215e-02
2.396450911216524773e-02
2.366646981856667525e-02
2.337665116208502425e-02
2.309489773943141852e-02
2.282103764858017109e-02
2.255488490894928810e-02
2.229624171203994226e-02
2.204490050681969654e-02
2.180064592545535168e-02
2.156325655524666055e-02
2.133250656202387296e-02
2.110816717264796596e-02
2.089000802196765844e-02
2.067779837123500178e-02
2.047130820594400200e-02
2.027030921775754141e-02
2.007457567873868060e-02
1.988388521458043720e-02
1.969801948232286631e-02
1.951676475991010601e-02
1.933991245319078775e-02
1.916725952702161978e-02
1.899860886506648389e-02
1.883376956564566593e-02
1.867255717687758831e-02
1.851479387805557777e-02
1.836030861086761223e-02
1.820893716544138077e-02
1.806052222560911372e-02
1.791491337748828475e-02
1.777196708466990266e-02
1.763154663449607862e-02
1.749352205807595470e-02
1.735777002732274976e-02
1.722417373206111893e-02
1.709262273973888996e-02
1.696301284045891380e-02
1.683524587909772385e-02
1.670922957713304527e-02
1.658487734615894660e-02
1.646210809423527890e-02
1.634084602711224563e-02
1.622102044601590395e-02
1.610256554270434598e-02
1.598542019325725067e-02
1.586952775199177226e-02
1.575483584574631848e-02
1.564129617008161791e-02
1.552886428738148306e-02
1.541749942857624685e-02
1.530716429777000988e-02
1.519782488111526102e-02
1.508945026040765455e-02
1.498201243090704383e-02
1.487548612470851461e-02
1.476984863931158493e-02
1.466507967165890484e-02
1.456116115734959471e-02
1.445807711671185172e-02
1.435581350555705828e-02
1.425435807241250998e-02
1.415370022127975837e-02
1.405383088053769117e-02
1.395474237726432656e-02
1.385642831765045331e-02
1.375888347281173374e-02
1.366210366999209141e-02
1.356608568979674780e-02
1.347082716808477645e-02
1.337632650329098095e-02
1.328258276902315876e-02
1.318959563144720890e-02
1.309736527099875612e-02
1.300589230935935738e-02
1.291517774079671554e-02
1.282522286721199563e-02
1.273602923802055059e-02
1.264759859375893039e-02
1.255993281353218020e-02
1.247303386616830170e-02
1.238690376492187009e-02
1.230154452553162796e-02
1.221695812757094511e-02
1.213314647883559014e-02
1.205011138281732522e-02
1.196785450878372695e-02
1.188637736462369934e-02
1.180568127259666589e-02
1.172576734663980345e-02
1.164663647306785933e-02
1.156828929257341411e-02
1.149072618465652763e-02
1.141394725430635096e-02
1.133795231964453143e-02
1.126274090239464711e-02
1.118831221908794110e-02
1.111466517451046784e-02
1.104179835607169841e-02
1.096971002971353602e-02
1.089839813737433077e-02
1.082786029513342976e-02
1.075809379291950418e-02
1.068909559505089486e-02
1.062086234167161462e-02
1.055339035132329788e-02
1.048667562422085468e-02
1.042071384611553166e-02
1.035550039327980294e-02
1.029103033777638114e-02
1.022729845354843244e-02
1.016429922283634130e-02
1.010202684334256772e-02
1.004047523586473062e-02
9.979638051811517627e-03
