1.362059441359869949e-01
1.360192036248406011e-01
1.356929069957932554e-01
1.374441744724302084e-01
1.380866994308843909e-01
1.393450872799767148e-01
1.429645828938624630e-01
1.543361526478769230e-01
1.733241478966484339e-01
2.213540194036983100e-01
2.503923827445055927e-01
2.461188671110385029e-01
3.111834482858595874e-01
2.487776123030209507e-01
2.917153149438022619e-01
3.602512810299880464e-01
3.748436067050798237e-01
4.292764495047632356e-01
4.000239719208718014e-01
3.607678632909671612e-01
3.558682409981381856e-01
4.095443707684031098e-01
3.722847053748009616e-01
4.032614050095573721e-01
4.371199927035352428e-01
5.498847794707960590e-01
5.990245825807335445e-01
6.887776740558541055e-01
7.158770410547284913e-01
7.348469315475760766e-01
7.818082841122404592e-01
5.439772163311794584e-01
5.437812172644926889e-01
4.548155751895973098e-01
4.068664900514605831e-01
3.399353653873045666e-01
3.181540196956079147e-01
3.871708152427686955e-01
3.379006227146543195e-01
3.469835111529587790e-01
3.341714852458819163e-01
3.206497418477483041e-01
3.118278899423554407e-01
3.023383837699004650e-01
3.752783615623568325e-01
3.518044229573223936e-01
3.611287241502674772e-01
3.565852835982142865e-01
3.319259340479369103e-01
3.457119646524222101e-01
3.782307198101885204e-01
3.800697408980043823e-01
3.917498398746548371e-01
4.627050630720575541e-01
4.804052252441026183e-01
4.179855111779193777e-01
4.074923035677417982e-01
4.057590211376993494e-01
4.717314026760785484e-01
4.923694720913895928e-01
5.276274553741594486e-01
5.073969411282637232e-01
4.647501236074232378e-01
4.793873055654235826e-01
4.663417671237623519e-01
4.944563671440322938e-01
5.309377941007842328e-01
5.643122077026215822e-01
6.027624093349545076e-01
6.153566167017306965e-01
6.048787851447707808e-01
6.131632316475551514e-01
5.885187100897573131e-01
6.870638545369397443e-01
7.585219567984033961e-01
7.961324413674284450e-01
7.943955707343506312e-01
7.445120401245358677e-01
6.422928055032038896e-01
6.823690026042541490e-01
7.461911922882665804e-01
8.058510888131243943e-01
8.712233353515108636e-01
8.973501849638507721e-01
8.827212044369984190e-01
8.917441181527525629e-01
9.694701825259968153e-01
1.068216290673614344e+00
1.081629238665444248e+00
1.083521602490923996e+00
1.158864948308703680e+00
1.146212264734051578e+00
1.058146969789224956e+00
9.532148251193082178e-01
8.698824814748439271e-01
8.080157915803553026e-01
7.528894840233968377e-01
6.967251959036390163e-01
6.494644954234380929e-01
6.495370286646616753e-01
6.131642904881801082e-01
5.997718616678747727e-01
6.375220976084897684e-01
6.628574699873438503e-01
6.353384480654673538e-01
6.204809582482068153e-01
6.116381375558593847e-01
5.921372218421193656e-01
5.465698728044099397e-01
5.112126629318404225e-01
4.950689220464440932e-01
4.968511949437393049e-01
4.861699448363980824e-01
4.506036092111975755e-01
4.022978022567537115e-01
3.535499503284874057e-01
3.170555113472824926e-01
2.923073116377327696e-01
2.795478639404612720e-01
2.755047712905570045e-01
2.750026151946415864e-01
2.825487717494795104e-01
2.804500492803101430e-01
2.609991086474164335e-01
2.514722970200266583e-01
2.419945803804059159e-01
2.340967834037918638e-01
2.299668868901072749e-01
2.303650255209712117e-01
2.327584101281992834e-01
2.359324486813108579e-01
2.388781256074969384e-01
2.405578472268641854e-01
2.403153305830298125e-01
2.377795393447393602e-01
2.327664910858762704e-01
2.253387623222818659e-01
2.195563191267609349e-01
2.164302292139680672e-01
2.115564860849041551e-01
2.047166213247257338e-01
1.960831455078164698e-01
1.920398351435866902e-01
1.880107168713958110e-01
1.824470072743892279e-01
1.753974665154447721e-01
1.671199329618143770e-01
1.620404936981819921e-01
1.649242941388414374e-01
1.642355552855466194e-01
1.606561393206826505e-01
1.546861568605364945e-01
1.500854842163694136e-01
1.606495033671168637e-01
1.713986908893038452e-01
1.756395452019332559e-01
1.741740153214887954e-01
1.682793744986680329e-01
1.592672897946526278e-01
1.548917651125296668e-01
1.508237914773911947e-01
1.461754856378935374e-01
1.411288155413657208e-01
1.354381530666018407e-01
1.285349541904753090e-01
1.198174315427528308e-01
1.091402034866605641e-01
9.824610643465556126e-02
9.692045235239124534e-02
9.482925138581792257e-02
9.601183450025933819e-02
9.774811974123384650e-02
9.786705252518484999e-02
9.631684265346374119e-02
9.315457642139622629e-02
8.848304231103790163e-02
9.219509730541886050e-02
9.765062217100815845e-02
1.004173813948758542e-01
1.002934905119209630e-01
9.785246773880779125e-02
9.406048049992207782e-02
8.989503611825747087e-02
8.832839238594213105e-02
8.845893341874515314e-02
8.914213593123361534e-02
9.009418071666433492e-02
9.066507421329063343e-02
9.023810539502034878e-02
8.841871245815741132e-02
8.520082767799021239e-02
8.089354961688652312e-02
7.613633921117661518e-02
7.163185134201108251e-02
6.806014257101822285e-02
6.580614116654627532e-02
6.491851405146181753e-02
6.507248530026590871e-02
6.565536953507332407e-02
6.602111013355378699e-02
6.558685121802720897e-02
6.580103037626219842e-02
6.681344583248144398e-02
6.661190000840884473e-02
6.506853990330555004e-02
6.396579266715128609e-02
6.400000311056268376e-02
6.365338349157038944e-02
6.293145142838292572e-02
6.186085020990126498e-02
6.041359760954747443e-02
5.858714930942950094e-02
5.639094518368430176e-02
5.473784446203298903e-02
5.305809467625450387e-02
5.075922982028077679e-02
4.868854250856624599e-02
4.657867813168040799e-02
4.844743186759332271e-02
4.944646523742583788e-02
4.960822319378230955e-02
4.898512166946665525e-02
4.767700147521757720e-02
4.581171962775611867e-02
4.394834374014568862e-02
4.161175553576414859e-02
4.233372622858040668e-02
4.342640530132986509e-02
4.393957160380056876e-02
4.397932911942550177e-02
4.368038457976143596e-02
4.320872392478045804e-02
4.264158956649171522e-02
4.210064443054111621e-02
4.160772682737717137e-02
4.120072562460359161e-02
4.085390554149887637e-02
4.052037182097267820e-02
4.017734523700861732e-02
3.974370469072999873e-02
3.920079390980124590e-02
3.850716416293713945e-02
3.766375297568471531e-02
3.668571691124549589e-02
3.559290888116860979e-02
3.445283036681437427e-02
3.330887825683266634e-02
3.221750111897962038e-02
3.123335160452758372e-02
3.039842083297703348e-02
2.973752200002584625e-02
2.925597609436697902e-02
2.893958783738783541e-02
2.875672927180524321e-02
2.866213244741098662e-02
2.860820674604587499e-02
2.854096153584736659e-02
2.839979689922922379e-02
2.813638052320734106e-02
2.773732614714244024e-02
2.715645933830274084e-02
2.639431528897563314e-02
2.661833420425174443e-02
2.710700256447962780e-02
2.747316543919131257e-02
2.770028431749268702e-02
2.778869445809467251e-02
2.772744831124923648e-02
2.752110622989703895e-02
2.719545212414044288e-02
2.675383941005675045e-02
2.622710345355089637e-02
2.563317929866826619e-02
2.500489007086608220e-02
2.435702655552250337e-02
2.372059047487325850e-02
2.316411616520801242e-02
2.264384537891786162e-02
2.217012930019163219e-02
2.174364978397310202e-02
2.136785178242257138e-02
2.104089792638416667e-02
2.075637388619486559e-02
2.050688972284426051e-02
2.028291487635630261e-02
2.006509008591397802e-02
1.983880953744878578e-02
1.958991848313899886e-02
1.933178528362072476e-02
1.907390606289049301e-02
1.881229381342123391e-02
1.904820402866709908e-02
1.927917521118709468e-02
1.949613246419905008e-02
1.968398289228813491e-02
1.983316762348499157e-02
1.993935208013250179e-02
2.000057773479670467e-02
2.000373608014564125e-02
1.994537651973161962e-02
1.983589272309475848e-02
1.966411308901165958e-02
1.942994333731805010e-02
1.914297886659883235e-02
1.880501703503715746e-02
1.841486550559188334e-02
1.797793944586790343e-02
1.750928699211671408e-02
1.700635598300111531e-02
1.647489606022292316e-02
1.592179485772199019e-02
1.535394538530774657e-02
1.482405640791545007e-02
1.468802055573190449e-02
1.455412396017856380e-02
1.442262234479471314e-02
1.429277504056251577e-02
1.416456488422081911e-02
1.403795640926165308e-02
1.391289853156131226e-02
1.378932712931825455e-02
1.366716750047383341e-02
1.354633668402334401e-02
1.342674563430428653e-02
1.330830124052620640e-02
1.319090818563122859e-02
1.307447064171402863e-02
1.295889380074546383e-02
1.284408524090487405e-02
1.272995613154170175e-02
1.261642227971793671e-02
1.250340502398064775e-02
1.239083198082011582e-02
1.227863765105086623e-02
1.216676389337707255e-02
1.205516027348263117e-02
1.194378429674834881e-02
1.183260153400100302e-02
1.172158564848956551e-02
1.161071833331503086e-02
1.149998916874770197e-02
1.138939540717024725e-02
1.127894169536192322e-02
1.116863974149731077e-02
1.105850793572184763e-02
1.094857093144686010e-02
1.083885919451057882e-02
1.072940852796429832e-02
1.072408736339328789e-02
1.075009728688013609e-02
1.077338656553192796e-02
1.079379576349758819e-02
1.081118047883452941e-02
1.082541206393565665e-02
1.083637819990440100e-02
1.084398332418975465e-02
1.084814891320211652e-02
1.084881362341084780e-02
1.084593329452593173e-02
1.083948082191205434e-02
1.082944590523005242e-02
1.081583468014752671e-02
1.079866924376390695e-02
1.077798708171180675e-02
1.075384040748562052e-02
1.072629542360309385e-02
1.069543151537912483e-02
1.066134038695557354e-02
1.062412515009280786e-02
1.058389937539301433e-02
1.054176620702973119e-02
1.049701280584059045e-02
1.044961058752772072e-02
1.039970294808767286e-02
1.034743898342238740e-02
1.029297250024226694e-02
1.023646104584041878e-02
1.017806496196115885e-02
1.011794646815762297e-02
1.005626878050536709e-02
9.993195268405754075e-03
9.928888653974220560e-03
9.863510256668352183e-03
9.797219285562470611e-03
9.730172181499392378e-03
9.662522009567405673e-03
9.594417904031853767e-03
9.526004564935535227e-03
9.457421807318911952e-03
9.388804161927836317e-03
9.320280527221122893e-03
9.251973871121173601e-03
9.184000981793548693e-03
9.116472265180712922e-03
9.049491587909333848e-03
8.983156163391788768e-03
8.917556479309182715e-03
8.852776263471938412e-03
8.788892486611516244e-03
8.725975398916225104e-03
