1.600901623494947190e-01
1.598154171897112064e-01
1.620732315763593057e-01
1.612071176515444959e-01
1.625054100353796604e-01
1.640868681992879441e-01
1.842125282890498816e-01
1.964295410016817511e-01
1.977844531806918771e-01
2.507222150705162855e-01
2.859475665201061112e-01
4.145210773325273546e-01
2.742802805519177767e-01
4.432448080621407827e-01
4.459564244766867636e-01
3.794409309306169820e-01
4.166226824869166956e-01
3.870503133839782728e-01
4.440962757431888841e-01
4.652497680237974165e-01
4.792653944679275968e-01
5.186538886740081900e-01
7.251739749850832917e-01
8.069645121574302582e-01
7.618640934487324046e-01
7.351251224672746831e-01
6.391758516074088625e-01
5.385226153631090806e-01
4.831993178399120459e-01
4.045653677720212338e-01
4.098368558956883567e-01
4.179342810316480361e-01
3.542278230063327094e-01
3.314667229789117209e-01
2.936595038904216137e-01
2.670849470741727960e-01
2.704787012655661127e-01
3.001793668248777802e-01
2.868512794178237346e-01
3.254090673554481117e-01
3.395132062963115427e-01
3.007214665248335583e-01
3.457102595642270182e-01
3.830336446007151507e-01
4.060647122163311140e-01
4.124194402002117066e-01
4.231281158950867538e-01
4.258535693338542094e-01
4.528036408348658504e-01
5.173170749107367516e-01
5.616495005103614435e-01
5.625991762006377073e-01
5.551826548760484537e-01
5.282571646496504458e-01
4.941168748390196153e-01
4.361973894284634778e-01
4.137571404526131924e-01
4.757218352746801493e-01
5.858205459879742838e-01
6.652248818745214454e-01
7.156174256693704772e-01
7.726375419584234905e-01
7.642936637868362748e-01
7.991887214620853053e-01
8.062995069193756859e-01
7.724546318795569855e-01
7.180007967542418879e-01
6.829008420903280863e-01
6.897159107102104336e-01
7.497417713088292412e-01
8.847592609299432809e-01
1.050860909408529942e+00
1.141715823951075404e+00
1.081261740557772244e+00
8.852620319879311861e-01
8.422117001014245430e-01
8.828338547606426889e-01
8.959348758947320857e-01
8.765639933082827184e-01
8.340904877262101946e-01
7.803215226237386615e-01
7.277970392519245157e-01
6.692997776392043408e-01
6.100389318707568620e-01
5.539014912231196019e-01
5.180939924285462572e-01
5.052874412288598238e-01
4.884537099989386677e-01
4.658958381914291569e-01
5.011255134765664199e-01
5.320887575881554366e-01
5.351968623523701840e-01
5.097676476085020170e-01
4.633318369715622165e-01
4.161571895476391392e-01
3.617381627148220091e-01
3.133730369710620023e-01
2.927211320325482924e-01
2.919933590263994461e-01
3.035883771542201015e-01
3.195910788498941835e-01
3.283854001460974059e-01
3.230765625742372249e-01
3.157274871057968446e-01
2.933508114062089445e-01
2.608935846624437227e-01
2.271756385957544311e-01
2.244380639087928953e-01
2.212968788328420755e-01
2.170187401372909997e-01
2.130014407773465068e-01
2.242860520389669543e-01
2.275591524384543152e-01
2.347558900040487284e-01
2.331312500290809442e-01
2.207014340331469870e-01
2.054117353563803539e-01
1.924691381629863862e-01
1.738489835575038056e-01
1.626113367670306287e-01
1.585642518779049881e-01
1.542846705157999154e-01
1.496436120083677601e-01
1.449619144629776812e-01
1.400102752131563710e-01
1.350011399451794269e-01
1.299633665220592260e-01
1.248313841276600250e-01
1.197347624295027474e-01
1.147472469570241238e-01
1.129481496942551511e-01
1.151674883187035203e-01
1.148365919100145932e-01
1.122461871352748025e-01
1.078554813061407269e-01
1.020975183563986449e-01
1.019758616850233168e-01
1.008272483525716745e-01
9.869116632551473700e-02
9.593525612846286188e-02
9.278191982478949107e-02
8.967825433814885505e-02
8.671801864652660397e-02
8.409307995868234298e-02
8.197228505837043933e-02
8.028910962378206506e-02
7.900041948334685094e-02
7.801383711936037135e-02
7.723977178853036474e-02
7.657863033678560805e-02
7.584654373302961161e-02
7.496490809264880206e-02
7.390049162900692858e-02
7.249423752854655678e-02
7.083946108217474558e-02
6.878761313078744777e-02
6.646028546332619080e-02
6.481913015372156583e-02
6.583053066607659487e-02
6.657656992178412336e-02
6.713131296520802316e-02
6.740297709142306637e-02
6.746812669510644789e-02
6.728736312027944200e-02
6.686428428585512729e-02
6.626323806891984414e-02
6.543446701564896439e-02
6.439731387783842465e-02
6.319477266030180951e-02
6.181171858129078100e-02
6.024991841949859511e-02
5.851774667876320085e-02
5.662095897610202461e-02
5.456436986460129479e-02
5.285076650753151029e-02
5.331055665837729218e-02
5.377922033646098665e-02
5.439422493048288315e-02
5.459426692149173949e-02
5.437410846526034847e-02
5.373865740620106107e-02
5.269904648438723804e-02
5.127180970679048877e-02
4.948421430370503887e-02
4.842926898530072050e-02
4.798976595272268220e-02
4.737983216366155326e-02
4.661584538528359273e-02
4.642841468937552313e-02
4.683871863140378483e-02
4.694706066224771379e-02
4.672183679861372646e-02
4.621195749042782130e-02
4.543306876699469699e-02
4.438893079470555836e-02
4.331196282560728639e-02
4.263577348060202526e-02
4.186401647804700171e-02
4.103363879481333742e-02
4.013175282749022188e-02
3.915127444469782003e-02
3.812341561673986134e-02
3.704489632246393827e-02
3.590826536193630902e-02
3.472734191999031494e-02
3.352871096049111349e-02
3.229385854820156915e-02
3.103110823798801987e-02
2.974865556516433779e-02
2.847091033044043748e-02
2.758877920251220917e-02
2.739468849802961792e-02
2.723376872972810975e-02
2.706879450858956995e-02
2.689984679026552819e-02
2.672701909725561445e-02
2.655041610952524681e-02
2.637015234399946173e-02
2.618635091948501303e-02
2.599914240382063604e-02
2.580866373968505184e-02
2.561505724568326550e-02
2.541846968926823533e-02
2.521905142818807802e-02
2.501695561693237715e-02
2.481233747509117155e-02
2.460535361421897771e-02
2.439616142020981093e-02
2.418491848803286381e-02
2.397442357217393488e-02
2.376476140649242536e-02
2.355335760651501922e-02
2.334036651447881500e-02
2.312594077828089220e-02
2.291023102448996873e-02
2.269338556578210167e-02
2.247555014067297366e-02
2.225686768334075166e-02
2.203747812160408368e-02
2.181751820096556466e-02
2.159712133302630482e-02
2.137641746641281981e-02
2.115553297865105029e-02
2.093459058731908518e-02
2.071370927901440909e-02
2.049300425486539484e-02
2.027258689098960717e-02
2.005256471301267163e-02
1.983304138308478876e-02
1.961411669863140014e-02
1.939588660158810332e-02
1.917844319720239318e-02
1.896335000734105519e-02
1.875050363354049607e-02
1.853857648810481110e-02
1.832764862240285342e-02
1.811779645420596302e-02
1.790909282225432511e-02
1.770160704562066811e-02
1.749540498713453296e-02
1.729054912039790573e-02
1.708709859993124205e-02
1.688510933402717976e-02
1.668463405972929123e-02
1.648572241968616903e-02
1.628842104055850878e-02
1.609277361249212765e-02
1.589882096949037441e-02
1.570660117026255465e-02
1.551614957959199237e-02
1.532749894954456120e-02
1.514067950075454090e-02
1.495571900319528878e-02
1.477264285670634031e-02
1.459147417060553675e-02
1.441223384275730143e-02
1.423494063750864111e-02
1.405961126274456359e-02
1.388626044577613398e-02
1.371490100804113529e-02
1.354554393840845354e-02
1.337819846524058651e-02
1.321287212701577167e-02
1.304957084144018481e-02
1.288829897314159624e-02
1.272905939967444548e-02
1.257185357616658061e-02
1.241668159816634170e-02
1.226354226312387045e-02
1.211243313001540180e-02
1.196335057753857359e-02
1.181628986062728537e-02
1.167124516538385962e-02
1.152820966231497997e-02
1.138717555812240184e-02
1.124813414580886316e-02
1.111107585325511390e-02
1.120506925650342767e-02
1.129950238064483282e-02
1.138028879162025601e-02
1.144719117126747829e-02
1.150007029557121967e-02
1.153925285361995408e-02
1.156810286430512771e-02
1.158307286342334479e-02
1.158433977507678132e-02
1.157215188851099322e-02
1.154682294317179239e-02
1.150872619615069502e-02
1.145828851547289057e-02
1.139598454034456039e-02
1.132479365436129398e-02
1.124419116826547507e-02
1.115324951167177142e-02
1.105256786789112107e-02
1.094276741007038124e-02
1.082448644782355897e-02
1.069837580684808789e-02
1.056509445369803457e-02
1.042530537516321403e-02
1.028160326080157505e-02
1.013345512690921879e-02
9.980595735915602854e-03
9.823667569249395354e-03
9.663301381297277615e-03
9.500113608518130984e-03
9.334704036026895968e-03
9.167653714610268095e-03
8.999523122388847912e-03
8.830850562786863450e-03
8.662150790051285215e-03
8.493913853384727972e-03
8.326604149552489786e-03
8.160659673134968567e-03
7.998717754537277083e-03
7.937536890485182364e-03
7.876418822695348959e-03
7.815387853388486641e-03
7.754467357125665108e-03
7.707083816761921974e-03
7.688363828255289148e-03
7.661818849794646037e-03
7.627925174756525033e-03
7.587174076119347285e-03
7.540067852030238153e-03
7.487116068971923916e-03
7.428832012935288054e-03
7.365729357690084696e-03
7.299899331247433447e-03
7.230457678336230098e-03
7.157599212820986261e-03
7.081810291289146464e-03
7.003565029131083620e-03
6.923323287973072795e-03
6.841528883868222034e-03
6.758608012696343259e-03
6.700415593001774785e-03
6.645301706389692559e-03
6.590584788679911335e-03
6.536273728312783776e-03
6.482376890479485051e-03
6.428902132888217151e-03
6.375856821144530902e-03
6.323247843888509141e-03
6.271081627618556482e-03
6.219364151213977766e-03
6.168100960224073143e-03
6.117297180659966860e-03
6.066957532785847984e-03
6.017086344324760160e-03
5.967687563591266703e-03
5.918764772218729903e-03
5.870321197568085549e-03
5.822359724956233107e-03
5.774882909521095870e-03
5.727892987828123172e-03
5.681391889170206259e-03
5.635381246638774579e-03
5.589862407918911452e-03
5.544836445700711616e-03
5.500304168049713165e-03
5.484700224256284021e-03
5.490189979475796830e-03
5.495264374293813529e-03
5.499917486629899571e-03
5.504144128399630215e-03
5.507939816817704511e-03
5.511300746179306938e-03
5.514223760522554176e-03
5.516706326614832095e-03
5.518746508025483381e-03
5.520342939291758219e-03
5.521494801220792024e-03
5.522201796482919568e-03
5.522464126111876516e-03
5.522282466299791200e-03
5.521657946271543022e-03
5.520592126226779410e-03
5.519086976460112724e-03
5.517144856618822618e-03
