1.358634000191399349e-01
1.357876483541258783e-01
1.388067825508300934e-01
1.372513020902741132e-01
1.390651452169263114e-01
1.407606080609522248e-01
1.442119554011538074e-01
1.668871119157765426e-01
1.722298306555444525e-01
2.285443360314939887e-01
2.172662324352573338e-01
2.416861273253454734e-01
3.252832025804498484e-01
3.095045270403707360e-01
3.488002400590158314e-01
3.009903117493832880e-01
3.432323029206370557e-01
2.608330548196917675e-01
2.874866727424062463e-01
3.523958499978169789e-01
4.409158852425314468e-01
4.411565731790793587e-01
5.075900492187169766e-01
5.368981422751210042e-01
4.177801240354159229e-01
5.177208553153773707e-01
5.781450882390180013e-01
5.024300897824797163e-01
5.087967962045324422e-01
4.532793241433886178e-01
3.854946668939739363e-01
3.460811177420954898e-01
4.063198447379351985e-01
3.601489669181948683e-01
2.809097799233218895e-01
3.160007585000843555e-01
3.168123499521174335e-01
2.769058455200807400e-01
2.713777865418742774e-01
2.762540773046586184e-01
3.378985570123163029e-01
3.544151372910146480e-01
3.641648549398572854e-01
3.350100646296799711e-01
3.976931103700262482e-01
4.547640378698556973e-01
5.068969320121756716e-01
4.637153692091630641e-01
3.739677781472587337e-01
3.981385361609289242e-01
4.253750692024496627e-01
4.191404452449029594e-01
4.189984857053786205e-01
4.758825372620506533e-01
5.125793865951653316e-01
4.973860188341704958e-01
4.962092879401545642e-01
5.155790176679418968e-01
5.837535852653813473e-01
5.973681710450272631e-01
6.082276041257019816e-01
5.897101505261405086e-01
5.840062305529900577e-01
5.896577560640933191e-01
6.334116193643096748e-01
6.239599993454094662e-01
7.200422822406307155e-01
6.742728086399562004e-01
5.825837770837331009e-01
5.918965631958410523e-01
6.694072004642799278e-01
6.985093402357502868e-01
6.772008463781117316e-01
6.675786914534252992e-01
7.210440046748261000e-01
7.950615984619984200e-01
8.429438062901317696e-01
8.750507923794919041e-01
9.142465230196468173e-01
1.077581880000962666e+00
1.116593613571044585e+00
1.173397840768908962e+00
1.176341538933356246e+00
1.086300258311052813e+00
9.980361116366048835e-01
9.958198283053304456e-01
9.051179715243282686e-01
7.469528296154354097e-01
7.891601638242300432e-01
7.544412127755513175e-01
6.833992874361707326e-01
6.482802809894772089e-01
6.492811647225088523e-01
6.406969583597351692e-01
6.552508229985943844e-01
6.486872406172005112e-01
5.966189964515988819e-01
5.283870045287678563e-01
4.516928036674807134e-01
4.355477365740412776e-01
4.189021258847957507e-01
4.132760098223541290e-01
4.078654660048808278e-01
4.012902576792892750e-01
3.956474558932656649e-01
4.014527717007408958e-01
3.997074032339770211e-01
3.862821565000209012e-01
3.814886647388116558e-01
3.669613376444015862e-01
3.384748169594113398e-01
3.040068862874100164e-01
3.131935454476423297e-01
3.177052226739641161e-01
3.167823983813013444e-01
3.103304528668017204e-01
2.986992290422207930e-01
2.824936719445275135e-01
2.671821767645858881e-01
2.567764872715114222e-01
2.429548692523128828e-01
2.268223433966356506e-01
2.197572798867026833e-01
2.102226806310358020e-01
1.987679615729724680e-01
1.947260115218740761e-01
1.898454569142910275e-01
1.842710331224845788e-01
1.781501725810238357e-01
1.718146657929198462e-01
1.652345744532233707e-01
1.585251744321982126e-01
1.519727129416893474e-01
1.453914647013427874e-01
1.391185056063140579e-01
1.332318053697112425e-01
1.308617674585740576e-01
1.285887324546322041e-01
1.264310631967974496e-01
1.243023973092765022e-01
1.223141927331085621e-01
1.202960202729414091e-01
1.183899888512870424e-01
1.164104535424869552e-01
1.144984494042856210e-01
1.124743767997644778e-01
1.104895418293737469e-01
1.083657771619553067e-01
1.062483699162993789e-01
1.039902730216318294e-01
1.017039278218360571e-01
9.929699554279566853e-02
9.682900087291632096e-02
9.453457381862261089e-02
9.361015971434925864e-02
9.064318980024763106e-02
8.619221445575733775e-02
8.341452848987152002e-02
8.058353894672500017e-02
7.769691549002524789e-02
7.485422715299920593e-02
7.343507758551326425e-02
7.233656343705176239e-02
7.119873169500373633e-02
7.002573060148657713e-02
6.883722302433152584e-02
6.761410520661463586e-02
6.639004836564522949e-02
6.514081244594169262e-02
6.389266445037013187e-02
6.265627216006119937e-02
6.177850563143388873e-02
6.066646227480917281e-02
5.933170925482014746e-02
5.778666277545860958e-02
5.646399636874671613e-02
5.527096857095473853e-02
5.441302255604754667e-02
5.791948498858098815e-02
6.102820576369928640e-02
6.357194414412804806e-02
6.555230343173673591e-02
6.689666807379139601e-02
6.758702884712476655e-02
6.762883226597833641e-02
6.703657099034593392e-02
6.583322959566914601e-02
6.405013490990285607e-02
6.172899814757908804e-02
5.894067482080208448e-02
5.600607266990061117e-02
5.555077645812320913e-02
5.447108888367718088e-02
5.280592170399742158e-02
5.254330594815344313e-02
5.335771553038299447e-02
5.372247860093439659e-02
5.364527183526637821e-02
5.314151931763033687e-02
5.223345495829445628e-02
5.095564506843979630e-02
4.935089734138047718e-02
4.743054547160253237e-02
4.564879559865732406e-02
4.442959187505106378e-02
4.284293886740299373e-02
4.144624569125879288e-02
4.008250048894620998e-02
3.950708898712616823e-02
3.911877398349708490e-02
3.872241474048103427e-02
3.828896787276288988e-02
3.778792963976917996e-02
3.720805398948362486e-02
3.656072699544894722e-02
3.583228681501268026e-02
3.502523490290996439e-02
3.416743539292767251e-02
3.324032857383543010e-02
3.226412405362220903e-02
3.124712052594502340e-02
3.018929783155477678e-02
3.012502555817288263e-02
3.034470445779532261e-02
3.048524312123541621e-02
3.056667756361146696e-02
3.058098586693362361e-02
3.053549599091566827e-02
3.043339092099980533e-02
3.027741183225851271e-02
3.006523872043106310e-02
2.981650490838014950e-02
2.951649573371240357e-02
2.917427497545730178e-02
2.880976694591859399e-02
2.840960034107272922e-02
2.797922706812644780e-02
2.752390154507528691e-02
2.706290513819580718e-02
2.658716301275408991e-02
2.609929300237406186e-02
2.560342254346906904e-02
2.510333100638898959e-02
2.460243817273133696e-02
2.410400759184753647e-02
2.361900275646230951e-02
2.314032249814885339e-02
2.267002258977118129e-02
2.220982364758590510e-02
2.176112738763401333e-02
2.186724180509614507e-02
2.243488333090205497e-02
2.292462488330513151e-02
2.332542412859851463e-02
2.362759570386417651e-02
2.382900591080599345e-02
2.394214039033506006e-02
2.396438329397466635e-02
2.389002513800553631e-02
2.372282515767608693e-02
2.348543957662733994e-02
2.316713922861986935e-02
2.277095515065032799e-02
2.230303118975026505e-02
2.178356112479085116e-02
2.120777837571781108e-02
2.057878542479793516e-02
1.990344994397724027e-02
1.918871672746253268e-02
1.844526690915551312e-02
1.824369599793006225e-02
1.828585073180262130e-02
1.830783211281834452e-02
1.830997626928611288e-02
1.829262395048656883e-02
1.825613554501824901e-02
1.820090466931455903e-02
1.813365012506105989e-02
1.805051148527319488e-02
1.794992115643946617e-02
1.783248021055751364e-02
1.769885877824086198e-02
1.754979595444719834e-02
1.738609746421667865e-02
1.720863130148333336e-02
1.701914340527328762e-02
1.682367613655282035e-02
1.661703728869679680e-02
1.640026213201777744e-02
1.617440782009258587e-02
1.594054284991475862e-02
1.569973647393690941e-02
1.545304831334842061e-02
1.520151839494076479e-02
1.494615780373899361e-02
1.468794011162555084e-02
1.443118225724650608e-02
1.417367139063861574e-02
1.391563825507752955e-02
1.365785145291081339e-02
1.340101510349839438e-02
1.321768458888627519e-02
1.307323622336857387e-02
1.292786222297234895e-02
1.278203336393663250e-02
1.263617907953839062e-02
1.249068634841520378e-02
1.234589918273612530e-02
1.220211867879605200e-02
1.205960358789904228e-02
1.191857135922151471e-02
1.177919960426499282e-02
1.164247123790824318e-02
1.150855314614406162e-02
1.137651384254904051e-02
1.132243871294513239e-02
1.135656283448112716e-02
1.136753487093962282e-02
1.135466987848604559e-02
1.131883701155325314e-02
1.126095449661367737e-02
1.118547454048623470e-02
1.109248986878576260e-02
1.100747708977106720e-02
1.115860439310430857e-02
1.129949965254292872e-02
1.142995355940994336e-02
1.154977931237219542e-02
1.165881203300418896e-02
1.175690894791427479e-02
1.184395020246035296e-02
1.191984016799942786e-02
1.198450910472599606e-02
1.203791504942192982e-02
1.208057096415611140e-02
1.211488613194621790e-02
1.213801065825795278e-02
1.215002009429624365e-02
1.215102680984534410e-02
1.214118103588884834e-02
1.212067151459172987e-02
1.208972572212750271e-02
1.204860964283805368e-02
1.199762708664991150e-02
1.193711855363089464e-02
1.186745965965708104e-02
1.178923141344498902e-02
1.170560470912306375e-02
1.161403019348132386e-02
1.151499377531596882e-02
1.140900389780680202e-02
1.129658808154977191e-02
1.117828930888383268e-02
1.105466230105406518e-02
1.092626973904988093e-02
1.079367847861520055e-02
1.065745580537604507e-02
1.051816577546938435e-02
1.037636568199072976e-02
1.023260268385972789e-02
1.008741062935363843e-02
9.941307103204495219e-03
9.794790719377085078e-03
9.648338678468228874e-03
9.502404604474533681e-03
9.357416669987917920e-03
9.213776014853234872e-03
9.097164263786082852e-03
9.034169859816034223e-03
8.970292248839073848e-03
8.905634600564813971e-03
8.840299895676799469e-03
8.774390467867295221e-03
8.708007570281525375e-03
8.641250967982098616e-03
8.574218558180872821e-03
8.507006018976316294e-03
8.439706487762333939e-03
8.372410269512279082e-03
8.305204575134018594e-03
8.238173289908936811e-03
8.171396771807143411e-03
8.104951678562529946e-03
8.038910823851337650e-03
7.973343060523187947e-03
7.908313190811531654e-03
7.843881901678279381e-03
7.780105724631188220e-03
7.717037018229839888e-03
7.654978189434603203e-03
7.593731968938093220e-03
7.533301236305239325e-03
7.473723057300301481e-03
7.415030525705627873e-03
7.357252848879799675e-03
7.300415446616758536e-03
7.244540061266011195e-03
7.189644878059975666e-03
7.135744654123248043e-03
7.082850855074626466e-03
