2.200201560104481091e-01
2.205861887170521562e-01
2.228248992243715421e-01
2.203951787314908650e-01
2.224150754796263563e-01
2.230075344797444181e-01
2.306421060628474629e-01
2.496724805936123281e-01
2.808786317278417211e-01
3.384823880006940233e-01
3.350147266365108845e-01
2.986335749948393348e-01
3.550670771663164693e-01
3.844013669275622713e-01
3.350132198677940321e-01
4.451444544827127259e-01
5.869268230222284277e-01
6.116674719612814615e-01
6.267209485577712735e-01
5.674965747549741701e-01
6.381827988549837460e-01
4.226294233528608002e-01
4.749325929357273712e-01
4.092677392398172964e-01
4.887790396896039002e-01
4.566662935980776439e-01
5.773872936599375727e-01
4.974428886650023030e-01
5.570293059899690258e-01
5.271158187673461448e-01
5.437749116581651609e-01
6.038935430208410837e-01
5.975091917385233486e-01
6.279982676029624011e-01
6.195947206876230018e-01
6.158637251658327649e-01
6.162650540501669605e-01
6.230214551582312632e-01
6.711351922764497990e-01
7.251985861612856299e-01
8.007104609649994265e-01
8.354558087940523459e-01
8.292783288343503756e-01
8.103025398030283544e-01
8.995681538314153070e-01
9.553490924980234666e-01
9.566619508161031682e-01
1.008712587062621457e+00
1.175207350572811116e+00
1.231266875441945574e+00
1.276553736970051256e+00
1.297488744348681555e+00
1.387110813509784712e+00
1.399075038131239790e+00
1.494081467497651250e+00
1.819912937900594274e+00
1.721996146439880970e+00
1.402488856704169784e+00
1.105944096225425222e+00
9.823154315967487227e-01
1.047345606930480955e+00
1.052803076481782174e+00
1.013155956029929472e+00
1.006744821727203476e+00
9.732308961852509377e-01
8.982633014303494923e-01
8.067574064210361051e-01
7.159600238354605350e-01
6.391237157298429450e-01
5.802170826762239608e-01
5.351981301560083670e-01
4.990283693969184142e-01
4.653341733232377320e-01
4.314690290126889094e-01
4.000866534179050027e-01
3.731316552003002274e-01
3.535369528480920565e-01
3.560748673762693661e-01
3.601248535258437800e-01
3.379605915124689330e-01
3.223366680750037738e-01
3.140110107863584021e-01
3.102530068414754982e-01
3.079053284253648326e-01
3.025190235075064793e-01
2.944763963522123440e-01
2.842340728720347265e-01
2.724122925739168033e-01
2.589869392934655012e-01
2.438500319912861314e-01
2.353668256731179242e-01
2.317162731120243624e-01
2.263112643995415230e-01
2.188796787715704406e-01
2.108218865140924492e-01
2.117652773911309905e-01
2.106624844617842052e-01
2.078371193878612855e-01
2.031608091933320426e-01
1.965433082352443239e-01
1.882050652494282605e-01
1.785617094739066768e-01
1.675709711255695678e-01
1.610262788349798857e-01
1.606921780246016174e-01
1.589390269525862986e-01
1.559964416027207479e-01
1.516672546480452022e-01
1.465766977340385580e-01
1.403413535589305983e-01
1.336540073927358074e-01
1.388494679530123399e-01
1.431004541173206412e-01
1.391523269486988623e-01
1.306464524426978191e-01
1.252601774615665353e-01
1.183737178438089427e-01
1.128275330503168555e-01
1.096651670820482927e-01
1.038657865048571438e-01
9.945967073705275219e-02
9.548152831603468060e-02
9.154384353654602957e-02
8.815864861919109341e-02
8.579978490721151818e-02
8.468570930832597377e-02
8.466686754808655513e-02
8.547155204419294716e-02
8.669500586996480018e-02
8.800498701944133029e-02
8.894018829398174508e-02
8.925330839684178508e-02
8.863445323158739009e-02
8.696245437070339313e-02
8.417567655086997946e-02
8.236955612358712320e-02
8.339733150699114861e-02
8.362880333079439343e-02
8.287961962791970394e-02
8.132071731893389388e-02
7.888499784699969097e-02
7.565576658713406288e-02
7.190604652432433519e-02
6.918694027821667425e-02
6.568617618308106310e-02
6.488340336287815036e-02
6.400910072279562824e-02
6.270543463536067119e-02
6.095496959399672454e-02
5.890381700976433932e-02
5.648382929164276478e-02
5.387157919869645789e-02
5.099592843489576810e-02
4.802988450404611226e-02
4.598268927634977660e-02
4.517482598175025926e-02
4.431900733112622420e-02
4.342175398283409926e-02
4.250409771854282009e-02
4.157465402754840361e-02
4.061946372268051414e-02
3.964439135417969357e-02
3.865506274775226681e-02
3.814617169559543497e-02
3.815192194150421323e-02
3.806124895483507797e-02
3.788124896902753114e-02
3.763634803634677978e-02
3.733791070460071304e-02
3.697088784373597087e-02
3.654301434484998057e-02
3.606197767982998598e-02
3.553532822628514831e-02
3.497040072191241744e-02
3.437424684195195673e-02
3.376474852580185065e-02
3.314788307789072463e-02
3.251645481754809885e-02
3.187601528103027604e-02
3.123166297325917842e-02
3.058803101508273878e-02
2.994928218962408448e-02
2.931911058854110713e-02
2.870074905235489929e-02
2.809698160999331978e-02
2.751016014416774944e-02
2.694222454271269843e-02
2.639472563814832667e-02
2.586885028425059754e-02
2.536544797238176815e-02
2.488505844390795016e-02
2.442793981218078711e-02
2.399409676374111497e-02
2.358330846381122281e-02
2.319515584500792330e-02
2.282904800887752134e-02
2.248424751854368603e-02
2.215989440473203897e-02
2.185502874934967810e-02
2.156861174728229996e-02
2.129954518107006825e-02
2.104668927238515994e-02
2.080887890102975368e-02
2.058493820304127878e-02
2.037369358048818357e-02
2.017398516978774481e-02
1.998467682951340918e-02
1.980466471835083675e-02
1.963288454181269516e-02
1.946831755274308629e-02
1.930999539316127084e-02
1.915700386844310446e-02
1.900848574466183771e-02
1.886364265939416071e-02
1.872173623494116645e-02
1.858208848008376102e-02
1.844408156320139630e-02
1.830715703611348472e-02
1.817081458309319567e-02
1.803690599001074590e-02
1.790286048005453740e-02
1.776828043368037721e-02
1.763286716936283277e-02
1.749636922469064576e-02
1.735857966203611935e-02
1.721933327590490295e-02
1.707850374059317541e-02
1.693600073134418973e-02
1.679176704915369064e-02
1.664577577486031287e-02
1.649802747510316012e-02
1.634854747901887465e-02
1.619738324156128756e-02
1.604460180679431053e-02
1.589028738131559315e-02
1.573453902629572132e-02
1.557746847400003250e-02
1.541919807308537831e-02
1.525985886509582425e-02
1.509958879308327499e-02
1.493853104209726460e-02
1.477683251027219966e-02
1.461464240781278415e-02
1.445211098092048611e-02
1.428938835670104206e-02
1.412662350458991287e-02
1.396396330933146780e-02
1.380155175061480513e-02
1.363952918328855714e-02
1.347803171324790487e-02
1.331719066272431945e-02
1.315713211922485935e-02
1.299797656275870905e-02
1.283983856515191237e-02
1.268282655618297242e-02
1.252704265112134820e-02
1.237258253401993247e-02
1.221953539206071908e-02
1.220641644813578140e-02
1.221146926591975580e-02
1.220126860125550321e-02
1.217627222903075804e-02
1.214302786536248895e-02
1.209666732179102977e-02
1.203696596350575451e-02
1.196450439270681058e-02
1.187988520148417632e-02
1.178372796516137348e-02
1.167666454849690220e-02
1.155933473533784193e-02
1.143238218766050307e-02
1.129645073655654794e-02
1.115218100307801760e-02
1.100543287919382093e-02
1.085140391517176381e-02
1.069067764689971695e-02
1.052385408432504610e-02
1.035151868630037990e-02
1.027203065038287400e-02
1.032526172631262514e-02
1.037139628755029234e-02
1.041061401790270742e-02
1.044310310790374542e-02
1.046905877633967814e-02
1.048868189329518232e-02
1.050217770337617991e-02
1.050975464752916706e-02
1.051162328159048129e-02
1.050799528858004615e-02
1.049908258132776356e-02
1.048509649231046774e-02
1.046624704649741153e-02
1.044274231306658099e-02
1.041478783241049817e-02
1.038258611305224559e-02
1.034633619501604783e-02
1.030623327488171433e-02
1.026246838795762985e-02
1.021522814390193358e-02
1.016469451082355029e-02
1.011104464449359870e-02
1.005445075805331580e-02
9.995080029181287531e-03
9.933094540478065032e-03
9.869488804291988091e-03
9.804955394422805795e-03
9.738190154236310223e-03
9.669335361295158110e-03
9.598528373989195783e-03
9.525901697244092137e-03
9.451583062617558220e-03
9.375695519976990147e-03
9.298357539101414701e-03
9.219683119045307684e-03
9.139781904193386430e-03
9.058759304796217340e-03
8.976716621286105063e-03
8.938653669962305648e-03
8.902425449759207576e-03
8.859905307019817072e-03
8.811384717295634578e-03
8.757156193139792669e-03
8.697512423657601313e-03
8.632745478985718104e-03
8.563146075689323511e-03
8.489002900216082934e-03
8.410601986622254569e-03
8.328226146221043291e-03
8.243999212572893434e-03
8.156814478927718742e-03
8.066377138149043863e-03
7.972952398299293017e-03
7.876800298052277077e-03
7.778175373464354080e-03
7.677326359116478684e-03
7.574495921686553133e-03
7.469920423526080211e-03
7.363829715324140754e-03
7.256446955665022541e-03
7.147988455972108246e-03
7.038663549860797210e-03
6.928674484720309147e-03
6.818216335278448441e-03
6.707476937054328639e-03
6.596636838958422171e-03
6.489951500773779094e-03
6.408838419625872279e-03
6.328420629026180501e-03
6.248722457613380306e-03
6.169766922917319964e-03
6.091575766877895502e-03
6.014169490055979936e-03
5.937567384533741152e-03
5.861787565564334328e-03
5.786847002046355617e-03
5.712761546201816643e-03
5.639545962097424446e-03
5.567213953474055461e-03
5.495778190992463806e-03
5.425250338667070467e-03
5.355641079673558076e-03
5.286960141977407532e-03
5.219216323140397733e-03
5.217590251162435716e-03
5.216132790498987509e-03
5.213159195549666065e-03
5.208705264822535534e-03
5.202807145891896919e-03
5.195501279350137579e-03
5.186824344481209652e-03
5.176813206798902382e-03
5.165504867237753414e-03
5.152936413335066149e-03
5.139144971878889870e-03
5.124167663573105103e-03
5.108041559322638349e-03
5.092204333527935653e-03
5.083064975747019626e-03
5.073749091174003037e-03
5.064262042633270108e-03
5.054609136221379501e-03
5.044795621335627402e-03
5.034826690576813674e-03
5.024707479662397260e-03
5.014443067120337438e-03
5.004223025532703040e-03
4.994064015078081460e-03
4.983768699533675309e-03
4.973341982682634964e-03
4.962788708745503354e-03
4.952113661848633365e-03
4.941321565197965941e-03
4.930417080456089146e-03
4.919404806805648817e-03
4.908289280289942873e-03
4.897074973008052994e-03
4.885766292325790898e-03
4.874367580038207678e-03
4.862883111807088897e-03
4.851317096210170862e-03
