1.894469091206807398e-01
1.886065291769625230e-01
1.907978683691248234e-01
1.913358588859052078e-01
1.922158648561378413e-01
1.974988441461270894e-01
2.221186162698050304e-01
1.957421875064410399e-01
2.478024249086102637e-01
2.728732592986742311e-01
2.347813202373046360e-01
3.736441042661894918e-01
3.924791223344046842e-01
3.895778838756913665e-01
4.547806925644161669e-01
5.307831523375896587e-01
3.921621117672878798e-01
5.016947707860834882e-01
5.086252966037912993e-01
5.971227138911325838e-01
6.737811338362632574e-01
6.613104784507793932e-01
7.556714233198924546e-01
7.165279278682263886e-01
6.221696666418706778e-01
6.142712126662959182e-01
4.983432051578453592e-01
5.634747705543508012e-01
4.622500282600480737e-01
4.589790781787056462e-01
4.250475654371008716e-01
4.213510630204277962e-01
3.921335070640063480e-01
3.583135270172702613e-01
4.340470501668835523e-01
4.762789593558456325e-01
4.651389452563612359e-01
4.258208841922430099e-01
4.416084455089137606e-01
4.499531469084287472e-01
3.925024374499340718e-01
3.770361519082809920e-01
4.495232432402010425e-01
4.516627162769409898e-01
5.006064352130168427e-01
5.303740364657445472e-01
5.303357528622955064e-01
5.937660798345338886e-01
5.834576555725283775e-01
6.204243997066282157e-01
6.580505246761564342e-01
6.477918367312941461e-01
7.447803144527250785e-01
8.300062291800593961e-01
8.062546874323662793e-01
8.889515575146252901e-01
8.981702963360835845e-01
8.244786755754099916e-01
7.951075499552030523e-01
8.159546121143900210e-01
8.408495998704050844e-01
8.921621355793661889e-01
9.840101845783258971e-01
1.051739522460794163e+00
1.058842591692291446e+00
1.237180289425546809e+00
1.352421716547009822e+00
1.448377048478704854e+00
1.485015879146458051e+00
1.382675595123749934e+00
1.263102978183986647e+00
1.305564915781101343e+00
1.242389015345158221e+00
1.103532761585090505e+00
9.520807706379991187e-01
9.170425040398991756e-01
8.320735976839764847e-01
7.796152952786536972e-01
7.914609112951774827e-01
7.922915325180891477e-01
7.236044415413348529e-01
6.269967965365689233e-01
5.429892145700011552e-01
5.234668673356528412e-01
4.739567344390176462e-01
4.635867944309580158e-01
4.579986511101752367e-01
4.513059375455961142e-01
4.309047089145361942e-01
4.757319186908995357e-01
5.068611539733156590e-01
4.860499374209372725e-01
4.285490484094370833e-01
3.806067674577657822e-01
3.360288893327356696e-01
3.161334416196508457e-01
3.081627177361054848e-01
3.241151246450668100e-01
3.387584237083363092e-01
3.445775695688724216e-01
3.436169286585151750e-01
3.418810162258413277e-01
3.278288024550639057e-01
3.033836560666432480e-01
2.838065504954512264e-01
2.744087743622830589e-01
2.672520832919843548e-01
2.465783431460143726e-01
2.228829010916857367e-01
2.068125451741114340e-01
2.053655474686848503e-01
2.140482771310160126e-01
2.239864507341037536e-01
2.263249537093154073e-01
2.153775784838484197e-01
1.908790861125188310e-01
1.931124627604687560e-01
1.868440421867701429e-01
1.831826792833325390e-01
1.833740987378182641e-01
1.764061352080854295e-01
1.634066854559914905e-01
1.630946294908152683e-01
1.720301604173467003e-01
1.761706498934115794e-01
1.737233237091560800e-01
1.661642344212628242e-01
1.560419342056356962e-01
1.457632421921765398e-01
1.367143014745496321e-01
1.295637215881848547e-01
1.239844869641423541e-01
1.193931474286154676e-01
1.152392896662403909e-01
1.135648131341988470e-01
1.126244019819578057e-01
1.118205466480640259e-01
1.109288439954184274e-01
1.096814427141955262e-01
1.077230822829961243e-01
1.045965436822165195e-01
1.016957900488232869e-01
9.763248532730894880e-02
9.415360881804725468e-02
8.941385528965345442e-02
8.330441938417419701e-02
7.698780990142195524e-02
7.692509166840789947e-02
7.512337469205188079e-02
7.170131321017689241e-02
6.864300477768768560e-02
6.681466291503944388e-02
6.839482742156612061e-02
6.962241232222929344e-02
7.052603152533101771e-02
7.103030664355648727e-02
7.117575186101258999e-02
7.092508940216334101e-02
7.030185718991478760e-02
6.932294779012737607e-02
6.798678319355870581e-02
6.636088388267233351e-02
6.442122940045125201e-02
6.227453976475798986e-02
5.987968680726125231e-02
6.258054859598299879e-02
6.431989591742753865e-02
6.487485728461347967e-02
6.421944105723517704e-02
6.243285249966182976e-02
5.964835485865947057e-02
5.603272259550378526e-02
5.181238491595278189e-02
5.261956523822353127e-02
5.373452651736943669e-02
5.412834182930078425e-02
5.388948243386503661e-02
5.311782853622031703e-02
5.191769272268149243e-02
5.040925449247801726e-02
4.872173405665537055e-02
4.690805268884917778e-02
4.511892948784268498e-02
4.336951567282396058e-02
4.283834215808665635e-02
4.274741315581435941e-02
4.256347704202710636e-02
4.232602036749685825e-02
4.207941077252863593e-02
4.182386094484823180e-02
4.154863643116339655e-02
4.126403385666227441e-02
4.090894187993957681e-02
4.048820085934290436e-02
3.994199063458928056e-02
3.924718027092850836e-02
3.839663432926571085e-02
3.735467457332673075e-02
3.661806940807510458e-02
3.709160706609871544e-02
3.736909463056291986e-02
3.743865410375494390e-02
3.730613654259710976e-02
3.694594839008419340e-02
3.637721992457967207e-02
3.561348842624173505e-02
3.465435621139793809e-02
3.355600611206561307e-02
3.231265903587682981e-02
3.098435892940981998e-02
2.959197362900979969e-02
2.816714158512097221e-02
2.675177908499324145e-02
2.615703584841551008e-02
2.620201074463943472e-02
2.616969368856769326e-02
2.606287289820411954e-02
2.589170148678471284e-02
2.566887023731430351e-02
2.538639354576908633e-02
2.505129262870990636e-02
2.467118159518794790e-02
2.425405310082687921e-02
2.380807423572852549e-02
2.334139652082594524e-02
2.286198309860177150e-02
2.237745543267060863e-02
2.189496109548566202e-02
2.142106354035746077e-02
2.096488909203864104e-02
2.052827956347768115e-02
2.011460632828716497e-02
1.972757722093830546e-02
1.937009098162399690e-02
1.904424471966455201e-02
1.875135661238615248e-02
1.849200185059177853e-02
1.826605977603824177e-02
1.807277014797862430e-02
1.791079651318604193e-02
1.777829473140915204e-02
1.767298481963545942e-02
1.759222441536520062e-02
1.753308231511507484e-02
1.749241071535883457e-02
1.746691495920962844e-02
1.745321977543155822e-02
1.744793117253113160e-02
1.744769332822947855e-02
1.744923997771223936e-02
1.744943996205158485e-02
1.744533674004925330e-02
1.743418179650046279e-02
1.741346199540310530e-02
1.738092102643711001e-02
1.733457517789603955e-02
1.727272374063929319e-02
1.719395440360459160e-02
1.709714404464769688e-02
1.698145535152375749e-02
1.684632972796117067e-02
1.669147694766876661e-02
1.651686202110908344e-02
1.632268973197292805e-02
1.610938728534773434e-02
1.587900892591099719e-02
1.563591643399584938e-02
1.537583446150741703e-02
1.509984899472114304e-02
1.502602907623967060e-02
1.513587912185062993e-02
1.521121975904832398e-02
1.524973653313752356e-02
1.525750129352503211e-02
1.522554715834169119e-02
1.516010073019512412e-02
1.505933213530030214e-02
1.492010389558571203e-02
1.475197595524429042e-02
1.454986374047033577e-02
1.431409294828783069e-02
1.405263862123040663e-02
1.376537055130501799e-02
1.345174072124231783e-02
1.311475143523911473e-02
1.276320760568352107e-02
1.239516945704306761e-02
1.201266510649121738e-02
1.172526943652230959e-02
1.167686275884443486e-02
1.163465247039945950e-02
1.157178350061418941e-02
1.148927462500730010e-02
1.139310630642856662e-02
1.136713785234733619e-02
1.148164807722404368e-02
1.157164296768111410e-02
1.163741163720220274e-02
1.167944799732293336e-02
1.169843173481284471e-02
1.169520864500550941e-02
1.167077062970888618e-02
1.162623563905585723e-02
1.156378951098737361e-02
1.148787840024679228e-02
1.139554256269855598e-02
1.128819173345710705e-02
1.116727197174720645e-02
1.103424946676325943e-02
1.089059544977060215e-02
1.073777228257917667e-02
1.057722077175141974e-02
1.041034873784083860e-02
1.023852084964474267e-02
1.006304971895929240e-02
9.885188235772612853e-03
9.706123111513363308e-03
9.526969587763275266e-03
9.348767258091267990e-03
9.181742883088634885e-03
9.132938603698962515e-03
9.081944701468083053e-03
9.028456177327115473e-03
8.972638528259201801e-03
8.914654971828552682e-03
8.854666041948060229e-03
8.792829226780707330e-03
8.729298646491323935e-03
8.664224769036931242e-03
8.597754162127406105e-03
8.530029278968617040e-03
8.461188276152168536e-03
8.391364861805404932e-03
8.320688171574964001e-03
8.249282671148635074e-03
8.177268083206569796e-03
8.105632217291294100e-03
8.033689702757650791e-03
7.961417408932022072e-03
7.888916953604864502e-03
7.816285197439928195e-03
7.743614276127739823e-03
7.670991645875727301e-03
7.598500141443273112e-03
7.526218045345216615e-03
7.454219166909492079e-03
7.382572929934578566e-03
7.311344468712628608e-03
7.240594729854520073e-03
7.170380580816229817e-03
7.100754922635631010e-03
7.031766807269670440e-03
6.963461557892802051e-03
6.895880892033300590e-03
6.829063046658584782e-03
6.763042904512027269e-03
6.697852121401494559e-03
6.633519253775872759e-03
6.570069886057750171e-03
6.569332332643900915e-03
6.571311491926817676e-03
6.572889704237500075e-03
6.573894060863137712e-03
6.574167228421608569e-03
6.573567238116196677e-03
6.571967195079393351e-03
6.569254916535856824e-03
6.565332507728375080e-03
6.560115883724565791e-03
6.553534245176514256e-03
6.545529515637045666e-03
6.536055747124787201e-03
6.525078501048366120e-03
6.512574210340602715e-03
6.498529528134799199e-03
6.482940669299231892e-03
6.465812748415433395e-03
6.447159119340811588e-03
6.427000719880671120e-03
6.405365425884687429e-03
6.382287416306934615e-03
6.357806554074083190e-03
6.331967783492663086e-03
6.304820547166380823e-03
6.276418223844650902e-03
6.246817588861421425e-03
6.216078298256380412e-03
6.184262397413136519e-03
6.151433855135817613e-03
6.117658123439030475e-03
6.083001723372842735e-03
6.047531857152991033e-03
6.011316046093478915e-03
5.974529966779443084e-03
5.937465430662134704e-03
5.899839307467069638e-03
5.861717118376079567e-03
5.823163345177686037e-03
5.784241211818148820e-03
5.745012487523751266e-03
