2.612765763065976188e-01
2.603710904726784792e-01
2.620311154619101579e-01
2.588379544942442378e-01
2.643078387183430689e-01
2.727548525063089868e-01
3.302022632238060251e-01
3.311367190316861775e-01
3.360093022117804362e-01
3.904586978341722525e-01
4.888605711933695086e-01
6.109486737936477008e-01
3.974410107811134352e-01
4.768147482731349140e-01
6.367734648384152374e-01
7.149856652148663949e-01
5.108644725485860238e-01
6.046864086409712291e-01
5.963894855112820137e-01
6.381394344396653651e-01
5.235257002758491041e-01
6.655636791463672708e-01
7.311745966035632094e-01
7.514818472553370654e-01
7.692823223579388081e-01
8.679245805377922007e-01
9.551711890413321360e-01
9.616933298040997169e-01
9.656137222316276691e-01
1.089497115327732413e+00
1.003558942134733956e+00
1.271929329800242092e+00
1.262451528081740326e+00
1.331761335729199303e+00
1.309010843505791666e+00
1.383732465306994230e+00
1.335642373937470984e+00
1.643007125382022648e+00
2.070764281080529123e+00
1.800216954943955283e+00
1.858636326776999192e+00
2.255263043768401143e+00
2.222079529438582668e+00
2.096538913594027331e+00
1.946298966157041788e+00
1.763708813614728976e+00
1.546838683453041208e+00
1.359562725799547955e+00
1.376653305418138906e+00
1.229749997937617412e+00
1.044062379611639946e+00
1.066357378719194893e+00
1.079886379935248941e+00
9.786538660479700003e-01
1.011178813583253566e+00
1.005994552950624454e+00
8.564333118649612997e-01
7.678352760113718034e-01
6.349297358212080411e-01
5.328190075936983794e-01
5.296291489116343731e-01
5.785962929362679086e-01
5.658760525517380069e-01
5.670284316441729366e-01
5.720320328279736577e-01
5.016461651861771065e-01
4.688206102246816886e-01
4.632828884878214537e-01
4.517427921104718580e-01
4.160651428276699870e-01
3.673929368072607615e-01
3.492976559495074018e-01
3.335957451108381711e-01
3.043350329417353062e-01
2.735902633398492600e-01
2.511925785754218210e-01
2.387114783530072670e-01
2.331650892492237725e-01
2.291013626735792230e-01
2.256173519506338432e-01
2.404887434097791599e-01
2.401479157560590383e-01
2.252637999148353609e-01
2.014738327524257522e-01
1.761145141236941103e-01
1.554835236629308615e-01
1.398387500034675712e-01
1.363839125025893828e-01
1.396720456902564023e-01
1.419128087684983219e-01
1.454141662600965113e-01
1.470922396194295489e-01
1.457167498065826128e-01
1.414965250117517226e-01
1.398439905047156318e-01
1.405680478847242953e-01
1.384309291705946854e-01
1.340681977610205522e-01
1.280572423801601412e-01
1.208599319292198437e-01
1.128629094928691595e-01
1.081049857949934884e-01
1.056966621135724954e-01
1.056346485328554519e-01
1.028114943602303766e-01
9.745948413946621536e-02
9.887697333826571400e-02
9.746588101300725226e-02
9.348413735126673285e-02
8.762738660060366558e-02
8.195452039634938679e-02
7.861551327478151496e-02
7.531036829148010647e-02
7.414823703174940051e-02
7.307045711046561420e-02
7.113276955763195297e-02
7.061039403073766929e-02
6.954493160057863277e-02
6.813271824140645916e-02
6.641679578588133293e-02
6.417432182359150694e-02
6.146217475889400456e-02
5.809445932408846547e-02
5.770510705856708028e-02
5.783253465038985103e-02
5.869708093140486166e-02
5.966809796993911147e-02
6.059027928875441310e-02
6.140121750151820296e-02
6.205994226409949910e-02
6.242754358221673516e-02
6.253317101260044697e-02
6.228726813787351796e-02
6.166605679901503850e-02
6.069755061880604402e-02
5.928245558839272816e-02
5.757790278456414307e-02
5.545197895815687228e-02
5.300843361252251945e-02
5.028397926872060775e-02
4.725846755366149704e-02
4.449790862929759588e-02
4.515539744087402468e-02
4.549939335072079177e-02
4.558176182767735563e-02
4.536301090019394244e-02
4.489366237855112185e-02
4.419014835533332380e-02
4.326389109503873259e-02
4.215778602761339339e-02
4.089514924242586280e-02
3.977490589708967267e-02
3.910489509378941436e-02
3.831545368328873047e-02
3.751023325753429644e-02
3.771813349799875426e-02
3.772089810620363887e-02
3.752963233584570568e-02
3.716359422945233332e-02
3.669857024090496939e-02
3.607943576473037622e-02
3.532298068017121484e-02
3.444664714547392842e-02
3.346816858198073397e-02
3.244633099710238916e-02
3.157728294701601240e-02
3.143659350055733048e-02
3.098305334323382676e-02
3.024384988970182583e-02
3.015505983131915035e-02
3.283655036799767307e-02
3.504744439400826750e-02
3.663543631501962883e-02
3.756030411408631947e-02
3.784905533680085060e-02
3.750674829269587396e-02
3.661323415993274211e-02
3.531988483671214679e-02
3.367077475258047070e-02
3.185104994003972595e-02
3.097033650016548303e-02
3.021343950838132134e-02
2.941185653983306725e-02
2.861035191231968075e-02
2.827518826335899405e-02
2.808943974174174865e-02
2.788220514165225261e-02
2.766490821864248453e-02
2.743871608061261916e-02
2.723836439190363903e-02
2.703660797682829256e-02
2.680942438263133124e-02
2.703542481601471301e-02
2.702639894538853491e-02
2.674498295114937155e-02
2.616400302664845939e-02
2.528014710307505478e-02
2.425405253536098288e-02
2.390155856067022189e-02
2.379594979212159428e-02
2.357240425000534448e-02
2.324842102384711701e-02
2.279543055674816340e-02
2.223587690859180413e-02
2.154683026241583851e-02
2.075972188767840829e-02
1.985597038266344663e-02
1.886774446195265201e-02
1.786583280446768160e-02
1.789878016858664420e-02
1.801298968510868515e-02
1.826729755646450473e-02
1.849012435025797554e-02
1.867626309429607639e-02
1.882097469467657741e-02
1.892009007818474045e-02
1.897010167303602932e-02
1.896824031416596834e-02
1.891639148896068906e-02
1.882326704058712857e-02
1.867471241186676248e-02
1.847112081847563855e-02
1.821372412829438611e-02
1.790455428905456114e-02
1.754638729516464976e-02
1.714267203978940557e-02
1.669744674813045116e-02
1.621524589567757343e-02
1.621316689439884079e-02
1.628713562267145032e-02
1.632857734474573927e-02
1.634352075132165100e-02
1.633129176849533112e-02
1.628739318612381845e-02
1.621273341479468125e-02
1.610850773653031698e-02
1.597616493929509413e-02
1.581737213475429421e-02
1.563397857067545110e-02
1.542797919309708658e-02
1.520147864673719248e-02
1.495665632789581860e-02
1.469573302042032244e-02
1.442093956446238029e-02
1.413448792095065368e-02
1.383854491352112456e-02
1.353520884980975204e-02
1.322648914920237714e-02
1.291649950274786560e-02
1.260703689863211692e-02
1.229699441066046603e-02
1.198790786302239217e-02
1.168116972737268458e-02
1.137802555495895027e-02
1.107957280580477120e-02
1.078676185701661454e-02
1.050039895837311631e-02
1.022115089526706884e-02
9.949551117305572429e-03
9.790572179681910833e-03
9.686807713223733948e-03
9.581613228980150054e-03
9.475525453526711245e-03
9.369035580179929656e-03
9.262588676118515760e-03
9.156583606707274087e-03
9.051373429813248939e-03
8.947266212085887641e-03
8.844526218701801584e-03
8.743375429139475102e-03
8.643995332589863440e-03
8.546528958164587020e-03
8.451083096539921749e-03
8.357730673216190107e-03
8.266513233924566856e-03
8.177443507950778179e-03
8.090508015510085998e-03
8.005669689947548726e-03
7.922870487287472785e-03
7.842033959152032094e-03
7.763067767429218495e-03
7.685866122418319804e-03
7.610312128222623644e-03
7.536280021835917858e-03
7.463637295254294500e-03
7.392246691471483257e-03
7.336415965420455161e-03
7.285846926216167467e-03
7.235456876261195033e-03
7.185256187764456001e-03
7.135254989251707189e-03
7.085463150817901748e-03
7.035890271279431583e-03
6.986545666977106613e-03
6.990200262438243245e-03
7.050051154173750910e-03
7.108273842230972486e-03
7.164683944866794864e-03
7.219089523197390508e-03
7.271293213126972521e-03
7.321094421950312577e-03
7.368291550406985517e-03
7.412684201305815880e-03
7.454075341179177035e-03
7.492273385617235874e-03
7.527094181782772661e-03
7.558362865987120448e-03
7.585915578310010489e-03
7.611161700713942567e-03
7.632461264968580170e-03
7.649667880506411458e-03
7.662670190649190777e-03
7.671373770300544265e-03
7.675701817890863594e-03
7.675595665805934158e-03
7.671015113187663881e-03
7.661938587445157704e-03
7.648363141313333467e-03
7.630304294985411177e-03
7.607795732897837566e-03
7.580888865769687748e-03
7.549652269522456882e-03
7.514171012980046770e-03
7.474545886134917154e-03
7.430892541525486485e-03
7.383340560976121847e-03
7.332032459451524181e-03
7.277122637863515930e-03
7.218776296707510656e-03
7.157168320710767181e-03
7.092482145407855675e-03
7.024908615233206241e-03
6.954644842540900172e-03
6.881893075609047707e-03
6.806859583897669971e-03
6.729753567626001534e-03
6.650786097270493420e-03
6.570169090073449403e-03
6.488114327017421509e-03
6.404832515906941359e-03
6.320532402874520436e-03
6.235419936519886672e-03
6.149697486016512601e-03
6.063563115775522962e-03
5.977209917185257251e-03
5.890825398936493790e-03
5.804590935367137140e-03
5.718681273425963059e-03
5.633264096993031468e-03
5.548499648218140762e-03
5.464540404133226385e-03
5.381530807308272137e-03
5.299607048848973927e-03
5.218896901339939963e-03
5.139519599671705900e-03
5.061585768034259844e-03
4.985197389530879146e-03
4.910447816879958717e-03
4.837421820897591825e-03
4.766195674615870959e-03
4.696837269849137540e-03
4.629406264061497467e-03
4.563954254503474993e-03
4.500524976920642142e-03
4.439154526848148284e-03
4.384689892706716483e-03
4.398296030330460689e-03
4.410573074682367159e-03
4.421518488025485624e-03
4.431133205549941945e-03
4.439421463528249456e-03
4.446390626446931373e-03
4.452051013347195149e-03
4.456415724500370316e-03
4.459500468900396732e-03
4.461323392961525844e-03
4.461904911508869295e-03
4.461267541134322778e-03
4.459435736328154140e-03
4.456435729485733015e-03
4.452295374122710453e-03
4.447043992527753044e-03
4.440712227614028625e-03
4.433331899492742867e-03
4.424935866673371590e-03
4.415557892613484504e-03
4.405232516895733058e-03
4.393994932174055852e-03
4.381880866030477689e-03
4.368926468424762927e-03
4.355168204425377207e-03
4.340642752403625973e-03
4.325386907617705459e-03
4.309437491090481812e-03
4.292831263696326484e-03
4.275604845769324057e-03
4.257794641373008164e-03
4.239436767965266105e-03
4.220566990845922919e-03
4.201220662423477484e-03
