7.684734979657030784e-01
7.671623288628502957e-01
7.674817953299101214e-01
7.672102917900548436e-01
7.726341745904573566e-01
7.793716614804506726e-01
7.854269056527695136e-01
7.926250452847781736e-01
8.057071154077074526e-01
8.321960284782869977e-01
9.269370213887820897e-01
9.870746356865820470e-01
1.018215045075496317e+00
1.000407469270511385e+00
9.972564761077226114e-01
1.238978554149753775e+00
1.486594942387975626e+00
1.380965177742731198e+00
1.312629569591065914e+00
1.484454673544935099e+00
1.675230956434024421e+00
2.195092378824854418e+00
2.264673840951470840e+00
1.641922864529999471e+00
1.960443909932637618e+00
1.990368303425612106e+00
1.698776088091959569e+00
2.171359327764275982e+00
2.121898483117524936e+00
2.103329483050473403e+00
1.929961510284005977e+00
2.160640770794427734e+00
2.091059930107703302e+00
2.021454973402677435e+00
1.610257923665916246e+00
1.516083517604565944e+00
1.577121763963481804e+00
1.554296891716475004e+00
1.687058334461849718e+00
1.681131188506995056e+00
1.967781486396903423e+00
2.207551812267185998e+00
2.147127664799455271e+00
2.199935885898077093e+00
2.319628090661903563e+00
2.512490143619949379e+00
2.464673724030619351e+00
2.298424830399204311e+00
2.454476876152649201e+00
2.430196146356704112e+00
2.234139010074025045e+00
2.688815841523933603e+00
2.880493256167755867e+00
2.827902884098858483e+00
3.009385133155887626e+00
3.244673638190441523e+00
3.628736229859188533e+00
3.958684547297175893e+00
3.660764852135443892e+00
3.371582485573114685e+00
3.567250945141974494e+00
3.598842426665200378e+00
3.898773021855447940e+00
4.566757182542854565e+00
4.790340025512873190e+00
4.637183156485240154e+00
4.343008737953441667e+00
3.947402924358824894e+00
3.652215573760533740e+00
3.844890182671953038e+00
4.184723182309039835e+00
4.493091816807149641e+00
4.658081514997752137e+00
4.618626132902861947e+00
5.165752770316719200e+00
5.482182420235389486e+00
5.157084769103174260e+00
4.339956477535641177e+00
4.407354727933241456e+00
4.648535700042286223e+00
4.591784223787524155e+00
4.321613679003444730e+00
4.088680134406883049e+00
3.616280187625302123e+00
3.950706325899867810e+00
4.188590061392399200e+00
4.226758939479847932e+00
4.090856828915740984e+00
4.255010454269014808e+00
4.720685623994355318e+00
4.934876005224082540e+00
4.890701648262103518e+00
4.660549842667940368e+00
4.384821016159400564e+00
3.989242723438187088e+00
3.545494289996480752e+00
3.105649316044453823e+00
2.663472135317757061e+00
2.299152012282665414e+00
2.021723963356444997e+00
1.789288470693942257e+00
1.591239853456745124e+00
1.427887494103622812e+00
1.296827861143035276e+00
1.188949187359413351e+00
1.096738398682137960e+00
1.015459568393057621e+00
9.594453631142557670e-01
9.212861999158789006e-01
8.872809814187778699e-01
8.552687264080435225e-01
8.235350374685593833e-01
7.918413798368638679e-01
7.655111236776311889e-01
7.553139214090066611e-01
7.662663032464316348e-01
7.772229488320149260e-01
7.850985269469029637e-01
7.860503023630532882e-01
7.791468848790462642e-01
7.632680854943048043e-01
7.380530941489108487e-01
7.042489973836254524e-01
6.967471842417155559e-01
6.864593167911381411e-01
6.783364067738890668e-01
6.752017335099588236e-01
6.604653347201688840e-01
6.362302778748500920e-01
6.050920139904617523e-01
5.698588471148382517e-01
5.390197265321371445e-01
5.217934732624757155e-01
5.028248412363754971e-01
4.846134374185316340e-01
4.696323001748150539e-01
4.590334842361286083e-01
4.533897875112974374e-01
4.523968952896702533e-01
4.549272921102983092e-01
4.592415218945895550e-01
4.633519199747976880e-01
4.658865852732995694e-01
4.646356761588085194e-01
4.586937232165185230e-01
4.474284088684392646e-01
4.302877726594437902e-01
4.074343549357359318e-01
4.050450655995841975e-01
4.057401283627735111e-01
4.009716018977612650e-01
3.929687046500750514e-01
3.837488971775686597e-01
3.715337962472540223e-01
3.565746550227814615e-01
3.460634322355532477e-01
3.481224182428324099e-01
3.479465116382032264e-01
3.457048785404420177e-01
3.415851232585241370e-01
3.358141959294056456e-01
3.287669487956055847e-01
3.204474577930421786e-01
3.110284242818243117e-01
3.009512691284920161e-01
2.901583667724612070e-01
2.788914301100678950e-01
2.702076594255982678e-01
2.635480122453467966e-01
2.570919249260563699e-01
2.507756161663586836e-01
2.536629045900705148e-01
2.593327941753789112e-01
2.631937180645563257e-01
2.652627079477660743e-01
2.656848046299145061e-01
2.644416106437450509e-01
2.617163268031790779e-01
2.575127247992357593e-01
2.520407974015872465e-01
2.452801954726996914e-01
2.375520796711015903e-01
2.287340663801485097e-01
2.192630185601261161e-01
2.090830896381385695e-01
2.075060315827427504e-01
2.095445082844536178e-01
2.106421324956970209e-01
2.106057856790891636e-01
2.097024310765747690e-01
2.078264065814611206e-01
2.050323399471388197e-01
2.015623654126391384e-01
1.972798119540372375e-01
1.923387319240171534e-01
1.869395532864769616e-01
1.810072052155259625e-01
1.746442476054451687e-01
1.704476974793390220e-01
1.685904723268690786e-01
1.667140816049618168e-01
1.648363313321527523e-01
1.629941160763723196e-01
1.611452941805180394e-01
1.592942127867629787e-01
1.574447065579221428e-01
1.556000714913372274e-01
1.537630547688897398e-01
1.519358590215309501e-01
1.501201591925974133e-01
1.483171300854452535e-01
1.465475229776339594e-01
1.448119483987872214e-01
1.430883778334205436e-01
1.413765089262189745e-01
1.396757611069528726e-01
1.379853285354150916e-01
1.363042323419037527e-01
1.346313710920170326e-01
1.329655685825412437e-01
1.313056182514401593e-01
1.296503236539188475e-01
1.279985346113458322e-01
1.263729029978548635e-01
1.247556931999858343e-01
1.231380467268640977e-01
1.215192702738232267e-01
1.198988241462386611e-01
1.197508525858621137e-01
1.195405414773141745e-01
1.191112625047664603e-01
1.183793608999185454e-01
1.173550009405495004e-01
1.160509631581297801e-01
1.144981044606387804e-01
1.127642146221884550e-01
1.107975575849233507e-01
1.086181413752815572e-01
1.062472085737215521e-01
1.037069240104157020e-01
1.010589327224777484e-01
9.830398358765227163e-02
9.812480564616478385e-02
9.956418501764492668e-02
1.008502930588875968e-01
1.019768761909363719e-01
1.029396086341908961e-01
1.037473825173713948e-01
1.044216925907973659e-01
1.049306862415067820e-01
1.052763471691366831e-01
1.054620568248420820e-01
1.054924549745203527e-01
1.053732958249470053e-01
1.051113021060438024e-01
1.047427712401857447e-01
1.042630954131590626e-01
1.036634979884615837e-01
1.029529700952595273e-01
1.021408114703584863e-01
1.012365099982815847e-01
1.002496298046038070e-01
9.918970858214215536e-02
9.806616461581475763e-02
9.691308906995221850e-02
9.571888104774997630e-02
9.448553195599621035e-02
9.322128581139212111e-02
9.193396668771876279e-02
9.063094221679070250e-02
8.931909568959048307e-02
8.800480621208814358e-02
8.669393630090631298e-02
8.539182628626276750e-02
8.410329484977917269e-02
8.283264503436277293e-02
8.158367504884035670e-02
8.035969321551275635e-02
7.916353642168279248e-02
7.799759146673586330e-02
7.686381872972494755e-02
7.576377762011274331e-02
7.469865331256711483e-02
7.366928431437599900e-02
7.267619045210384210e-02
7.171960091344124766e-02
7.079948202241852229e-02
6.991556446588596818e-02
6.906736973682191250e-02
6.825423559268473106e-02
6.747534036855264150e-02
6.672972601703899831e-02
6.601631977912447713e-02
6.533395441848367791e-02
6.468138698121310426e-02
6.405731605785801308e-02
6.346039755658437753e-02
6.288925900179781481e-02
6.234251239765176839e-02
6.181876570290507217e-02
6.131663297320968931e-02
6.083474324113653103e-02
6.037174820043160473e-02
5.992632877750770498e-02
5.949720066506388599e-02
5.908311890004267625e-02
5.868288156906229652e-02
5.829533271701876213e-02
5.791936454286331082e-02
5.755391895341489816e-02
5.719798855167448903e-02
5.685061712556579994e-02
5.651089970583465794e-02
5.617798224994655087e-02
5.585106101128334971e-02
5.552938164386295866e-02
5.521223809163578605e-02
5.489897130229476341e-02
5.458896780658146347e-02
5.428165819675302012e-02
5.397651553338927988e-02
5.367305370672113829e-02
5.337082577772547798e-02
5.306942231331034099e-02
5.276846973762084475e-02
5.246762870674249318e-02
5.216659252354619025e-02
5.186508559405379748e-02
5.156286193972622889e-02
5.125970376137940071e-02
5.095542006430088533e-02
5.064984534232600671e-02
5.034283832245339818e-02
5.003428076713506423e-02
4.972407633586176795e-02
4.941403627463693965e-02
4.910274546519961814e-02
4.878962167469114847e-02
4.847464028265236619e-02
4.815779384915280098e-02
4.783909125953306890e-02
4.751855690519930092e-02
4.719622989258670520e-02
4.687216328056124925e-02
4.654642333970716167e-02
4.621908883379351185e-02
4.589025031779807307e-02
4.556000945191580886e-02
4.522847832833171156e-02
4.489577880855911973e-02
4.456204187030107094e-02
4.422740696343668843e-02
4.389202137026986666e-02
4.355603957503944440e-02
4.321962263517917929e-02
4.288293756129654688e-02
4.254615669906677139e-02
4.220945711762723318e-02
4.187302000304167493e-02
4.153703005757054811e-02
4.120167490385216735e-02
4.086714449838015767e-02
4.053363055055671238e-02
4.020132595161175770e-02
3.987042421265488829e-02
3.954111891334625983e-02
3.921360316257413436e-02
3.888806907061099355e-02
3.856470723696867053e-02
3.824370625089874159e-02
3.792525220954434673e-02
3.760952825122312881e-02
3.729671410720394875e-02
3.698698567272342558e-02
3.668051459556520566e-02
3.637746788647874818e-02
3.607800754980395458e-02
3.578229023476443144e-02
3.549046691041794765e-02
3.520268256039222471e-02
3.491907590372746173e-02
3.463977913481498805e-02
3.436491768949674619e-02
3.409461003351442476e-02
3.382896747306064072e-02
3.356809398982764370e-02
3.331208609900959683e-02
3.306103272978720697e-02
3.281501512750924915e-02
3.257410677954525324e-02
3.233837336162573989e-02
3.210787270662800175e-02
3.188265479252357093e-02
3.166276175179183472e-02
3.144822789920542760e-02
3.123907977928158664e-02
3.103533623124990481e-02
3.083700847168378487e-02
3.064410019266464863e-02
3.045660767749394995e-02
