5.479506066420073429e-01
5.507809100203702179e-01
5.616980733542147330e-01
5.600216583073108767e-01
5.638666401920298110e-01
5.733333902872119747e-01
5.796591896118628018e-01
5.916901489786438040e-01
6.218834910491198853e-01
6.855099317604420595e-01
7.092737053062820873e-01
7.957164372345270076e-01
8.900042864588424418e-01
1.245772074515724137e+00
1.149116876463200931e+00
1.069869192018710891e+00
1.207418247715859705e+00
1.322551200452672715e+00
1.461496815173502162e+00
1.319687231644374403e+00
1.293693202869230507e+00
1.569456909716335113e+00
1.893622828510725942e+00
1.610640997917570649e+00
1.882506752368057201e+00
2.518371087138826958e+00
2.882166314899105686e+00
2.181434217848209567e+00
2.511619393740777362e+00
2.613897167066040250e+00
2.087509638868680018e+00
2.219150611739979517e+00
2.445490705391548225e+00
2.476006361038426196e+00
2.310649168864120639e+00
2.311756631356768121e+00
1.898913315711303174e+00
2.208091702172059634e+00
2.554000979226697776e+00
2.491029029395213534e+00
2.568239084100782055e+00
2.082018976334786053e+00
1.425417867316735698e+00
1.108987494298128373e+00
1.011401067658376451e+00
1.048307664084054736e+00
1.135063582190794840e+00
1.215049755879668680e+00
1.380239292574407584e+00
1.425647488151428055e+00
1.700275220745983695e+00
1.603291063730752253e+00
1.565317459366295294e+00
1.625952273538097348e+00
1.654624243042167819e+00
1.598568974989296620e+00
1.771563946799848299e+00
1.992924487447384818e+00
2.025435375206571909e+00
1.945450719887529267e+00
1.971124922405920410e+00
1.976921187979945982e+00
1.961948028927132270e+00
1.899423251017967607e+00
1.843027111015111075e+00
2.033876882329793023e+00
2.250512902548314820e+00
2.381320372412789599e+00
2.417369855622639729e+00
2.731057043521623928e+00
2.847462798944285112e+00
2.648395567097646897e+00
2.462629881427954359e+00
2.284637013402876171e+00
2.571088878940380518e+00
3.042466719945311482e+00
3.331403229476649575e+00
3.319711115941691215e+00
3.080479755610959103e+00
3.060644347368242535e+00
3.170085849806747014e+00
3.309381570038232301e+00
3.392356185165424254e+00
3.469316214749993410e+00
3.445676209002892509e+00
3.336452242142831093e+00
3.458868650172453929e+00
3.573230511861933412e+00
3.392061431914870528e+00
3.084999517304013228e+00
2.980859676150409143e+00
2.879540826730281999e+00
2.732841392369592892e+00
2.573188729889801074e+00
2.432877581750453988e+00
2.564283849853730146e+00
2.767191990090954512e+00
2.948391107973324488e+00
3.090262126264150311e+00
3.182949449339291359e+00
3.178293356896138011e+00
3.042825441338505854e+00
2.812893796649646561e+00
3.007485221273851650e+00
3.212458162550491547e+00
3.374719892780615904e+00
3.472048801304147947e+00
3.501900224895090119e+00
3.464767055840365817e+00
3.386016860109433591e+00
3.303978715235643904e+00
3.202246551871639646e+00
3.134032388088888066e+00
3.034621561124137834e+00
2.901240646786678923e+00
2.766756356096878644e+00
2.613328022320472677e+00
2.433386553734820268e+00
2.233225750827761313e+00
2.019595721968462154e+00
1.823714230473994835e+00
1.693956647450444608e+00
1.588983987231067374e+00
1.478861928016702354e+00
1.366214772071439487e+00
1.252829530653401635e+00
1.141235596467192082e+00
1.034224766709628263e+00
9.414377959140750596e-01
8.598639915379232557e-01
7.822229330646824907e-01
7.252060592641766945e-01
6.696482203677898148e-01
6.144480519585301392e-01
5.851522320742844618e-01
5.793433613835028417e-01
5.647401300205686647e-01
5.450286901093964742e-01
5.367447478277649342e-01
5.423246084672699308e-01
5.483505321121538989e-01
5.532366112959575810e-01
5.561840651958719350e-01
5.560595211511583091e-01
5.525462461774229839e-01
5.451507576119655196e-01
5.343697144652760356e-01
5.198365096882144876e-01
5.027915233618395208e-01
5.026523222437934146e-01
4.995741876041480678e-01
4.937829076594903444e-01
4.854625006688884081e-01
4.744844298398895321e-01
4.610281587011287319e-01
4.456737876499949902e-01
4.395914283332980621e-01
4.328960114137346826e-01
4.248027409264959475e-01
4.155462498915405978e-01
4.121392860585631479e-01
4.095084154743280358e-01
4.030413873200111019e-01
3.930172349993027447e-01
3.912335139223310221e-01
3.883553520831507511e-01
3.844700083417906811e-01
3.796471103362916155e-01
3.739463151553598097e-01
3.674793350145048598e-01
3.603188851626914491e-01
3.525076167927387871e-01
3.442420497775369737e-01
3.353775254506420334e-01
3.263413916377282953e-01
3.168544618022497428e-01
3.071934162767016585e-01
2.973964211741451646e-01
2.947356171441736783e-01
2.926320168248397469e-01
2.901044097749281292e-01
2.874234833651583831e-01
2.843897776509434205e-01
2.810484764278074477e-01
2.775898439864658562e-01
2.739627775010520239e-01
2.701369161333903035e-01
2.662001627179050867e-01
2.622561690313165439e-01
2.582001358000743374e-01
2.540599148382117756e-01
2.499959017145618467e-01
2.458994031096607968e-01
2.417758943992810161e-01
2.377256204712662468e-01
2.337189670620840320e-01
2.297233573642359084e-01
2.258166723315860047e-01
2.219796462456080921e-01
2.197009013912826492e-01
2.172566589657332070e-01
2.145332302015458825e-01
2.117006951293220751e-01
2.086507307326918859e-01
2.053881899212468276e-01
2.020256758917627071e-01
1.985361656472262870e-01
1.948836695454439216e-01
1.911132761410488934e-01
1.873034740417516830e-01
1.833668787433708758e-01
1.793156760906311487e-01
1.754816231084049549e-01
1.726223832478365472e-01
1.697867292460275290e-01
1.669724103100256596e-01
1.641771486578569861e-01
1.614368449393075722e-01
1.587298195775277143e-01
1.560331454065934098e-01
1.533449428105068679e-01
1.532624816050441319e-01
1.535388230993995629e-01
1.536865494166552992e-01
1.537355187691971381e-01
1.537101849364639616e-01
1.535554831651347041e-01
1.532713270187456844e-01
1.528578105728330416e-01
1.523836804300013337e-01
1.517981955068971323e-01
1.510840280128187552e-01
1.502421377827653226e-01
1.493039018576022559e-01
1.482952077212944808e-01
1.471619943301265554e-01
1.459063694564146085e-01
1.445307778917337138e-01
1.431121667406076436e-01
1.415846043373979180e-01
1.399441656900805575e-01
1.381944595595245295e-01
1.363659761460638553e-01
1.344836271736370714e-01
1.325019227633857932e-01
1.304254570482886733e-01
1.282590492187989095e-01
1.260422048266166828e-01
1.237753318745147824e-01
1.214311320004415190e-01
1.190150446772108850e-01
1.165326232326702044e-01
1.164986484889284912e-01
1.195558639487186159e-01
1.221805797909070734e-01
1.242184408583742322e-01
1.256759886985746588e-01
1.265508962507977120e-01
1.267375217053737790e-01
1.263700171332325928e-01
1.253065578743819408e-01
1.236483995657214757e-01
1.213740530900005443e-01
1.184938528684607584e-01
1.156489288321705527e-01
1.154184717028754609e-01
1.151167495224907911e-01
1.147454163745644240e-01
1.143085483003526137e-01
1.138455138851675735e-01
1.133176403327880999e-01
1.127269345904758913e-01
1.120754847426265188e-01
1.113860204351192484e-01
1.106587543894857195e-01
1.098763572314967879e-01
1.090411189173508683e-01
1.081738938138886441e-01
1.072762987730497414e-01
1.063317972891733854e-01
1.053451243027945239e-01
1.043481324876460031e-01
1.033102353901356601e-01
1.022437739512136318e-01
1.011629491925319785e-01
1.000552514922136149e-01
9.893713724022173972e-02
9.781440049615781895e-02
9.670503574341392239e-02
9.560477683965978857e-02
9.450414518709390754e-02
9.338837514771142212e-02
9.226913509351696019e-02
9.112485480901308388e-02
8.998227563290045472e-02
8.989701793497743842e-02
8.994950971411448670e-02
8.988752942722029460e-02
8.973899071811637651e-02
8.950053344314815029e-02
8.915859864066637275e-02
8.871751903497880620e-02
8.818181056296678366e-02
8.757198299707480427e-02
8.689812144528212545e-02
8.614264992560313750e-02
8.531047696140497960e-02
8.440656705797784654e-02
8.343591713979003899e-02
8.242969952851120219e-02
8.137047863048206542e-02
8.025793212214996086e-02
7.909696437445164208e-02
7.789242114562294761e-02
7.664907380591463870e-02
7.537660623201633547e-02
7.409169670034525257e-02
7.278015795387107745e-02
7.144634967460355979e-02
7.009450184637931736e-02
6.872870608910970625e-02
6.735290811194356853e-02
6.597090123688195695e-02
6.458632094345301278e-02
6.324826491802648665e-02
6.331408980706980383e-02
6.334461009071999660e-02
6.335021135865828712e-02
6.332821336311031390e-02
6.327361177746709808e-02
6.318741147251147328e-02
6.307063670816875911e-02
6.292432790826123223e-02
6.274953858367091075e-02
6.254733240008211737e-02
6.231878039138930014e-02
6.206495831370850008e-02
6.178694414192634904e-02
6.148581570497248933e-02
6.117389031382904768e-02
6.084224990094683899e-02
6.049032438806976886e-02
6.011916505262848709e-02
5.972981415612323153e-02
5.932330330503607363e-02
5.890065192961833201e-02
5.846286587557447678e-02
5.801093610777346976e-02
5.754583751742623626e-02
5.706852783595136452e-02
5.657994664298625354e-02
5.608101447408989082e-02
5.557884690480618256e-02
5.507021528633158219e-02
5.455348355564822171e-02
5.402949303324296876e-02
5.349906327585593480e-02
5.296299164026356532e-02
5.242205291601862577e-02
5.187699902538967650e-02
5.132855878510920317e-02
5.077743772922932441e-02
5.022431798785918083e-02
4.966985821754491687e-02
4.911469358500819560e-02
4.855943579430279516e-02
4.800467316012324570e-02
4.745097072113366177e-02
4.689887039230927757e-02
4.634889115226221989e-02
4.580152926473737146e-02
4.525725852916086950e-02
4.471653056021020201e-02
4.417977509389335589e-02
4.364740031485621341e-02
4.312151275186876936e-02
4.260073830124888605e-02
4.208520913719653728e-02
4.157525908320378050e-02
4.107120229986907511e-02
4.057333370468702710e-02
4.008192940070253590e-02
3.959724711575979966e-02
3.911952665106992882e-02
3.864899033546283225e-02
3.818584348594874361e-02
3.773027487304687205e-02
3.728245718932087643e-02
3.684254751971779984e-02
3.641068781369902196e-02
3.598700535691276570e-02
3.557161324380701817e-02
3.516461084614842109e-02
3.476608428248383065e-02
3.437610688153137223e-02
3.399473964447219387e-02
3.362341962256241990e-02
3.326102400796577402e-02
3.290743458676879257e-02
3.256266177071196616e-02
