6.212899851280724306e-01
6.215425527232857350e-01
6.233455355671506659e-01
6.248195653616299694e-01
6.241207125985520632e-01
6.270090642574875917e-01
6.310534349923400121e-01
6.335275642491079440e-01
6.382122403047951753e-01
6.443556219835566701e-01
6.522376013137234363e-01
6.649783648752956022e-01
6.865474150675612286e-01
7.370648564335502417e-01
9.222037907097808684e-01
1.042060150082574133e+00
1.046815982370670195e+00
1.102377249083388300e+00
9.383150984344393875e-01
9.748364172210012280e-01
9.513055453622711877e-01
9.847984577513786419e-01
1.061186219677507259e+00
1.063318335897215361e+00
1.266033524999517823e+00
1.364752424320928581e+00
1.365420026861354996e+00
1.411683028128350337e+00
1.443687815884517445e+00
1.621209444000271782e+00
1.783252659209927593e+00
1.629295254993712971e+00
1.735849293849354824e+00
2.027742546144279068e+00
1.930785884888521098e+00
1.780255864847902991e+00
2.051931218819968983e+00
2.140834942054066214e+00
2.427677747685839549e+00
2.363098114024062113e+00
2.116125664829125785e+00
2.141508011866436689e+00
1.961992280813209089e+00
2.038335557204712156e+00
2.169670932661187823e+00
2.443436826018320129e+00
2.383044872228305078e+00
2.386085751026015611e+00
1.982341369092341266e+00
1.515707435523700575e+00
1.428981400562900017e+00
1.342455854126991310e+00
1.267274114628775816e+00
1.207585916892951472e+00
1.197504346505712469e+00
1.266370084382589134e+00
1.381575806664139705e+00
1.486586456140188695e+00
1.526863144955143525e+00
1.582572557687601078e+00
1.591334895976528330e+00
1.739666059956895827e+00
1.633204610647432942e+00
1.472702849692319571e+00
1.456043769950001732e+00
1.700631089610795899e+00
1.961682654981840468e+00
2.094231182774486832e+00
2.097158115357006025e+00
1.983775795008295262e+00
1.854193753522040966e+00
1.795767958687626953e+00
1.866482700630781366e+00
2.057594046863781667e+00
2.283464534214866948e+00
2.434723474657694897e+00
2.513925516407539362e+00
2.493864301674264983e+00
2.310061472851268505e+00
2.184310566657361896e+00
2.299494575776634075e+00
2.411095225943117093e+00
2.549042114601167697e+00
2.706293335141879197e+00
2.856221724635191528e+00
2.982850984709499720e+00
3.075530522356799246e+00
3.123826700803168599e+00
3.120268756220024198e+00
3.216486569867981427e+00
3.596355634590413963e+00
3.685240812705247393e+00
3.497678755876224344e+00
3.168893351428769822e+00
2.892809883277476235e+00
2.780268005368425666e+00
2.834398801078111596e+00
2.999723149245764997e+00
3.258067304834583844e+00
3.560727689359226122e+00
3.857228365758089250e+00
4.084380325337625628e+00
4.178058510762183708e+00
4.103130082108434884e+00
3.831089687155261991e+00
3.688430169639720813e+00
3.752492695264892042e+00
3.732852568160041962e+00
3.674104892602785721e+00
3.593619692641833563e+00
3.461539316529084864e+00
3.278999304766049061e+00
3.060209953932575555e+00
2.990529808991215788e+00
2.998928143737559893e+00
3.023810773055711110e+00
3.062727467011385318e+00
3.111862631640029964e+00
3.167151080882946612e+00
3.223941764797895182e+00
3.277392869122762953e+00
3.325195112362979710e+00
3.362666897124297449e+00
3.387970032335651194e+00
3.398487550311976690e+00
3.395888104888851622e+00
3.377261597296207452e+00
3.342709614734083345e+00
3.292801484879625651e+00
3.481441236757164326e+00
3.760210529759928644e+00
3.953177108048259392e+00
4.082390119653147131e+00
4.158097080999393569e+00
4.133882778966426308e+00
4.017443226429810110e+00
3.819005888419022110e+00
3.552749165821003530e+00
3.327028521875180722e+00
3.057129139951012764e+00
2.758081482892499547e+00
2.442683861144361757e+00
2.250879175096778706e+00
2.081024865481967190e+00
1.946590543896279391e+00
1.810967627436543603e+00
1.676769246659130408e+00
1.547722533822825319e+00
1.485204031243935185e+00
1.424287703585159104e+00
1.366148874758729814e+00
1.310386726996970230e+00
1.257561595370663365e+00
1.208120423220649053e+00
1.161603815787525473e+00
1.118249467119570406e+00
1.078574085467548738e+00
1.041907863659241373e+00
1.008169045786758922e+00
9.772134490676088747e-01
9.488488754695593164e-01
9.230832460674135431e-01
9.046413707231857337e-01
8.922929463864404109e-01
8.760371231750374577e-01
8.561897562712736942e-01
8.339334971587787360e-01
8.097695006571206111e-01
7.886571373746048552e-01
7.732914881010449770e-01
7.582205640315986539e-01
7.432995890021223406e-01
7.287572903442910421e-01
7.142220025036363218e-01
6.995349145604007335e-01
6.846381740535230076e-01
6.781604609865559130e-01
6.767567643132972321e-01
6.790745821140796723e-01
6.821904378975044425e-01
6.847951974340000802e-01
6.859243590808337121e-01
6.851626143649719447e-01
6.814848251031468962e-01
6.745613889559639587e-01
6.642604622024800287e-01
6.501893258451821866e-01
6.324035712283514465e-01
6.113151692806462201e-01
5.904099622844433126e-01
5.838432739608359068e-01
5.762353108621292019e-01
5.660059505116565859e-01
5.575735244649822064e-01
5.489820158019070861e-01
5.404654711466145844e-01
5.318550214966724088e-01
5.231496796727753695e-01
5.143756514763622167e-01
5.056555727585282378e-01
4.970018151665385187e-01
4.883401739248475204e-01
4.796939918546481163e-01
4.710854369158556931e-01
4.625818534397772019e-01
4.542409007379769048e-01
4.459839742326008882e-01
4.378282467113353560e-01
4.297894361467845536e-01
4.218818020057860108e-01
4.141181566056939545e-01
4.065189475021441790e-01
3.991474606014207560e-01
3.919415278157997173e-01
3.849090786568815092e-01
3.780567959885701157e-01
3.760789223412686066e-01
3.841086906606733797e-01
3.906690361024742764e-01
3.956389912985260882e-01
3.990044596833057233e-01
4.008582094028931841e-01
4.010682623630597576e-01
3.998313851211939274e-01
3.971735304178530823e-01
3.930894521660269203e-01
3.877161254514966404e-01
3.812349567856930244e-01
3.792628798827168413e-01
3.868869029765300560e-01
3.935422715105677538e-01
3.991975426219221412e-01
4.040630724494968518e-01
4.078872842828787371e-01
4.109028161633112575e-01
4.129929674538684869e-01
4.142249529397261654e-01
4.146744822612354331e-01
4.142457894868413204e-01
4.131672464324075422e-01
4.112092077134386625e-01
4.087233448354443688e-01
4.054216899578020894e-01
4.015982392289316749e-01
3.970770681884894238e-01
3.920418651305149216e-01
3.864203206910370447e-01
3.802950268808532597e-01
3.736884820177075461e-01
3.665896129307603668e-01
3.591109309292810359e-01
3.511502216462741299e-01
3.429116784455529809e-01
3.342270414800700418e-01
3.253123605442702071e-01
3.160510990787560037e-01
3.065350731291630049e-01
2.968164982393395324e-01
2.868389177928124534e-01
2.767518163555022226e-01
2.665163834580555613e-01
2.561451481336344815e-01
2.457250405892653644e-01
2.353036262395574174e-01
2.273195949894389056e-01
2.261351251762654113e-01
2.249739875208369710e-01
2.238199212921984094e-01
2.226709121760853116e-01
2.215250890139918716e-01
2.203807199838521691e-01
2.192362086174070579e-01
2.180900896853731619e-01
2.169410249670933044e-01
2.157877989332979141e-01
2.146293143564954597e-01
2.134645878728939905e-01
2.122927455092072924e-01
2.111130181929828931e-01
2.099247372610325846e-01
2.087273299798506621e-01
2.075203150894558979e-01
2.063032983846964097e-01
2.050935144449918535e-01
2.038772812870744688e-01
2.026501619638379215e-01
2.014120416886049370e-01
2.001628727248888906e-01
1.989026703845559740e-01
1.976315091128795498e-01
1.963495186655344893e-01
1.950568803825792064e-01
1.937538235626186378e-01
1.924406219407311380e-01
1.911175902735408327e-01
1.897850810320427517e-01
1.884434812066855813e-01
1.871048605200893167e-01
1.857660775307877765e-01
1.844190884931525831e-01
1.830643796919412258e-01
1.817024586688365528e-01
1.803338516759218357e-01
1.789591012388061508e-01
1.775787638292555537e-01
1.761934076468247012e-01
1.748036105074670943e-01
1.734099578371000316e-01
1.720130407695343033e-01
1.706134543462101694e-01
1.692117958153557533e-01
1.678086630282872860e-01
1.664046529319438972e-01
1.650149078887298282e-01
1.636249901209984592e-01
1.622367265890665988e-01
1.648679648643192053e-01
1.672715433402209295e-01
1.694397009147432243e-01
1.713661948282989844e-01
1.731096717360846582e-01
1.746070920166051255e-01
1.758543087673368754e-01
1.768502914658538205e-01
1.776399795373377888e-01
1.782079988813032034e-01
1.785291764050687957e-01
1.786067962814133492e-01
1.784989935989299559e-01
1.781765296966784928e-01
1.776251009839791284e-01
1.768553191073919673e-01
1.759379587464721117e-01
1.748117959155254808e-01
1.734851121391423612e-01
1.719983935887599569e-01
1.703635114889429647e-01
1.685534706160267404e-01
1.665780528580082520e-01
1.644994604449076525e-01
1.622818017490244291e-01
1.599267219249718153e-01
1.574502138099015125e-01
1.549033950561285178e-01
1.522475366399522745e-01
1.494929910236672543e-01
1.466501379935555849e-01
1.437710819875595292e-01
1.408207884952022704e-01
1.378090650840976261e-01
1.347455050326794301e-01
1.316428438251501520e-01
1.285328600630471496e-01
1.253954085495737891e-01
1.222390135140682954e-01
1.190718758861162851e-01
1.159018578548952627e-01
1.127364700375945578e-01
1.095828611378346223e-01
1.089252361846186484e-01
1.087212438107461737e-01
1.085032812282167441e-01
1.082718257092577935e-01
1.080273538717743537e-01
1.077703410503311060e-01
1.075096339268683532e-01
1.072395868499785992e-01
1.069581816088790438e-01
1.066658815026843565e-01
1.063631461789711907e-01
1.060504311754994211e-01
1.057281874913426900e-01
1.053968611867413668e-01
1.050568930071535401e-01
1.047087180368474618e-01
1.043527653743443195e-01
1.039896242404905052e-01
1.036281524734655873e-01
1.032599192790267378e-01
1.028853284647674171e-01
1.025047767749668326e-01
1.021186536917943061e-01
1.017273412595183085e-01
1.013312139237228376e-01
1.009306383923548600e-01
1.005259735130013404e-01
1.001175701664096668e-01
9.970577117851898985e-02
9.929091124582906103e-02
9.887331687543766956e-02
9.845330634152575644e-02
9.803118965265249229e-02
9.761309444689360293e-02
9.719362729506139664e-02
9.677273637481419166e-02
9.635070179501155352e-02
9.592779547360053005e-02
9.550428116595224837e-02
9.508041450444776332e-02
9.465644304345567639e-02
