1.998005036172720850e-01
1.994060286173282293e-01
2.000180721225821578e-01
2.024059641910072871e-01
2.066765990643965045e-01
2.491656404610229636e-01
2.913360009971379117e-01
2.822286551230468454e-01
3.167398124702610618e-01
3.515245368752141775e-01
5.446236991833920404e-01
4.882540189214734649e-01
4.546599343985389674e-01
4.331247284104530748e-01
5.166804244955571779e-01
6.264484762773405713e-01
6.160559550822641839e-01
5.996329052516964353e-01
6.053211610109602292e-01
6.549218986141965848e-01
6.159915201556641628e-01
7.035928827977406819e-01
9.223222823425452077e-01
9.029228775364550597e-01
9.641023389801492982e-01
1.357958509315234874e+00
1.011441963511611863e+00
1.244093589217682982e+00
1.488906128554861485e+00
1.520959057864846864e+00
1.422601539478014931e+00
1.721246194064178558e+00
2.054059860080668543e+00
2.203865444435820553e+00
1.594508763090223047e+00
1.654086424387734233e+00
1.251532377023486076e+00
1.032445695488118487e+00
8.798488575447342974e-01
9.020878975804025313e-01
8.515172730028536252e-01
8.066438829863572524e-01
6.395559514294876235e-01
5.126716550215333346e-01
4.762661785346731236e-01
5.173238222831187949e-01
4.731314241772404672e-01
3.806742306192997249e-01
3.668450195760211696e-01
3.919000906844649634e-01
4.227826513487359383e-01
4.171284719024542786e-01
3.700813797637113045e-01
3.536953033429773297e-01
3.187815808439529164e-01
2.592665589670346549e-01
2.373999643921038682e-01
2.130039890335418684e-01
2.047440459807216562e-01
1.921711555768137458e-01
1.781053073326769320e-01
1.709222316843176936e-01
1.830795687129657401e-01
1.742043531181966254e-01
1.743895582933446264e-01
1.676480091438315723e-01
1.582010423655416664e-01
1.589851483735022220e-01
1.522582268249677850e-01
1.494017893435516109e-01
1.398981449495887430e-01
1.267447909599083433e-01
1.243470456168838667e-01
1.169098344780436088e-01
1.041100377189394938e-01
9.498826098364883397e-02
9.073265342336003791e-02
8.471069206086696834e-02
8.044266330930358033e-02
7.837806994434762253e-02
7.535525838838028068e-02
7.140426088102602709e-02
7.278566685807788539e-02
7.610473343508068755e-02
7.631970569835447304e-02
7.415951313968634218e-02
6.984524763164685901e-02
6.437553330396207640e-02
5.799966898916365104e-02
5.675350726399341905e-02
5.801467303232944045e-02
5.828453466780444264e-02
5.769594489980431340e-02
5.632313910579617861e-02
5.394397694268476817e-02
5.086071799953633538e-02
4.704717429819522956e-02
4.266656811260378240e-02
4.113337100457228196e-02
4.125671392446551150e-02
4.081359626071676822e-02
3.988729327482511133e-02
3.860623172929087549e-02
3.717824077618597095e-02
3.571680770034411229e-02
3.430264221004805658e-02
3.302854102986191309e-02
3.194313080580882952e-02
3.105111513540866411e-02
3.032022299861019538e-02
2.969256253650747260e-02
2.909779116182982864e-02
2.846574175742530230e-02
2.773672910980324452e-02
2.688545401560141213e-02
2.591057567210298951e-02
2.476981253695953109e-02
2.380567761554345033e-02
2.389835698345540993e-02
2.396210484472882998e-02
2.398494504855782153e-02
2.395935852041851735e-02
2.388174261665480455e-02
2.375173204534618623e-02
2.357146856649609476e-02
2.334488827858736612e-02
2.307707545681205591e-02
2.277371305922009509e-02
2.244064376025298180e-02
2.208400933844806638e-02
2.172686929391948879e-02
2.135425055078309445e-02
2.097035371159569964e-02
2.057880838053060060e-02
2.018269596710480646e-02
1.978459895840989358e-02
1.938666461890786730e-02
1.899067368125972530e-02
1.859810711406686273e-02
1.821020631592280489e-02
1.782802399432422205e-02
1.745246450983240979e-02
1.716228814998040086e-02
1.703643577242300658e-02
1.690767286387158050e-02
1.676130855002359865e-02
1.659975969071638552e-02
1.642532701498221684e-02
1.624017247313006701e-02
1.604629525040476498e-02
1.620972488266805844e-02
1.637045339058292026e-02
1.646757064698200004e-02
1.650288154622234563e-02
1.647862097916274679e-02
1.639727677785388776e-02
1.626144496813074214e-02
1.609794058084140084e-02
1.588487718084624287e-02
1.562390826550178087e-02
1.531722650433414191e-02
1.506493009051808503e-02
1.515820076384045804e-02
1.523534822764365838e-02
1.529570325307862480e-02
1.533840394859470151e-02
1.536242827449077128e-02
1.536663476595502911e-02
1.534980932200110532e-02
1.531071584686063795e-02
1.524814855431227793e-02
1.516098385211654166e-02
1.504822990076369951e-02
1.490907217302444090e-02
1.475296837845409270e-02
1.457445313157983841e-02
1.436813251093176959e-02
1.413414863572757217e-02
1.387295116009376085e-02
1.358530153124075206e-02
1.327226957166086248e-02
1.293522286333553990e-02
1.257580958590098601e-02
1.240794369190096301e-02
1.232169811775409886e-02
1.218879603834853789e-02
1.201102332200874867e-02
1.179426287362601335e-02
1.154947466380699082e-02
1.126712169163400327e-02
1.095069847274061405e-02
1.060401500541395536e-02
1.023112812427384027e-02
9.966285036978956430e-03
9.854766667677442027e-03
9.668646323214891841e-03
9.415371462324371998e-03
9.181872829387351109e-03
9.091498951601042697e-03
8.943786580384372950e-03
8.770409233628694359e-03
8.751127539573430245e-03
8.722978854025805959e-03
8.686137276225767978e-03
8.640818148768989945e-03
8.587274186482203586e-03
8.525791556979698052e-03
8.456685959232766378e-03
8.380298741764890397e-03
8.296993096913328827e-03
8.207150363169192497e-03
8.111166462624658582e-03
8.009448496337157747e-03
7.902411515747661402e-03
7.790475484974163957e-03
7.674062444387074605e-03
7.553593883119747408e-03
7.429488324627756685e-03
7.302159127000110855e-03
7.172012497111508386e-03
7.039445715606247947e-03
6.906448552286440466e-03
6.773263613023909266e-03
6.638574516348789631e-03
6.502733568695296708e-03
6.366078677812398931e-03
6.228932638961332154e-03
6.091602576228022543e-03
5.954379528707393933e-03
5.823890631107484818e-03
5.776497091680935642e-03
5.729116864484623886e-03
5.681772253780205048e-03
5.634484896674223087e-03
5.587275735241687032e-03
5.540164993799221935e-03
5.493172160912379066e-03
5.446315975791712373e-03
5.399614418693876941e-03
5.353084705039738538e-03
5.306743282896023498e-03
5.260605833534614389e-03
5.214687274743174360e-03
5.225108345185053293e-03
5.268626614647701871e-03
5.299250065367469391e-03
5.316977008889479071e-03
5.321942690709082456e-03
5.315370901828339253e-03
5.299216721050426654e-03
5.271330581401886990e-03
5.232238507551590333e-03
5.182540522318942675e-03
5.122898187125582252e-03
5.054022646210740329e-03
5.005359304974283698e-03
4.976747997463447024e-03
4.944839895532674411e-03
4.907867832260939638e-03
4.866056246734037395e-03
4.819741599432130451e-03
4.788672620817428609e-03
4.761443140205023558e-03
4.731071806415411765e-03
4.697759774338408634e-03
4.661706960564632012e-03
4.623111160236273096e-03
4.582167258656614194e-03
4.539066532916662643e-03
4.493996038813992920e-03
4.447138078265207468e-03
4.398669741993631484e-03
4.348762522899998414e-03
4.297581995005633412e-03
4.245287553329959475e-03
4.192032209954155673e-03
4.137962441819863051e-03
4.083218085720824973e-03
4.027932276601749878e-03
3.972231424712160952e-03
3.916235228091961666e-03
3.860056716668646901e-03
3.803802324419779893e-03
3.747571986514320209e-03
3.691459258346543610e-03
3.635551453391415444e-03
3.579929797640880353e-03
3.524669597849835849e-03
3.469840421383884894e-03
3.436397221596809368e-03
3.407332328608628485e-03
3.378606228858744166e-03
3.350215553108750778e-03
3.322156886956328849e-03
3.294426776666777371e-03
3.267021734584227809e-03
3.239938244341039955e-03
3.213172765681061339e-03
3.186721739111420936e-03
3.160581590190956851e-03
3.134748733618846362e-03
3.109219577066468700e-03
3.083990524773568345e-03
3.059057980922133026e-03
3.034418352793567895e-03
3.010068053721359251e-03
2.986003505869635772e-03
2.962221142797082443e-03
2.938717411851783992e-03
2.915488776408782252e-03
2.892531717966941376e-03
2.869842738028900633e-03
2.847418359890072168e-03
2.825255130314344425e-03
2.803349620991053837e-03
2.781698429950351780e-03
2.760298182839201683e-03
2.739145534062543876e-03
2.718237167850315328e-03
2.697569799215496656e-03
2.677140174803600576e-03
2.656945073681777660e-03
2.636981308038860092e-03
2.617245723773646299e-03
2.597735201052152679e-03
2.578446654775972888e-03
2.559377034990122611e-03
2.540523327220035616e-03
2.521882552763830831e-03
2.503451768925506454e-03
2.485228069196677384e-03
2.467208583359895360e-03
2.449390477655945253e-03
2.431770954735469267e-03
2.414347253750807974e-03
2.397116650270929902e-03
2.380076456264916974e-03
2.363224019970507593e-03
2.346556725814347068e-03
2.330071994225468412e-03
2.313767281499146469e-03
2.297640079568097869e-03
2.281687915824115453e-03
2.265908352845050992e-03
2.250298988157122503e-03
2.234857453958969190e-03
2.219581416864049341e-03
2.204468577550469481e-03
2.189516670490425625e-03
2.174723463615107176e-03
2.160086757972147584e-03
2.145604387399251307e-03
2.131274218160318212e-03
2.117094148600399267e-03
2.103062108769006549e-03
2.089176060061763603e-03
2.075433994843222350e-03
2.061833936047506328e-03
2.048373936862363763e-03
2.035052080236614096e-03
2.021866478615946556e-03
2.008815273453602376e-03
1.995896634889524242e-03
1.983108761331934481e-03
1.970449879054691437e-03
1.957918241844451915e-03
1.945512130583864404e-03
1.933229852862594200e-03
1.921069742622369490e-03
1.909030159734408354e-03
1.897109489636252672e-03
1.885306142943020272e-03
1.873618555100706358e-03
1.862045185946538872e-03
1.850584519399931871e-03
1.839235063054622333e-03
1.827995347825387643e-03
1.816863927605329295e-03
1.805839378859423923e-03
1.794920300295305528e-03
1.784105312528957814e-03
1.773393057705153651e-03
1.762782199172718747e-03
1.752271421119250272e-03
1.741859428277092291e-03
1.731544945547067518e-03
1.721326717697069979e-03
1.711203509030107027e-03
1.701174103049351563e-03
1.691237302187609520e-03
1.681391927444806679e-03
1.671636818100868949e-03
1.661970831412303831e-03
1.652392842342406253e-03
1.642901743209816169e-03
1.633496443445364536e-03
1.624175869273659185e-03
1.614938963480678493e-03
1.605784685075225355e-03
1.596712009062210315e-03
