8.330206460008761360e-02
8.320560823284843532e-02
8.432120306308743540e-02
8.427714704162958537e-02
8.466732924294083362e-02
8.592783644910789720e-02
8.741788438074220291e-02
8.622009249075618387e-02
1.014503497364580009e-01
1.505375467355663521e-01
1.568280127185215644e-01
1.535069412722997462e-01
1.702236740749220600e-01
1.556962016446914454e-01
2.671349450196539577e-01
2.108413999032902886e-01
2.165490797556839653e-01
2.150600026500221751e-01
1.797632146648139029e-01
2.195249291246845758e-01
2.724842153306822334e-01
2.228826266161406666e-01
1.999041182314767184e-01
2.543743125876825606e-01
3.236836544500014123e-01
4.099436529541731211e-01
4.001834217310051289e-01
3.316364701533913162e-01
3.045137167920448085e-01
2.461765875357933009e-01
2.886240141257561675e-01
2.290356295945881471e-01
2.409716752656125838e-01
2.013328966196537839e-01
2.194423439633080009e-01
1.992893130541199820e-01
1.974617664809951434e-01
1.882903012563110212e-01
2.118043756086575302e-01
2.050509463626921103e-01
2.102265275810644152e-01
1.955055077179234935e-01
1.945445576904267504e-01
2.070468429036174396e-01
2.226289053957464514e-01
2.281479363132762894e-01
2.215540737524175907e-01
2.276579700226833147e-01
2.218525687620332143e-01
2.471288412840872972e-01
2.270196677973331523e-01
2.367711274929519827e-01
2.452009451631038672e-01
2.668776633152468714e-01
2.871653602034543451e-01
3.179117753405242275e-01
3.122886381550046275e-01
3.182809833473366212e-01
3.122342655783030829e-01
3.151904518365920560e-01
3.366311132335429446e-01
3.776469573620396813e-01
3.992279373953245836e-01
4.147673161569445655e-01
4.190383761159334752e-01
4.310478640141789386e-01
4.750964541847393363e-01
4.761574303072144687e-01
4.784881934243020996e-01
4.813662529951964753e-01
4.914724659730728695e-01
4.553566194806702994e-01
4.369766729911002678e-01
4.486741359764106485e-01
4.493230599263857150e-01
4.470552618350560614e-01
4.476407047847423271e-01
4.601109995474744196e-01
4.799583928253286502e-01
5.009353043600317523e-01
5.154935913345336518e-01
5.200017974796129483e-01
5.136329638631861316e-01
4.991382705001059517e-01
4.782623237104784986e-01
4.590315816141922189e-01
4.371326822585050453e-01
4.128257523871546875e-01
3.863958333997194461e-01
3.567996913624303379e-01
3.350600608898651744e-01
3.431479115423036186e-01
3.311005924600396444e-01
3.156696136386674678e-01
3.048337194282373930e-01
2.880745541099047347e-01
2.719193427707997102e-01
2.660572994718820583e-01
2.583286132079311570e-01
2.546548912790197461e-01
2.425244580819829465e-01
2.206788185989628226e-01
2.249740339235683784e-01
2.275024245617296992e-01
2.253257298737756931e-01
2.183930910131821335e-01
2.073414270091524236e-01
1.932941511180284455e-01
1.775945649964886242e-01
1.647686644104936760e-01
1.512649265211817307e-01
1.382029493951908994e-01
1.266726540553159974e-01
1.175060446602797376e-01
1.112127550397603581e-01
1.077635257882810366e-01
1.067609900642838422e-01
1.075495394038246122e-01
1.093317875000419104e-01
1.151596578936835424e-01
1.232027890543533344e-01
1.284593170260210915e-01
1.300359324688765694e-01
1.275203499640073790e-01
1.256721372269982984e-01
1.227555166506617695e-01
1.159767499201374147e-01
1.052427544556376465e-01
9.898987427316655041e-02
9.460602662924236239e-02
9.198866315534001692e-02
9.136648354389739768e-02
8.991166202312324274e-02
8.768677007124744960e-02
8.476693144007071967e-02
8.123596944276893772e-02
7.718242682880555039e-02
7.732321267042584212e-02
7.696305185562600515e-02
7.609452857862594732e-02
7.475712128012457214e-02
7.305458945853880726e-02
7.100677461398838264e-02
6.862891246733177075e-02
6.602188154878971260e-02
6.665622068010049195e-02
6.980954879435820326e-02
7.339237153819763715e-02
7.651790097842657568e-02
7.840033917168372224e-02
7.937473014962377615e-02
7.965979836589452689e-02
7.767091312941763748e-02
7.357188493730539014e-02
7.310696199201380252e-02
7.113374811296926947e-02
6.756923307193624106e-02
6.252535316084636974e-02
5.907438327252021587e-02
5.834490041079381378e-02
5.649501563073592442e-02
5.366277151932730832e-02
5.025748777469453421e-02
4.888475965030334575e-02
4.764567627363771457e-02
4.669191730994144696e-02
4.581757293339482756e-02
4.432121997405291669e-02
4.230859602730528690e-02
4.140272036483533258e-02
4.133117759931034807e-02
4.112047697947610048e-02
4.075698443352000766e-02
4.027806390148418875e-02
3.966583219541782585e-02
3.895739897842553923e-02
3.814269785728736928e-02
3.724609149008595299e-02
3.627631660217799786e-02
3.523359034275466012e-02
3.415543880724043052e-02
3.302258852814096007e-02
3.186471859622241193e-02
3.069211288721775469e-02
2.950246663859389801e-02
2.876432085592109736e-02
2.903932173132827907e-02
2.945550640335471010e-02
2.994087595341026614e-02
3.044105453603155806e-02
3.087125318956418854e-02
3.119614880129600518e-02
3.135765549402382696e-02
3.132982704920869027e-02
3.109501521713720421e-02
3.064475146488776156e-02
2.998044749133665920e-02
2.951276701372146719e-02
2.912770980383810188e-02
2.853388621955304724e-02
2.776419957753969645e-02
2.684353338878453163e-02
2.580431920598714665e-02
2.503818220285230350e-02
2.466572676599014177e-02
2.422559249543131121e-02
2.373785801301805595e-02
2.341206777723206511e-02
2.319366847928773512e-02
2.292543647945103832e-02
2.279263614639040134e-02
2.279811042474236271e-02
2.276790061993129791e-02
2.271772936877261909e-02
2.265172908492163115e-02
2.256299409661601321e-02
2.246612022318782154e-02
2.233964985490149990e-02
2.218471710860508289e-02
2.199282462163352700e-02
2.174829904896762381e-02
2.145851163316198768e-02
2.110653047761801987e-02
2.068906205413155799e-02
2.021401989496945592e-02
1.967634673524899444e-02
1.907625493177109513e-02
1.842975162389198437e-02
1.773523298735480910e-02
1.700800489935963555e-02
1.625472410654357769e-02
1.549452205531427589e-02
1.481732569561441774e-02
1.444060018132405435e-02
1.403959344319251693e-02
1.362009655818390876e-02
1.318864928569034832e-02
1.279796101374558112e-02
1.267391163295056473e-02
1.254422894509643095e-02
1.240963336389438142e-02
1.227084470490556224e-02
1.212857470740892445e-02
1.198352039513483382e-02
1.183635825507039184e-02
1.168773920700813193e-02
1.153828433094599565e-02
1.138858131522968789e-02
1.123918158483017647e-02
1.109059806648949459e-02
1.094330354601152737e-02
1.079772957145160549e-02
1.065426585620845266e-02
1.051326013552112727e-02
1.037501843077155185e-02
1.023980567712514875e-02
1.010784667141887555e-02
9.979327298240150967e-03
9.854395995262336255e-03
9.733165419664993948e-03
9.615714280506794040e-03
9.516222640185706058e-03
9.563385974194238068e-03
9.599981952797190590e-03
9.624251795140221361e-03
9.637578517986303966e-03
9.640673925854242876e-03
9.629811311831009205e-03
9.605360152239094881e-03
9.572283069942398234e-03
9.525281766506884032e-03
9.464583705372396280e-03
9.395266061046578590e-03
9.313904309889368960e-03
9.219692289107253580e-03
9.115900401479496915e-03
9.002604681399843656e-03
8.877297534740940035e-03
8.741135204850846926e-03
8.598052154858291246e-03
8.544417338756073871e-03
8.549817821938268669e-03
8.552554764870583942e-03
8.552358330663785771e-03
8.548931925001114832e-03
8.541958527668815429e-03
8.531107994120361998e-03
8.518165744883328047e-03
8.500917869887625669e-03
8.478842953733745080e-03
8.451632411770281655e-03
8.419004678492995192e-03
8.380712644821023197e-03
8.336550376284269231e-03
8.286358972042721233e-03
8.230031456260264444e-03
8.168273146788165157e-03
8.102114435309719365e-03
8.029787840195208581e-03
7.951410104074721832e-03
7.867158475050230887e-03
7.777269280469194593e-03
7.682035530917430931e-03
7.581803633915259501e-03
7.476969309879540407e-03
7.367972812414197090e-03
7.255293560697488771e-03
7.139879206860291067e-03
7.023001058730222144e-03
6.903911194239173779e-03
6.783182506509025274e-03
6.661396555645853965e-03
6.539136995692002019e-03
6.416983146860937709e-03
6.295503799292091751e-03
6.175251324779664625e-03
6.056756164568016278e-03
5.940521750659582059e-03
5.848214155601876019e-03
5.774891190462589155e-03
5.699798981665288831e-03
5.623368815203491633e-03
5.546033888250262098e-03
5.468225306824778427e-03
5.390368249968535870e-03
5.312878333131934409e-03
5.260270945159256466e-03
5.240672953613301210e-03
5.221004321132079705e-03
5.200776568708253070e-03
5.179958960093033853e-03
5.158523593641094543e-03
5.136445366886111669e-03
5.113701934165364865e-03
5.090273657610043002e-03
5.066143552216486462e-03
5.041297225568828512e-03
5.015722812738854751e-03
4.989410906924526476e-03
4.962354486304079021e-03
4.934548837608395376e-03
4.905991476868170123e-03
4.876682067759288003e-03
4.846622337986929326e-03
4.815815994089949446e-03
4.784268635023570561e-03
4.751987664860648358e-03
4.718982205007145846e-03
4.685263006069689297e-03
4.650842359928975163e-03
4.615734011926072786e-03
4.579953073795128317e-03
4.543515937212807936e-03
4.506440188424728523e-03
4.468744523976653921e-03
4.430448667857973810e-03
4.391573290061266850e-03
4.352139926823941907e-03
4.312170902615953053e-03
4.300778693713223910e-03
4.310895084779338415e-03
4.320900075248911183e-03
4.330551982942853172e-03
4.339616818214009700e-03
4.348025956322840516e-03
4.355714183039914936e-03
4.362212728089173881e-03
4.367326684767454913e-03
4.370873458339956212e-03
4.372683423953548087e-03
4.372600478085165998e-03
4.370482485571247459e-03
4.366201624560206614e-03
4.359644633326148662e-03
4.350712961835986360e-03
4.339322832712626775e-03
4.325405215946668581e-03
4.308905721757043047e-03
4.289784416961593336e-03
4.268710350825316927e-03
4.245123148907990057e-03
4.218874458570583477e-03
4.189975925468562325e-03
4.158451855557508160e-03
4.124338693691235493e-03
4.087684461525064109e-03
4.048548159787744571e-03
4.006999140508812722e-03
3.963116453726917184e-03
3.927095058081814770e-03
3.932145580273830460e-03
3.936820633228269896e-03
3.941112541477463649e-03
3.945014290032613537e-03
3.948519510253003205e-03
3.951622465130704906e-03
3.954318034435599406e-03
3.956601699392966846e-03
3.958469527400711695e-03
3.959918156304716337e-03
