7.861964334389485998e-02
7.869549844320557208e-02
7.891929583047964381e-02
7.961814820301443829e-02
8.001386230526055798e-02
8.091723092327178513e-02
8.226520653817273598e-02
8.761763464568358972e-02
9.600670993212204185e-02
1.423584979191440669e-01
1.623964073446308720e-01
1.319962054164957044e-01
1.583834061233571344e-01
1.687482725669509354e-01
1.779141448911469303e-01
2.512884454926679889e-01
2.974326772043941469e-01
2.726132432849338594e-01
2.354446287090211087e-01
2.275781694218567686e-01
2.088227026061788560e-01
2.326552905338802046e-01
2.316979130505363305e-01
2.605261420657065119e-01
2.857694689718338066e-01
3.019707114942571380e-01
3.391715026444025449e-01
3.486885336091647969e-01
3.303929657377467355e-01
3.751022635594996046e-01
3.834901869032603661e-01
3.830055118871876219e-01
3.908027731529674087e-01
2.915439381658976314e-01
2.626773097294480830e-01
2.360565451889820032e-01
2.440484352158134862e-01
2.103845052242476477e-01
2.087935567938895010e-01
1.887485309381148613e-01
1.591196377969536779e-01
1.759022600982923235e-01
2.248649439225022528e-01
1.822732286202994045e-01
1.667106927202024469e-01
1.546295611338662224e-01
1.796065260361279503e-01
1.723866453763343298e-01
1.650739832934162710e-01
1.631329311728434428e-01
1.794989293820113685e-01
1.906640469310317276e-01
1.948773284395231287e-01
1.889121647240707969e-01
2.076891778677915912e-01
2.312084626168626478e-01
2.549106416742775161e-01
2.908810781333094897e-01
2.801496179337781833e-01
2.572073370180162910e-01
2.451244205909527962e-01
2.572843680873264094e-01
2.891062507049395047e-01
3.104827957518100368e-01
3.416458779198878193e-01
3.573364354980168023e-01
3.419817184005151667e-01
3.080092174549782791e-01
2.829517280843594773e-01
3.006596557556759919e-01
3.147565267463025562e-01
3.234388280045364383e-01
3.261649789991137860e-01
3.429097290243316998e-01
3.719786146258026172e-01
3.647810390168410577e-01
3.852085137965417516e-01
3.797843655535983465e-01
3.635899753838305326e-01
3.581173928717093502e-01
3.632802750164825234e-01
3.699383157232500330e-01
3.680629305457748801e-01
3.757779121664883704e-01
3.936500959879693506e-01
4.089389399382369894e-01
4.270249636450000885e-01
4.508921672419340387e-01
4.805582807814764434e-01
5.125170458694141562e-01
5.448110684540230508e-01
5.672365410208076719e-01
5.729322973270268848e-01
5.572426211577342636e-01
5.839207988877570532e-01
6.287343794563924337e-01
6.336518388274203772e-01
5.796028672266444470e-01
5.260972757958689572e-01
4.714906665282992959e-01
4.142246534135062275e-01
3.772606189597199622e-01
3.986720110130732575e-01
3.990559538428680164e-01
3.758969484705793618e-01
3.375428825949315925e-01
3.354960333749302803e-01
3.217722240998320271e-01
3.036772266252001917e-01
2.845532170086353951e-01
2.630111774661922364e-01
2.358255207978614820e-01
2.250893565428756793e-01
2.143749525724808758e-01
2.039189911849442760e-01
1.971003619778722016e-01
1.900939568021960679e-01
1.829045531723393070e-01
1.755360721134991975e-01
1.769187939627618333e-01
1.867015345295299222e-01
1.927659029336153962e-01
1.924463544096135514e-01
1.847533064270443226e-01
1.753683049632105417e-01
1.761270537341430020e-01
1.690991498262911785e-01
1.630459041600695880e-01
1.608049863174730865e-01
1.556758308764665255e-01
1.482098816336248071e-01
1.387621940483483862e-01
1.291228426953091868e-01
1.236047375170306051e-01
1.167059250550817190e-01
1.187318930452281873e-01
1.241348077158072466e-01
1.264778591593988810e-01
1.254741183251578407e-01
1.215211432897393140e-01
1.153803073832708609e-01
1.081369406309391351e-01
1.007421295683513796e-01
9.405820648603183121e-02
8.870703661197137935e-02
8.480833286453896835e-02
8.223708316946738706e-02
8.063134267483181017e-02
7.945488012481935480e-02
7.834019126666171007e-02
7.809311213774236538e-02
7.746267193153076602e-02
7.637429096297937425e-02
7.550457184374134711e-02
7.407089810183176137e-02
7.209828778814673933e-02
6.965459060696956028e-02
6.706424904437602308e-02
6.528468294413876383e-02
6.315604738756529224e-02
6.088593384774194928e-02
5.867346540187875353e-02
5.673033973915629635e-02
5.513957389158142403e-02
5.401346624111364597e-02
5.330551479442958984e-02
5.298513867725334475e-02
5.287488676592839304e-02
5.281702996631518904e-02
5.265358125695258212e-02
5.220254131557817978e-02
5.207612960393315227e-02
5.187665581790022740e-02
5.161551886264473255e-02
5.092148018427570394e-02
4.977211446356184787e-02
4.923828707869740834e-02
4.959255839948859684e-02
4.955490495381180416e-02
4.911929360000352046e-02
4.829425025479940070e-02
4.709972891874716905e-02
4.556366973846744106e-02
4.371892822528633538e-02
4.160060803110333938e-02
3.924408030000446634e-02
3.936900884750701296e-02
3.987129905536673097e-02
4.018777331816880682e-02
4.032615210597834121e-02
4.029231583691460228e-02
4.009122895673783438e-02
3.973525674790091139e-02
3.922537899926085286e-02
3.856241439577839242e-02
3.775314535804447091e-02
3.680562450640847277e-02
3.572863502488360377e-02
3.453130792206849514e-02
3.322253041206161411e-02
3.181058879203231549e-02
3.064144648975788629e-02
3.071890282764689825e-02
3.063343495897834570e-02
3.039475068245034092e-02
3.000967551920096649e-02
2.946986110083909746e-02
2.878089122835428282e-02
2.796012805379652355e-02
2.710159015128457347e-02
2.722450842269728485e-02
2.732327510007889065e-02
2.739551786397100702e-02
2.744104711454353057e-02
2.747212046751596609e-02
2.747141238890286538e-02
2.743759101425813363e-02
2.737277386269548404e-02
2.728899535696159215e-02
2.716978729926853436e-02
2.701489109624694712e-02
2.683509779151037333e-02
2.662819480688911888e-02
2.638602968430186699e-02
2.611280187342557638e-02
2.582089651380783946e-02
2.549581671507043443e-02
2.513876372342599766e-02
2.476818517078595988e-02
2.436828703916921884e-02
2.394020270760578717e-02
2.349896310227467255e-02
2.303508088386739885e-02
2.254760183770600571e-02
2.204743136511027463e-02
2.153217806657371780e-02
2.099838288828963229e-02
2.045023322909094929e-02
1.989714173517717274e-02
1.933073489579352142e-02
1.892307356197792806e-02
1.881852297510980612e-02
1.862527348214406200e-02
1.834859707091836267e-02
1.799614502856214035e-02
1.824165434762204177e-02
1.848034317891074016e-02
1.860697790771292243e-02
1.861278246327462138e-02
1.851408477803442171e-02
1.830633430706414891e-02
1.799579940790781499e-02
1.760028361086269505e-02
1.711713376015058796e-02
1.669037667970651312e-02
1.647300561937614996e-02
1.638183214901164225e-02
1.622686270001552633e-02
1.601756210002746803e-02
1.575568622877243988e-02
1.544264872101073702e-02
1.537421431657028451e-02
1.526428116512093709e-02
1.509075494832052937e-02
1.485104321127312874e-02
1.455652517304640951e-02
1.421189086405037598e-02
1.382012506947808035e-02
1.361833498703556890e-02
1.342069856893011656e-02
1.320680774180001127e-02
1.298264358859935706e-02
1.274744258290743358e-02
1.249941977612433613e-02
1.223983986173065273e-02
1.196995109777837171e-02
1.169098055520490821e-02
1.140918273073763568e-02
1.112076786253329494e-02
1.082635894041826356e-02
1.052706531886332154e-02
1.022395895736269607e-02
9.918071973772037489e-03
9.687817325022957810e-03
9.526502036068338480e-03
9.365849189861006133e-03
9.289935980623380274e-03
9.406285757133106551e-03
9.510606387956064417e-03
9.603019088265468683e-03
9.683995711447400054e-03
9.757045862609945927e-03
9.818750870276268805e-03
9.869336156357381290e-03
9.909051142662626821e-03
9.938166895663562428e-03
9.956973842111842971e-03
9.965779560664279890e-03
9.968821021386154238e-03
9.962505713892112064e-03
9.947122232209500842e-03
9.923018996083910262e-03
1.013643690969763360e-02
1.036379853716718098e-02
1.057685345359410736e-02
1.077340688592982702e-02
1.095153885344459475e-02
1.110960766926503800e-02
1.125104047978305911e-02
1.137036769119786558e-02
1.146658103729128117e-02
1.153921086868325840e-02
1.159343212053136167e-02
1.162352892303142836e-02
1.162955976441344512e-02
1.161524225295825115e-02
1.158013556229016590e-02
1.152225698259489069e-02
1.144373350401935684e-02
1.134853658229426250e-02
1.123311990262828436e-02
1.109861601644054376e-02
1.095015547069516822e-02
1.078628467272075599e-02
1.060696651264637046e-02
1.041360910285846902e-02
1.021089466632020375e-02
9.997843948562592370e-03
9.774815999766872654e-03
9.686645620950232877e-03
9.620421379835522938e-03
9.543937078249631334e-03
9.457786476828499572e-03
9.364611393058266606e-03
9.264259597102263849e-03
9.155968766211969312e-03
9.040374191942061530e-03
8.918113416763967169e-03
8.789822547843398337e-03
8.658394628617515493e-03
8.522419579008651616e-03
8.382118566247978228e-03
8.238090805763615548e-03
8.090920570315164595e-03
7.941175092700919827e-03
7.789402722319946869e-03
7.636268268981120239e-03
7.483522161051960227e-03
7.330116382462086543e-03
7.176514043440017365e-03
7.023153984496119905e-03
6.870450189250484375e-03
6.718791375652809206e-03
6.568540753627450691e-03
6.516680505245973053e-03
6.472974940672704056e-03
6.429311696900841776e-03
6.385704785694176246e-03
6.342323470579495914e-03
6.299436436057482928e-03
6.256628162900083369e-03
6.213910863271317718e-03
6.171296240331106304e-03
6.128795499743239228e-03
6.086419361295645342e-03
6.044178070497173948e-03
6.002081410101088761e-03
5.960138711692042346e-03
5.918358867170126804e-03
5.876750340201239604e-03
5.835321177562624410e-03
5.794079020479898749e-03
5.753031115731395417e-03
5.712184326797523429e-03
5.671545144799508380e-03
5.631119699333807412e-03
5.590913769147246200e-03
5.550932792721599042e-03
5.511181878710398260e-03
5.471665816055916974e-03
5.432389084275630886e-03
5.393355863207616348e-03
5.354570042884670110e-03
5.316035233024755079e-03
5.277754772534603948e-03
5.239731738600636457e-03
5.201968955843061342e-03
5.164469005106491276e-03
5.127234232139524228e-03
5.090266756118585686e-03
5.053568477861385480e-03
5.017141088049182664e-03
4.980986075007780983e-03
4.945104732584619349e-03
4.909498167568482514e-03
4.874167307175369772e-03
4.839112906064891965e-03
4.804335553515269933e-03
4.769835680071409824e-03
4.735613564306781487e-03
