1.509976979384714812e-01
1.505797794696832059e-01
1.501094990031886511e-01
1.515896206646868138e-01
1.521902591366359192e-01
1.545465222873384781e-01
1.559407960014123906e-01
1.741868442314836729e-01
1.672973976445353284e-01
1.788469349359605443e-01
2.156173683543060882e-01
2.395436920190863184e-01
2.196590557190953585e-01
2.995978967591657049e-01
2.461762752481762295e-01
3.008067671361474016e-01
4.351643676088537416e-01
4.936374191975675951e-01
4.180219500623101325e-01
4.793215880999323608e-01
3.781561948457848876e-01
2.740127139988578486e-01
3.687617319582513487e-01
3.618569462041308360e-01
2.883298151979676316e-01
3.026047880138305057e-01
3.142480322210021715e-01
3.342032516683695609e-01
3.728101050604057942e-01
3.653338777068544929e-01
3.983237146918136018e-01
3.634207646380887002e-01
3.993888730889364469e-01
4.296276654229662095e-01
4.017742239128199722e-01
4.013305460709104544e-01
4.031836351835154653e-01
4.866069351794329312e-01
5.729479277058054931e-01
5.121983621912666873e-01
6.543461335968866477e-01
7.296693139697906227e-01
5.929061142684257657e-01
6.255372377155591357e-01
6.774925934734571387e-01
6.885747820858143520e-01
6.368913180830145793e-01
7.192023466556607403e-01
7.125411546679935038e-01
7.103271983284696889e-01
7.891674564621429244e-01
8.983496063926927899e-01
9.576176427500758814e-01
9.670438412780940629e-01
9.579464008325321300e-01
9.727961655981964828e-01
9.182403848561201398e-01
8.480234777602463359e-01
8.341853369699598897e-01
8.439584686675850600e-01
8.150737545145165797e-01
7.557914793027585842e-01
6.775800237878032428e-01
6.009200469377363740e-01
5.294696586724103593e-01
5.517294856041231599e-01
5.678861066090934440e-01
5.515919447042842982e-01
5.152837103931728890e-01
4.692086169352005509e-01
4.250147900728359351e-01
3.887297851067637589e-01
3.699868728875626567e-01
3.607438326553976671e-01
3.533510814147787782e-01
3.412618814944260448e-01
3.368013486678133606e-01
3.289357722011889695e-01
3.222521402194378215e-01
3.104933529208448451e-01
2.855951131019877076e-01
2.573784697644967978e-01
2.338881999819190649e-01
2.192439822152412177e-01
2.112971817704784039e-01
2.045346957751016936e-01
2.052371334594461916e-01
2.035277701669111206e-01
1.950669894624308398e-01
1.803620486516850085e-01
1.618739762337541299e-01
1.434946254112312858e-01
1.289593805737048460e-01
1.274503585481485401e-01
1.233994107182929817e-01
1.230755429543450713e-01
1.284485168118847664e-01
1.328903100077587218e-01
1.344391209871219350e-01
1.321257634118145341e-01
1.256876482973630638e-01
1.201322402009098594e-01
1.192108614400408384e-01
1.156762981817476971e-01
1.105618242732921558e-01
1.187044863305861953e-01
1.208313193981968570e-01
1.210296481158902315e-01
1.204307682413949671e-01
1.151497625320941076e-01
1.071555970033773453e-01
9.828964171656687232e-02
9.021974012841701973e-02
8.646624453269474708e-02
8.436203678187069455e-02
8.384103303144098407e-02
8.440308276936461795e-02
8.518720795690869207e-02
8.526719972799529090e-02
8.405294509918005696e-02
8.107464222667422338e-02
7.630121869455663841e-02
6.990049739782966398e-02
6.227900852850289104e-02
5.405085872163613997e-02
5.138887170100570750e-02
4.974249350837190581e-02
4.849031704293549350e-02
4.726888789979095951e-02
4.615605779143670817e-02
4.675869973179730410e-02
4.722962713212874863e-02
4.753761286323322788e-02
4.768458938573481160e-02
4.767228055967382555e-02
4.820792706047845322e-02
4.818898753814362945e-02
4.698593909265268848e-02
4.637537261546362949e-02
4.570098252594950033e-02
4.494638814838654989e-02
4.406137493772208785e-02
4.305685319774045505e-02
4.194544261739180380e-02
4.075412170693961528e-02
3.952337548140828077e-02
3.822517987389818100e-02
3.687635102201427401e-02
3.549403450234152324e-02
3.452053280314679867e-02
3.366308593068601668e-02
3.371621831184740820e-02
3.452034508528129680e-02
3.477039407186741093e-02
3.444440303372876128e-02
3.490154536741196800e-02
3.551887640685864184e-02
3.569168898309127425e-02
3.541463268969725908e-02
3.472673107827434213e-02
3.372169235432389417e-02
3.332240305754617660e-02
3.272041992619127704e-02
3.196305194006784922e-02
3.107199442135138295e-02
3.017477267600076479e-02
2.923828911054748847e-02
2.825101056506479705e-02
2.723260774482062774e-02
2.618624890866764685e-02
2.534568688683963913e-02
2.515496257058353127e-02
2.493016070196168998e-02
2.464556070609248695e-02
2.427218268461815709e-02
2.383115890098075687e-02
2.327089846310617660e-02
2.259469420194727685e-02
2.179839519221633132e-02
2.085810646165607227e-02
1.981178291724574811e-02
1.955140732191554959e-02
1.953731900648868550e-02
1.949112880695136676e-02
1.941095586488156971e-02
1.930353476941962590e-02
1.935205616722119812e-02
1.932260876515850406e-02
1.921072760347461786e-02
1.902388321106676314e-02
1.876973437300846065e-02
1.842988844840428783e-02
1.800654414425744906e-02
1.752099789905694344e-02
1.696860490220436155e-02
1.634588979295382299e-02
1.589194129445786058e-02
1.542535344088085021e-02
1.494184677783440968e-02
1.497243403042517428e-02
1.521973727724358280e-02
1.530340555731391806e-02
1.522048351261749005e-02
1.540102199636940450e-02
1.556972299695064815e-02
1.572067320269793927e-02
1.594411837215619840e-02
1.619714353962102213e-02
1.630237966618321849e-02
1.627452506106924837e-02
1.617056882457573730e-02
1.619759573459746138e-02
1.620370531578059145e-02
1.618919831017461702e-02
1.615449116655000295e-02
1.610010470947576683e-02
1.602665296119622565e-02
1.593483220057751587e-02
1.583004167286316405e-02
1.571302617106813682e-02
1.557981615634310493e-02
1.543131180536094597e-02
1.526844967957561791e-02
1.509219425524800477e-02
1.490352997616069611e-02
1.470345384100974276e-02
1.449296853138403417e-02
1.427307608097965093e-02
1.404477208181130303e-02
1.380904041902773945e-02
1.356684852247644693e-02
1.331914312004771166e-02
1.306684647535842278e-02
1.281085309027695657e-02
1.255202685114129024e-02
1.229119859634316553e-02
1.203201718843478936e-02
1.177301624597199177e-02
1.151392720814476550e-02
1.125544385595003867e-02
1.099822091768700057e-02
1.074287355385477802e-02
1.048997710325598985e-02
1.024006706709929167e-02
1.011886210644670318e-02
1.011653007769733673e-02
1.010985793316244823e-02
1.009892686544023623e-02
1.008382560782065951e-02
1.006464965308001905e-02
1.004150050944933176e-02
1.001448499375269009e-02
9.983714560930797774e-03
9.949304669738123427e-03
9.911374183771255730e-03
9.870044807138898812e-03
9.825440553914932540e-03
9.777687250489891166e-03
9.726912069880444198e-03
9.673243096882479242e-03
9.616808923229610076e-03
9.557738271448044248e-03
9.496159646525555859e-03
9.432201014104968362e-03
9.365989504315429606e-03
9.297651139864080913e-03
9.227310587537507214e-03
9.155090931904972737e-03
9.081113470058263179e-03
9.005497526500325436e-03
8.928360287071472265e-03
8.849816650816024269e-03
8.769979098907771525e-03
8.688957579566546421e-03
8.606859408178117732e-03
8.523789181474972568e-03
8.439848705177981775e-03
8.355136933932824292e-03
8.269749923075541201e-03
8.183780791147796455e-03
8.097319692517968709e-03
8.011737731934677476e-03
7.925793353946570391e-03
7.839550995230428268e-03
7.753089988788017077e-03
7.666486728699154103e-03
7.579814684880281650e-03
7.493144423669208416e-03
7.406543633993901456e-03
7.320077158345822919e-03
7.233807028294109327e-03
7.147792504082323660e-03
7.062090117837097752e-03
6.976753719865906936e-03
6.891834528040674882e-03
6.807381179592868724e-03
6.723439785059763182e-03
6.640053984234163716e-03
6.557265003666132124e-03
6.475111715443579788e-03
6.393630697262129084e-03
6.312856293151834775e-03
6.232820675019542025e-03
6.153553904517234524e-03
6.075083995399138334e-03
5.997436975692720280e-03
5.920636950120176933e-03
5.844706162152923760e-03
5.769665055746191727e-03
5.695532336804150220e-03
5.622325033930905894e-03
5.550058558568052129e-03
5.478746764534456193e-03
5.408402006583037588e-03
5.339035198213482741e-03
5.270655868445172504e-03
5.203272217683956903e-03
5.136891172452736319e-03
5.071518439113758929e-03
5.007158556421497687e-03
4.943814946906397410e-03
4.943166166258172733e-03
4.945375701844974617e-03
4.946887323938819851e-03
4.947678505136218069e-03
4.947729429452336208e-03
4.947022878911910837e-03
4.945544121711257027e-03
4.943280801693803773e-03
4.940222829587841320e-03
4.936362276102646517e-03
4.931693266959965433e-03
4.926211880029542946e-03
4.919916044656794628e-03
4.912805443457370774e-03
4.904881416154777997e-03
4.896146866293541768e-03
4.886606170046717094e-03
4.876265087897495992e-03
4.865130678679779538e-03
4.853211216382779386e-03
4.840516109447864403e-03
4.827055822770987860e-03
4.812841802269905017e-03
4.797886402187304632e-03
4.782202814840174655e-03
4.765805003127062539e-03
4.748707635356791065e-03
4.730926022933473578e-03
4.712476060230554216e-03
4.693374167145276943e-03
4.673637233948674252e-03
4.653282568554861949e-03
4.632327846195566194e-03
4.610791061179056981e-03
4.588690481160781660e-03
4.566044603323338343e-03
4.542872112896311106e-03
4.519191843613235351e-03
4.495022740277454347e-03
4.470383823213340893e-03
4.445294154716845914e-03
4.419772807246982564e-03
4.393838833512226857e-03
4.367511238234377674e-03
4.340808951622918306e-03
4.313750804423890223e-03
4.286355504629284913e-03
4.258641615566920863e-03
4.230627535597252138e-03
4.202331479106991181e-03
4.173771458869648607e-03
4.144965269772781825e-03
4.115930473710239720e-03
4.086684385652772887e-03
4.057244061054818100e-03
4.027626284068407114e-03
3.997847557077520084e-03
3.967924091020257581e-03
3.937871796887259211e-03
3.907706277911896994e-03
3.877442822824751518e-03
3.847096399823492826e-03
3.816681651381646258e-03
3.786212889800535941e-03
3.755794417000061017e-03
3.725488061530269485e-03
3.695159584396220595e-03
3.664822061892233397e-03
3.634488232147198555e-03
3.604170494145479599e-03
3.573880907208128697e-03
3.543631190966325430e-03
3.513432725816219553e-03
3.483296553816186795e-03
3.453233380005095096e-03
3.423253574050860032e-03
3.393367172331079960e-03
3.363583880222983762e-03
3.333913074930920824e-03
