1.527693347266241009e-01
1.527906950844990230e-01
1.551883476548748253e-01
1.546453890009084342e-01
1.561542758061817415e-01
1.585334669460389256e-01
1.638436647795399326e-01
1.755650724351710823e-01
2.444569092526796550e-01
2.525093290546781000e-01
2.300672732124126041e-01
3.237766634482280859e-01
2.409950708091697369e-01
3.026206328858091488e-01
4.064121722842475304e-01
3.165497940190172832e-01
4.473001013503680734e-01
3.968922172852725749e-01
3.298289044682800042e-01
3.860600897996205316e-01
3.626188757218435921e-01
4.747197900663299719e-01
4.213147447898102915e-01
4.185219970194092864e-01
4.073536792067921630e-01
4.869940217905680546e-01
4.693379657908410829e-01
3.997687993475237400e-01
4.531055226308711159e-01
5.261888808726159494e-01
5.637667793656544468e-01
7.149758238505170560e-01
5.791078286947353160e-01
5.433748151400628057e-01
5.751660635175908087e-01
5.445942613377293684e-01
5.901104576629849774e-01
6.537122720438954815e-01
6.963192293772403341e-01
6.987519661693566420e-01
9.684118428492068942e-01
9.600195216664941800e-01
1.034168105749645905e+00
1.022211985514837274e+00
9.433484006397311328e-01
1.077941125608469441e+00
1.061787297050121648e+00
1.093059343396566518e+00
1.189593847277225613e+00
1.293477752074718046e+00
1.348877507622270100e+00
1.415660541473819478e+00
1.322207925360521896e+00
1.086802139461163108e+00
9.532578689198705213e-01
8.228763129512957075e-01
7.601157366522096615e-01
7.202441614140911996e-01
6.468759059054813854e-01
6.583068660555650986e-01
6.721224781658775571e-01
6.455973645045951503e-01
5.798028237869147228e-01
5.183678190068135017e-01
4.554091759373884440e-01
4.164724939393815162e-01
3.857510721951529220e-01
3.622234838045939043e-01
3.406012805848591118e-01
3.203349039281655486e-01
3.008788795160325935e-01
2.838635047689220259e-01
2.686087049392906767e-01
2.562035642609855057e-01
2.444342142850016997e-01
2.392966537056716581e-01
2.374280307229975351e-01
2.325579910820708418e-01
2.247465324383431939e-01
2.151022102934828650e-01
2.049971227077695690e-01
1.961570334887463851e-01
1.893336955401885291e-01
1.840205129893859870e-01
1.797060601732525520e-01
1.742694142839615046e-01
1.668731600793122716e-01
1.603315460682846194e-01
1.581020948275573546e-01
1.591874634279191736e-01
1.659241785391638024e-01
1.682898983398683213e-01
1.650874471017809431e-01
1.605954197926348637e-01
1.566245057118675621e-01
1.565407164716039190e-01
1.524682807142359320e-01
1.421639705935500153e-01
1.316694960310839935e-01
1.288151485691310938e-01
1.320454472901412268e-01
1.336729999147894254e-01
1.303661747630187606e-01
1.208488848629978296e-01
1.072271432340719671e-01
9.826206331759625157e-02
9.334341426662008667e-02
8.821671446496798241e-02
8.410283270117817345e-02
8.147155732659150384e-02
8.028071825357414870e-02
8.003283105101241524e-02
8.004436268137676835e-02
7.983741074444403174e-02
7.883907178914222047e-02
7.691432928498823096e-02
7.380003873061526110e-02
6.947518553842643718e-02
6.612063219518314605e-02
6.746371340905786551e-02
6.765165040159955290e-02
6.652772287598424095e-02
6.604440308438995488e-02
6.691042984010701911e-02
6.486415703586186077e-02
6.061116321581530575e-02
5.520575886114750114e-02
5.052138742681294009e-02
4.837495943963050077e-02
4.710309525162104105e-02
4.633467153031006064e-02
4.885313263348516066e-02
5.174299976209047192e-02
5.397015082352935728e-02
5.450397194575104520e-02
5.294899805367243167e-02
4.929072260537058908e-02
4.437259573095714976e-02
4.194872614041246506e-02
4.412725510565158188e-02
4.519431201413743465e-02
4.517216101518317650e-02
4.400239207739502917e-02
4.180517884353689151e-02
3.931626573257873680e-02
3.934222066807991497e-02
4.086972697157535001e-02
4.175099737591330545e-02
4.189260856835247404e-02
4.141303036409227367e-02
4.035071225739426254e-02
3.876529698267477259e-02
3.678483994720996991e-02
3.444323046478031669e-02
3.185140328191240350e-02
2.947437968957341767e-02
2.871648239394073571e-02
2.946975399972746185e-02
2.997324964507693673e-02
3.017613084277433536e-02
3.017928106894555984e-02
2.992438772509886311e-02
2.947854925345761226e-02
2.885189606956118855e-02
2.803614107513316411e-02
2.710579608155864670e-02
2.603852169495745120e-02
2.484490724559108507e-02
2.535700451892873575e-02
2.626758373477023831e-02
2.684538132215803438e-02
2.672446897689912879e-02
2.582896381487887610e-02
2.497833378423523765e-02
2.456307549751072378e-02
2.395391953745482083e-02
2.313630015938998238e-02
2.213513606718210680e-02
2.099945253855348137e-02
1.988857686153556667e-02
1.908595465847111664e-02
1.815295916082406563e-02
1.712832866158069817e-02
1.668686111811075803e-02
1.680014936814147250e-02
1.751367414009963666e-02
1.811082236894880765e-02
1.858423754519725191e-02
1.892916537341318706e-02
1.916666689935051654e-02
1.928339338392989766e-02
1.927189959623507379e-02
1.913616793898193294e-02
1.890476849920904104e-02
1.857089953276071237e-02
1.813318745767479243e-02
1.760132943180406015e-02
1.762605956018688247e-02
1.762047484987220095e-02
1.753022270126784743e-02
1.735999775801794556e-02
1.713806941066046280e-02
1.684760077805697726e-02
1.649367013521224612e-02
1.608296867320700360e-02
1.563700025393858356e-02
1.515122968299896337e-02
1.462787609304930583e-02
1.462776837071922721e-02
1.487658541752537658e-02
1.506158484263456394e-02
1.518447937435335980e-02
1.524765129554838707e-02
1.526154209535001208e-02
1.523160411638388445e-02
1.515147311101226572e-02
1.502511726399368211e-02
1.485671935183654688e-02
1.490007468876524896e-02
1.520704625592054354e-02
1.541403505017324878e-02
1.545782328502386983e-02
1.535327112579684510e-02
1.509351148869631822e-02
1.469726704670464706e-02
1.418531670291132106e-02
1.356763687080105030e-02
1.318273291421128736e-02
1.305334051695736242e-02
1.282818924316959236e-02
1.253275937092625941e-02
1.216471596090342756e-02
1.175859092471608254e-02
1.172486650348071591e-02
1.167225209727872429e-02
1.160290257853018210e-02
1.151890224889862840e-02
1.142224342711935930e-02
1.131480915480073159e-02
1.119835978790409935e-02
1.107760888911745595e-02
1.095294096223987761e-02
1.082335635200764798e-02
1.069007639437693884e-02
1.055418226530497987e-02
1.041661801879203292e-02
1.027819537979670489e-02
1.013959998860151056e-02
1.000139880819599959e-02
9.864048426399162767e-03
9.727904003961928767e-03
9.593228642933793529e-03
9.460202972447281575e-03
9.328934772625308014e-03
9.199468479928621725e-03
9.071794440698425013e-03
8.945857800670859242e-03
8.821566939229792334e-03
8.700291563301792985e-03
8.580767845121630225e-03
8.462392175276526804e-03
8.345005000549196930e-03
8.228442307858201479e-03
8.112540468304561478e-03
8.055838858465507943e-03
8.204011233024770255e-03
8.339462568429673733e-03
8.460087614774382259e-03
8.563954645938573820e-03
8.649318928529251341e-03
8.719367002020337459e-03
8.769733659085690580e-03
8.797811417828522648e-03
8.802672051575475762e-03
8.787423447328754703e-03
8.751132169124915469e-03
8.690286940352110606e-03
8.604888886328463521e-03
8.501445282542841389e-03
8.374881818370497055e-03
8.225003393308396096e-03
8.055738120078785244e-03
7.892142224109754620e-03
7.885234084700114623e-03
7.858342526631451053e-03
7.814338265186836566e-03
7.754276046217777919e-03
7.675193606353065273e-03
7.580500116556383901e-03
7.471089959681893183e-03
7.346176873777720585e-03
7.209189435341556602e-03
7.060176626856176814e-03
6.900207246678563208e-03
6.739252829789624429e-03
6.796548938560044266e-03
6.834912249721471211e-03
6.855358731163956401e-03
6.862352717392362043e-03
6.851571007876481462e-03
6.823642417484546488e-03
6.779297154040753344e-03
6.720012618185033579e-03
6.650326780840254241e-03
6.566691318242831761e-03
6.547528953619436397e-03
6.613231070941566654e-03
6.669634568665111334e-03
6.716830839341874672e-03
6.754957498501048402e-03
6.784194510518699699e-03
6.804760236579021106e-03
6.816907451169230102e-03
6.820919369455634429e-03
6.817105723236554365e-03
6.805798919828488606e-03
6.788302862450697195e-03
6.765673979650219279e-03
6.736571070566905843e-03
6.701376215653297511e-03
6.660477885207816487e-03
6.614268054443699085e-03
6.563139526731431861e-03
6.507483470536263269e-03
6.447687172286452155e-03
6.384132005408276953e-03
6.317191613248210671e-03
6.247230301748664567e-03
6.174601636077321938e-03
6.099647233979301787e-03
6.022695747324105162e-03
5.944062022551706119e-03
5.864046429731464317e-03
5.782934349488457262e-03
5.700995806888344702e-03
5.618485240739602184e-03
5.535641396788017372e-03
5.452687334145267344e-03
5.369830532720678250e-03
5.287263091790124492e-03
5.205162008455572337e-03
5.123689526143939896e-03
5.042993543575556917e-03
4.963208074869264637e-03
4.884453752113726739e-03
4.806838363084224054e-03
4.730457415338669251e-03
4.655394721516864683e-03
4.581722997971607141e-03
4.509504472385789456e-03
4.438791494246527476e-03
4.369627144287427552e-03
4.302045838535558699e-03
4.236073923403824680e-03
4.171730258886412537e-03
4.109026787095233606e-03
4.047969084136803647e-03
3.988556893120710940e-03
3.930784637219176397e-03
3.874641911339193629e-03
3.820113951772421707e-03
3.767182082951129468e-03
3.715824141374190950e-03
3.666014875923425363e-03
3.629123085814733515e-03
3.595370788436386567e-03
3.562004726822089618e-03
3.529027338615424881e-03
3.496440469045366314e-03
3.464245410604448790e-03
3.432442941222962809e-03
3.401033360504427012e-03
3.370016524249785927e-03
3.339560816137657120e-03
3.322515592165280630e-03
3.305621240284242930e-03
3.288880186653209484e-03
3.272294598962067688e-03
3.255866402250932705e-03
3.239597294013987078e-03
3.223488758720894319e-03
3.207542081615613432e-03
3.191758361869523331e-03
3.176138525126320257e-03
3.160683335427004383e-03
3.145393406517260626e-03
3.130269212538140493e-03
3.115311098132126505e-03
3.100519288038595511e-03
3.085893896117700586e-03
3.071434933825938074e-03
3.057142318206015029e-03
3.043015879380542819e-03
3.029055367604631312e-03
3.015260459805937324e-03
3.001630765785608460e-03
2.988165833870604169e-03
2.974865156359296318e-03
2.961728174391521032e-03
2.948754282625877174e-03
