2.622952131967450362e-01
2.643194085779950186e-01
2.644085624171287341e-01
2.677288035465807958e-01
2.755350443855318909e-01
3.360552545400757318e-01
3.938455452686780434e-01
3.946890014264878288e-01
3.349471632621575656e-01
3.905492731685346053e-01
4.991015921980160863e-01
6.410293290320319137e-01
5.166755962819049586e-01
4.612683178016107610e-01
5.824756079385918772e-01
6.163083413338092953e-01
6.023230717807720458e-01
6.430575758934454766e-01
8.387824509750384516e-01
9.628816274443618983e-01
8.005367817884790904e-01
7.839163538896135597e-01
8.599074376392632502e-01
1.038195779111976469e+00
1.285341319834238716e+00
1.408626444276648737e+00
1.263804643200533873e+00
1.240133758833462885e+00
1.419087830689871987e+00
1.705392024113247862e+00
1.565448888006737427e+00
1.695713073721110353e+00
2.106870660517742078e+00
1.895968450770599834e+00
1.662019779784969176e+00
1.392917189543597001e+00
1.102892896610926377e+00
1.210752042464654954e+00
1.290912658687491943e+00
1.090425842597613881e+00
1.028747909225706358e+00
1.011708760430952037e+00
8.264336648941300600e-01
8.032307851051405656e-01
6.847162668535849983e-01
6.090222524332769005e-01
5.201252923636136005e-01
4.795841375865758649e-01
4.532137771481329347e-01
4.183655253141458363e-01
4.145884246806634810e-01
3.857734515581771051e-01
3.672853306163885723e-01
3.538137138780056978e-01
3.517756778252357774e-01
3.268021633541067783e-01
2.866264953842047047e-01
2.830992693990703191e-01
2.644349495320322818e-01
2.460498583462165101e-01
2.382360069396768365e-01
2.214850703890965111e-01
1.995070064934699183e-01
1.775297242855217728e-01
1.798734842171095805e-01
1.724492466136040292e-01
1.625268759163061294e-01
1.541203043284728735e-01
1.482773075069223900e-01
1.416134997250916572e-01
1.320328913288861261e-01
1.279604721353229113e-01
1.231968801720150636e-01
1.134212780887805944e-01
1.029977542192622164e-01
9.986632702957731755e-02
9.125367806680813321e-02
8.301680038548440999e-02
7.902906610429093204e-02
7.831527822686060181e-02
8.113320768034119890e-02
8.279685851692726584e-02
8.174138964114581463e-02
8.272160329206204588e-02
8.171429698327482838e-02
7.933039953134937705e-02
7.609338520025178687e-02
7.287933927167122850e-02
7.055761129901599871e-02
6.982332951065868543e-02
6.882766006609454534e-02
6.734260220457279067e-02
6.567562845997847176e-02
6.334903400882510582e-02
6.037577520862194569e-02
5.672935157562315756e-02
5.230566451858839616e-02
4.742883179443948410e-02
4.810704374457259319e-02
4.877935290411505864e-02
4.902282947538089825e-02
4.898330451304448718e-02
4.866652807054564628e-02
4.832483213932043525e-02
4.772465645160412634e-02
4.690088520053876942e-02
4.589184655909829547e-02
4.476084778812736836e-02
4.357358952958881315e-02
4.229178114983694892e-02
4.094080877813453812e-02
3.954230151608310873e-02
3.811498022216412707e-02
3.667553492836685136e-02
3.523934111967046146e-02
3.382092167369321611e-02
3.243413852662646590e-02
3.109215089330746515e-02
3.035873868638727310e-02
3.016422436829146667e-02
2.980048813123240339e-02
2.932575777326970265e-02
2.873568055214891295e-02
2.807000496295226216e-02
2.736676034939110672e-02
2.666005450032635921e-02
2.597840632080591905e-02
2.534365667902533509e-02
2.477044975598717211e-02
2.426623680688069426e-02
2.383172589866862714e-02
2.346168462526353193e-02
2.314599644970164599e-02
2.287087300359427061e-02
2.262013211272118421e-02
2.237867509819696163e-02
2.231364667845857352e-02
2.229184858389552520e-02
2.245972728828176876e-02
2.281155555864152265e-02
2.311633908933461920e-02
2.335304192877153337e-02
2.350451243002444832e-02
2.355666402474761167e-02
2.349930311755249815e-02
2.332666023566162816e-02
2.303762018114483695e-02
2.263566538805680817e-02
2.212856207533300812e-02
2.156504717885399103e-02
2.091911078041553546e-02
2.020667091799675102e-02
1.944571176613004229e-02
1.865488864251365481e-02
1.785268418495933318e-02
1.705663613225650438e-02
1.628266886108480777e-02
1.554455182507652466e-02
1.485349890524657011e-02
1.437744477139417040e-02
1.419275930118709533e-02
1.398415945207831697e-02
1.376630246736826324e-02
1.355234555097688254e-02
1.335352424019907967e-02
1.318563727047175442e-02
1.304798093277504192e-02
1.294429450381950723e-02
1.287676699665210762e-02
1.284531095413887596e-02
1.284776817494944975e-02
1.288017733363216143e-02
1.293708561512266035e-02
1.301188692756141858e-02
1.309717041151353505e-02
1.318506466381284478e-02
1.326756517121267798e-02
1.333683475296672596e-02
1.338546919799032779e-02
1.340672263784092530e-02
1.339468942223281944e-02
1.334444128676519174e-02
1.326261162255267835e-02
1.314285032689815891e-02
1.297661719231919114e-02
1.276319528633671450e-02
1.250293368937501273e-02
1.219717508769075504e-02
1.184816273425568292e-02
1.206790007750704191e-02
1.225894918695075858e-02
1.241742324846776060e-02
1.255145603138979431e-02
1.264837866413077820e-02
1.270748131549815155e-02
1.272863137276462192e-02
1.271223331356985224e-02
1.265918167602124444e-02
1.257080899156200714e-02
1.244883041487783969e-02
1.229528662909303884e-02
1.211248643165208257e-02
1.190295022294069957e-02
1.166935543462916010e-02
1.141448475024233085e-02
1.114117779521432185e-02
1.085228680674575966e-02
1.055063664102959091e-02
1.042482323883256803e-02
1.030666027755100696e-02
1.018258664493548217e-02
1.005322427685112832e-02
9.919186543907080808e-03
9.781074212899306536e-03
9.639471949478931392e-03
9.494945334878638135e-03
9.348038366699446336e-03
9.199271411962509429e-03
9.049139579881260512e-03
8.898111480700745049e-03
8.746628337379247151e-03
8.595103417148662606e-03
8.443921750733327999e-03
8.293440107960603144e-03
8.143987199957392759e-03
7.995864079507477087e-03
7.849344712754863229e-03
7.704676696967230169e-03
7.562082101164091345e-03
7.421758407801005292e-03
7.283879535816482377e-03
7.148596926718938684e-03
7.016040677415359347e-03
6.886320705099239006e-03
6.759527930770387397e-03
6.635735469876622231e-03
6.514999819732460347e-03
6.397362034767394012e-03
6.282848881947500873e-03
6.171473969696894199e-03
6.063238844890428761e-03
5.958134053424702509e-03
5.856140160659014000e-03
5.757228728774774554e-03
5.661363249084718982e-03
5.568500027710540992e-03
5.478589023611891810e-03
5.391574638705349566e-03
5.307396459885265101e-03
5.225989953467587330e-03
5.147287112697284187e-03
5.074726912801704772e-03
5.021732115530841076e-03
4.968482031171658764e-03
4.915097040469693784e-03
4.861688505596773076e-03
4.808359062321965194e-03
4.755202932608228530e-03
4.702306253550441774e-03
4.649747418232677738e-03
4.597597425296906341e-03
4.545920233664129881e-03
4.494773119723791295e-03
4.444207034324704902e-03
4.394266957404621698e-03
4.344992248313143263e-03
4.296416990067960726e-03
4.248570326216638895e-03
4.201476788963670432e-03
4.155156617718796380e-03
4.109626067077067763e-03
4.064897703736278060e-03
4.020980691705706121e-03
3.977881065585544759e-03
3.935601991608830147e-03
3.894144016220003630e-03
3.853505302407208340e-03
3.813681853566045724e-03
3.774667725152924466e-03
3.736455224290021523e-03
3.699035097554849005e-03
3.662396707245494428e-03
3.626528196355000792e-03
3.592571301792029000e-03
3.564663338756227963e-03
3.537342381563756029e-03
3.510578376605317553e-03
3.484342829966799795e-03
3.458608752424696068e-03
3.433350604381273270e-03
3.408544240619216723e-03
3.384166855384381899e-03
3.360196927800617340e-03
3.336614168050933745e-03
3.313399464124388953e-03
3.290534829761553211e-03
3.268003353175513801e-03
3.245789147077474124e-03
3.223877299869623916e-03
3.202253828165302785e-03
3.180905630648855984e-03
3.159820443333325596e-03
3.138986796258886811e-03
3.118393971670485511e-03
3.098031963586030200e-03
3.077891438986167429e-03
3.057963700316019932e-03
3.038240649570142678e-03
3.018714753828239880e-03
2.999379012134427511e-03
2.980226923916564664e-03
2.961252458699947538e-03
2.942450027265706286e-03
2.923814454069641969e-03
2.905340950994551082e-03
2.887025092385315204e-03
2.868862791244387086e-03
2.850850276689181808e-03
2.832984072524118418e-03
2.815260976933901382e-03
2.797678043233874871e-03
2.780232561683394343e-03
2.762922042258660234e-03
2.745744198396583933e-03
2.728696931681612575e-03
2.711778317357408773e-03
2.694986590744667069e-03
2.678320134381187261e-03
2.661777466025314846e-03
2.645357227308943026e-03
2.629058173152737897e-03
2.612879161807246664e-03
2.596819145554563838e-03
2.580877161984924690e-03
2.565052325884074023e-03
2.549343821637376981e-03
2.533750896144505368e-03
2.518272852235841144e-03
2.502909042565133486e-03
2.487658863924989937e-03
2.472521751974243384e-03
2.457497176306692229e-03
2.442584636037201454e-03
2.427783655555337643e-03
2.413093780719693590e-03
2.398514575343196290e-03
2.384045617917962458e-03
2.369686498681606180e-03
2.355436816892547778e-03
2.341296178338861996e-03
2.327264193168942976e-03
2.313340473742579121e-03
2.299524632868674406e-03
2.285816282147555296e-03
2.272215030477120132e-03
2.258720482694249673e-03
2.245332238452987447e-03
2.232049891164507478e-03
2.218873027088852975e-03
2.205801224580160747e-03
2.192834053368194688e-03
2.179971073996203861e-03
2.167211837391519891e-03
2.154555884387028292e-03
2.142002745507985261e-03
2.129551940667429727e-03
2.117202979057227104e-03
2.104955358986949042e-03
2.092808567876905043e-03
2.080762082263908682e-03
2.068815367826955416e-03
2.056967879518582353e-03
2.045219061714903617e-03
2.033568348310466328e-03
2.022015162976687104e-03
2.010558919416102677e-03
1.999199021581947282e-03
1.987934863943234456e-03
1.976765831817519931e-03
1.965691301669359077e-03
1.954710641445610731e-03
1.943823210908898758e-03
1.933028361982619923e-03
1.922325439155574004e-03
1.911713779782558183e-03
1.901192714504843428e-03
1.890761567617777351e-03
1.880419657425581783e-03
1.870166296656916626e-03
1.860000792841161972e-03
1.849922448635788830e-03
1.839930562280940379e-03
1.830024427913934729e-03
1.820203335983379628e-03
1.810466573562131325e-03
1.800813424780322311e-03
1.791243171108840293e-03
1.781755091762299683e-03
1.772348464031419388e-03
1.763022563619718978e-03
