1.264353253096943130e-01
1.267351937981046617e-01
1.279045543934384244e-01
1.261070431593046270e-01
1.276899696206104384e-01
1.283597426465541425e-01
1.295133160422108354e-01
1.437449497467906956e-01
1.417920215208216816e-01
1.620609034890858613e-01
1.742738741399170455e-01
1.870135428885582318e-01
2.096929947161630670e-01
2.036422834577446550e-01
2.603753130892521583e-01
3.033283991729724960e-01
2.608243692012102710e-01
3.596176823334933936e-01
3.065422667764826636e-01
2.537292951495769278e-01
3.456327087663997322e-01
3.546105002975388221e-01
3.997334241532710108e-01
4.629664388130987907e-01
4.700567827000635690e-01
5.255054218399860533e-01
5.417021929120989787e-01
4.662207626289950335e-01
3.771881784452619235e-01
3.251437954004246511e-01
3.325161456116011993e-01
2.742731518869636620e-01
2.711094953498704996e-01
2.423650959193600907e-01
2.756673670927685116e-01
3.204323949518118053e-01
2.952583090344598205e-01
2.926389391218662817e-01
3.152599306082653485e-01
2.962729296665619350e-01
2.941515529937374085e-01
2.783386327366001445e-01
2.980764161414163338e-01
3.050582508592934450e-01
2.950279066121534455e-01
2.993181830765333507e-01
3.406768369552086173e-01
3.510661286592178243e-01
3.684244455088749315e-01
3.949053069690134365e-01
3.565248083918924338e-01
3.839225994779154050e-01
4.239895171049733458e-01
4.717360598418287587e-01
4.752475410652490240e-01
3.977336217443230848e-01
3.767923219475921015e-01
3.911232634173185674e-01
3.795174314188197728e-01
3.928157908988197944e-01
4.135213909260518350e-01
3.853714836844020497e-01
3.852674664938620097e-01
4.816880847498872797e-01
5.413058898665366048e-01
5.532750159695999370e-01
5.469659974592824270e-01
5.579668691992551999e-01
5.911963186840456519e-01
6.335527890093273218e-01
6.621614271873639268e-01
6.535595421274744687e-01
7.082686074301938195e-01
7.275636269459295757e-01
7.360923556722485106e-01
7.247682679923147520e-01
7.574213831305914857e-01
8.841017016718751842e-01
9.547146855352374173e-01
9.642666897539541315e-01
9.348474170587469656e-01
9.700214007882227429e-01
8.885414929260756489e-01
7.511070132802952770e-01
6.785344824985252155e-01
6.418692094727816988e-01
5.789905764165036439e-01
5.285399797627332585e-01
5.463213747977343493e-01
5.755787674253524111e-01
5.784265018885396126e-01
5.869713917234662404e-01
6.183273310157429981e-01
6.128400410737733228e-01
5.401100586657181513e-01
5.606749492201920093e-01
5.476168679202155776e-01
5.282749865978764170e-01
4.958007325379087393e-01
4.402068436328430701e-01
4.475485247339550665e-01
4.259179667568442351e-01
3.786394324862398797e-01
3.355585505911901634e-01
3.164880442452994158e-01
2.949429480983366547e-01
2.937929722758083062e-01
2.939309284829390023e-01
2.889196649915060089e-01
2.741354731645126996e-01
2.501049932836118539e-01
2.294690495968417787e-01
2.245398801165126024e-01
2.261517335338499024e-01
2.307107646651783139e-01
2.343170622476475895e-01
2.329109301897024364e-01
2.402991596189270052e-01
2.401993495703080017e-01
2.301352558821070093e-01
2.141169477196682991e-01
2.113826109444119639e-01
2.163188776472568797e-01
2.172522129056132234e-01
2.142766324965470759e-01
2.075307236960346469e-01
1.989868097270842406e-01
1.927261158885545944e-01
1.831153699897373754e-01
1.710467063166320745e-01
1.574381376927143084e-01
1.430629259963969169e-01
1.488157578688215910e-01
1.532108413926942803e-01
1.495578550709784071e-01
1.489706399341813869e-01
1.465421119899497082e-01
1.401345134662911052e-01
1.350163929342325930e-01
1.303892645887710366e-01
1.276283094785081451e-01
1.226788481975274042e-01
1.154758371587953636e-01
1.065292677826902984e-01
9.778990578544853596e-02
9.635890949856563970e-02
9.390634432966682432e-02
9.040067875598579994e-02
8.601824345495488744e-02
8.113307945362187301e-02
7.742707997873000958e-02
7.910019817449935597e-02
8.128530516283172247e-02
8.369363300580869025e-02
8.510587158971258392e-02
8.550316914563588222e-02
8.503275822030663400e-02
8.393003196802070742e-02
8.238513285117514406e-02
8.049940413893234836e-02
7.817860779119370496e-02
7.530215326632093420e-02
7.173727427292768410e-02
6.740051799629186158e-02
6.406420232373497003e-02
6.065635239525971750e-02
5.945090967675391302e-02
5.932448350596639108e-02
5.891996388892001973e-02
5.827292708032966867e-02
5.741665555485853806e-02
5.633083591575896443e-02
5.509908231104841680e-02
5.373439013137282921e-02
5.224824780198377566e-02
5.342327137739924514e-02
5.453363371754749167e-02
5.529969750714575083e-02
5.569614646590473339e-02
5.575337279368933197e-02
5.553264676943196060e-02
5.500514261836395719e-02
5.424660725593383886e-02
5.324526727810132559e-02
5.203408078160264016e-02
5.065017035013214680e-02
4.908829754652565408e-02
4.747230374238986528e-02
4.659349469792518905e-02
4.535009841050449686e-02
4.634762849858087286e-02
4.687282925763459202e-02
4.695736752604891956e-02
4.660511387886774604e-02
4.585198417106506330e-02
4.479023665856504688e-02
4.343434949434385461e-02
4.186088252872059018e-02
4.012644633797887717e-02
3.829180492250643802e-02
3.638528966599820225e-02
3.450065918969692780e-02
3.331660439686076614e-02
3.278891792816468476e-02
3.222121927396121716e-02
3.162859792975298429e-02
3.103243165109400084e-02
3.045026216199812896e-02
2.989712327753694249e-02
2.939167601579941932e-02
2.892908247271692296e-02
2.851369581717624196e-02
2.814728127176801056e-02
2.782940771676108496e-02
2.755783043455364845e-02
2.732885010070344387e-02
2.713763830783062769e-02
2.697852447657819036e-02
2.684524284167478028e-02
2.673114123988445251e-02
2.662970201042576257e-02
2.654344989332154195e-02
2.645655403941053752e-02
2.636229610496830869e-02
2.625418816662510729e-02
2.612606282085971551e-02
2.597215951505480250e-02
2.579962764073859965e-02
2.559478752505281104e-02
2.535048967626233468e-02
2.506327673039713752e-02
2.474063006093152675e-02
2.437751119345830941e-02
2.396576523381382245e-02
2.394208188359264050e-02
2.379069592478956496e-02
2.347745360996348826e-02
2.303595356034107353e-02
2.244763289574809931e-02
2.173600491145615682e-02
2.090881406767779865e-02
2.018150246971558981e-02
2.059659404563238261e-02
2.092997522060482257e-02
2.116921862553497805e-02
2.132534053221059669e-02
2.140130129661675998e-02
2.138840253847435272e-02
2.130482137451832764e-02
2.114949236517464290e-02
2.118449341507488287e-02
2.122792629869181200e-02
2.124782484208501132e-02
2.123634024502686971e-02
2.119606604788301304e-02
2.112965976452709643e-02
2.103974276337425633e-02
2.093884068044636268e-02
2.082118187260875719e-02
2.068643665705449664e-02
2.053630581206120423e-02
2.037213188643344566e-02
2.019487770280228162e-02
2.001490291693771781e-02
1.982363711974913928e-02
1.961970923421174282e-02
1.940267912864375444e-02
1.917183591912975313e-02
1.892625312537514828e-02
1.867233993912096116e-02
1.840424196443444030e-02
1.811777630341446232e-02
1.781177709386011498e-02
1.748518045370542340e-02
1.713708436447083233e-02
1.689294752964549604e-02
1.672560949949699824e-02
1.654845060369463175e-02
1.635689630304943548e-02
1.614991061207266335e-02
1.592664017235945889e-02
1.568643158854924127e-02
1.542884436329456863e-02
1.515365941280287856e-02
1.486088323761410555e-02
1.455074790708465668e-02
1.422810676422523769e-02
1.394656629164818876e-02
1.387428220344800664e-02
1.378494792708265769e-02
1.367936498431836928e-02
1.356196701583821558e-02
1.342717692631261416e-02
1.335373131060338392e-02
1.343150207592046751e-02
1.350196000572582988e-02
1.356450267592505289e-02
1.361859538320718890e-02
1.366377308869198663e-02
1.369964157829674234e-02
1.372587787944594753e-02
1.374222998201651488e-02
1.374851591296893071e-02
1.374462221972425763e-02
1.373050191895473782e-02
1.370617196861636383e-02
1.367171032253759223e-02
1.362877546220606605e-02
1.357840124695608788e-02
1.351839799237350946e-02
1.344903934682112161e-02
1.337064184880774886e-02
1.328356069353515793e-02
1.318818544629166145e-02
1.308493574500126620e-02
1.297425703231462786e-02
1.285661635262660279e-02
1.273249824653363040e-02
1.260240077140362819e-02
1.246683167293036708e-02
1.232773390169346686e-02
1.218544874803222273e-02
1.203908309590201280e-02
1.188914794519622953e-02
1.173614849221783774e-02
1.158058149837691043e-02
1.142293289166872172e-02
1.126367560133322877e-02
1.110326762540992523e-02
1.094215032819869163e-02
1.078074696275176624e-02
1.061946141294255880e-02
1.045867714709702162e-02
1.029875637486175888e-02
1.014003939768631790e-02
9.982844142791595654e-03
9.827465869200569665e-03
9.674177035292873608e-03
9.523227315187792960e-03
9.374843753180409425e-03
9.229231043208527968e-03
9.086571922590243669e-03
8.947027667436326451e-03
8.810738678990567146e-03
8.677825149081901460e-03
8.548387794686975252e-03
8.422508650356420185e-03
8.300251909812388432e-03
8.181664805869870785e-03
8.066778521577704780e-03
7.955609122606364936e-03
7.848158504706152783e-03
7.754564089280059289e-03
7.694344822407937420e-03
7.632848297596365322e-03
7.570309645796394551e-03
7.506952138146137654e-03
7.442986955240864233e-03
7.378613042760785376e-03
7.314017047394508371e-03
7.249373326447774123e-03
7.184844025281705675e-03
7.120579216038803311e-03
7.056717091883074611e-03
6.993384210665164191e-03
6.930695782734095159e-03
6.868755996863374659e-03
6.807658379467050082e-03
6.747486182156624442e-03
6.688312792562065533e-03
6.630202164453955632e-03
6.573209262531872973e-03
6.517380518410183406e-03
6.462754293868971066e-03
6.409361348257464237e-03
6.372875156406327193e-03
6.349662451975280827e-03
6.324488680315117246e-03
6.297444504993541040e-03
6.268635267548580345e-03
6.238178396066145631e-03
6.206200939155755159e-03
6.172837240588189590e-03
6.138226768230280704e-03
6.102512105882001124e-03
6.065837114694432042e-03
6.028345267520957701e-03
5.990178157296317113e-03
5.951474178544410160e-03
5.912367378325967746e-03
5.872986472672330274e-03
5.833454021219814170e-03
5.793885753553213239e-03
5.754390038305040415e-03
5.715067485764984551e-03
5.686393113128782907e-03
5.666020635562363933e-03
5.645952435314460782e-03
5.626158192035038939e-03
5.606610040215058433e-03
