1.511075845181365784e-01
1.505918415364632390e-01
1.539229866739884878e-01
1.524302045511922998e-01
1.542094916701549356e-01
1.624116637557923015e-01
1.851826616538630732e-01
3.137295049017425064e-01
2.769193980627055462e-01
2.289130106245074181e-01
4.005078106228908141e-01
4.441375798184156731e-01
3.128492561384663695e-01
3.185429716263590283e-01
3.920201639807500693e-01
3.962135250113926754e-01
4.275920776942069845e-01
6.063675909181510670e-01
5.876254326462517774e-01
5.552121830506714373e-01
6.546669328656846698e-01
4.867776400599363451e-01
4.087380937888862031e-01
3.172578873646768050e-01
3.440250174259441573e-01
3.148616936541722700e-01
3.081720687793201297e-01
3.217324622500713494e-01
3.434142702898254074e-01
3.982918096160797394e-01
4.286802603664986999e-01
4.487535239491787231e-01
4.504278272649562820e-01
4.385860145193642423e-01
3.963020397592038058e-01
4.719085395956665319e-01
5.452346057260143430e-01
5.173708169736745965e-01
4.685106455863025654e-01
4.848918622342457407e-01
6.288658919547200910e-01
7.081351280871091003e-01
6.509846687748381822e-01
6.680756495755666435e-01
6.235130939768774860e-01
6.376599054641989284e-01
6.797363934532345553e-01
6.873110246145147650e-01
7.426263349579143025e-01
9.409228615008118357e-01
9.773837819568100826e-01
8.351249936752477288e-01
8.411001457198253872e-01
9.394995941424773012e-01
1.038158638795932287e+00
1.121595379795987224e+00
1.103831537133068252e+00
1.035353060699024219e+00
9.916722464230857126e-01
1.062705662561164610e+00
1.245478060096635975e+00
1.262310317589186104e+00
1.078369341499923362e+00
8.706742197624620649e-01
8.207158616974387089e-01
8.717000128844359930e-01
8.871268624526746915e-01
8.358518900895222092e-01
7.670915227166787975e-01
7.303923977291391090e-01
7.593957647392168830e-01
7.011368764298142597e-01
5.814415341576358864e-01
5.031245585844379420e-01
4.982364299241027195e-01
4.952522415787719567e-01
4.647716491361600921e-01
4.098356256165256450e-01
3.810449532184435051e-01
3.885399164135581174e-01
3.980557975074305310e-01
4.004879928639915043e-01
3.771904677787009108e-01
3.571466075023398412e-01
3.272254060516145424e-01
2.950834531829036322e-01
2.652282216116329527e-01
2.432247088400416313e-01
2.353111478962514602e-01
2.411431229756572647e-01
2.506975124844855185e-01
2.687847660998310961e-01
2.808673389349060079e-01
2.764195597239555435e-01
2.557496205615348295e-01
2.329517484832109853e-01
2.113261732050437380e-01
1.884095171776398459e-01
1.694152007619544875e-01
1.693504522965624814e-01
1.697793029921675911e-01
1.720347001732779879e-01
1.771658598128483808e-01
1.798042906157223675e-01
1.795161241804984209e-01
1.757940747316894259e-01
1.679041434792487020e-01
1.544815256991775299e-01
1.559775019989487477e-01
1.568478580817658785e-01
1.584577998183468728e-01
1.541691137574352222e-01
1.437975574681639446e-01
1.386265575724938415e-01
1.322463062873414363e-01
1.344388856457571224e-01
1.328845251262283367e-01
1.277994608016091160e-01
1.196206224519016370e-01
1.100050409668234530e-01
1.116387684214895787e-01
1.109793939628943987e-01
1.081444934692225301e-01
1.035330272253961736e-01
9.756879820953702487e-02
9.066228131102467558e-02
8.380157794336988430e-02
8.377763399501819697e-02
8.541132610485016596e-02
8.489011143358476952e-02
8.247986679252858333e-02
7.844090136472632591e-02
7.301627333982850521e-02
6.979495251819559098e-02
6.945688898830572333e-02
7.031777251628421044e-02
7.006136049302724711e-02
6.871770817814032428e-02
6.633228827580367470e-02
6.297167056465495516e-02
5.950265390757604467e-02
6.000035519710247151e-02
6.146710128609831486e-02
6.198986079734149918e-02
6.159031502651771822e-02
6.031926347353973317e-02
5.824810302486435609e-02
5.636399879797391460e-02
5.628412813175739243e-02
5.727397409754297897e-02
5.776699659203567150e-02
5.773511340800167174e-02
5.730778849726358981e-02
5.647467491084820490e-02
5.530789476599858728e-02
5.386578372690795785e-02
5.218419029446268870e-02
5.030958663416666699e-02
4.831265340380143380e-02
4.617558102645889090e-02
4.474321764825102410e-02
4.310456335828188879e-02
4.116961115492868278e-02
3.894310930720528557e-02
3.959256699305076233e-02
4.074508740768521819e-02
4.134314691216461196e-02
4.146914412911323344e-02
4.108332937856224581e-02
4.029165698958509650e-02
3.909767387626087581e-02
3.757717911593174559e-02
3.640931154296194600e-02
3.588047408289045392e-02
3.526927421743549645e-02
3.458641977001396250e-02
3.386236400899531040e-02
3.310180517794931998e-02
3.229950306443916952e-02
3.146696911810745179e-02
3.104935399733771070e-02
3.066659698673624562e-02
3.011791309803805647e-02
2.947386347090895711e-02
2.874550312346417849e-02
2.795470311383923753e-02
2.713165573007052592e-02
2.630417449072489436e-02
2.550862831909160577e-02
2.473728315692238708e-02
2.399994775779845310e-02
2.330138674991136943e-02
2.273683572564749386e-02
2.230782010688159289e-02
2.192720791648312614e-02
2.159101031380667585e-02
2.129383268536114843e-02
2.102920246407270766e-02
2.078989949797394043e-02
2.056827753586945584e-02
2.045736062000156133e-02
2.037783630091920956e-02
2.031292745379018050e-02
2.025734182457354302e-02
2.020831550844646995e-02
2.016083969738640194e-02
2.010939814289713565e-02
2.005005763471972083e-02
1.997935709535994531e-02
1.989433315275074970e-02
1.979253328301500137e-02
1.967201759081075793e-02
1.953135042982082417e-02
1.936958315416617907e-02
1.918622933377468406e-02
1.898123377219191818e-02
1.875493663575449402e-02
1.850803394786778439e-02
1.824153562466403547e-02
1.795672213363069120e-02
1.765617921233836318e-02
1.734661926260897338e-02
1.702326289553281191e-02
1.685604768368828901e-02
1.682280859282098140e-02
1.676812634583765491e-02
1.668517023923578660e-02
1.657335388288945152e-02
1.643424169954042779e-02
1.626964849549309561e-02
1.608159172499387668e-02
1.587224468682241901e-02
1.564389147259292318e-02
1.539888434527194976e-02
1.514669460181686245e-02
1.488291827044242385e-02
1.460894239708467914e-02
1.432703461761915265e-02
1.403937495851105728e-02
1.374803429198784809e-02
1.345495663999291339e-02
1.316194519897188019e-02
1.287065190337143353e-02
1.258257030371098296e-02
1.229903150214667860e-02
1.224416433931406999e-02
1.229269201693661447e-02
1.231841983897327686e-02
1.232301352880700411e-02
1.230826046914847670e-02
1.227602218170507388e-02
1.222819119904455451e-02
1.216665269590907171e-02
1.209325108827475487e-02
1.200976166923554272e-02
1.191786722792955583e-02
1.181913949447189680e-02
1.171502516867399361e-02
1.160683622258660772e-02
1.149574411606535049e-02
1.138277752923305512e-02
1.127088686859657046e-02
1.115921529296210780e-02
1.104773046998045252e-02
1.093694067582984090e-02
1.082723774140005764e-02
1.071890683934937326e-02
1.061213705034730684e-02
1.050703239468923390e-02
1.040362304871179921e-02
1.030187649948277953e-02
1.020170842674220611e-02
1.010299313469934131e-02
1.000557338938302780e-02
9.909269549348013323e-03
9.813887905112762822e-03
9.719228171362826602e-03
9.625090098664558502e-03
9.531279193667434660e-03
9.437611555025805093e-03
9.343917848238956700e-03
9.250046456354127714e-03
9.155865853136367985e-03
9.061266255087610869e-03
8.966160613450301770e-03
8.870485012202758771e-03
8.774198540593572057e-03
8.677282708503318218e-03
8.579740473980662641e-03
8.481594948162961625e-03
8.382887842737345510e-03
8.283677719067262038e-03
8.184038095849917663e-03
8.084055466275445051e-03
7.983827271717819016e-03
7.883459872873747887e-03
7.783066555749941669e-03
7.682765602456228388e-03
7.582678454342357821e-03
7.482927988304974645e-03
7.383636923559169958e-03
7.284926371665827183e-03
7.186914538438132598e-03
7.089715583358321624e-03
6.993438638392914311e-03
6.898186985484896540e-03
6.804057389381290739e-03
6.711139580814832507e-03
6.619515882238894214e-03
6.529260968320848256e-03
6.440441750734739873e-03
6.353117376941700215e-03
6.267339332010230316e-03
6.183151631508560300e-03
6.100591093930560205e-03
6.019687681137557943e-03
5.940464895260847561e-03
5.862940221011526433e-03
5.805700315491428565e-03
5.766230444789230414e-03
5.727298890376814403e-03
5.688889074290680303e-03
5.650984883053052077e-03
5.613570663096571593e-03
5.576631215882786770e-03
5.540151792317647358e-03
5.504118086762180458e-03
5.468516230695127586e-03
5.433332785919274890e-03
5.398554737485967113e-03
5.364169486357770258e-03
5.330164841784895344e-03
5.296529013492323051e-03
5.263250603637741054e-03
5.230318598752001398e-03
5.197722361361459958e-03
5.165451621708910639e-03
5.133496469265329265e-03
5.101847344250840140e-03
5.070495029129977460e-03
5.039430640095767314e-03
5.008645618506818616e-03
4.978131722475396571e-03
4.947881018330930851e-03
4.917885872298677179e-03
4.888138942107825118e-03
4.858633168771300109e-03
4.829361768426236601e-03
4.800318224227361104e-03
4.771496278412654980e-03
4.742889924432911429e-03
4.714493399226145354e-03
4.686301175595667702e-03
4.658307954751546472e-03
4.631063776836264953e-03
4.616279906806288087e-03
4.601324221744211920e-03
4.586180998234196289e-03
4.570834473613918231e-03
4.555268921795633218e-03
4.539468726731934675e-03
4.523418452847456118e-03
4.507102912512937418e-03
4.490507230215404384e-03
4.473616903528356871e-03
4.456417860366023928e-03
4.438896512800097859e-03
4.421039807273980174e-03
4.402835270943035277e-03
4.384271054471393023e-03
4.365335970982413966e-03
4.346019531357685727e-03
4.326311975831371656e-03
4.306204302010625817e-03
4.285688289163769489e-03
4.264756519103382430e-03
4.253148075182379417e-03
4.255956165036659661e-03
4.258555284288666198e-03
4.260836387349894831e-03
4.262778616656498487e-03
4.264361521352401721e-03
4.265565108238961872e-03
4.266369890220949798e-03
4.266756931858187857e-03
4.266707892137335152e-03
4.266205064252352915e-03
4.265231412717165535e-03
4.263770607340826996e-03
4.261807054253794434e-03
4.259325924414572237e-03
4.262404204680743727e-03
4.280681834013987802e-03
4.299084499391715372e-03
4.317556451941035114e-03
4.336042311632318930e-03
4.354487185050226646e-03
4.372836779993771565e-03
4.391037516253071087e-03
4.409036632713208073e-03
