1.323254292660562270e-01
1.318625805641211457e-01
1.305602374147386002e-01
1.321382420645602074e-01
1.337816094680716883e-01
1.362791689460471911e-01
1.481342334150148599e-01
1.631187272064472948e-01
1.726282032565527591e-01
2.491434475811515892e-01
3.625177702737840124e-01
2.535314427908786916e-01
3.262685413423150882e-01
3.551727554512655871e-01
4.133768687818819565e-01
2.954917321221919857e-01
3.306954067842768907e-01
3.337690011281178037e-01
4.146888104328875224e-01
4.204683228211004709e-01
5.382075856353074617e-01
5.772327879559560060e-01
7.889477275907557097e-01
6.281415645951372584e-01
6.129074627591946101e-01
4.078539604085107961e-01
4.127939806220959351e-01
3.067159582828824504e-01
3.293292178688670968e-01
2.985063235224259537e-01
3.451642155668473433e-01
3.031372067816602289e-01
3.183407298674663655e-01
3.657862791764063259e-01
3.889643548763685454e-01
3.176328677348791985e-01
3.898935673208003827e-01
4.247521620077718829e-01
3.900316095476513145e-01
3.856518462992776231e-01
4.142597712532589682e-01
3.950734935199147202e-01
3.962834357471436419e-01
4.566490903616705621e-01
4.914450765717547354e-01
5.478978358131618709e-01
5.315544148759496768e-01
5.048272004034803917e-01
5.656354438233202053e-01
5.313996619884571171e-01
4.921841889393333003e-01
4.975671806991832091e-01
4.490568612126061843e-01
4.401760953576324131e-01
5.374372642795307575e-01
6.112952741763197917e-01
6.249313646563257052e-01
5.745549822965232423e-01
5.506074603525901168e-01
5.873761759971294349e-01
6.505020950807952618e-01
7.243449525877181383e-01
8.248562353602451047e-01
9.115034967630990526e-01
9.280901581073074391e-01
9.321529409166864344e-01
1.026467258933462690e+00
1.049278441081301638e+00
1.080203797378898711e+00
1.167044760845748153e+00
1.197044021366347577e+00
1.070680068902269522e+00
9.374273587722405932e-01
7.565611337907518497e-01
6.908982846213743700e-01
6.782518365428605867e-01
6.553343403146039137e-01
6.457795623202691182e-01
6.363703366555526486e-01
6.770991479220777043e-01
6.865175369217798584e-01
6.376734968110248092e-01
5.887993658090967530e-01
5.640336268113489426e-01
5.393572026494678484e-01
5.029867178660538674e-01
4.609967302203870632e-01
4.244859425346871884e-01
3.927424132979495108e-01
3.537409379559264822e-01
3.170510208628117277e-01
3.026678588600141273e-01
2.929718649565368760e-01
2.870444675570889559e-01
2.759120541913869795e-01
2.685079920509666485e-01
2.612991939427488641e-01
2.536917667673056487e-01
2.453578993920797757e-01
2.357805432567763593e-01
2.247339766784292037e-01
2.122644406045520460e-01
2.301923001972583094e-01
2.467145040312441195e-01
2.495678161480872626e-01
2.388960529677006950e-01
2.171818654990161634e-01
1.997554681118543785e-01
1.948236544482692956e-01
1.870022059852932406e-01
1.774420567809772420e-01
1.668551800702018084e-01
1.559965600979732192e-01
1.454333626952051817e-01
1.355454286698670185e-01
1.276669132306038901e-01
1.235985304461133666e-01
1.198936905382304019e-01
1.166331241984133321e-01
1.137918262601581715e-01
1.114906044646915423e-01
1.095339820145225795e-01
1.077526543784563390e-01
1.060966437887694569e-01
1.044176106839091872e-01
1.043921847212609250e-01
1.094003390039787749e-01
1.110493635125084644e-01
1.094393530795034902e-01
1.048038322238479259e-01
1.063001307271958518e-01
1.054129680094916532e-01
1.022632359478423542e-01
9.746530140588105517e-02
9.176365861203837626e-02
8.610211486656352275e-02
8.117453831873272518e-02
7.754729011121538895e-02
7.684900221602272707e-02
7.717634904910430915e-02
7.816493485007952602e-02
7.949929399208811864e-02
8.077555615189375982e-02
8.157691038594200306e-02
8.159140224152840182e-02
8.058122256804393924e-02
7.841817196831020464e-02
7.502845384690311203e-02
7.345558072357259716e-02
7.553044826803058387e-02
7.681854125266295019e-02
7.719952457871734341e-02
7.666668029687007113e-02
7.521075164032131610e-02
7.287207607545249932e-02
6.981130039482515148e-02
6.612113566037487733e-02
6.192922360173811619e-02
5.737374639857617531e-02
5.650456434374626774e-02
5.570494806287432793e-02
5.471249279520154496e-02
5.353183374556760160e-02
5.228814889030113100e-02
5.093096959914261701e-02
4.957421360794743437e-02
4.814921487083741874e-02
4.673837341145086616e-02
4.527403737779812226e-02
4.381091268908222924e-02
4.229158202235910879e-02
4.075885583655369099e-02
3.916641763638765983e-02
3.755812785248962421e-02
3.638332073716702558e-02
3.610597447475099447e-02
3.577187067090974171e-02
3.538539262021042631e-02
3.495312177991769659e-02
3.445794368415118492e-02
3.390466965729952570e-02
3.330116099690993980e-02
3.267692258805885569e-02
3.202351908426131349e-02
3.135299932490909908e-02
3.067900728321389103e-02
3.001485262429820500e-02
2.937283512453029571e-02
2.876367864527833856e-02
2.819609908490952610e-02
2.767651902152004975e-02
2.720893082720583431e-02
2.679490051463713843e-02
2.643369689961833427e-02
2.612252506201222235e-02
2.585683960947198975e-02
2.563071178971526240e-02
2.543722483098099021e-02
2.526887371058093162e-02
2.511794850439916932e-02
2.497835763902643558e-02
2.484541058935048688e-02
2.470954404319538472e-02
2.456511949807698575e-02
2.440748601303046120e-02
2.423305663396565710e-02
2.403933030340143703e-02
2.382486560738022313e-02
2.358921405967265988e-02
2.333282136992881686e-02
2.305690535105491684e-02
2.276331887869352186e-02
2.245440570957748030e-02
2.213349328262840393e-02
2.180885020518913420e-02
2.147683023017013179e-02
2.114036896900049409e-02
2.080228505054177932e-02
2.046519797893147502e-02
2.013146413486232786e-02
1.980313071817511872e-02
1.948190676477689481e-02
1.916914985238400704e-02
1.886586673573110301e-02
1.857272590747478108e-02
1.829007995582503099e-02
1.801799556643513683e-02
1.775628907574447468e-02
1.750456560981297066e-02
1.726226001838816054e-02
1.702867802361572938e-02
1.680303623170168945e-02
1.658449989459807178e-02
1.637221754248060351e-02
1.616535183534831971e-02
1.596310619133203823e-02
1.576474693962863494e-02
1.556962091386664485e-02
1.537716854595267899e-02
1.518693263909320738e-02
1.499856309611969848e-02
1.481181795190422354e-02
1.462656111196524930e-02
1.444275723408286298e-02
1.426046420690328144e-02
1.407982368359263214e-02
1.390105012028887074e-02
1.372441875016455932e-02
1.355025289835018291e-02
1.337891101099430644e-02
1.321077373468541524e-02
1.304623134383666415e-02
1.288567177273093264e-02
1.272946946748354166e-02
1.257797523325935966e-02
1.243150721204672009e-02
1.229034308925758615e-02
1.215471359301320727e-02
1.202479731650615315e-02
1.190071686617314925e-02
1.178253631166436589e-02
1.167025989094040705e-02
1.156383190538672230e-02
1.146313772222670203e-02
1.136800579043242658e-02
1.127821056504829840e-02
1.119347622825871830e-02
1.111348109153760533e-02
1.103786256046875199e-02
1.096622254468111214e-02
1.089813319731220732e-02
1.083314287221307133e-02
1.077078219279664975e-02
1.071057013230474961e-02
1.065202001407668242e-02
1.059464534751722656e-02
1.053796542514850478e-02
1.048151061520411279e-02
1.042482729371845170e-02
1.036748236954483995e-02
1.030906736510541453e-02
1.024920202493053746e-02
1.018753743226647607e-02
1.012375862308414684e-02
1.005758669374510680e-02
9.988780406229269895e-03
9.917137300806061831e-03
9.842494332203277282e-03
9.764728050201981757e-03
9.683986088698385772e-03
9.601021950864749299e-03
9.514783157310758785e-03
9.425290333270852985e-03
9.332599076940190780e-03
9.236798097240971409e-03
9.138007117498483239e-03
9.036374582507972208e-03
8.932075204998935619e-03
8.825307387335799836e-03
8.716290552966507454e-03
8.605262420313376792e-03
8.492476250528541160e-03
8.378198097799785526e-03
8.262704089822187070e-03
8.146277762071971879e-03
8.029207469015484447e-03
7.911783891350001111e-03
7.794297656842544275e-03
7.677037089502051874e-03
7.560286099435565080e-03
7.444322223631141995e-03
7.329414824995158367e-03
7.215823456095014736e-03
7.103796390303145601e-03
6.993569322881418478e-03
6.885364241574649762e-03
6.779388465183779425e-03
6.686253106299056871e-03
6.652750159040484584e-03
6.616457848934787986e-03
6.596617975814593991e-03
6.578683300061891233e-03
6.559928090628425364e-03
6.540350748978270359e-03
6.519952630032309175e-03
6.498737889038545129e-03
6.476713326269918462e-03
6.453888231366429126e-03
6.430274227039105978e-03
6.405885113588903092e-03
6.380736714532312358e-03
6.354846723719463630e-03
6.328234554953069031e-03
6.300921194184386578e-03
6.272929054774150498e-03
6.244281836426989266e-03
6.215004387806071645e-03
6.185122573372617109e-03
6.154663144634936293e-03
6.123653615860727602e-03
6.092122144754408275e-03
6.060097417930660098e-03
6.027608541360181781e-03
5.994684936164328473e-03
5.961356239246660797e-03
5.927936020292851570e-03
5.894260006890952343e-03
5.860255926619203221e-03
5.825953271426527122e-03
5.791381361768796303e-03
5.756569276696443110e-03
5.721545788713425056e-03
5.686339303639170555e-03
5.650977804951279847e-03
5.615488802800138075e-03
5.579899287433786118e-03
5.544235686835181399e-03
5.508523828601232311e-03
5.472788905765838333e-03
5.437055446421793295e-03
5.401347287114287125e-03
5.365687549610885509e-03
5.330098621174155643e-03
5.294602137919022372e-03
5.259218971228871164e-03
5.223969217063207868e-03
5.188872187968489487e-03
5.153946407526355938e-03
5.119209607467420549e-03
5.084678726619326801e-03
5.050369912405768859e-03
5.016298523909203111e-03
4.982479136952547120e-03
4.948925550793301445e-03
4.915650796322260443e-03
4.882667145739159713e-03
4.849986123419406346e-03
4.817618518050770758e-03
4.785574395765737794e-03
4.769466364236478635e-03
4.757383779112049627e-03
4.744670677854848084e-03
4.731329043755608775e-03
4.717363561541350336e-03
4.702781439133633598e-03
4.687592230144607339e-03
4.671807658724776158e-03
4.655441446944896637e-03
4.638509145246503922e-03
4.621027966430438054e-03
4.603016624053496951e-03
4.584495174887090116e-03
4.565484866632169535e-03
4.546007990191594864e-03
4.526087737743739181e-03
4.505748066143782683e-03
4.485013566039306072e-03
4.463909336928350950e-03
4.442460867813397170e-03
4.420693924295231343e-03
