1.322636191370863690e-01
1.318078854524027954e-01
1.320826990575617310e-01
1.340637660753865867e-01
1.356662161234561959e-01
1.384138096639731530e-01
1.624837851854514792e-01
1.999992157413475746e-01
2.576074991513622181e-01
1.707417286974970416e-01
2.118098514883242356e-01
2.703956395695378268e-01
3.446167451499062007e-01
2.820395226403145661e-01
4.640557866000174503e-01
2.985206737004769684e-01
2.930085383064829907e-01
3.376735370876632891e-01
4.040837880099513169e-01
5.445920724298800586e-01
4.066939028512949750e-01
4.562605449778388000e-01
4.360534810578798881e-01
5.883880945704081933e-01
6.866063530804432657e-01
5.996511948536807912e-01
4.462184403895300688e-01
4.715197212694204332e-01
4.170957184438199294e-01
3.662257393048972687e-01
2.593868121530267246e-01
3.027879457514202066e-01
2.716328014779024191e-01
2.508619825366781853e-01
2.352053023568481116e-01
2.429205781510780093e-01
2.980873505940238033e-01
3.284310093503233774e-01
3.430748895234625451e-01
3.487660081068094109e-01
3.375635386995652354e-01
3.447118397290013792e-01
3.701305963063298843e-01
3.704256463693742507e-01
3.896820813886712198e-01
3.631489552329844606e-01
3.577684300253925476e-01
3.383074043485634341e-01
3.568233886727577575e-01
4.003193265596762251e-01
3.995597262819511331e-01
3.588527654019694202e-01
3.827990478547253494e-01
4.034310887583774097e-01
4.220482096301765296e-01
4.344312277083586249e-01
4.774620319597486784e-01
5.076463835291032956e-01
5.058335430363029017e-01
4.305636882912995955e-01
4.296628008614335470e-01
5.018048088133841844e-01
5.397624743271498549e-01
5.762235003490874252e-01
6.013035968503602779e-01
6.119600290411639776e-01
6.469488545280455138e-01
6.832083033734697164e-01
6.701378168783537204e-01
6.097487630857717500e-01
6.785248620236100647e-01
7.347978971522896030e-01
7.653182464015413355e-01
7.779954233051391554e-01
7.635919141953123601e-01
7.356701324235256356e-01
7.779102224024392331e-01
7.550723741032229208e-01
6.778032734448713459e-01
5.902806696495481731e-01
5.547068908673546961e-01
5.332415998543595936e-01
5.295336200308543573e-01
5.372746474824224849e-01
5.427956242510095786e-01
5.345876736627561687e-01
5.195027828069764819e-01
4.971575092578569000e-01
4.681431368358855982e-01
4.379562231952052187e-01
4.170475833980387126e-01
4.041638022961033805e-01
3.953236520505599150e-01
3.815813442089420748e-01
3.685335066463320541e-01
3.580039235835057454e-01
3.461151978113271022e-01
3.365653304469882201e-01
3.231705570545252426e-01
3.067528414725522179e-01
3.123578790934778970e-01
3.167484197298114923e-01
3.052684191980026829e-01
2.770912692683982770e-01
2.684753216796272324e-01
2.517848189005414405e-01
2.272332787928475484e-01
2.035596466019432005e-01
1.879070068215588085e-01
1.821878177179157288e-01
1.827448779134487611e-01
1.846063568838388347e-01
1.851480477181760564e-01
1.804130089052066177e-01
1.708939641493387174e-01
1.586247851147200294e-01
1.462853966319223598e-01
1.364298915599217732e-01
1.305371421853517566e-01
1.281737512936397261e-01
1.278875601111341687e-01
1.276534996327527982e-01
1.260567895050481446e-01
1.229723361741139748e-01
1.193483718002442961e-01
1.141961626056115092e-01
1.082900393185269039e-01
1.040767622189703173e-01
9.938558919133891334e-02
9.454051797423708436e-02
8.984812358615264227e-02
8.528352199420712043e-02
8.100954007129655687e-02
7.709458793886556083e-02
7.374307410088476455e-02
7.123649400577654334e-02
6.984570576064631775e-02
6.978581179501272547e-02
7.096423731303629079e-02
7.310796541147358829e-02
7.579092440697324240e-02
7.842333940603499198e-02
8.051628997295030843e-02
8.158469293276754408e-02
8.121752810245622123e-02
7.927132901111359764e-02
8.162227350576831131e-02
8.355941861429644346e-02
8.394542674162690232e-02
8.279180289631818401e-02
8.013251667000406697e-02
8.065143806391410208e-02
7.984747278640913493e-02
7.780043250225904261e-02
7.458341386653009886e-02
7.038590499571478754e-02
6.543519225653643412e-02
6.287763858272524264e-02
6.104913773154351658e-02
5.886710688496654686e-02
5.642766986964695836e-02
5.380900818397600649e-02
5.112980776366739255e-02
4.842685462653217171e-02
4.579353284808589802e-02
4.331460520520480362e-02
4.101571203621028755e-02
3.894100867333355476e-02
3.711923684910407861e-02
3.556461506167087061e-02
3.427822828143820000e-02
3.326425450576404874e-02
3.249130899358269875e-02
3.192727536180915010e-02
3.153867074863414555e-02
3.128907852131400380e-02
3.114096071309643138e-02
3.105725277156897585e-02
3.100271079346278089e-02
3.094499685781101905e-02
3.085550129380799575e-02
3.070991156241818093e-02
3.050238532307071940e-02
3.021571694396677291e-02
2.982959093133338152e-02
2.933748655904351230e-02
2.875590741175827400e-02
2.807731206141894295e-02
2.854863204484714076e-02
2.907426655999511417e-02
2.958206878959494801e-02
3.004880975349380132e-02
3.046310734741139101e-02
3.081558199130367270e-02
3.109886590709838930e-02
3.130755784678568299e-02
3.144349493591426514e-02
3.152197045881666160e-02
3.152057729341750658e-02
3.144023506319352373e-02
3.128313218816568264e-02
3.105253979518573723e-02
3.077286192404850990e-02
3.043501435353561033e-02
3.003689285771452347e-02
2.958415455448082029e-02
2.908271354186274527e-02
2.853860416896280769e-02
2.797223607253548558e-02
2.738023985796979656e-02
2.676162432702556410e-02
2.612186993944473970e-02
2.546614963918624255e-02
2.479928275551103803e-02
2.412570210429300366e-02
2.344943307623572476e-02
2.277408340922628532e-02
2.226890387700033308e-02
2.197177689786431604e-02
2.159152690176360453e-02
2.111535866740240491e-02
2.057296291058424709e-02
1.995330929239850018e-02
1.928676737046729900e-02
1.856763076607056626e-02
1.780582197617949780e-02
1.702541927639023359e-02
1.622116597894902867e-02
1.607446008929168391e-02
1.628122030229371339e-02
1.641873014019293309e-02
1.650286270881702599e-02
1.652613680480968100e-02
1.649568914487333990e-02
1.641605525542921135e-02
1.628459944884800767e-02
1.611447151024357136e-02
1.589643850939209679e-02
1.564636649531030849e-02
1.535792342076249851e-02
1.503450792834461723e-02
1.468875726325945090e-02
1.431360953543207165e-02
1.391317985452155716e-02
1.352016978828349258e-02
1.341951022626664686e-02
1.332040479087787110e-02
1.322274070338762958e-02
1.312639508762513535e-02
1.303123737612528997e-02
1.293713153414342322e-02
1.284393810107560541e-02
1.275193126028974916e-02
1.266243325611681250e-02
1.257339778249365672e-02
1.248468989471387264e-02
1.239617839236587145e-02
1.230773687717647349e-02
1.221924466358694297e-02
1.213058755004342223e-02
1.204165845906895148e-02
1.195235795481976865e-02
1.186259464663384430e-02
1.177228548714002662e-02
1.168135597352891984e-02
1.158974026039244314e-02
1.149951587970132923e-02
1.140853038491165469e-02
1.131667688615263512e-02
1.122392251930176034e-02
1.113024257726514220e-02
1.103562027061370451e-02
1.094004644890855978e-02
1.084351928899092779e-02
1.074604395547305337e-02
1.064763223870994827e-02
1.054830217493993826e-02
1.044807765293953757e-02
1.034698801140644144e-02
1.024506763040807129e-02
1.014235552050857594e-02
1.003889491236714844e-02
9.936000500103125965e-03
9.832900237896994092e-03
9.759397615780429636e-03
9.688239279279095909e-03
9.611121208233883509e-03
9.528318464938380361e-03
9.442516917935290036e-03
9.352022765289345549e-03
9.256612828871909476e-03
9.156587542129480950e-03
9.052251317630677710e-03
8.943911177037395729e-03
8.831875435964246790e-03
8.716452448448621521e-03
8.597949415591842753e-03
8.476671261696966039e-03
8.352919580567412169e-03
8.226991653837174845e-03
8.099179542951190705e-03
7.969769254716860263e-03
7.839039981228552306e-03
7.715713776629021421e-03
7.611908001748621776e-03
7.508725349522445656e-03
7.406215332435494778e-03
7.309610577129780837e-03
7.209733965466594112e-03
7.103635065749012642e-03
7.018359268086436786e-03
7.055454282994953058e-03
7.089837105441447115e-03
7.121469568571447799e-03
7.150323261679757819e-03
7.176379071876673975e-03
7.200430794223236508e-03
7.221802889545519966e-03
7.240394554620162119e-03
7.256215697865682664e-03
7.269283313482016902e-03
7.279621015541893302e-03
7.287258577140662101e-03
7.292231476631279297e-03
7.294580451607224868e-03
7.294351062994980893e-03
7.291593269597578496e-03
7.286361014573623437e-03
7.278711824609354966e-03
7.268706422583076816e-03
7.256408354296945730e-03
7.241883629938540741e-03
7.225200380529658330e-03
7.206428529704804291e-03
7.185639481138408370e-03
7.162905821663744649e-03
7.138301040062955231e-03
7.111899261553619560e-03
7.083774998145217668e-03
7.054002913961774507e-03
7.022657606298982232e-03
6.989813401312019309e-03
6.955544164436020492e-03
6.919923125199283799e-03
6.883022715794503456e-03
6.844914423401620741e-03
6.805668655188214407e-03
6.765354616365923911e-03
6.724040200054545550e-03
6.681791888882071540e-03
6.638674667830059273e-03
6.594751947627658893e-03
6.550085498323403137e-03
6.504735392422721259e-03
6.458759957260386091e-03
6.412215736003780246e-03
6.365157456603998294e-03
6.317638008614157551e-03
6.269708427036630588e-03
6.221417882902728277e-03
6.172813679990805068e-03
6.123941257549416622e-03
6.074844198047702620e-03
6.025564240188152100e-03
5.976141296112618718e-03
5.926613473045718762e-03
5.877017098525984251e-03
5.827386748968816158e-03
5.777755281492539217e-03
5.728153868266544317e-03
5.678768080898244537e-03
5.629714511821465490e-03
5.580756459965835470e-03
5.531919235906720966e-03
5.483226666722718599e-03
5.434701139761110786e-03
5.386363647190860714e-03
5.338233831417820395e-03
5.290330031103652846e-03
5.242669327298639728e-03
5.195267590041859063e-03
5.148139524824435140e-03
5.101298718987725897e-03
5.054757687738290796e-03
5.008527920157761215e-03
4.962619924205222480e-03
4.917043271572192099e-03
4.871806641682101778e-03
4.826917864856970775e-03
4.782383964851406530e-03
4.738211200227313014e-03
4.694405105088425394e-03
4.650970528430008015e-03
4.607911672848472376e-03
4.565232131781461408e-03
4.522934925993009857e-03
4.481022538504150429e-03
4.439496948882236914e-03
4.398359665784594245e-03
4.357611758870940863e-03
