1.365878107599833025e-01
1.360278008275621897e-01
1.378947666682609763e-01
1.381739445857317339e-01
1.409319195906289512e-01
1.455546678414985085e-01
2.142762726224143877e-01
2.171732201875317958e-01
2.528686100079813315e-01
1.982375222693129879e-01
2.628957299960966165e-01
3.092460771664996555e-01
2.942287420755543281e-01
3.549125578242186552e-01
3.543456076367959007e-01
2.849993529915875179e-01
3.752719800748486878e-01
3.879102330195161041e-01
4.609433428933660815e-01
4.791156844236928447e-01
6.680008749695334203e-01
6.864588342744447624e-01
6.682008968460730891e-01
5.329501093892392571e-01
4.371908730832668177e-01
3.074403735998274545e-01
3.518647696659826241e-01
3.508765248390529612e-01
3.171360236909864794e-01
3.373878706793604354e-01
3.111629213766877733e-01
3.483577115809510238e-01
3.975574661354095429e-01
3.540036956056581974e-01
3.704346705967407893e-01
4.124838832226834229e-01
4.461764802339134306e-01
4.324451490638949736e-01
4.356968324284438698e-01
4.606485909049998773e-01
5.053106377270075722e-01
5.187249806029583521e-01
6.105009670748805517e-01
6.039823354297063629e-01
5.577267834366526067e-01
6.832888540331780725e-01
6.962171461804350647e-01
6.232973212323239531e-01
6.006220388915542996e-01
5.924594261883164847e-01
6.060260364672152011e-01
6.385512927378586001e-01
5.760323040827505237e-01
6.317758034240172904e-01
6.906738124415064961e-01
6.943575340344434466e-01
7.057572498439202979e-01
7.025558238222385787e-01
6.878242859460436121e-01
6.662739362738381299e-01
6.681134542016712308e-01
7.249126355168417080e-01
8.603745171153199811e-01
9.965663780035183272e-01
1.035025208864438717e+00
9.832764688316204538e-01
9.493468649827485617e-01
8.816203928387412736e-01
8.095083714540749487e-01
7.577868374543330621e-01
7.317410401561358357e-01
7.098562697558959966e-01
6.783845048813995637e-01
6.356186436148073549e-01
5.827748825067636806e-01
5.728837330955277585e-01
5.588596609951703709e-01
5.132630729296125960e-01
4.532324834191762131e-01
3.988277252620892055e-01
3.640673297343758885e-01
3.498206884324721599e-01
3.445808631992285376e-01
3.393538314707896797e-01
3.305200244287070932e-01
3.199409684078557414e-01
3.101270441919634080e-01
3.014759586557506643e-01
2.921471781305753912e-01
2.796855784919815568e-01
2.824490571724236898e-01
3.009971698423354325e-01
3.018365292451524184e-01
2.921641643814084088e-01
2.839792784425014260e-01
2.676423778865103520e-01
2.465288108462528327e-01
2.239481046253635477e-01
2.029244637952995756e-01
1.862546444850719518e-01
1.767842273329514879e-01
1.742285302132791924e-01
1.740891001511946645e-01
1.731382951993534758e-01
1.679156701203126656e-01
1.562435842611030468e-01
1.372807634617249084e-01
1.358684826355729403e-01
1.386687398639824265e-01
1.462523140520040066e-01
1.503334172817692993e-01
1.507610247174941409e-01
1.476659987233318871e-01
1.414079988817940337e-01
1.325118223451526300e-01
1.216002145130124779e-01
1.093355422188952014e-01
1.088607263588676904e-01
1.104454011502721822e-01
1.082197405427307579e-01
1.034101336524944348e-01
9.749288150917061191e-02
9.185798687180672661e-02
8.775455819096357468e-02
8.581531317566899741e-02
8.599013748284144165e-02
8.767301391059989513e-02
8.987552036945721523e-02
9.174111281612258584e-02
9.234828129193498047e-02
9.116943792697235205e-02
8.799732818310543325e-02
9.062223482323977786e-02
9.013074100185669568e-02
8.652215511194630282e-02
8.219455567981974464e-02
7.784819550651357611e-02
7.368466346051961990e-02
6.911663953734943633e-02
6.761188277448043626e-02
6.830167948638915520e-02
6.838297369826930316e-02
6.782248112462094247e-02
6.672832090777046365e-02
6.516391393498240092e-02
6.319247751215260889e-02
6.090844279170258557e-02
5.842030368946289631e-02
5.575030547848012358e-02
5.303072477249426431e-02
5.033513326078707661e-02
4.768653341002023621e-02
4.570764328623714429e-02
4.472212123665513656e-02
4.363695756809832932e-02
4.254375523758177624e-02
4.143477821464210120e-02
4.033951263203728460e-02
3.928642515113537487e-02
3.829745487229890138e-02
3.740190230917013470e-02
3.659681479181407099e-02
3.588329999062547793e-02
3.526261658976025115e-02
3.473213664526229177e-02
3.428604286240528876e-02
3.391601102915994120e-02
3.361185795716007535e-02
3.336214074183743716e-02
3.315469781882759287e-02
3.297712616844432343e-02
3.281719215419600516e-02
3.266317594714285982e-02
3.251940389399685105e-02
3.236544805816408271e-02
3.218898330418863002e-02
3.198234454974386437e-02
3.173918458643937984e-02
3.145450435424849978e-02
3.113729282732178444e-02
3.078523915821222701e-02
3.038425131037133381e-02
2.993412355188137738e-02
2.943571515875118699e-02
2.890039146360781283e-02
2.833535034224277452e-02
2.772855098667028478e-02
2.708378867143347232e-02
2.640533736650680155e-02
2.626151837092351865e-02
2.673875693197921150e-02
2.708269531846228123e-02
2.729722820972883129e-02
2.740577267655909532e-02
2.737799384103341629e-02
2.725419697112195505e-02
2.701413169993694893e-02
2.667297418246578067e-02
2.624885043191138231e-02
2.572602169765679167e-02
2.514693198332726767e-02
2.461467442841147255e-02
2.450670984309298930e-02
2.420716931042050934e-02
2.373627870852956095e-02
2.313344652854416872e-02
2.275816046852499261e-02
2.293272997384750156e-02
2.298110802693836482e-02
2.292514174380828190e-02
2.291138138195141991e-02
2.289687793827876322e-02
2.282067894558157187e-02
2.266372779013533026e-02
2.244894389222889738e-02
2.217901439051302159e-02
2.185634507416351832e-02
2.149742467800996176e-02
2.109604173041748285e-02
2.066960194295928976e-02
2.021229383975936544e-02
1.973698075351488362e-02
1.924200294792008034e-02
1.873369898608669495e-02
1.821630100049625306e-02
1.808542985051841620e-02
1.795805730331064692e-02
1.777947886886102613e-02
1.757093345257007902e-02
1.731820450108376500e-02
1.703274385225301418e-02
1.672458672980034478e-02
1.652084346522823474e-02
1.641877758099486578e-02
1.629840176513654842e-02
1.616430822963504585e-02
1.601182638090719104e-02
1.584301497603814515e-02
1.566141135271871196e-02
1.547394882047422454e-02
1.527569163825233042e-02
1.506864455374512177e-02
1.485477484409017043e-02
1.463599921045513792e-02
1.441417014853821690e-02
1.419106217717086039e-02
1.397229510785285775e-02
1.375545977462565815e-02
1.354160251170038326e-02
1.333208900940484158e-02
1.312815048782451852e-02
1.293087568284741369e-02
1.274120466076581436e-02
1.255992456965342521e-02
1.238766738590107823e-02
1.222490966528379241e-02
1.207197426285203448e-02
1.192903394505013745e-02
1.179611678184664704e-02
1.167311317469292391e-02
1.155978435345839279e-02
1.145577215366811417e-02
1.136060987345221748e-02
1.127373400064422132e-02
1.119449659664027014e-02
1.112217812596979181e-02
1.105600052474779368e-02
1.099514031095553089e-02
1.093874155102266335e-02
1.088592851183500104e-02
1.083581784378351807e-02
1.078753015786652718e-02
1.074020087962180084e-02
1.069299028021326002e-02
1.064509260659463399e-02
1.059719353201155415e-02
1.054775795528856489e-02
1.049558200815316374e-02
1.044005714945804575e-02
1.038063837678004919e-02
1.031684749052225528e-02
1.024827537749511963e-02
1.017458335377806333e-02
1.009550361796930813e-02
1.001083887189653174e-02
9.920461173300188645e-03
9.824310088888756759e-03
9.722390219908763967e-03
9.614768174302439768e-03
9.501569060002082803e-03
9.382972574341114438e-03
9.259208762610922003e-03
9.130553517170241981e-03
8.998396583228223181e-03
8.862989034960241236e-03
8.723621101231095534e-03
8.580698269412672177e-03
8.434648742140053723e-03
8.285918678015005007e-03
8.134967554751142485e-03
7.982263693858878198e-03
7.828279978628789604e-03
7.673489794639905444e-03
7.518363215522485404e-03
7.363363452744743978e-03
7.208943584357005267e-03
7.110740780871893131e-03
7.073984546912127740e-03
7.036987201358269224e-03
6.999759651132241370e-03
6.962313307331750682e-03
6.924660024723519255e-03
6.886812043916578675e-03
6.848781936125874700e-03
6.810582550507063467e-03
6.772226964179626878e-03
6.733728434700087147e-03
6.695100355180635607e-03
6.656621027974237229e-03
6.618199050580907475e-03
6.579678174461632903e-03
6.541071883016533889e-03
6.502393623528051649e-03
6.463656775628533538e-03
6.424874622047387247e-03
6.386060321356018879e-03
6.347226882842475423e-03
6.308387143295781860e-03
6.269553745727448300e-03
6.230739119899942301e-03
6.191955464589426680e-03
6.153214731604882311e-03
6.114528611335237791e-03
6.075908519906672925e-03
6.037365587761057105e-03
5.998910649643780270e-03
5.960554235952363403e-03
5.922306565328040902e-03
5.884177538430196246e-03
5.846176732843117591e-03
5.808313399098584753e-03
5.770596457613970387e-03
5.733034496658051191e-03
5.695635771167719200e-03
5.658408202355410394e-03
5.621359378175652503e-03
5.584496554422569044e-03
5.547826656546226733e-03
5.511356282077914219e-03
5.475091703618106126e-03
5.439038872353834340e-03
5.403203422058791214e-03
5.367590673527914205e-03
5.332205639406482206e-03
5.297053029430423728e-03
5.262137255882181827e-03
5.227462439457836001e-03
5.193032415330371861e-03
5.158850739411674664e-03
5.124920694904030842e-03
5.091245298910872068e-03
5.057827309294656709e-03
5.024669231559441597e-03
4.991773325884341778e-03
4.959141614225330563e-03
4.926775887469869719e-03
4.894677712591843227e-03
4.862848439862075926e-03
4.831289210058309185e-03
4.800000961613965986e-03
4.768984437783781866e-03
4.738240193766741701e-03
4.707768603709838393e-03
4.677569867745070588e-03
4.647644018855767029e-03
4.617990929718947431e-03
4.588610319409121459e-03
4.559501760044909480e-03
4.530664683294739585e-03
4.502098386735416645e-03
4.489645688945729900e-03
4.481176569694465990e-03
4.472216957465373691e-03
4.462782291009602040e-03
4.452888114622062174e-03
4.442550036745819032e-03
4.431783691327253159e-03
4.420604701774893258e-03
4.409028647427386607e-03
4.397071032469610126e-03
4.384747257238820126e-03
4.372072591724274031e-03
4.359062151301657320e-03
4.345730874564985441e-03
4.332093503147244756e-03
4.318164563404133446e-03
4.303958350058662702e-03
4.289488911399388406e-03
4.274770036328513767e-03
4.259815242765911669e-03
