1.659947332032576939e-01
1.660267718494397027e-01
1.650907887943279251e-01
1.688390883246820295e-01
1.694650199977737748e-01
1.734008067379811668e-01
1.998642799332216724e-01
2.514113867361371102e-01
2.280526863033938145e-01
2.258524530592216917e-01
2.913434188080109011e-01
3.862002921446326953e-01
3.453820123393565589e-01
3.532790213358059095e-01
3.568481437012618329e-01
3.797540278863146268e-01
4.745499278005843591e-01
4.685941848265727794e-01
6.105707352059382975e-01
5.632790188386631591e-01
4.782350604740074340e-01
3.829914439667131965e-01
3.371725394203727855e-01
4.489034366236830387e-01
4.330508712620703138e-01
4.381218228291028360e-01
4.433405765489886741e-01
4.975891290394401922e-01
4.194253194191414624e-01
4.356017709158888085e-01
5.211780105755552395e-01
5.708085033853905754e-01
6.441227360753233322e-01
6.475112174780188745e-01
6.444965459636646798e-01
6.046176225037852570e-01
6.810747642465235785e-01
7.317523110800289166e-01
6.431191855962102855e-01
6.789127118669392447e-01
6.723117924526429423e-01
6.353800114116719966e-01
7.451552430720485010e-01
8.055393022444311546e-01
7.912431904501368019e-01
7.937783762367394136e-01
8.220509824048147784e-01
1.017396967036832134e+00
1.165174195391182055e+00
1.077274858459176921e+00
9.998661592471612680e-01
1.190159585562363898e+00
1.357200125076452046e+00
1.633015805174380830e+00
1.664030209605185107e+00
1.223196634354642320e+00
1.078619416615320237e+00
1.168974480174893582e+00
1.092281045826549946e+00
9.052382401069325457e-01
9.276828666532024315e-01
1.016327379270801856e+00
9.632003314372169500e-01
8.811372558070186267e-01
8.337326104302368313e-01
7.718060719615422727e-01
6.881205456384172914e-01
5.722700370793901703e-01
4.513252980249216062e-01
3.826639808899445772e-01
3.930461778100824977e-01
4.307835772643940908e-01
4.480851447606883364e-01
4.503427135802534620e-01
4.175547751788430961e-01
3.723759502428807266e-01
3.726770001579539637e-01
3.598911305210521494e-01
3.425535791215398307e-01
3.293941304503565370e-01
3.302790084803353121e-01
3.257177942350598099e-01
3.426975426643832923e-01
3.451710389682878244e-01
3.327838633196049667e-01
3.218231793040602917e-01
3.077358648731474688e-01
2.930977522323809370e-01
2.885331291885244731e-01
2.746890464214171157e-01
2.517229047324577862e-01
2.257678798064425285e-01
2.205153752085019236e-01
2.147618026954956627e-01
2.037626488465801577e-01
1.895624158581800112e-01
1.774660489192408930e-01
1.708286874693325241e-01
1.623204188614806587e-01
1.521496977178814214e-01
1.407729763108622745e-01
1.379726807034761249e-01
1.537664086134528096e-01
1.605024698892288659e-01
1.588339727631619958e-01
1.515840494332192645e-01
1.420719271414854767e-01
1.322266538471360275e-01
1.317286858447884179e-01
1.312638556528355205e-01
1.295095373618941892e-01
1.253864965251154096e-01
1.184075593393811715e-01
1.090183709048884314e-01
9.860897057335096805e-02
8.929215906106682810e-02
8.300030856767710852e-02
8.058482226459254272e-02
8.156279370709990095e-02
8.435269841163257898e-02
8.690190120327789813e-02
8.759407488285907151e-02
8.529316926719153480e-02
8.413382252172252329e-02
8.202642961055099657e-02
7.711228692230047421e-02
7.355937888254221457e-02
7.104485714921626727e-02
6.998201583957261440e-02
6.861042054355416531e-02
6.692950034737653320e-02
6.492876805741383539e-02
6.277988923953541078e-02
6.042877512071753721e-02
5.910628789985186704e-02
6.035344546041573888e-02
6.072227548032086558e-02
6.029137876507716098e-02
6.318021629616009383e-02
6.564674525764699342e-02
6.770977050617926762e-02
6.810340549476560923e-02
6.687576181676610498e-02
6.419696711067701678e-02
6.036559640148222300e-02
5.562461085428433566e-02
5.409982662872153680e-02
5.441879523037247701e-02
5.403390551194070524e-02
5.302994234775507132e-02
5.152713185813028590e-02
4.972935410364860698e-02
4.770273208063824377e-02
4.565466289854073351e-02
4.367734269735215613e-02
4.184361456929213546e-02
4.021790481528501188e-02
3.882907705836702306e-02
3.767533196706795984e-02
3.673226173480489271e-02
3.597110467729871391e-02
3.532588079080341281e-02
3.474222121623214005e-02
3.420984154201124616e-02
3.373863349968111297e-02
3.308219572136573278e-02
3.227491064345521660e-02
3.128651860002384932e-02
3.027522993556079969e-02
2.923903563970547265e-02
2.813659923306896515e-02
2.699759966773981543e-02
2.608930286287060307e-02
2.616879688938409873e-02
2.623519086810038523e-02
2.627642124292562872e-02
2.628195249295903202e-02
2.625504154871344600e-02
2.618372611093576496e-02
2.605595230917733679e-02
2.586731518628412885e-02
2.561494558614992381e-02
2.529742640759148967e-02
2.491468935255164441e-02
2.446789685475407941e-02
2.396726697262473171e-02
2.342181978034413650e-02
2.282058185093243513e-02
2.306367178252299172e-02
2.348149165900007690e-02
2.382358859378120794e-02
2.409254145865938335e-02
2.425076744067007628e-02
2.428186123998615775e-02
2.417579511807876544e-02
2.394056448752323110e-02
2.358227648863922207e-02
2.415818591751600630e-02
2.473220179334873967e-02
2.515141777558722869e-02
2.540381191007081568e-02
2.550530205212186291e-02
2.544921464223104043e-02
2.522018216688423978e-02
2.482757471874725078e-02
2.431461052542469026e-02
2.365786535813175356e-02
2.287394519408823129e-02
2.198172045457548809e-02
2.102532240889828929e-02
1.999981089769533454e-02
1.893204885443147342e-02
1.852269751278280696e-02
1.805682949944332344e-02
1.753848037871515858e-02
1.696523746409581840e-02
1.634479837892438905e-02
1.568502827479079445e-02
1.499744680598143545e-02
1.429376345826036815e-02
1.389251277570757379e-02
1.401189557412351079e-02
1.439772106052538553e-02
1.473589999788179131e-02
1.502486487396079672e-02
1.526369409590016060e-02
1.545207032067657041e-02
1.559023464710793984e-02
1.568976592778153351e-02
1.574423642008766430e-02
1.575189425343485189e-02
1.571459844249173746e-02
1.563452297927366008e-02
1.551410665287906478e-02
1.535600446153339953e-02
1.516304109387132081e-02
1.493816686958999475e-02
1.468441644770634644e-02
1.441232415167471165e-02
1.411986253142954312e-02
1.380696542614445743e-02
1.347664416615128834e-02
1.313184305711859179e-02
1.277541668773075033e-02
1.261839219291091552e-02
1.276741631712798378e-02
1.287757683276053063e-02
1.294840324048951441e-02
1.298772904738891218e-02
1.298951748277931556e-02
1.295383997711546664e-02
1.288216125923337049e-02
1.277631765503912595e-02
1.263845779295837655e-02
1.247098468205682341e-02
1.227649994719044388e-02
1.205775087175532667e-02
1.181758076944487874e-02
1.155952300770414845e-02
1.129069469352458888e-02
1.100849143843572048e-02
1.071571784630224490e-02
1.041509396301654872e-02
1.010922975170752518e-02
9.800603694912561267e-03
9.495199130409089083e-03
9.511929732074016555e-03
9.522154202211672441e-03
9.526151992660304713e-03
9.524207305412651578e-03
9.516607292433752405e-03
9.503640399758778862e-03
9.485594852669370844e-03
9.462757276755958888e-03
9.435411450934618957e-03
9.403837186576797375e-03
9.368309327802580230e-03
9.329096867073909463e-03
9.286462170414091361e-03
9.240660306390400397e-03
9.191938472823339701e-03
9.140535515559228968e-03
9.086681533090232646e-03
9.030597561536389886e-03
8.972495334017891941e-03
8.912577108869629977e-03
8.851035561521206421e-03
8.788053734267532724e-03
8.723805039268305028e-03
8.658453309576189319e-03
8.592152893723536619e-03
8.525048789174694691e-03
8.457276810328239955e-03
8.388963787287904289e-03
8.320227791315942811e-03
8.251178383315108458e-03
8.181916882160376880e-03
8.112536649453999313e-03
8.043123388006920976e-03
7.973755450902878308e-03
7.904504159062150301e-03
7.836143924705833014e-03
7.768201337260304505e-03
7.700507630077194077e-03
7.633111118430907158e-03
7.566054671887684387e-03
7.499376034557078859e-03
7.433108141462656596e-03
7.367279429845062337e-03
7.301914144390296221e-03
7.237032635203480106e-03
7.172651648018660807e-03
7.108784605693746830e-03
7.045441880556692175e-03
6.982631056986667549e-03
6.920357183945243830e-03
6.858623016995547654e-03
6.797429249697594864e-03
6.736774734236282945e-03
6.676656691074692694e-03
6.617070907596659356e-03
6.558011926002606067e-03
6.499473220231892154e-03
6.441447362003640056e-03
6.383926176719387224e-03
6.326900888429264069e-03
6.270362255207462612e-03
6.214300694103264307e-03
6.158706396833722903e-03
6.121118506065048419e-03
6.131785222733442640e-03
6.140066665859696821e-03
6.145955531525626285e-03
6.149450158891792834e-03
6.150554290902563240e-03
6.149276859109451508e-03
6.145631788134151181e-03
6.139637817178253756e-03
6.131318335713707886e-03
6.120701229908192403e-03
6.107818737524103522e-03
6.092707308639149985e-03
6.075407470156241746e-03
6.055963691523720376e-03
6.034424250903665937e-03
6.010841098887905083e-03
5.985269719561129957e-03
5.957768987259499417e-03
5.928401018229752586e-03
5.897231016561389587e-03
5.864327113763534091e-03
5.829760201959579072e-03
5.793603760257948210e-03
5.755933674411894789e-03
5.716828050277697124e-03
5.676367020820641957e-03
5.634632547447247786e-03
5.591708216107217980e-03
5.547679028820087614e-03
5.502631191174930068e-03
5.456651896491296859e-03
5.409829108019523561e-03
5.362251338867514948e-03
5.314007431786852732e-03
5.265186338757965080e-03
5.215876901505519907e-03
5.166167634177628101e-03
5.116146508322375747e-03
5.065900741526251777e-03
5.015516590523485391e-03
4.965079149197569076e-03
4.914672152418581366e-03
4.864377786363002082e-03
4.814276506081135477e-03
4.764446860610413101e-03
4.714965326507956737e-03
4.665906149931990481e-03
4.617341198098170313e-03
4.569339820231289526e-03
4.521968718182218031e-03
4.475291827477190232e-03
4.429370208504833373e-03
4.384261948227259273e-03
4.340022072526175841e-03
4.296702469284038178e-03
4.254351821824561494e-03
4.213015553367506841e-03
4.172735781663803462e-03
4.133551284256835150e-03
4.095497474025529792e-03
4.058606384337130023e-03
4.022906664556926554e-03
3.988423584842459672e-03
3.955179049959067772e-03
3.923191622434600741e-03
3.892476553843168558e-03
3.863045824741293335e-03
3.834908191966913873e-03
3.808069243669729657e-03
3.782531461327577702e-03
