2.190157706373794533e-01
2.200471460951479719e-01
2.201544405032047347e-01
2.238174377834436790e-01
2.248131208187952867e-01
2.273584354624817727e-01
2.284107412592756847e-01
2.770473178314086238e-01
3.367892239788614628e-01
3.224388376610756723e-01
3.233685655007443316e-01
3.456516780640130904e-01
3.437120368954448835e-01
6.037539288236771773e-01
5.672385265056043568e-01
5.064734333879917783e-01
4.043773528332341161e-01
5.230996071695328542e-01
5.171764755079758524e-01
4.309893593791388477e-01
5.815787780019553432e-01
5.075859041025509999e-01
6.828860481021503670e-01
6.457070777087572377e-01
6.469054029892730151e-01
5.477190067391229933e-01
7.352870860037982181e-01
7.455616864993745985e-01
8.159478805045270455e-01
8.059316826064815142e-01
8.309558974737756287e-01
7.668931024210712266e-01
8.665067125657133218e-01
9.821738928576909666e-01
1.207562190236976418e+00
1.595267432189491075e+00
1.351623817119489424e+00
1.212537520028401872e+00
1.389352782812552700e+00
1.444225868230446963e+00
1.555943028898463254e+00
1.475430444233544858e+00
1.514821103380896705e+00
1.616083850382981524e+00
1.704358377397588775e+00
1.706657332847858477e+00
1.616712263094940427e+00
1.319634307950852792e+00
1.183505859627762558e+00
9.841727596782507970e-01
8.736921749378830926e-01
8.453692175318477942e-01
8.973991366954555682e-01
9.538521384138841652e-01
8.739437828786013052e-01
7.720440621246916768e-01
7.475940040526655173e-01
6.756248615816952130e-01
5.923645792084246686e-01
5.628516913440292369e-01
5.344538450147694464e-01
5.086000798637845266e-01
4.880061791992336140e-01
4.291599965980608111e-01
3.999110915984286918e-01
3.892329007169363919e-01
3.867256445727470515e-01
3.491575397539102843e-01
3.169289053839572934e-01
2.911583960202994703e-01
2.722322970505125506e-01
2.601334457310651715e-01
2.522820239469762416e-01
2.426361951125041161e-01
2.285597122072503540e-01
2.180284342471979497e-01
2.081741570230243588e-01
1.956475508611659475e-01
1.830560671199682188e-01
1.720624462358818219e-01
1.636348004768963249e-01
1.578117358537858561e-01
1.536397039759710426e-01
1.500834512036961499e-01
1.460217303184049298e-01
1.423008197961278254e-01
1.411899060722472676e-01
1.388945707413039854e-01
1.353928782647938200e-01
1.316753872269118830e-01
1.279769849187676334e-01
1.238870039180665905e-01
1.194997599857407222e-01
1.140346193065195080e-01
1.073478425535234759e-01
1.039450102794487601e-01
1.049347835452710681e-01
1.061162927730220779e-01
1.087527860450192008e-01
1.066296767727785422e-01
1.030016794367881044e-01
1.036187222027064175e-01
1.025792492033048980e-01
1.002713894421248669e-01
1.001455798416985704e-01
9.737723019141225622e-02
9.252243354157481392e-02
8.612002391491918596e-02
8.276104207044440719e-02
8.008232013075729239e-02
7.671867970440264528e-02
7.512170591558413324e-02
7.473683740271118425e-02
7.281556160667718158e-02
6.950725073754411565e-02
6.507430608686307072e-02
6.023870958140230963e-02
5.591377446932357248e-02
5.534117657158946213e-02
5.434787351392271482e-02
5.289380253376174679e-02
5.098374682272550223e-02
4.897893109340358681e-02
5.058061014219454588e-02
5.206643975870932362e-02
5.295101828846963954e-02
5.283986474029678249e-02
5.158575736666999589e-02
4.936196095408883905e-02
4.629715030934265091e-02
4.541342223475932499e-02
4.585978170672509735e-02
4.583826679345337496e-02
4.544098937283001099e-02
4.480801909102970215e-02
4.403997954025450079e-02
4.316882421616174276e-02
4.224897169515717810e-02
4.130794682166643444e-02
4.034963537281687634e-02
3.940343809516538842e-02
3.841015399368891137e-02
3.733688864230100268e-02
3.616306651072404704e-02
3.487693902753276343e-02
3.347819287349024925e-02
3.199922477880976640e-02
3.044984760035984728e-02
2.928288769033656272e-02
2.923540987428958904e-02
2.917380271413859069e-02
2.909027221575855027e-02
2.897903625589890245e-02
2.883619317470770618e-02
2.866124693446521488e-02
2.846979619656153301e-02
2.824390179222641128e-02
2.798467886410730895e-02
2.769398573621826079e-02
2.737422564636258007e-02
2.702818052531839529e-02
2.665887766453671828e-02
2.626948721266752704e-02
2.586324647914760647e-02
2.544340591796252077e-02
2.501319129013232501e-02
2.457577670692752750e-02
2.413426387782342808e-02
2.369166377616429425e-02
2.325087795444255589e-02
2.281467777734019764e-02
2.238568080538030219e-02
2.196632439298436268e-02
2.155982347048158651e-02
2.117136487478301146e-02
2.079774464972184919e-02
2.044048739755635613e-02
2.010080504283760089e-02
1.977957753937186619e-02
2.006579814402045456e-02
2.048073069528021095e-02
2.086997449930996784e-02
2.122853783620335874e-02
2.155311691313572045e-02
2.184171051099561417e-02
2.209319174690942827e-02
2.230971533696995274e-02
2.250362229319131241e-02
2.265900688714065150e-02
2.277435626874117422e-02
2.284748802094980352e-02
2.287549505268221886e-02
2.285479047662396582e-02
2.278124267804561981e-02
2.265038517596167089e-02
2.245768192662643548e-02
2.219882648833017974e-02
2.187005288921712101e-02
2.149145444554995121e-02
2.104003369265190077e-02
2.051253046258645976e-02
1.990969279751362425e-02
1.989755764787392092e-02
2.015887409485783710e-02
2.027874792948470076e-02
2.027741353643309347e-02
2.013805385539451168e-02
1.985293894685416158e-02
1.942762248316031240e-02
1.887116337975175764e-02
1.821014247493701541e-02
1.801082872768868318e-02
1.798071933311105874e-02
1.789995699611712787e-02
1.778379703582142271e-02
1.762014844349282794e-02
1.740712550021688773e-02
1.714644511930998177e-02
1.684038649011964858e-02
1.649173114429964074e-02
1.610369716059176920e-02
1.569050577887574904e-02
1.524816959925650271e-02
1.477683536398527106e-02
1.428071611056933206e-02
1.403664629231643306e-02
1.403402378534574814e-02
1.401352860705234148e-02
1.397559617754913670e-02
1.392076135817737689e-02
1.385310374992463137e-02
1.377425182845469845e-02
1.368034893079827369e-02
1.357218953420580645e-02
1.345061353855174328e-02
1.331649594747316527e-02
1.317073712171397230e-02
1.301425366496014417e-02
1.284796998676455797e-02
1.267281057146933503e-02
1.248969296925127662e-02
1.229952151348680071e-02
1.210318175797046002e-02
1.190153561902779385e-02
1.169541719971908637e-02
1.148562926782305087e-02
1.127294035341965504e-02
1.105808242919817559e-02
1.084174913306689900e-02
1.062459449135625192e-02
1.040868691072844958e-02
1.019441913216251501e-02
9.980777133856120337e-03
9.785615020799397906e-03
9.596496605709938302e-03
9.380590860138796408e-03
9.147417153411488075e-03
8.938167746438253555e-03
8.737472968317292268e-03
8.540120471880260564e-03
8.346357015680842470e-03
8.156398407231381029e-03
7.970431160920910321e-03
7.788614185128110885e-03
7.611080480505707374e-03
7.437938833516095395e-03
7.269275491187924924e-03
7.105155805390904293e-03
6.945625836218811619e-03
6.832205162194087203e-03
6.814286441798636865e-03
6.833491337942146186e-03
6.846585370085957190e-03
6.853843816037846759e-03
6.855543041931405797e-03
6.851959089848787612e-03
6.843366423173427755e-03
6.830036819758797569e-03
6.812238403157010354e-03
6.790234802162514391e-03
6.764284428712532236e-03
6.734639864907195073e-03
6.701547349491082314e-03
6.665246355417667190e-03
6.625969249522499667e-03
6.583941026524100897e-03
6.539379109605844044e-03
6.492493210521062610e-03
6.443485242280683895e-03
6.392549278719861401e-03
6.339871554641604741e-03
6.285630501755563697e-03
6.229996815311165601e-03
6.173133547146287398e-03
6.115196221173925355e-03
6.056332967780165243e-03
5.996684673751925300e-03
5.936385145174339316e-03
5.875561280338502043e-03
5.814333250792514014e-03
5.752814688437754911e-03
5.691112876805568162e-03
5.629328945156436038e-03
5.567558064134155681e-03
5.505889641823340924e-03
5.444407519202274122e-03
5.383498863310558907e-03
5.409813728347612552e-03
5.431211148556787556e-03
5.447689713397904469e-03
5.459286888238862497e-03
5.466075576095907884e-03
5.468160679226835921e-03
5.465675690400797863e-03
5.458779340540192808e-03
5.447652325604801678e-03
5.432494133437293718e-03
5.413519987861030273e-03
5.390957924705988037e-03
5.365046012304909746e-03
5.336029725734436902e-03
5.304159483000744565e-03
5.269688348274831520e-03
5.232869905959350310e-03
5.193956307671890142e-03
5.153196491940628503e-03
5.110834576288565342e-03
5.067108418512634126e-03
5.022248344275400712e-03
4.976476036082819535e-03
4.930003578453706452e-03
4.883032653094759520e-03
4.835753877380334978e-03
4.788346278766104566e-03
4.740976897570776429e-03
4.693800510240623766e-03
4.646959464659900819e-03
4.600583619435104007e-03
4.554790378519094074e-03
4.509684813321085742e-03
4.465359863225770720e-03
4.421896607311220223e-03
4.379364598437770865e-03
4.337822252641204690e-03
4.297317286019441789e-03
4.257887192085723325e-03
4.219559752677076378e-03
4.182353576016827751e-03
4.146278655853482403e-03
4.111336945778988269e-03
4.077522943572431217e-03
4.044824280475225325e-03
4.013222310972488528e-03
3.982692698812202031e-03
3.953205995565047502e-03
3.924728208320463034e-03
3.897221353398955257e-03
3.870643993691221321e-03
3.844951756955337051e-03
3.820097833410546033e-03
3.796033450853283399e-03
3.772708325813036324e-03
3.750071089995257127e-03
3.728069690804657055e-03
3.706651765744655228e-03
3.685764990193923177e-03
3.665357398409307445e-03
3.645377677951718628e-03
3.625775437825491925e-03
3.606501450282129963e-03
3.587507867686078131e-03
3.568748414350515763e-03
3.550178554346302990e-03
3.531755636464951626e-03
3.513439016767815146e-03
3.495190160301001221e-03
3.476972722462620593e-03
3.458752611674634821e-03
3.442295781447914354e-03
3.430266619085394018e-03
3.418229509950503325e-03
3.406190119245131910e-03
3.394153895165155990e-03
3.382126071920240219e-03
3.370111672860265188e-03
3.358115513740432198e-03
3.346142206145580507e-03
3.334196161034821537e-03
3.322281592352302471e-03
3.310402520811975627e-03
3.298562777697893172e-03
3.286766008795119574e-03
3.275015678353639798e-03
3.263315073168041210e-03
3.251667306628576014e-03
3.240075322897093858e-03
3.228541901071702198e-03
3.217069659367799862e-03
3.205661059382088063e-03
3.194318410268300046e-03
