2.406622259208114067e-01
2.399585215765660806e-01
2.385267350189526903e-01
2.412852122462946780e-01
2.425621365757039960e-01
2.477315697444710807e-01
2.567355837423981324e-01
2.698970539778701161e-01
3.335773961461676040e-01
3.659324678955298005e-01
3.737616662526270783e-01
4.159169860955103659e-01
3.523323959269769601e-01
3.973510484033179191e-01
6.077191168730770032e-01
6.307784871102297686e-01
6.762259640288643681e-01
5.004481244368776949e-01
5.740619806151916471e-01
4.692744863206723127e-01
5.152900185888340534e-01
5.174639096116991910e-01
5.167044270087065572e-01
5.496797461601173884e-01
6.539004218821404812e-01
5.223163497501119856e-01
5.786327268256868939e-01
6.790033861767589274e-01
7.199477225206364350e-01
6.530765075489090021e-01
7.961810173375435395e-01
8.334593665085937575e-01
8.432786878046120149e-01
9.332890728555608417e-01
8.683605009885382309e-01
8.412614561385698408e-01
9.517008346127466822e-01
1.192534661838779542e+00
1.338604505857490468e+00
1.211818506971160003e+00
9.696478361559962567e-01
1.063259340260436892e+00
1.220663336364059104e+00
1.383897393707677725e+00
1.311377698506265510e+00
1.413844547131616336e+00
1.461629927298190079e+00
1.509134724049918219e+00
1.856980602570336369e+00
1.967844083645943432e+00
1.805644007804426243e+00
2.062022148551215128e+00
1.863571668364018885e+00
1.641532383458516486e+00
1.399733077809451443e+00
1.370144931069698924e+00
1.301334143558578127e+00
1.116143224800316691e+00
1.031736307662798335e+00
9.441045510332071178e-01
9.085884546842922793e-01
9.108767603598328932e-01
8.956401067709833796e-01
7.615532154987963986e-01
7.730965763492193554e-01
7.308887836448758613e-01
6.534828630651149384e-01
5.667297610707722200e-01
5.041257241014518442e-01
4.992156326979802494e-01
4.918281421452386781e-01
4.769136504674352239e-01
4.521629244124414360e-01
4.175332973461208796e-01
3.774473650631569588e-01
3.403405689961103153e-01
3.395902642611512978e-01
3.441573630400989736e-01
3.406395130927334369e-01
3.277067655843812766e-01
3.080475351919194638e-01
2.885570504929871882e-01
2.619040229585585244e-01
2.473551832062348410e-01
2.435561127077214560e-01
2.301977800875596725e-01
2.283513556279278545e-01
2.223002599563904669e-01
2.217159902187079423e-01
2.224455080608916668e-01
2.200148961893866051e-01
2.146561812427921490e-01
2.073457109561444300e-01
1.985342272169163258e-01
1.887661016242488665e-01
1.786535329240142023e-01
1.685452893528220641e-01
1.590546648385251227e-01
1.561329376363604637e-01
1.482504438821183046e-01
1.366884796323386275e-01
1.378940427829113968e-01
1.404770285552990050e-01
1.406924107342559793e-01
1.388913220113923153e-01
1.352589845000401469e-01
1.298573123741501578e-01
1.228745272728458959e-01
1.141864816731794074e-01
1.092199478256929424e-01
1.129393576915967701e-01
1.147592986161502931e-01
1.148873309474856552e-01
1.132853876941886523e-01
1.101714847916738793e-01
1.061528298610780324e-01
1.011581659410491635e-01
9.577254444130127442e-02
8.986353166793653591e-02
8.550392284565867806e-02
8.367921084315928237e-02
8.092907213553804380e-02
7.724382176373469078e-02
7.479291304163281084e-02
7.375455998926350176e-02
7.244861318352650847e-02
7.077949400425391502e-02
6.875550836838617563e-02
6.726400180595018541e-02
6.887964304528151893e-02
6.843605271746364127e-02
6.619904578378353610e-02
6.337701036787243836e-02
6.207659305868323818e-02
6.062723761173829246e-02
5.905128152843923395e-02
5.737648380710447943e-02
5.563393089593951513e-02
5.385605636318230305e-02
5.207487194386188623e-02
5.032047606565018955e-02
4.861987667267508861e-02
4.699613964776629127e-02
4.546785323666161643e-02
4.404888292252603921e-02
4.274838008088188701e-02
4.157100106557820585e-02
4.051729054055693696e-02
3.958418318193162450e-02
3.876558060571180797e-02
3.805296482929779872e-02
3.743601511506953333e-02
3.690320112748201459e-02
3.644233151206265758e-02
3.604104293313126900e-02
3.568722003482066585e-02
3.536934155532531904e-02
3.507675183693901438e-02
3.479986020514027473e-02
3.453027315633343947e-02
3.426086604821798609e-02
3.398580210145028119e-02
3.370050708963647640e-02
3.340160820257952190e-02
3.308684531853217647e-02
3.275496239276327881e-02
3.240558595354547239e-02
3.203909685264830220e-02
3.165650051584339986e-02
3.125930001942195391e-02
3.084937542817296069e-02
3.042887199064267176e-02
3.000009902476776999e-02
2.956544064815213105e-02
2.912727892530888804e-02
2.868792951404227839e-02
2.824958949789193804e-02
2.781429678151764798e-02
2.738390019733524111e-02
2.696003931234119272e-02
2.654413282852756753e-02
2.613737442479086709e-02
2.574073488797124290e-02
2.535496941299269016e-02
2.498062901240864428e-02
2.461807505324337814e-02
2.426749603201915420e-02
2.392892579743513201e-02
2.360226253254767842e-02
2.328728791116008862e-02
2.298368594108396445e-02
2.269106110093762133e-02
2.240895546285968931e-02
2.213686457238915259e-02
2.187425192644688876e-02
2.162056195090849425e-02
2.137523143209684937e-02
2.113769940027451430e-02
2.090741549858431136e-02
2.068384690076974924e-02
2.046648386146949702e-02
2.025484400068425228e-02
2.004847543296557275e-02
1.984695886012648874e-02
1.964990874758247921e-02
1.945697370409366078e-02
1.926783618238016305e-02
1.908221161152295897e-02
1.889984706690583591e-02
1.872051957448948173e-02
1.854403413876439671e-02
1.837022157385664184e-02
1.819893620935616324e-02
1.803005353267707681e-02
1.786346782123619803e-02
1.769908981010195892e-02
1.753684443216053587e-02
1.737666866105174943e-02
1.721850948058370467e-02
1.706232199836177355e-02
1.690806771559145646e-02
1.675571296124498538e-02
1.660522749378126606e-02
1.645658327064292506e-02
1.630975338284529341e-02
1.616471114934064923e-02
1.602142936397607867e-02
1.587987968647965736e-02
1.574003216763795315e-02
1.560185489805978459e-02
1.546531376948499098e-02
1.533037233744951114e-02
1.519699177358059539e-02
1.506513089706497388e-02
1.493474627365866392e-02
1.480579237251364658e-02
1.467822177054056536e-02
1.455198539530562669e-02
1.442703279770197848e-02
1.430331244663062863e-02
1.418077203843898064e-02
1.405935881467443999e-02
1.393901988224920119e-02
1.381970253120582900e-02
1.370135454536382420e-02
1.358392450229524949e-02
1.346736205914561904e-02
1.335161822213863647e-02
1.323664559696690821e-02
1.312239861928945518e-02
1.300942549649481209e-02
1.289717187978971571e-02
1.278551221339849567e-02
1.267440942665349832e-02
1.256382906985480108e-02
1.245373941497123459e-02
1.234411153424872648e-02
1.223491935774281142e-02
1.212613971037271136e-02
1.201775232979297378e-02
1.190973986590521984e-02
1.180208786300736973e-02
1.179944809137100162e-02
1.179799272830032997e-02
1.178696405765767771e-02
1.176643081571855480e-02
1.173649119442737691e-02
1.169727200780411314e-02
1.164892774783344610e-02
1.159163953334611113e-02
1.152561395707630242e-02
1.145108183661555298e-02
1.136829687683925047e-02
1.127753425187963919e-02
1.117908911583044909e-02
1.107414751092358415e-02
1.096503554401802132e-02
1.084909570817918847e-02
1.072668125721138940e-02
1.059815790194271884e-02
1.046390210080035653e-02
1.032429934749313008e-02
1.017974246583210757e-02
1.003062992119858193e-02
9.877364157839421677e-03
9.720349970078714930e-03
9.559992915546176862e-03
9.396697778356156300e-03
9.230867087624529399e-03
9.062899698425665521e-03
8.893189439577916730e-03
8.764136308275792542e-03
8.672191530716719804e-03
8.581102793475018503e-03
8.490893987316368643e-03
8.418977210188305360e-03
8.378232332817862893e-03
8.337407075267899356e-03
8.296480844685311454e-03
8.255434414508579233e-03
8.214249908934927180e-03
8.172910784732837983e-03
8.131401810890203849e-03
8.089709045956886349e-03
8.047819813729702870e-03
8.005722676900445256e-03
7.963407409257551930e-03
7.920864966544457000e-03
7.878087455864849972e-03
7.835068104205960421e-03
7.791801225809876982e-03
7.748282188921961841e-03
7.704507381626059942e-03
7.660474177329562942e-03
7.616180899757484836e-03
7.571626787515774518e-03
7.526811958567870484e-03
7.481737374452865005e-03
7.436404804741886601e-03
7.390816791140285801e-03
7.344976612144290574e-03
7.298888247624555313e-03
7.252556343922893049e-03
7.205986179025387559e-03
7.159183628414764189e-03
7.112155131275939117e-03
7.064907657208302147e-03
7.017448673388580055e-03
6.969786112629554505e-03
6.921928341800029187e-03
6.873884130964128675e-03
6.825662623320828681e-03
6.777273305805069960e-03
6.728725980339576515e-03
6.680030736049985714e-03
6.631197922006147778e-03
6.582238121033159861e-03
6.533162124042558687e-03
6.483980905328722011e-03
6.434705598702307114e-03
6.385347474261706714e-03
6.335982076211882710e-03
6.286925553029496828e-03
6.237809353952843139e-03
6.188645071163842611e-03
6.139444339691387843e-03
6.090218818738913145e-03
6.040980173922052589e-03
5.991740060238680970e-03
5.942510105712115950e-03
5.893301895877547589e-03
5.844126959007827846e-03
5.794996752026094350e-03
5.745922647163017281e-03
5.696915919293097687e-03
5.647987733951450109e-03
5.599149136063639835e-03
5.550411039250556684e-03
5.501784215884829125e-03
5.453279287672941136e-03
5.404906716904753564e-03
5.356676798195774553e-03
5.308599650992428150e-03
5.260685212389686755e-03
5.212943230708816898e-03
5.165383259467600137e-03
5.118014651899137693e-03
5.070846555958524390e-03
5.023887909761187709e-03
4.977147437602724364e-03
4.930633646207124507e-03
4.884354821683468267e-03
4.838319026598032584e-03
4.792534097595641841e-03
4.747007643444312724e-03
4.701747043324518496e-03
4.684166219588714423e-03
4.671968755426260909e-03
4.660169104805807726e-03
4.648752333090741540e-03
4.637703724677292097e-03
4.627008787927353733e-03
4.616653259769237447e-03
4.606623109884116357e-03
4.596904544367372107e-03
4.587484009245482164e-03
4.578348193430069150e-03
4.569484031407721435e-03
4.560878705604032649e-03
4.552519648321819504e-03
4.544394543599510235e-03
4.536491328341890270e-03
4.528798193694763899e-03
4.521303585605315929e-03
4.513996205550489978e-03
4.506865010752970219e-03
4.499899214168930767e-03
4.493088284345065839e-03
4.486421944983377125e-03
4.479890174219076926e-03
