2.491290707694900630e-01
2.495534785829123803e-01
2.505783058409044584e-01
2.526975815952157145e-01
2.514103423595728803e-01
2.613844485346775159e-01
3.751642536839120412e-01
3.413175468789171885e-01
3.535217237902752996e-01
4.585970330579516863e-01
3.991637212658913914e-01
4.027894171430967396e-01
4.856015971182191526e-01
5.281925427327357481e-01
6.266404320248085691e-01
6.442948203415299613e-01
4.559659303708468725e-01
5.588312051596960872e-01
5.654364663612295727e-01
5.905880926375889350e-01
5.817749628252578686e-01
7.575038573115840945e-01
6.741809380272462127e-01
7.876220756201014472e-01
8.750686193099679322e-01
7.332423631423028443e-01
7.617392271073204491e-01
9.118305513287573438e-01
9.859587401310881960e-01
8.796193571714144843e-01
1.082986185749499786e+00
1.029710196222599849e+00
9.920883658013818218e-01
1.166432148539580993e+00
1.112950642927384104e+00
1.353621411340863778e+00
1.505450852885978019e+00
1.620357457744133312e+00
1.694530973076925351e+00
1.651932273552794372e+00
1.731338702561126430e+00
1.565926154336153120e+00
1.711169227075945765e+00
2.105590102030498123e+00
2.519461327140612106e+00
2.422546773023567912e+00
2.106957817425257229e+00
1.747288812626332621e+00
1.592702652802638008e+00
1.361987519513089495e+00
1.390096790600766852e+00
1.269443398214727958e+00
1.272638590857851248e+00
1.176537307244523545e+00
9.397104901781596631e-01
7.970566905263107849e-01
7.962024465771851967e-01
7.951508376926481603e-01
7.185734020029506119e-01
6.151238471323352552e-01
6.382394257047874220e-01
5.836957502662613040e-01
5.434779200731202353e-01
5.373230416033693002e-01
5.190966227676914180e-01
5.247835165468669461e-01
4.711050550522422609e-01
4.839258105704108970e-01
4.395557385600095124e-01
3.733364499725334573e-01
3.361691991071125707e-01
3.188883613461765409e-01
3.141845662729871314e-01
3.137511022240473957e-01
3.099287416811962736e-01
3.016297324539145008e-01
2.885846142661688818e-01
2.688551216890323614e-01
2.622458710922017100e-01
2.560369909161476776e-01
2.195646277012721637e-01
1.935628887373573026e-01
1.765374106242060259e-01
1.684977023803385376e-01
1.698379432074112183e-01
1.750417942031307350e-01
1.770707208752325401e-01
1.723787393303876925e-01
1.649992725283709327e-01
1.607137690769523675e-01
1.511662933872903181e-01
1.400514995361425985e-01
1.307611778546577397e-01
1.251394200389487898e-01
1.220351754294115992e-01
1.218024878074327466e-01
1.252708996030586497e-01
1.273260803930199858e-01
1.262454012673143999e-01
1.211966453990778736e-01
1.291481166580946693e-01
1.349367670732106173e-01
1.366851519108805424e-01
1.344783230122970075e-01
1.285434294874132632e-01
1.193049940419690508e-01
1.076757705894458433e-01
9.495797944424952397e-02
9.196276537208843138e-02
8.974482573244087213e-02
9.798605547830623042e-02
1.011789318538807853e-01
9.945460586487563093e-02
9.660916937678089289e-02
9.413198821855316145e-02
8.858358939582880454e-02
8.270272334565426098e-02
8.532023515234095357e-02
8.393270467766197895e-02
8.016841069787906948e-02
7.543074049971389139e-02
7.125585950238895461e-02
7.000968983776810484e-02
6.948391191556600732e-02
6.922264040350371850e-02
6.879118995379399082e-02
6.762638113127091011e-02
6.541253850728626085e-02
6.471888349522209039e-02
6.295502220021843842e-02
5.925095652514580230e-02
5.666201986315279326e-02
5.713686359335243270e-02
5.716104172727582561e-02
5.668360900636153915e-02
5.579343010725824198e-02
5.459648651741719205e-02
5.322040748428534529e-02
5.179959339953813663e-02
5.033619057521036833e-02
4.888603602446502799e-02
4.748316379638410634e-02
4.614216523954795673e-02
4.486208123870409625e-02
4.363098954804706109e-02
4.243064868700244935e-02
4.124075448606908528e-02
4.004852211915942845e-02
3.886058107854650084e-02
3.763858173165808563e-02
3.638066715973239246e-02
3.509221237372212032e-02
3.378528170258972285e-02
3.247744225670769203e-02
3.119009460960483690e-02
2.994650662528674373e-02
2.876974746302581043e-02
2.768071383980191119e-02
2.720942785938633424e-02
2.681415535142358045e-02
2.637260384377682065e-02
2.618742495733742195e-02
2.680207742744128777e-02
2.720674225501254484e-02
2.739112028444470881e-02
2.738402089023838151e-02
2.721812568658514911e-02
2.696857791866254239e-02
2.658261172535920577e-02
2.605265246591994752e-02
2.550949197020600454e-02
2.637231801167670003e-02
2.719494602261242344e-02
2.794646661723540135e-02
2.861306774219446458e-02
2.916012965318074551e-02
2.953098732119205025e-02
2.969542886967857162e-02
2.963173562293231270e-02
2.938175521843569560e-02
2.889585762853863482e-02
2.817754361612022362e-02
2.724599343340106464e-02
2.616985557431034462e-02
2.539354906148560964e-02
2.502139738875677755e-02
2.453851966565206294e-02
2.396008404089677857e-02
2.369615083688461285e-02
2.382861954298249457e-02
2.387014270174210931e-02
2.382914268457385701e-02
2.371635826209513714e-02
2.354431334093304642e-02
2.332673640829733414e-02
2.307795017033768478e-02
2.281225295211081194e-02
2.254331503037626180e-02
2.228361374768425898e-02
2.204393069105331157e-02
2.183747816595568367e-02
2.166871062991732738e-02
2.153788953832670716e-02
2.144627128705551070e-02
2.139242331513038081e-02
2.137236979958999708e-02
2.137984833082870462e-02
2.140666244942963578e-02
2.144311057139023508e-02
2.147846870174082573e-02
2.150150257638051496e-02
2.150098451069873753e-02
2.146619120781616263e-02
2.138736094615221323e-02
2.125609171272548406e-02
2.106566573022506869e-02
2.082908556892723931e-02
2.052722185847345726e-02
2.015764982156744919e-02
1.972158575326068281e-02
1.922226558257893528e-02
1.866477453136269546e-02
1.805581544975476405e-02
1.740342917969489589e-02
1.723505482780821746e-02
1.725248280631158301e-02
1.722046587393214964e-02
1.713995073789984641e-02
1.701293297233902671e-02
1.684235255945221860e-02
1.664312549192330584e-02
1.640822943539710019e-02
1.614200862887549964e-02
1.584975633891940600e-02
1.553702730588479158e-02
1.520949187705279877e-02
1.487279774827096092e-02
1.453244238555939996e-02
1.432378687277072703e-02
1.414827994085202968e-02
1.394724967990543588e-02
1.372923709361738992e-02
1.350281314542639381e-02
1.327541174035760593e-02
1.305315771144775587e-02
1.284076360312117783e-02
1.264149232117425109e-02
1.245718036749784291e-02
1.228831452508952031e-02
1.213415353278083329e-02
1.199288546659176349e-02
1.186181119934999299e-02
1.173754439076818944e-02
1.161621890604465357e-02
1.149369530607094285e-02
1.136575902538614243e-02
1.131728690631802342e-02
1.133161567173178973e-02
1.135142395333161962e-02
1.137413034484284491e-02
1.139725013481805022e-02
1.141843117563623097e-02
1.143548428623898314e-02
1.144640815331703781e-02
1.144940880890917174e-02
1.144291386353490925e-02
1.142558175578609059e-02
1.139630634791086519e-02
1.135421724961120822e-02
1.129916663726002017e-02
1.123416532617566889e-02
1.115512072812547759e-02
1.106199945883598428e-02
1.095495865254148687e-02
1.083433035723116965e-02
1.070060468289328083e-02
1.055441209619234315e-02
1.039650522673023214e-02
1.022774051623699665e-02
1.004906000796685489e-02
9.861473538052199089e-03
9.666041554149910203e-03
9.463858751856141921e-03
9.294846253282380150e-03
9.241580316528283726e-03
9.162400204567790890e-03
9.058878337065430497e-03
8.932796351000374391e-03
8.811235227442038020e-03
8.802156968860769606e-03
8.783830536660560892e-03
8.756572883721525438e-03
8.720753342910666367e-03
8.676786288045195902e-03
8.625123972011037796e-03
8.566249606972683658e-03
8.500670741468509956e-03
8.429105532749473981e-03
8.354400946629720465e-03
8.274467310526582506e-03
8.189847044661899278e-03
8.101080645723790497e-03
8.008702421496894167e-03
7.913236664093733705e-03
7.815194255766828857e-03
7.715069700274125759e-03
7.613338566229498061e-03
7.510455326892091603e-03
7.406851578131356043e-03
7.302934613919833881e-03
7.199086337258226928e-03
7.095662483135537629e-03
7.002808305212489953e-03
6.911751399590188027e-03
6.821394749393937251e-03
6.731938541895247236e-03
6.643566338130638994e-03
6.556445283060443295e-03
6.470726409080190290e-03
6.386545021570059523e-03
6.304021154569305202e-03
6.223260087219976457e-03
6.144352910432661179e-03
6.067377134540881574e-03
5.992397330315485035e-03
5.919465794019870310e-03
5.848623230935268147e-03
5.779899449387622401e-03
5.713314060253943047e-03
5.648877176115636028e-03
5.586590105543619636e-03
5.526446037886306034e-03
5.468430715670972823e-03
5.412523090275390275e-03
5.358695959209095958e-03
5.306916581998634246e-03
5.257147272821389820e-03
5.209345968899797841e-03
5.163466772577203837e-03
5.119460466908369763e-03
5.077275003739513924e-03
5.036855963990397728e-03
4.998146990300691463e-03
4.961090191513800075e-03
4.925626519676280096e-03
4.891696120177065413e-03
4.859238654666838200e-03
4.828193598548570671e-03
4.798500512856082936e-03
4.770099291986778373e-03
4.742930387789477849e-03
4.716935011256841170e-03
4.692055312612534480e-03
4.668234540927257252e-03
4.645417184373886593e-03
4.623549092108897134e-03
4.602577578573986521e-03
4.583434269451075981e-03
4.581676149491577775e-03
4.579212053355689697e-03
4.575956031069689303e-03
4.571825488343133140e-03
4.566741815578909992e-03
4.560630927558689124e-03
4.553423716725740408e-03
4.545056424626663268e-03
4.535470935883017564e-03
4.524614999162572711e-03
4.512442380621283812e-03
4.498912954519900496e-03
4.483992736712864337e-03
4.467653866103913664e-03
4.449874538873544241e-03
4.430638901667446200e-03
4.409936907358476266e-03
4.387764139401240278e-03
4.364121608514453556e-03
4.339015526573636143e-03
4.312457061888979627e-03
4.284462078951644867e-03
4.261056701348378724e-03
4.265184971166098918e-03
4.269076135872874704e-03
4.272549416672295243e-03
4.275583537159244503e-03
4.278159039437645118e-03
4.280258229770393143e-03
4.281865119341785736e-03
4.282965361064099315e-03
4.283546183096685438e-03
4.283596320468402441e-03
4.283105944436619780e-03
4.282066591521406680e-03
4.280471091951971313e-03
4.278313498330752265e-03
4.275589015091762687e-03
4.272293928986794533e-03
4.268425541209064714e-03
4.263982101328518855e-03
4.258962743181387775e-03
