1.362356924392190416e-01
1.356785423950752911e-01
1.360103857853598164e-01
1.361739138701604512e-01
1.385207682424431375e-01
1.417058449658168962e-01
1.470865101059545821e-01
1.622871117128044938e-01
2.022037984457385751e-01
2.046944947929648650e-01
1.946002126115493891e-01
2.720998718760649915e-01
3.243053429360045481e-01
2.838855910514676006e-01
4.866504131217052054e-01
3.793059809077586886e-01
2.992817913843339173e-01
3.578913613548959094e-01
3.555428960200145982e-01
3.670750837987918347e-01
3.709977057508442866e-01
4.548688316005771726e-01
4.643424347715766065e-01
5.553196645907423346e-01
6.041697701286593558e-01
5.550386040968774415e-01
5.319552546203056842e-01
5.225656110336355242e-01
4.965550362306676568e-01
4.032167783458783794e-01
3.475940759866558705e-01
3.424697003100767856e-01
3.604999440191132831e-01
3.485504607658036491e-01
3.416978469508344940e-01
3.391459309511847264e-01
3.083608822504217972e-01
2.696286468843855921e-01
3.294123595478541389e-01
3.835307937172499626e-01
3.784229219315206061e-01
3.441496847941510340e-01
3.305364334421731498e-01
3.898323675564859814e-01
3.960258319387988668e-01
4.184825964722889702e-01
4.269177514060153444e-01
4.482478324360750221e-01
4.539140690175568205e-01
4.430515885952209798e-01
4.395448809936502998e-01
4.171026139725246829e-01
4.128814708085039031e-01
4.701153573295832611e-01
4.221488894269208036e-01
4.533699113554672810e-01
5.240520318885597550e-01
6.429812153148305454e-01
5.862772873234552984e-01
4.670157888270007329e-01
4.438076643496340901e-01
4.776673543374134190e-01
4.961109676023641168e-01
5.012131286305486766e-01
4.961528481544199565e-01
4.889323203928016004e-01
4.886374844882316326e-01
5.034071138907826315e-01
5.325078653238614068e-01
5.721881604935391552e-01
6.139268101252250975e-01
6.503397038187163082e-01
6.756597389564459322e-01
7.825259948110707686e-01
8.712137726042612496e-01
8.558243048392094598e-01
8.656184899955599032e-01
8.277039631456927227e-01
8.843794608778792199e-01
9.962856295826643116e-01
1.129714846860979893e+00
1.202033920165544334e+00
1.224774849840304825e+00
1.207470862052376637e+00
1.196104451201226215e+00
1.074959263059917847e+00
8.672546291055115431e-01
7.084196776134764617e-01
6.692939722049424667e-01
6.670911912382514464e-01
6.356599148331277815e-01
5.940668912669584412e-01
5.676542616423216892e-01
5.303178014307895483e-01
4.822732130999854427e-01
5.034171326883356556e-01
4.995246186784380038e-01
4.732976707894590573e-01
4.988856425964457997e-01
5.142081195570741281e-01
5.022721356558791372e-01
4.761322579502717534e-01
4.462634523406088793e-01
4.181203677179441969e-01
4.141213691846460376e-01
4.143675436337257989e-01
4.135691317174909343e-01
3.998043156819562349e-01
3.860366088814545238e-01
3.692010935888542789e-01
3.503456835144068138e-01
3.319413682728932224e-01
3.129087613011754532e-01
3.011247001756311992e-01
2.960777951534219188e-01
2.990954675458771805e-01
2.881937820710749332e-01
2.867905615395586749e-01
2.693376752904281801e-01
2.477157360934925390e-01
2.358065611217266822e-01
2.338301743977678204e-01
2.403566647562122016e-01
2.436547700252459647e-01
2.551535261406436272e-01
2.560001225309185280e-01
2.427787846302644770e-01
2.172826836312952148e-01
2.018448133691962965e-01
1.938176995504947986e-01
1.802042700453930224e-01
1.705211023572213713e-01
1.637564697963133364e-01
1.552936974030657002e-01
1.460203864766059789e-01
1.365048662310899830e-01
1.271454258999036024e-01
1.207490653389582252e-01
1.171798430086170434e-01
1.141574089449102769e-01
1.114815106957924018e-01
1.103722752041881028e-01
1.100324218381878300e-01
1.062718095893356585e-01
1.056469276369076948e-01
1.054682459314564696e-01
1.050167641633992927e-01
1.042148869363536956e-01
1.029187345312455176e-01
1.014972199691368537e-01
1.043955213678818272e-01
1.056088313192621725e-01
1.049901918163944209e-01
1.045591686547958921e-01
1.018194584293633520e-01
1.053003863751654501e-01
1.070532460036115741e-01
1.070545180988328321e-01
1.054325626755697742e-01
1.024278738437129771e-01
9.835948044744008412e-02
9.358691282925561683e-02
8.850673955934200421e-02
8.353188958399172803e-02
7.891934164165038956e-02
7.489718845591020191e-02
7.162334774734670229e-02
6.908002589217562828e-02
6.714713637328553753e-02
6.563507797820791745e-02
6.430039968957070029e-02
6.296379129940772590e-02
6.132079324824838557e-02
6.155143940896316834e-02
6.163498168926327681e-02
6.134057813180355395e-02
6.054087054839046161e-02
5.917106538693137074e-02
5.719638540789493547e-02
5.863440056100966552e-02
5.992636530064637118e-02
6.071660021263604323e-02
6.098179567541094775e-02
6.067601227468435998e-02
5.978123542611621377e-02
5.829529364643919881e-02
5.623264437774610353e-02
5.362496424547229246e-02
5.054126472062305669e-02
4.833983890316459475e-02
4.779473222118382075e-02
4.834916713896644097e-02
4.870987428174715361e-02
4.885654399865981684e-02
4.881354510983370448e-02
4.857416123135781250e-02
4.815553718467761174e-02
4.756587248447467775e-02
4.681417936961874970e-02
4.592241482037838496e-02
4.488987576528427614e-02
4.375330109945240603e-02
4.249838594877194259e-02
4.117783400598986482e-02
3.977627375641028251e-02
3.831660502304499311e-02
3.682679348816637888e-02
3.778039591749226406e-02
3.954852086370812952e-02
4.093984631701760163e-02
4.194798543219267761e-02
4.251685434723227047e-02
4.264664707603987859e-02
4.239245280928737730e-02
4.175487467024297655e-02
4.079585186025438959e-02
3.958605272148563864e-02
3.817765221885183191e-02
3.664590487360212812e-02
3.507337933128595181e-02
3.350838220357333502e-02
3.201465589447362314e-02
3.064424111057745953e-02
2.943606761897629709e-02
2.841547222883781393e-02
2.759454135562768723e-02
2.697314237357574529e-02
2.654048823104742522e-02
2.627707243080912303e-02
2.615681479738621654e-02
2.614927046231482408e-02
2.622177303310838092e-02
2.634140579590151660e-02
2.647672000128914807e-02
2.659914498573925576e-02
2.668405956949040231e-02
2.671151664655608757e-02
2.666663228994176418e-02
2.653966648497873768e-02
2.633301747409840313e-02
2.604933217284685631e-02
2.568190114668721102e-02
2.523730307217579572e-02
2.472468943558341764e-02
2.416601127198349241e-02
2.356437559139775914e-02
2.292832282217286549e-02
2.226979118109535805e-02
2.254244098170518282e-02
2.277927960631990004e-02
2.293245583793715459e-02
2.300412143090779793e-02
2.299671576908332918e-02
2.294038551993994937e-02
2.282437776167203780e-02
2.265669830016061800e-02
2.246199444873049969e-02
2.222758997585108295e-02
2.195680269218190650e-02
2.165928888836816252e-02
2.133633344046300534e-02
2.097898245747510659e-02
2.076680510446023836e-02
2.070108519701999508e-02
2.063346654349266021e-02
2.056084208118684475e-02
2.047958011826750066e-02
2.038724025727718311e-02
2.028632405718927903e-02
2.016479626251455395e-02
2.001867194477139483e-02
1.984428405815138324e-02
1.963841945283315016e-02
1.940456953020246525e-02
1.913937922956716539e-02
1.883662837504322327e-02
1.849571349057224298e-02
1.811681316657268170e-02
1.770772192907073272e-02
1.726591040187880344e-02
1.679049164521018156e-02
1.628444584150842700e-02
1.580651616971360737e-02
1.551886323098135290e-02
1.520706793330045721e-02
1.507812051931615993e-02
1.509830702593843547e-02
1.509812540553269120e-02
1.507718016316930872e-02
1.503530949897459619e-02
1.497257697980981447e-02
1.489025997387251679e-02
1.479282312310075710e-02
1.467579755241242047e-02
1.453998420359044197e-02
1.438634031554155736e-02
1.421596147727301196e-02
1.403006311906650379e-02
1.382996172410254875e-02
1.362067804899325801e-02
1.360527524276784229e-02
1.358614010782973995e-02
1.354353507139922572e-02
1.347851903677428978e-02
1.339232420977312828e-02
1.329141955201274330e-02
1.317298445263242329e-02
1.303756687999343793e-02
1.288683487561947082e-02
1.272733046732666025e-02
1.262099709196855095e-02
1.247980055532972761e-02
1.230711309492240647e-02
1.210661512156468479e-02
1.188219071323643947e-02
1.164122437519219018e-02
1.138562612562143625e-02
1.113241502528129583e-02
1.092531873924671056e-02
1.072056274050821149e-02
1.051935962724807015e-02
1.032280823645935833e-02
1.013188946305992183e-02
1.011439241890911556e-02
1.008987766215068207e-02
1.005597790655264091e-02
1.001172190959313119e-02
9.958964973805769366e-03
9.899519733471629640e-03
9.835125189588589736e-03
9.767419608518096430e-03
9.697917447262192903e-03
9.627990382045332335e-03
9.558852435746960710e-03
9.491549127254356524e-03
9.426950503137862883e-03
9.365747853608077239e-03
9.308453871422829248e-03
9.255405971290089559e-03
9.206772460661925492e-03
9.162561228519786050e-03
9.122630608418271989e-03
9.087286801451913490e-03
9.056053110165645376e-03
9.027947461040431235e-03
9.002381772307378044e-03
8.978691051290876510e-03
8.956150029927998843e-03
8.933989735223496487e-03
8.911413738419566785e-03
8.887613854859286594e-03
8.861785091767489936e-03
8.833139670217990749e-03
8.800919975852101312e-03
8.764410320086511372e-03
8.722947420761878456e-03
8.675929538170725625e-03
8.622824225246116317e-03
8.563174676096806798e-03
8.497376241148659262e-03
8.425727218959708914e-03
8.346646753136743174e-03
8.260003552223173576e-03
8.165753430998274817e-03
8.063938111186396557e-03
7.954682971631715435e-03
7.838193844077537276e-03
7.714752953347297874e-03
7.584714107096211452e-03
7.618278249164955190e-03
7.678465888642234220e-03
7.736869730985794849e-03
7.792965942632602838e-03
7.846253174252039095e-03
7.896256086158414539e-03
7.942528469922825393e-03
7.984655963836977469e-03
8.022258361163396925e-03
8.054991515817046255e-03
8.082548854194735941e-03
8.104662501980263237e-03
8.121104041210738464e-03
8.131939951922947940e-03
8.138169136653439217e-03
8.138302001202836478e-03
8.132260873694199116e-03
8.120006487112823093e-03
8.101536958125033633e-03
8.076886535562530223e-03
8.046124141758939641e-03
8.009351730439180986e-03
7.966702484986239521e-03
7.918338880067266050e-03
7.864450629744695886e-03
7.805252543607129299e-03
7.740982312838790014e-03
7.671898246245398983e-03
7.598600797800882274e-03
7.522137445110172599e-03
7.441667829242651008e-03
