2.894758068225635750e-01
2.899844710273039583e-01
2.900914813773378120e-01
2.900315037603856672e-01
2.940700964851101773e-01
2.967198786440757852e-01
3.021703299312690216e-01
3.160978900729643493e-01
3.384591145530110312e-01
3.281824041699804018e-01
3.917502659280874266e-01
5.130097328579357185e-01
5.077005021620646374e-01
6.046757765534748197e-01
4.348006985964312232e-01
6.001744332465319687e-01
8.107290824094953718e-01
6.276498160969262718e-01
7.440630266457572972e-01
9.961931039420077738e-01
1.034079863899146190e+00
8.886976169589171359e-01
1.048173753841100897e+00
9.482819444652101915e-01
9.733453130076982207e-01
1.204532920705541743e+00
1.162006780579825982e+00
1.068160582216234999e+00
6.888695696320965567e-01
5.844573567971085293e-01
5.524793897258305497e-01
5.859869751511599389e-01
6.228696608090198428e-01
8.095289926802733405e-01
8.469688602576296299e-01
8.756637907772021334e-01
7.577420151818651251e-01
7.867186944981544583e-01
7.776273458890676782e-01
8.422212427951835112e-01
8.684805089550207136e-01
9.064897285546443806e-01
9.834558912366404559e-01
9.584048751980992487e-01
1.078587113610353532e+00
1.076337479527132546e+00
1.069455560662492255e+00
1.103110710462811062e+00
1.125682346088262786e+00
1.037818022209902269e+00
1.149369775057919707e+00
1.213940166428542966e+00
1.220526390367013825e+00
1.188866461161219412e+00
1.481936859267882323e+00
1.773778455722420100e+00
1.891811213202767350e+00
1.817361030363220831e+00
1.765170797924974888e+00
1.660069189400103173e+00
1.690405045574536080e+00
1.852359086725641868e+00
1.798214087836150554e+00
1.933075338849243652e+00
1.959085891314006789e+00
2.030146825719976622e+00
1.972986342719188491e+00
1.837695649820499932e+00
1.661362168621629554e+00
1.633166624285459667e+00
1.649640492901892186e+00
1.695283863266506375e+00
1.861259289086622193e+00
1.961372555223324987e+00
1.778711039683535056e+00
1.513395726818377751e+00
1.244977342760767103e+00
1.024083239156728498e+00
8.653202662203178797e-01
7.749388241934278554e-01
7.221335080956537977e-01
6.941225224377116643e-01
6.909385332687194570e-01
6.878884876128774639e-01
6.653511628632546859e-01
6.286214523530728737e-01
5.854572773884649806e-01
5.525619574433795478e-01
5.253517062421737549e-01
5.302498436383525915e-01
5.251827397309964951e-01
5.003407883201687056e-01
4.929220614993628513e-01
4.739932892709384782e-01
4.568321408668858941e-01
4.262741151322810285e-01
3.838057968814624354e-01
3.427700900281456797e-01
3.035761629435000386e-01
2.658959286105224695e-01
2.538374396328494376e-01
2.564395947499403250e-01
2.544887301005662184e-01
2.687634876840506171e-01
2.905203603576057558e-01
3.116025750003660888e-01
3.216810721469954282e-01
3.179581599168408435e-01
3.090895493827273688e-01
3.106320364165177650e-01
2.993961708139202260e-01
2.765697469203364234e-01
2.593956468057715403e-01
2.341988516743296334e-01
2.287868281228755685e-01
2.260204532065049066e-01
2.207800078803018595e-01
2.133261923861603515e-01
2.039228024267484840e-01
1.928401863737874700e-01
1.803604052340743447e-01
1.667755530372408979e-01
1.626922781738248114e-01
1.713427470113725315e-01
1.743589372124811354e-01
1.717167580418451911e-01
1.640104616773508106e-01
1.550411641925283635e-01
1.558058418906845544e-01
1.665261987832161450e-01
1.688936391426798522e-01
1.626470937918732262e-01
1.493995730974681246e-01
1.470380976155857000e-01
1.480272410121641069e-01
1.456287402688211385e-01
1.398091106671652262e-01
1.316329388548265755e-01
1.227946897086720363e-01
1.179776167265304820e-01
1.170522004531980298e-01
1.185166376152891748e-01
1.187105629712449234e-01
1.171696272643389519e-01
1.135470433557574654e-01
1.112954583102794964e-01
1.095204327422702878e-01
1.070603484030962643e-01
1.044127836653876568e-01
1.007334396675411692e-01
9.590960672648066176e-02
9.381938744647308481e-02
9.571031134801129270e-02
9.682004260476875790e-02
9.704114493232242344e-02
9.631287998534690531e-02
9.478629445888042682e-02
9.237237805267113633e-02
8.912435735550178206e-02
8.521496877249043478e-02
8.064615978019250286e-02
7.548817690904795208e-02
7.044757984125450678e-02
6.825367656430229857e-02
6.944774563039544935e-02
7.300286130320578215e-02
7.540413691563305210e-02
7.653906096470081133e-02
7.634178801511513901e-02
7.751402000717545759e-02
7.788069812142209281e-02
7.931847160892177562e-02
7.902049084436685300e-02
8.010689591208562665e-02
8.168605669954215331e-02
8.485932245731041268e-02
8.604250458831164128e-02
8.533512956935335181e-02
8.294999451487328201e-02
7.918215766188434201e-02
7.446376425717045333e-02
6.914241664273831911e-02
6.367790859093472311e-02
5.840607118544543369e-02
5.366815797825923162e-02
5.346334193019774278e-02
5.391849546862893111e-02
5.410820155494150407e-02
5.403455491951528883e-02
5.372616837832848435e-02
5.321309781213194590e-02
5.252599478236789909e-02
5.172689240275143985e-02
5.082621155875227670e-02
4.983439774317021537e-02
4.877819507692407464e-02
4.817753947486462518e-02
4.840880779966621333e-02
4.833921116545267932e-02
4.798697658368742541e-02
4.742144037776719473e-02
4.663589843309992600e-02
4.567367238723212680e-02
4.457713956819593648e-02
4.338367980920647404e-02
4.215634639914055126e-02
4.087925398023155993e-02
3.956493320696587157e-02
3.821822471875669508e-02
3.683793244639077535e-02
3.639333988040032580e-02
3.609148938526544892e-02
3.645086445716522183e-02
3.691939396707670518e-02
3.732360064611124628e-02
3.764559029834398107e-02
3.786531965891750534e-02
3.798560839072750300e-02
3.798046898987793296e-02
3.781694643369341857e-02
3.748132459412333028e-02
3.698204551686552766e-02
3.632307252420725191e-02
3.548076662431870476e-02
3.524550196198873719e-02
3.521662253879465077e-02
3.517063253579178622e-02
3.510485483441697779e-02
3.501708064838002232e-02
3.490555434813549796e-02
3.477480875070631389e-02
3.462412342633864465e-02
3.444704163124526902e-02
3.424330211300638527e-02
3.401297192975202832e-02
3.375641570011544274e-02
3.347426434094926545e-02
3.316738378459934550e-02
3.283684410180707364e-02
3.248388939485987587e-02
3.210990876565450458e-02
3.171640860839940179e-02
3.130498642686604244e-02
3.087730632709381751e-02
3.043507629639423742e-02
2.998002734039862185e-02
2.951389451543092943e-02
2.903839986585856139e-02
2.855523724857014084e-02
2.806605900569554557e-02
2.757496757475234525e-02
2.708482560410425261e-02
2.659271209187507451e-02
2.610002876275857586e-02
2.560809668915612139e-02
2.511815208928013660e-02
2.463134336637354607e-02
2.414872928201538052e-02
2.367127815648163366e-02
2.319986798998087060e-02
2.342520898368447013e-02
2.359173989895720774e-02
2.367684750282063322e-02
2.368772377948313856e-02
2.361521917713178126e-02
2.346293669132274579e-02
2.323544687600892847e-02
2.293810968350034479e-02
2.257690148266650390e-02
2.216923866787407632e-02
2.171353548751769891e-02
2.121279634607927539e-02
2.067388162823154477e-02
2.010359288783855267e-02
1.950857485077077749e-02
1.889523253370776340e-02
1.826966309085953366e-02
1.768064722692409135e-02
1.759294211703060773e-02
1.750142128288426427e-02
1.740849144488237563e-02
1.731383582210133457e-02
1.721637633155604502e-02
1.711645870932913469e-02
1.701440922668949474e-02
1.691053459250807869e-02
1.680512199873047258e-02
1.669843929437171692e-02
1.659073527283095803e-02
1.648224005875440976e-02
1.637316558134040145e-02
1.626370612127450363e-02
1.615403891997905031e-02
1.604432484024819611e-02
1.593470906800111345e-02
1.582532184639215411e-02
1.571627923310769601e-02
1.560768387381088716e-02
1.549962578397199794e-02
1.539218313368838353e-02
1.528542302895014547e-02
1.517940228484478474e-02
1.507416818620410832e-02
1.496975923192579890e-02
1.486620585922741877e-02
1.476353114582172263e-02
1.466175148682598989e-02
1.456087724506987396e-02
1.446091337290524373e-02
1.436186000466150789e-02
1.426371301869328381e-02
1.416646456835882022e-02
1.407010358206455501e-02
1.397461623208524732e-02
1.387998637212639087e-02
1.378619594439850320e-02
1.369322535659429733e-02
1.360105382914419091e-02
1.350965971422977453e-02
1.341902078655470010e-02
1.332911450773329072e-02
1.323991826471155632e-02
1.315140958366416493e-02
1.306356632047113442e-02
1.297636682878297934e-02
1.288979010711094331e-02
1.280460621756870573e-02
1.272008962876250079e-02
1.263611520751722200e-02
1.255266613736098769e-02
1.246972666513805096e-02
1.238728215084624815e-02
1.230531910426061262e-02
1.222382520964177509e-02
1.214278933932401612e-02
1.206220155768640383e-02
1.198205311566719923e-02
1.190233643748639727e-02
1.182304510007258121e-02
1.174417380589892930e-02
1.166571835043765833e-02
1.158767558458118942e-02
1.151004337285720450e-02
1.143282054811341902e-02
1.135600686315801217e-02
1.127960294031631235e-02
1.120361021863199372e-02
1.112803089998675582e-02
1.105286789435015217e-02
1.097812476420107798e-02
1.090380566888975340e-02
1.082991530938155755e-02
1.075645887295393309e-02
1.068344197926838351e-02
1.061087062684328008e-02
1.053875114099217178e-02
1.046709012316752833e-02
1.039589440174475479e-02
1.032517098437923421e-02
1.025492701260347778e-02
1.018516971750524705e-02
1.011590637834083525e-02
1.004714428244883953e-02
9.978890687646920984e-03
9.911152786333596656e-03
9.843937672453966295e-03
9.777252309664422741e-03
9.711103502254387829e-03
9.645497868144564321e-03
9.580441813739510107e-03
9.515941510912688875e-03
9.452002876088992298e-03
9.388631551372277409e-03
9.325832887295106358e-03
9.263611927630147763e-03
9.201973396246829195e-03
9.140921685176611397e-03
9.080460844712041901e-03
9.020594575216846212e-03
8.961326220066831438e-03
8.902658760484556330e-03
8.844594811449675575e-03
8.787136619196453738e-03
8.730286059765437687e-03
8.674044638765436924e-03
8.618413492484456109e-03
8.563393389613430801e-03
8.508984734345245021e-03
8.455187570186881510e-03
8.402001584586506894e-03
8.349426114377269878e-03
8.297460152109591841e-03
8.246102352529040627e-03
8.195351040381767399e-03
8.145204218078946901e-03
8.095659574147132456e-03
8.046714492132284527e-03
7.998366059876978185e-03
7.950611078881833146e-03
7.903446074303665386e-03
