2.303034246400060825e-01
2.315666055349581698e-01
2.321249248563766465e-01
2.362035465774873499e-01
2.377144436483093204e-01
2.415429397161388547e-01
2.471294903635575801e-01
2.663043751695454153e-01
2.756126715797255211e-01
3.139304381872973226e-01
3.591821752310467297e-01
5.907502749114483809e-01
6.042386976076007388e-01
5.190462114824415663e-01
4.897059901887118039e-01
6.233961250217724404e-01
6.641463649940746450e-01
7.107582826469650561e-01
6.059956243110249385e-01
8.724459931797932111e-01
9.460704186662161064e-01
1.289891239233077691e+00
1.072899723719825449e+00
1.159340484502708879e+00
1.000631143834098014e+00
1.040913986479061082e+00
1.051858525090787699e+00
1.196511817730389282e+00
1.148489636118207313e+00
7.216132705806580505e-01
4.878444735834784329e-01
4.087341701176304132e-01
4.160207656980248192e-01
4.773645903851085337e-01
4.979136077882875266e-01
4.787058143827804813e-01
5.224920588698906965e-01
5.474094492182830507e-01
5.650627589662042816e-01
6.812833062257112049e-01
6.520565675783066562e-01
6.703748969752486575e-01
6.614066927525499295e-01
7.056517934084394206e-01
8.806731595968323445e-01
8.672743309584816096e-01
6.880499197373625142e-01
6.961744447174449402e-01
8.118698498581810030e-01
9.087470632081080524e-01
9.702890794286058718e-01
9.916581644566223597e-01
9.542643863221584866e-01
8.917162705354799712e-01
8.622977250664324300e-01
8.484628588611846656e-01
8.441259880559853768e-01
1.084657040662028393e+00
1.218464940519099482e+00
1.264992208119649186e+00
1.256064593882889602e+00
1.295657278307687177e+00
1.383964986351418069e+00
1.346578313850193442e+00
1.357239318343436807e+00
1.367748784097186920e+00
1.469109778666241262e+00
1.546077911144754236e+00
1.624636968138757798e+00
1.630974551256590965e+00
1.502492385955987997e+00
1.360010910595569555e+00
1.399259337362681599e+00
1.421765629434254441e+00
1.421345133744837508e+00
1.394372024313070613e+00
1.356014376428202217e+00
1.319206106916349208e+00
1.331585279365987473e+00
1.348284323442292099e+00
1.251451757303573942e+00
1.141791701959401717e+00
1.029155692884828222e+00
9.112714036064206713e-01
7.999726215093998505e-01
6.955845020214718177e-01
6.113496306314140094e-01
5.535583948834946755e-01
5.183416371299564007e-01
4.956003933006059570e-01
4.742876666686798304e-01
4.477433346876243947e-01
4.147285872766860448e-01
3.774562307365020852e-01
3.419097925430608087e-01
3.140055194953242923e-01
2.973894089967362708e-01
2.930431562019514269e-01
2.977598989973480603e-01
3.065142569930822125e-01
3.144345728452550004e-01
3.180653158539592518e-01
3.157376097232625911e-01
3.074041193773328073e-01
2.938028006777674839e-01
2.773035603780958924e-01
2.596194127159854315e-01
2.433430833399577720e-01
2.300028937593931178e-01
2.204667119775439443e-01
2.187474914692627836e-01
2.204348946584019087e-01
2.227178932901263952e-01
2.244828131079927569e-01
2.242820536541551835e-01
2.207964136540075673e-01
2.135627815097252968e-01
2.128603339067155209e-01
2.148793525389546821e-01
2.167045854561179263e-01
2.125229324371915585e-01
2.030103668616528023e-01
1.897432682485987177e-01
1.864497774974814004e-01
1.845568103059744558e-01
1.800124986627384682e-01
1.738800766806816445e-01
1.670753983976108470e-01
1.605047685521257261e-01
1.546124960825873973e-01
1.497986850507764256e-01
1.459903165249776535e-01
1.432601457287395186e-01
1.412118917284579389e-01
1.394954374097642780e-01
1.378561901002768875e-01
1.357953152994933466e-01
1.330120151612665114e-01
1.293243223239793072e-01
1.244200981274278944e-01
1.242578447184149171e-01
1.267938140850076723e-01
1.281989663444554894e-01
1.283242765984427269e-01
1.270732438554929566e-01
1.244131387104181058e-01
1.203833326826934530e-01
1.150969263526290393e-01
1.087339874718842997e-01
1.015288746727433383e-01
9.375312299173331476e-02
8.978550264446415186e-02
8.938329816858391064e-02
8.827440456584849382e-02
8.657684100913319580e-02
8.427035974736322987e-02
8.140681000058958006e-02
7.805931968973969792e-02
7.720505710245587072e-02
7.840994465186626461e-02
7.916213259888300879e-02
7.943204087948843584e-02
7.927562159193544955e-02
7.864884542208196161e-02
7.762625184688823343e-02
7.618473845292209057e-02
7.439892881972418048e-02
7.225339582597591070e-02
6.984727549931932233e-02
6.713422706290216035e-02
6.811203768069259978e-02
7.059735307668890680e-02
7.260861584720516848e-02
7.404154959966392779e-02
7.491197667595946019e-02
7.517475653247075729e-02
7.481679783538384976e-02
7.385887866929713441e-02
7.233956054414054926e-02
7.032870508018042310e-02
6.783886322382864931e-02
6.492514869267937416e-02
6.336930982182464867e-02
6.327327776986246821e-02
6.279834785717708368e-02
6.203719778384923778e-02
6.095977836147176837e-02
5.963247963316487682e-02
5.806123756117756440e-02
5.628917181785730167e-02
5.434625484973900494e-02
5.265780327774892411e-02
5.156552184888658213e-02
5.034355273681797444e-02
4.900839396120491853e-02
4.759060051030078453e-02
4.612103585266312533e-02
4.457934428202087879e-02
4.340210025431369412e-02
4.204316418269061356e-02
4.203803924493549476e-02
4.260590103008372875e-02
4.309252854428811258e-02
4.348029287078072902e-02
4.377065902631178951e-02
4.396549950901434273e-02
4.406705204003188991e-02
4.407788434644360764e-02
4.401772399564778115e-02
4.389003635853414020e-02
4.368024958973415472e-02
4.339183852363208416e-02
4.302850446126300910e-02
4.259415563896122581e-02
4.210422451273589106e-02
4.156987365775905580e-02
4.097579461516837745e-02
4.032644183805938337e-02
3.962638272582715004e-02
3.888027330909650525e-02
3.809293785270941035e-02
3.729083803766432975e-02
3.645516659349442440e-02
3.559066687838013249e-02
3.470205229613435027e-02
3.379398033487186065e-02
3.287102735110377510e-02
3.193766437322453910e-02
3.099823418269800901e-02
3.005896560685921565e-02
2.912807795905035871e-02
2.820161383034750641e-02
2.733953244447030403e-02
2.773839312290429446e-02
2.805466871162950321e-02
2.828323144642258535e-02
2.842061713095471454e-02
2.846496788871264588e-02
2.843482285049241109e-02
2.831736981871517053e-02
2.810967417141955332e-02
2.781506537953114602e-02
2.743794557370733689e-02
2.699844926205813636e-02
2.649392799480837155e-02
2.592370221855419890e-02
2.529489879467620647e-02
2.461503041801242977e-02
2.389186077990608850e-02
2.342787156094900194e-02
2.306316441457945815e-02
2.268291843988430589e-02
2.256155430256563676e-02
2.283445386955846451e-02
2.303521871655186265e-02
2.316504067709315717e-02
2.323281304552582069e-02
2.324472357583989846e-02
2.319335785033975819e-02
2.308251361262926224e-02
2.291645814149097238e-02
2.270768479720772573e-02
2.245974480585036237e-02
2.217031748293649129e-02
2.184459527863883213e-02
2.148782664431396483e-02
2.110524433084735169e-02
2.070977420660354354e-02
2.029958677531689890e-02
1.987749362743051681e-02
1.944810626128777586e-02
1.901577280280591573e-02
1.858454611839048531e-02
1.815815857534483838e-02
1.774000315778108058e-02
1.733312058674793543e-02
1.694019203883980612e-02
1.656353702161781141e-02
1.620511593426662150e-02
1.586653682559926656e-02
1.567226589273649703e-02
1.557429358594686862e-02
1.546810546919836701e-02
1.535424921713056910e-02
1.523326964860903174e-02
1.510570657153951710e-02
1.497209281557513975e-02
1.483295244750022432e-02
1.468879916416875216e-02
1.454013485629683869e-02
1.438812748973045640e-02
1.443464878098925201e-02
1.447522281387435099e-02
1.450974566752274118e-02
1.453814868830828437e-02
1.456039618994325706e-02
1.457648316851317336e-02
1.458643304405737688e-02
1.459029543886685223e-02
1.458814400180261095e-02
1.458007428632255437e-02
1.456620168965848047e-02
1.454665945842815653e-02
1.452159676619416660e-02
1.449117686686948389e-02
1.445557532709469163e-02
1.441497834043221037e-02
1.436986929946674346e-02
1.432178797870290940e-02
1.426928665188325132e-02
1.421257449560079343e-02
1.415186460219606743e-02
1.408737278283381938e-02
1.401931645274849883e-02
1.394791359756119599e-02
1.387338181827139048e-02
1.379593745374048733e-02
1.371579477784241365e-02
1.363316526898068759e-02
1.354825694941276526e-02
1.346127379173124236e-02
1.337241518959692357e-02
1.328187548976743869e-02
1.318984358252051590e-02
1.309650254754784679e-02
1.300202935219032380e-02
1.290659459915400979e-02
1.281036232065966250e-02
1.271348981607498332e-02
1.261612753023732061e-02
1.251841896953902883e-02
1.242050065306701638e-02
1.232250209612520929e-02
1.222454582358195596e-02
1.212674741029535347e-02
1.202921554664971096e-02
1.193205212628149596e-02
1.183535235450021081e-02
1.173920487450145524e-02
1.164369190999166477e-02
1.154888942200849207e-02
1.145486727807028607e-02
1.136168943225547394e-02
1.126941411415231797e-02
1.117809402559081025e-02
1.108777654348259284e-02
1.099850392746403067e-02
1.091031353141967176e-02
1.082323801716630375e-02
1.073730556990658627e-02
1.065254011384378884e-02
1.056896152769213129e-02
1.048658585885774673e-02
1.040542553545670615e-02
1.032548957611718367e-02
1.024678379623387980e-02
1.016931101058491001e-02
1.009307123170350567e-02
1.001806186355844348e-02
9.944277890424251323e-03
9.871712060030500904e-03
9.800355061470429618e-03
9.730195697215785616e-03
9.661221048844927453e-03
9.593416637083173118e-03
9.526766575219745847e-03
9.461253716351883392e-03
9.396859794163688398e-03
9.333565557530195886e-03
9.271350898397623039e-03
9.210194973553551684e-03
9.150076320132111835e-03
9.090972964567144154e-03
9.032862525900854991e-03
8.975722312577328818e-03
8.919529413598045395e-03
8.864260783872510846e-03
8.809893323736616572e-03
8.756403953211278415e-03
8.703769680844611681e-03
8.651967667219821051e-03
8.600975283651775966e-03
8.550770166067150554e-03
8.501330263912382917e-03
8.452633885017626220e-03
8.404659735872536605e-03
8.357386957862747087e-03
8.310795159482393599e-03
8.264864445072418395e-03
8.219575439557962743e-03
8.174909310155716383e-03
8.130847784580615828e-03
8.087373166461606783e-03
8.044468347564635857e-03
8.002116817593449630e-03
7.960302671231184179e-03
7.919010612853242745e-03
7.878225958967755016e-03
7.837934638615784780e-03
7.798123191773646129e-03
