2.491738015762330338e-01
2.492563044814567752e-01
2.488288594239837781e-01
2.499802551180658472e-01
2.517222492125387179e-01
2.522876763511085474e-01
2.532948969393086225e-01
2.540320591915207205e-01
2.564567116078835807e-01
2.591850637337306251e-01
3.183002600667823589e-01
3.927349169069459522e-01
4.359168672727206650e-01
5.035609345791980385e-01
4.143855047923994950e-01
4.898778197046351757e-01
4.712619526072686083e-01
4.831769500658545380e-01
5.964417163883255490e-01
5.552744715174562362e-01
4.933574315306054614e-01
5.950360480883057912e-01
6.480371533361120040e-01
8.370983956730585485e-01
7.667271103153607825e-01
7.684810544992636272e-01
7.798592988498656009e-01
9.252102044605038378e-01
8.538823164306100777e-01
9.259208791903026370e-01
8.195058184820639413e-01
9.273515031971852896e-01
1.062660557474601530e+00
9.212990149709873178e-01
1.093729567106032530e+00
1.051338355178292439e+00
7.844804617645378952e-01
5.620729292519336395e-01
4.915717766900569718e-01
4.411872650527797202e-01
4.219615986692020204e-01
4.279677861201268696e-01
4.460622092645273318e-01
4.627112790095673778e-01
4.722802614839205493e-01
5.410311268200389545e-01
5.089108571879009668e-01
5.153540919382979535e-01
5.867569568598841601e-01
5.880614268416286539e-01
6.346932094157804460e-01
6.835433592343588272e-01
7.419696549884584602e-01
7.602301316317702229e-01
7.360140433390451875e-01
7.770215544086388482e-01
7.074950366453941486e-01
6.917667404631629990e-01
6.575121628389645201e-01
6.543174526885241482e-01
6.766248470261708725e-01
7.603010032397146123e-01
8.925363379118664842e-01
9.330321802501199135e-01
9.628780796417399923e-01
1.038748445431870948e+00
1.063831233512699592e+00
1.033576883812524549e+00
1.085351203736974135e+00
1.041018593608657561e+00
9.868333210156657875e-01
1.000635383433672754e+00
1.008894362079203244e+00
1.030488337282797762e+00
1.089901822443976931e+00
1.010415435365581871e+00
9.864117029615354637e-01
9.676927741858440957e-01
1.127498079191370017e+00
1.323512822773735387e+00
1.408037761233542629e+00
1.340312013964570115e+00
1.162705794622993949e+00
9.517790061792642531e-01
8.402466004370137131e-01
9.009729874000568239e-01
1.064653768685531743e+00
1.222568132739051405e+00
1.312668698739841044e+00
1.330316286379622959e+00
1.299785112798081066e+00
1.251275067145842801e+00
1.215308110881383019e+00
1.206251705307963551e+00
1.217307238591725627e+00
1.230117667146154004e+00
1.238517716703821936e+00
1.226574857025215071e+00
1.188095558272742158e+00
1.126975949031131741e+00
1.057489437357253648e+00
9.823371657981304628e-01
8.990321101390141845e-01
8.124457371198535727e-01
7.283716959524669798e-01
6.572979824298986751e-01
5.897506208646673409e-01
5.302563508900133282e-01
4.822088955948773958e-01
4.528554258144840694e-01
4.409426929519786875e-01
4.376862174373511438e-01
4.375775256271712266e-01
4.354879264985550003e-01
4.289268361337295610e-01
4.248321419351888117e-01
4.168277470446200561e-01
4.033553183741389048e-01
3.853687167296765970e-01
3.650428122063113512e-01
3.444655337098549985e-01
3.260041896246153592e-01
3.113044709487607364e-01
3.010418358934100480e-01
2.949135838809098797e-01
2.918317459179361473e-01
2.902437447896130118e-01
2.884964162963959966e-01
2.854743006515220727e-01
2.800805601054058847e-01
2.718449634932849635e-01
2.612855308561890522e-01
2.485886353556469586e-01
2.347653245567353775e-01
2.210439915067431704e-01
2.084827107406535263e-01
1.981812615549848888e-01
1.907760992431080938e-01
1.865658138527454823e-01
1.856824846116435224e-01
1.874772422925872206e-01
1.911601854575111503e-01
1.958594388699827216e-01
2.006603070174628189e-01
2.047039247781558546e-01
2.074239751095792450e-01
2.083733926910354139e-01
2.072237272981106437e-01
2.039431169378314035e-01
1.986634079834827815e-01
1.914248552931361036e-01
1.827944125119669860e-01
1.750205304985165411e-01
1.731677919259445586e-01
1.696648059816533161e-01
1.649340185061317354e-01
1.589816450823458016e-01
1.523079265524710235e-01
1.450791215860308958e-01
1.376064598997045751e-01
1.302259346878986979e-01
1.232477457288084083e-01
1.168430957470835141e-01
1.112360493341600920e-01
1.065480254459985621e-01
1.028191750918647784e-01
1.000462101423262029e-01
9.817751268916281859e-02
9.783817556806377602e-02
9.845916730412133944e-02
9.868626347226848450e-02
9.842364700027272928e-02
9.865613801910790015e-02
9.961623722024176564e-02
1.005364244155420028e-01
1.013047208379919406e-01
1.018298207495515195e-01
1.020425653789132636e-01
1.019043771347291905e-01
1.014536907841541158e-01
1.006151023378144410e-01
9.939808040396409805e-02
9.782742022726047260e-02
9.597362983073062792e-02
9.388541977414018025e-02
9.157159894908609155e-02
8.908812526658650699e-02
8.649251096573236375e-02
8.384153155484341813e-02
8.118927259690435216e-02
7.858553751545531429e-02
7.607462135929200786e-02
7.369444037558801897e-02
7.147599534817562772e-02
6.944313781237322625e-02
6.761260223853134133e-02
6.599426376552683382e-02
6.459157971438088397e-02
6.340217355262091348e-02
6.241852184430634470e-02
6.162870766168068726e-02
6.101720763648019880e-02
6.056568400377759093e-02
6.025375740345605136e-02
6.005974064735011136e-02
5.996532037184387071e-02
5.994943315669228057e-02
5.998112931695361028e-02
6.003967111085845021e-02
6.010577258886037888e-02
6.016188994335779083e-02
6.019243618708774307e-02
6.019081442443106889e-02
6.014558323649282778e-02
6.004288195590880978e-02
5.987537718880535376e-02
5.963783286857129301e-02
5.932700896647092464e-02
5.894152999168883467e-02
5.848173005705745858e-02
5.794948083983340187e-02
5.734800824043492090e-02
5.668170295890322813e-02
5.595592959506213993e-02
5.518840337249314443e-02
5.437984023757381352e-02
5.353039304513280972e-02
5.264741491159545539e-02
5.173840667073590499e-02
5.081087829237741077e-02
4.987222454491165718e-02
4.892961538401281729e-02
4.798990121192658193e-02
4.705953286200362934e-02
4.614449591905694925e-02
4.525025878534254947e-02
4.438173374392175019e-02
4.354325014620128581e-02
4.273853876515570221e-02
4.197072629203451449e-02
4.124233892632139103e-02
4.055531399510262786e-02
3.991101855003805626e-02
3.931027391275283139e-02
3.875338518006077315e-02
3.824017474889673807e-02
3.777001897694450688e-02
3.734188715874235676e-02
3.695438206327779362e-02
3.660578134752989765e-02
3.629407923144335746e-02
3.601702788693017521e-02
3.577217806376548764e-02
3.555691853896196519e-02
3.536851403970352886e-02
3.520414134908098763e-02
3.506092335933819887e-02
3.493596088913336617e-02
3.482636212770527651e-02
3.472926961338163726e-02
3.464188469163614892e-02
3.456148943272702861e-02
3.448546602017830975e-02
3.441131364773222095e-02
3.433666298552692092e-02
3.425928829602145620e-02
3.417711729624060835e-02
3.408823887658133517e-02
3.399090879734641135e-02
3.388355349009566225e-02
3.376477210002916396e-02
3.363333690561363942e-02
3.348819225633841573e-02
3.332845216724554527e-02
3.315339670945994383e-02
3.296246733196060708e-02
3.275526124747019097e-02
3.253152500911529049e-02
3.229114740138985806e-02
3.203415176138759562e-02
3.176068784069323303e-02
3.147102331186054508e-02
3.116553501579686150e-02
3.084823348898371731e-02
3.051920981226588850e-02
3.017585817243759530e-02
2.981887938945512392e-02
2.944904088044062937e-02
2.906716800017028826e-02
2.867413558920277328e-02
2.827085977407048367e-02
2.785829005679304332e-02
2.743740172695017382e-02
2.700918862275829627e-02
2.657465626327156286e-02
2.613481536956716034e-02
2.569067578706088831e-02
2.525665980672467045e-02
2.532272006243391216e-02
2.538054103579288553e-02
2.542968415972388443e-02
2.546976963220366416e-02
2.550047500876025108e-02
2.552153358827998625e-02
2.553273261704469554e-02
2.553391133451501926e-02
2.552495888362108292e-02
2.550775869914480992e-02
2.548291879299863921e-02
2.544790754970607458e-02
2.540277703768191106e-02
2.534761805245233993e-02
2.528255765074237729e-02
2.520775667119833779e-02
2.512340725522919233e-02
2.502973038013545787e-02
2.492697341689303209e-02
2.481540772195775513e-02
2.469532627343149628e-02
2.456704135925365240e-02
2.443088232542021260e-02
2.428719339035201319e-02
2.413633153116827648e-02
2.397866444702060826e-02
2.381456860309606391e-02
2.364465098874186585e-02
2.347258838963778987e-02
2.329512305422458407e-02
2.311264611601597518e-02
2.292554952804681453e-02
2.273422461758748542e-02
2.253906073234217614e-02
2.234044397631936713e-02
2.213875603528272715e-02
2.193437309085259981e-02
2.172766482110473005e-02
2.151899348622187888e-02
2.130871309775410685e-02
2.109716866801775170e-02
2.088469553819072982e-02
2.067161878243020667e-02
2.045825268434744645e-02
2.024490028456646384e-02
2.003185299474996572e-02
1.981939027612246440e-02
1.960777937947366309e-02
1.939727514219578841e-02
1.918811984200886542e-02
1.898054310037200834e-02
1.877476183650870697e-02
1.857098026578228936e-02
1.836938994150272286e-02
1.817016983586275045e-02
1.797348645804598341e-02
1.777949400583404491e-02
1.758833454851757225e-02
1.740013823812815510e-02
1.721502354644421917e-02
1.703309752530280871e-02
1.685445608792950078e-02
1.667918430807271979e-02
1.650735673633475439e-02
1.633903772995737649e-02
1.617428179486063780e-02
1.601313393783338618e-02
1.585563002732043661e-02
1.570179716026339281e-02
1.555165403411354688e-02
1.540521132249585146e-02
1.526247205255436105e-02
1.512343198293567004e-02
1.498807998128543970e-02
1.485639839986993907e-02
1.472836344828848225e-02
1.460394556234030292e-02
1.448310976850498803e-02
1.436581604203042081e-02
1.425201965941556501e-02
1.414167154375138742e-02
1.403471860200328561e-02
1.393110405466810656e-02
1.383076775656705282e-02
1.373364650848302171e-02
1.363967435957102320e-02
1.354878290000809636e-02
1.346090154366033111e-02
1.337595780062092628e-02
1.329387753934735059e-02
1.321458523856256125e-02
1.313800422841958707e-02
1.306405692131618751e-02
1.299266503217028079e-02
1.292374978802149355e-02
1.285723212736194186e-02
1.279303288908496643e-02
1.273107299123738857e-02
1.267127359948474162e-02
1.261355628591054844e-02
1.255784317778487098e-02
1.250405709707443774e-02
