4.547027086476895796e-01
4.507829923741187850e-01
4.534764480900457251e-01
4.589811139127438766e-01
4.668127583410732750e-01
5.336092781035880472e-01
6.357605638457686226e-01
6.321926764751952810e-01
6.733259490888781063e-01
6.929599875917333840e-01
7.242118382432386481e-01
9.044472967912331463e-01
1.250813852771279766e+00
7.991210335690803745e-01
9.991554554956963985e-01
1.037924814384419303e+00
9.969456113052210799e-01
9.978269894443341226e-01
1.202028018504499807e+00
1.323436961549999458e+00
1.448546169048571031e+00
1.619074428147742717e+00
1.689875632546862461e+00
1.586446944522397429e+00
2.050689268468657733e+00
2.067305565441469817e+00
2.328942038720025032e+00
2.473883009874440209e+00
2.148673603059604087e+00
3.055573513813811370e+00
2.938387669318367035e+00
2.890055871615075045e+00
3.477248388769869525e+00
3.724203245358729042e+00
3.669318922883852085e+00
3.452798373778386054e+00
3.450912669747217887e+00
3.367131427343440286e+00
3.254483831688514517e+00
4.024440864842901533e+00
4.165350524565062607e+00
3.809175240006672958e+00
3.009772979040026275e+00
1.992971750508542472e+00
1.501769467452622075e+00
1.311850818604684887e+00
1.277743705816711595e+00
1.231997209376459734e+00
1.035136583565061663e+00
9.459880796662920588e-01
9.608867060254112635e-01
8.897999647553805902e-01
8.492852634415355428e-01
7.610726756521960512e-01
6.843591135409046178e-01
7.091922433198367681e-01
6.886867222220509621e-01
6.202750379457713237e-01
5.619969226992757028e-01
5.003193672981597340e-01
4.314001293566590567e-01
3.725044958530815409e-01
3.407400377835361760e-01
3.376555836220027640e-01
3.492872195826500770e-01
3.576627302044863010e-01
3.538610691819136789e-01
3.346728111741527067e-01
3.182353331700339405e-01
3.191029141441966699e-01
3.195940361244309358e-01
3.115929109959642562e-01
2.807451081281099325e-01
2.617043169162597271e-01
2.538586058683808266e-01
2.604721698810957831e-01
2.650685711876950013e-01
2.559503290717034529e-01
2.348791322406252324e-01
2.137394228427196008e-01
1.978006672839115465e-01
1.915337713153562604e-01
1.828686276141847367e-01
1.727879986148381231e-01
1.612027204975751971e-01
1.490278393509570642e-01
1.410604908679560510e-01
1.352832045661458704e-01
1.422206847610462954e-01
1.485031878530873595e-01
1.481638282789222438e-01
1.425749340049190239e-01
1.328174117727176917e-01
1.270746843984247587e-01
1.304407521515514035e-01
1.311575383163240960e-01
1.295478509657902455e-01
1.262591957193532344e-01
1.222283429074568634e-01
1.174852286438211046e-01
1.122522424607576008e-01
1.067459847456062039e-01
1.011288499209985203e-01
9.553333399012221838e-02
9.007428200395502238e-02
8.485081096910490617e-02
7.994213380637309185e-02
7.650931800595453525e-02
7.390293352753433964e-02
7.385178951147891580e-02
7.172512371161758604e-02
7.530237698636622901e-02
7.775162928706599863e-02
7.908903754874364866e-02
7.942448036141787349e-02
7.908399037037287804e-02
7.802708530607534165e-02
7.648853225512759757e-02
7.472594845774696570e-02
7.297803494184335049e-02
7.141765755999410215e-02
7.015188222566762222e-02
6.917763025684435518e-02
6.825771798312582628e-02
6.715343546459912050e-02
6.559303832665991374e-02
6.332893201158298901e-02
6.020928339171621041e-02
5.633147441583222920e-02
5.480152159152060914e-02
5.716444779389769776e-02
5.832573677057745209e-02
5.800700149170050918e-02
5.676877936972871130e-02
5.630348771549310849e-02
5.488738967259373241e-02
5.258153499142602383e-02
5.010415268376798570e-02
4.914673933761162794e-02
4.788391108308152205e-02
4.681009729630671024e-02
4.633138182421414619e-02
4.578421810056663294e-02
4.516902079322567681e-02
4.448685333789534346e-02
4.373938689213589109e-02
4.292886197443792490e-02
4.205805117746846261e-02
4.113022150534457327e-02
4.014909514370913757e-02
3.911880778936102643e-02
3.804386400809211394e-02
3.692908942779057901e-02
3.577957988700385811e-02
3.514662465490259874e-02
3.532026630844024156e-02
3.541390903995592782e-02
3.542686823430217513e-02
3.535924852941765839e-02
3.521191060199952566e-02
3.498642959485798176e-02
3.468504610074609612e-02
3.431061076928672987e-02
3.504412068141334047e-02
3.584620445782933651e-02
3.649688253569269986e-02
3.700689876449324983e-02
3.731797282417134709e-02
3.741656548704817842e-02
3.729529117157686507e-02
3.695266145105766120e-02
3.639268065128769408e-02
3.562432220550609818e-02
3.467595990424330449e-02
3.361664218243796964e-02
3.348989091979601845e-02
3.375148226914902183e-02
3.385850653060178128e-02
3.380524985253434422e-02
3.359644713673403532e-02
3.325801758098265171e-02
3.350233644646211095e-02
3.457501756009167398e-02
3.543653163831247260e-02
3.593220069062148109e-02
3.605963596565711637e-02
3.582964055534526571e-02
3.526454470376922529e-02
3.440274633391709330e-02
3.333381299220413568e-02
3.203790058531370138e-02
3.081332150828410346e-02
2.953439427911197165e-02
2.809999488092550929e-02
2.714165944459007856e-02
2.660691408847629461e-02
2.600693043576868951e-02
2.535616453286139091e-02
2.468050617314763648e-02
2.396716493523572133e-02
2.322559172079349810e-02
2.260511317760526689e-02
2.254855915577108974e-02
2.245309066165077777e-02
2.233032705781536412e-02
2.217002189786185934e-02
2.197520848974368612e-02
2.174895182064625135e-02
2.149431604244353075e-02
2.121433567675243964e-02
2.091199043293678547e-02
2.059018349443980656e-02
2.025172309876786467e-02
1.989930721596380736e-02
1.953551111228065892e-02
1.916277757886950331e-02
1.878340959729535645e-02
1.839956521501002681e-02
1.801325440607177281e-02
1.762633769796780395e-02
1.724052635323198440e-02
1.685738390613749499e-02
1.647832886344588812e-02
1.610463839251112528e-02
1.573745283306733980e-02
1.537778087966584772e-02
1.514149314000488682e-02
1.499093917866495783e-02
1.483526815660670024e-02
1.467503775521333646e-02
1.451078052249364300e-02
1.434300375997637697e-02
1.417218957030265923e-02
1.399879504531544375e-02
1.382325257625362236e-02
1.364597026853510940e-02
1.346733244552770006e-02
1.328770022685741604e-02
1.310741216839251058e-02
1.292678495160964197e-02
1.274611411241988700e-02
1.256567479907645668e-02
1.238572255165182150e-02
1.220649409465569303e-02
1.202820813699426519e-02
1.185106617291583481e-02
1.167525327931200237e-02
1.150093890480258230e-02
1.132827764722620784e-02
1.115741001616952187e-02
1.098846317815655414e-02
1.082155168214436920e-02
1.065677816398867724e-02
1.049423402832849565e-02
1.033400010684141189e-02
1.017614729236089935e-02
1.012379392936766861e-02
1.007990271070770966e-02
1.003417467032879234e-02
9.986716189053182480e-03
9.937630472969204848e-03
9.887017546998590201e-03
9.834974259951030987e-03
9.781594299941066134e-03
9.726968218447601053e-03
9.671183462328028155e-03
9.614324412450797955e-03
9.556472428206062505e-03
9.497705896894408084e-03
9.438100287223069595e-03
9.377728206435453906e-03
9.316659460105540178e-03
9.254961114469393083e-03
9.192697560265746665e-03
9.129930578204931493e-03
9.066719405279097602e-03
9.003120801729913233e-03
8.939189118326393985e-03
8.874976363719524683e-03
8.810532271612150565e-03
8.766756149610394067e-03
8.754971410968159090e-03
8.742895846040269620e-03
8.730439837183983157e-03
8.717521617918831331e-03
8.704066944738750658e-03
8.690008770441612351e-03
8.675286919619886253e-03
8.659847767593447168e-03
8.643643923317947605e-03
8.626633917746867955e-03
8.608781897379640460e-03
8.590057324366242100e-03
8.570434683438089146e-03
8.549893195966010162e-03
8.528416541531995063e-03
8.505992587571455446e-03
8.482613127028219499e-03
8.458273624215797634e-03
8.432972969514349396e-03
8.406713242022802526e-03
8.379499481471592084e-03
8.351339468207086975e-03
8.322243512166396101e-03
8.292224250111324829e-03
8.261296451764644361e-03
8.229476834000260671e-03
8.196783883448589478e-03
8.163237687431877318e-03
8.128859772782916215e-03
8.093672952487085404e-03
8.057701180187396700e-03
8.020969412382342872e-03
7.983503477230294645e-03
7.945329951680348349e-03
7.906476044134561412e-03
7.866969485370065018e-03
7.826838424594730059e-03
7.786111332784042584e-03
7.744816911646491657e-03
7.702984008631617516e-03
7.660641537540901699e-03
7.617818404730004878e-03
7.574543440411553134e-03
7.530845334918678281e-03
7.486752580115966713e-03
7.442293415072488531e-03
7.397495776299178177e-03
7.352387252299460128e-03
7.306995042005971774e-03
7.261345916865198993e-03
7.215466187105640250e-03
7.169381670858320128e-03
7.123117666887929418e-03
7.076698930484653927e-03
7.030149651979854947e-03
6.983493438398328396e-03
6.936753297341387119e-03
6.889951623828529693e-03
6.843110188951713121e-03
6.796250131009238388e-03
6.749391948598545618e-03
6.702555495598895054e-03
6.655759977982182891e-03
6.609023952053538764e-03
6.562365324798364978e-03
6.515801354888126583e-03
6.469348655648448493e-03
6.423023198829328796e-03
6.376840319878013773e-03
6.330814723795421747e-03
6.284960492337969030e-03
6.239291091797036226e-03
6.193819381742695328e-03
6.148557624334033064e-03
6.103517494363498198e-03
6.058710089686959385e-03
6.014145942485885597e-03
5.969835030604372927e-03
5.925786789402079022e-03
5.882010124044269664e-03
5.838513421895182021e-03
5.795304565302652165e-03
5.752390944388233000e-03
5.709779470082484987e-03
5.667476587298897299e-03
5.625488288188169178e-03
5.583820125190172221e-03
5.542477224391884061e-03
5.501464298738665062e-03
5.460785661191625874e-03
5.420445237769133673e-03
5.380446580552954335e-03
5.340792880532855419e-03
5.301486980387967209e-03
5.262531386999510542e-03
5.223928283952980998e-03
5.185679543542636577e-03
5.147786739089331084e-03
5.110251156522467413e-03
5.073073806111446683e-03
5.036255433736413004e-03
4.999796532165063680e-03
4.963697351799470185e-03
4.927957911523886056e-03
4.892578008826232137e-03
4.857557230274059563e-03
4.822894961246928722e-03
4.788590395610537072e-03
4.754642545007097508e-03
4.721050248292439633e-03
4.687812179909423699e-03
4.654926859021171238e-03
4.622392657537276704e-03
4.590207808253705078e-03
4.558370412797169667e-03
4.526878449160971242e-03
4.495729779074396533e-03
4.464922154983899487e-03
4.434453227144826912e-03
