2.226305747672199242e-01
2.225484858294148882e-01
2.237594608212297165e-01
2.248045061100741038e-01
2.265372229921804870e-01
2.303702416043780232e-01
2.333697260383523764e-01
2.406920282104998976e-01
2.468717875450294197e-01
2.524061914300470555e-01
3.225149299784677015e-01
3.776157664927846658e-01
3.905849438424900399e-01
5.163465861166679494e-01
5.145135034278153219e-01
4.922163774345078568e-01
5.620867258413317913e-01
5.216006281984211235e-01
5.801219846978475925e-01
4.595798102404173302e-01
6.813412801526573803e-01
6.490621209877037723e-01
6.313336696902521750e-01
7.684041917645803021e-01
8.981186789439618012e-01
8.458512569779718104e-01
8.181516651030569243e-01
1.001493308374395541e+00
7.813133417801881864e-01
9.665856104914337665e-01
8.534586357267954781e-01
6.255179717469867562e-01
8.433530224631329286e-01
9.133044172085034162e-01
1.003703899521591447e+00
1.099562731087751599e+00
7.988711190236059689e-01
5.921309733211340687e-01
4.831996524237739954e-01
4.427464791442862757e-01
4.059614694227542397e-01
4.642744612722146114e-01
4.916761406500866349e-01
4.983741239790258071e-01
4.297099839913663955e-01
4.487894624997200710e-01
4.759714625115996633e-01
4.908406106209500797e-01
5.121034379240509971e-01
5.486815568686572719e-01
5.775553181333669128e-01
5.868068109801487520e-01
6.027610822115130329e-01
6.637824110770086383e-01
7.333478078470406780e-01
7.976473317250261097e-01
8.169769947997471693e-01
7.877700463470043157e-01
7.059320748547336377e-01
6.626447467111230560e-01
7.396632601413055674e-01
8.290526351196215726e-01
8.829819620011788439e-01
8.044409422008494959e-01
7.634437185742910525e-01
8.939508100077206976e-01
1.000441642874716042e+00
1.107975088454736801e+00
1.202402111371200455e+00
1.177300861208844696e+00
1.138795141346488071e+00
1.051024268993677291e+00
9.963483165247817297e-01
9.589198444079976014e-01
1.124734682982393874e+00
1.151032697276830774e+00
1.186781964836732595e+00
1.283783023617502739e+00
1.356929728202712404e+00
1.593367034230697588e+00
1.795202444399064845e+00
1.757076975172698452e+00
1.568336618954674355e+00
1.358378678642885973e+00
1.210269810754641240e+00
1.228682588387709274e+00
1.353745529115008450e+00
1.476118223988394762e+00
1.504921246568751814e+00
1.430824112303016982e+00
1.294983189285236147e+00
1.168508420817859550e+00
1.126066758696150583e+00
1.188658818323841571e+00
1.327498776343788212e+00
1.464080367740777877e+00
1.569578321358329420e+00
1.641502601587847776e+00
1.622798241432100053e+00
1.513263689358721242e+00
1.362911842756311165e+00
1.184930657291503708e+00
1.009236119474959059e+00
8.427556909862186085e-01
7.044532287062343912e-01
6.325643363973041389e-01
5.751148078337774416e-01
5.302985634093585476e-01
4.974331297004309649e-01
4.745711456373915005e-01
4.586805793863259484e-01
4.469239586672253406e-01
4.371285674661363752e-01
4.275515458968631721e-01
4.179099370168741778e-01
4.082592414405136205e-01
4.024414395005821987e-01
4.077629120629821524e-01
4.056653311950793594e-01
3.969135804050019090e-01
3.876861812278617481e-01
3.847581309421264639e-01
3.745460704594048562e-01
3.764000383940234173e-01
3.739816600725498486e-01
3.564958962839357981e-01
3.312563375240782926e-01
3.300025798872268656e-01
3.265220637804495674e-01
3.205784591892298918e-01
3.120654227049355911e-01
3.010134314112800080e-01
2.875849247929350705e-01
2.720581281778198801e-01
2.616843720613686863e-01
2.802652124454196314e-01
3.027016281071221449e-01
3.177161370157023934e-01
3.275354390610984989e-01
3.348273766825246578e-01
3.343524541384185200e-01
3.279707721951572452e-01
3.179222217270914475e-01
3.057060635440417840e-01
2.918515551111510176e-01
2.824776698754929427e-01
2.709029067056937801e-01
2.554255040328282655e-01
2.359101928243523827e-01
2.130834015598493947e-01
1.934869093844155674e-01
1.893742681704665975e-01
1.820290474066670050e-01
1.718185193287701806e-01
1.592811084306899327e-01
1.534196902167663801e-01
1.495793552083777567e-01
1.437798506007036681e-01
1.380763353658753523e-01
1.401732921644269769e-01
1.406589316876614704e-01
1.396985565419778530e-01
1.375226026895540465e-01
1.343062127442078701e-01
1.302630701620587916e-01
1.255911626389460412e-01
1.205013922456323328e-01
1.152028347150833160e-01
1.170555646086323259e-01
1.214585101747610030e-01
1.250969853235497642e-01
1.278798176350106341e-01
1.299082856690730314e-01
1.311272209298667002e-01
1.315573710621228132e-01
1.312286142000984035e-01
1.302106946439046120e-01
1.284864373262145365e-01
1.260621666875944014e-01
1.229609898880154178e-01
1.192106770417978301e-01
1.148456825238640816e-01
1.099200426882602638e-01
1.045187108101982842e-01
9.866994653256144776e-02
9.651716859261073866e-02
9.637699887727149695e-02
9.574541384079936213e-02
9.465033664998317997e-02
9.312513194919526394e-02
9.125992063843868518e-02
8.905208632003654146e-02
8.654211825296630189e-02
8.523467589118674526e-02
8.452137188678654489e-02
8.365948637410780542e-02
8.260355087235571325e-02
8.137784912542776750e-02
8.009046822703082269e-02
7.868537176005006850e-02
7.718589295635532033e-02
7.563916877881184109e-02
7.406435633813765462e-02
7.243557651854957979e-02
7.076038276418063211e-02
6.904326976095682966e-02
6.733255576328876779e-02
6.558125846819451432e-02
6.378696144107924570e-02
6.194910733032950312e-02
6.006751170892977998e-02
5.946543271408844672e-02
5.976386968182722387e-02
5.998039650015019736e-02
6.010869260912889145e-02
6.014241246559749732e-02
6.008042358207740102e-02
5.995034188070095388e-02
5.971030404064305713e-02
5.935726332993623150e-02
5.888969561091719762e-02
5.830773011271463135e-02
5.764296541677586122e-02
5.687883344599009572e-02
5.600892800936086574e-02
5.503972984095239357e-02
5.397914397585712454e-02
5.283810375301485618e-02
5.169255716968006870e-02
5.141632175413115430e-02
5.112482337713461500e-02
5.081746948090574284e-02
5.049391393028800079e-02
5.015403661145316494e-02
4.979792197502299483e-02
4.942583699723143015e-02
4.903820898242947784e-02
4.863560357900043041e-02
4.821870332835814787e-02
4.779691006235583378e-02
4.736446224307425124e-02
4.691996557774795462e-02
4.646435397843320242e-02
4.599859062624269551e-02
4.552365357086968212e-02
4.504052282297105192e-02
4.455016894612853079e-02
4.405354313119927423e-02
4.355156871522138790e-02
4.304513408971780142e-02
4.253508692929599405e-02
4.202222966087153927e-02
4.150731608542869433e-02
4.099216145555888147e-02
4.048213701270642756e-02
3.997165507651016803e-02
3.946127057255193610e-02
3.895148731680145304e-02
3.844275936459104481e-02
3.793549286008496974e-02
3.743004830123375370e-02
3.692674313916295692e-02
3.642585463714757832e-02
3.592762291916998252e-02
3.543225414577994697e-02
3.493992375915565968e-02
3.445077974603548421e-02
3.396494587485970884e-02
3.348252486464676353e-02
3.300360145558970532e-02
3.252824534901112979e-02
3.205651399623092590e-02
3.158845521471465023e-02
3.112410961920827543e-02
3.066351285536686455e-02
3.077577825650039053e-02
3.105666113435853054e-02
3.132080064747842785e-02
3.156678175362285371e-02
3.179863481856436830e-02
3.200868073027338806e-02
3.219531258540173774e-02
3.235708627131843318e-02
3.249272005559836890e-02
3.260109393449624193e-02
3.268124870861849329e-02
3.273238475140369252e-02
3.275386043391633611e-02
3.274519017081135158e-02
3.270604205610767173e-02
3.263623505945365683e-02
3.254668404713789709e-02
3.242714149202940987e-02
3.227719688801155423e-02
3.209719127692069879e-02
3.188759717945777866e-02
3.164901303985041825e-02
3.138215720173864048e-02
3.108786143989033385e-02
3.076706407724420778e-02
3.042917735651158237e-02
3.006888968428018602e-02
2.968509013459102661e-02
2.927904272063190649e-02
2.885208130541394231e-02
2.840560115062052901e-02
2.794105036425408722e-02
2.745992130110451110e-02
2.696374196886240637e-02
2.645406749638850794e-02
2.593836531443000776e-02
2.541278958929496165e-02
2.487793489329406457e-02
2.433538171889492938e-02
2.378669982839840338e-02
2.323344098769514893e-02
2.268098830235536559e-02
2.252786181332495224e-02
2.234233482066113469e-02
2.212576921982812098e-02
2.187964947740317703e-02
2.161317030456966909e-02
2.132245442258605753e-02
2.100678978521854090e-02
2.066798363090325760e-02
2.042072145740501249e-02
2.048287230500690781e-02
2.052712839131078451e-02
2.055373695966664777e-02
2.056300316587255511e-02
2.055528632139368497e-02
2.053099603481390450e-02
2.049058827833231261e-02
2.043622191559498272e-02
2.037143242825341372e-02
2.029199963293402964e-02
2.019851297802835802e-02
2.009158943390038782e-02
1.997186960056794233e-02
1.984001388913586572e-02
1.969669879347638389e-02
1.954261326862325246e-02
1.937845522835562537e-02
1.920955839008806412e-02
1.903232053114530670e-02
1.884691920985935576e-02
1.865405376897223341e-02
1.845441801978089588e-02
1.824869762335583345e-02
1.803756764526073114e-02
1.786534720890737074e-02
1.796558450705583107e-02
1.804612957562638093e-02
1.810757386424401150e-02
1.815057580453140543e-02
1.817585228868796171e-02
1.818417029830846077e-02
1.817633873511119089e-02
1.815695955509412374e-02
1.812421644085155173e-02
1.807778053703795046e-02
1.801854312704719366e-02
1.794740259252615433e-02
1.786525820220121602e-02
1.777300431810012460e-02
1.767152503218414467e-02
1.756168924202289663e-02
1.744570638134423923e-02
1.732526010144377210e-02
1.719875234761587476e-02
1.706695251817284473e-02
1.693059765851613954e-02
1.679039006339994380e-02
1.664699528293973191e-02
1.650104051781900449e-02
1.635311338704181425e-02
1.620376104963127534e-02
1.605348966186900816e-02
1.590276414930505075e-02
1.575200827192923050e-02
1.560160496272075190e-02
1.545243797167295506e-02
1.530542357940793338e-02
1.515956454642589449e-02
1.501509526789673171e-02
1.487221424499097534e-02
1.473108555796362983e-02
1.459184046577505570e-02
1.445457911151606933e-02
1.431937231617860622e-02
1.418626344131817055e-02
1.405527030441864993e-02
1.392638713007754436e-02
1.379958652236494554e-02
1.367482144341960679e-02
1.355202718575238517e-02
1.343112332547505977e-02
1.331201564583954153e-02
1.319459802055216596e-02
1.307875424817304955e-02
