2.430110735809811184e-01
2.427456236430301784e-01
2.436310864792799458e-01
2.428817012113085316e-01
2.433797986695279414e-01
2.443610512365498866e-01
2.456616650096540289e-01
2.458935262926845167e-01
2.493708453954897042e-01
2.626257106564232058e-01
2.798185569521849936e-01
3.157774758775311885e-01
3.708060853727893069e-01
3.487101088786076497e-01
3.469950674676281488e-01
4.602485578673954358e-01
5.258221694131063328e-01
5.074441917537131364e-01
4.431602569576468253e-01
4.602633798609837568e-01
5.568896394235794967e-01
5.494943653653469040e-01
6.440651591878207016e-01
5.345349132496600708e-01
6.903775338975591813e-01
6.208886106286234385e-01
7.442395396709620137e-01
8.302799009764767479e-01
6.714696111379188093e-01
8.229521271467378218e-01
1.071320011414342632e+00
9.471798671716089579e-01
1.007281110420639170e+00
9.583717170726987478e-01
9.377324774717398226e-01
9.404341567143672531e-01
9.249947382997459888e-01
9.917474030670339058e-01
1.121060917885312813e+00
1.007645120848142506e+00
8.186551083714562749e-01
6.599175139310142768e-01
5.341810559561200877e-01
4.685370245528530098e-01
5.467011227203101287e-01
5.199690169449201482e-01
4.985722507755624422e-01
4.434047734517354011e-01
3.984555956760624795e-01
4.008977012844317511e-01
4.364893580550917584e-01
5.178376584095479851e-01
5.844961937602084490e-01
6.415837496411752605e-01
6.618745620628175841e-01
6.955945678048540692e-01
6.514967922226917452e-01
6.597730137155025654e-01
6.687025662385820413e-01
6.956713055358958453e-01
7.390730032134997796e-01
7.166215894512404372e-01
6.914196591268190195e-01
8.457517262341414099e-01
9.507507369697676403e-01
8.896042214157249273e-01
8.307358947706053875e-01
8.451856999548948979e-01
8.693302818250909780e-01
8.483662796407979156e-01
7.869807817619450807e-01
7.157971226951339583e-01
7.688678485085719272e-01
8.278289944650336629e-01
8.238837056256671509e-01
8.137653036535063000e-01
8.369184463100036719e-01
8.428858175932771868e-01
7.973911191851393854e-01
7.569625130403022650e-01
8.088645885128512569e-01
9.328552051499904296e-01
1.034724197126465794e+00
1.055407376698363597e+00
1.003123469051223848e+00
1.058923591610646975e+00
1.121274232751609423e+00
1.247818966741607971e+00
1.472962238734979667e+00
1.609937532696820384e+00
1.655813308031632181e+00
1.626441995189348289e+00
1.519798704101025022e+00
1.426916507987192828e+00
1.458148812795829308e+00
1.469158170953195564e+00
1.460854539787328932e+00
1.454137123939298171e+00
1.491168111397446205e+00
1.404896938037222043e+00
1.370225970357289658e+00
1.510778811722172321e+00
1.604908353323468262e+00
1.659045938349270388e+00
1.682921459900778238e+00
1.685734440276271950e+00
1.674355854697791912e+00
1.652459143732818658e+00
1.620553877963875511e+00
1.632480257863998530e+00
1.659324522921056477e+00
1.608637161698636353e+00
1.507351936086244404e+00
1.380068339932259969e+00
1.238610472451383560e+00
1.103213878515575175e+00
1.006420193529594220e+00
9.159346669130425944e-01
8.508028244837594345e-01
8.005053021548699244e-01
7.476062448551056283e-01
6.933410956559860061e-01
6.390418373312974909e-01
5.861741559291930859e-01
5.386835199659242290e-01
4.946562030541827304e-01
4.541016283820172861e-01
4.181836945309136411e-01
3.971072834384484773e-01
4.129189744865267575e-01
4.311153804889845675e-01
4.468182342796303552e-01
4.564098808185110823e-01
4.583522102549865695e-01
4.624641239009468219e-01
4.596931588824289538e-01
4.516604865844502936e-01
4.411557671277398507e-01
4.194065739893502731e-01
3.865832634690216096e-01
3.437637026248124839e-01
3.162156273955219477e-01
3.120723097303192417e-01
3.127864932456027591e-01
3.114336544304223686e-01
3.184726673775178374e-01
3.195835919393234525e-01
3.148116772250499351e-01
3.044709997003343105e-01
2.986847426850013365e-01
2.944032461440191928e-01
2.884536350961500739e-01
2.810598498169110671e-01
2.724505397682704388e-01
2.628747271076709580e-01
2.593202533710252666e-01
2.565790406742443075e-01
2.530442289489758245e-01
2.487210496905744306e-01
2.436732204362996868e-01
2.380530637252382398e-01
2.320212275979471050e-01
2.254906565589780976e-01
2.188367836569745373e-01
2.118545614531159860e-01
2.049104127639312101e-01
1.978891975867417830e-01
1.909318034199145031e-01
1.842090102559313936e-01
1.776556448392985210e-01
1.713412952127249256e-01
1.670412785400334499e-01
1.641003166033023764e-01
1.613211588262640217e-01
1.586649572507755068e-01
1.561735952940387639e-01
1.538762528291479359e-01
1.518160477716312406e-01
1.500114994454911643e-01
1.484107925575753884e-01
1.469971988670986662e-01
1.457444599602134849e-01
1.446184038185135690e-01
1.436390651594816881e-01
1.427239574641942510e-01
1.418085304000160085e-01
1.408455493430730288e-01
1.398558300975376589e-01
1.387670569237502705e-01
1.375044321887702314e-01
1.360912127372438107e-01
1.344981697785716523e-01
1.326438108878637279e-01
1.306068216391327308e-01
1.283061796071934824e-01
1.257431104640374664e-01
1.229758830868964842e-01
1.199232373927060363e-01
1.166864029601129837e-01
1.132177182801609588e-01
1.095401341269700984e-01
1.057299491320295715e-01
1.017429952345828004e-01
9.973614473208626541e-02
9.941249438152799378e-02
9.887456644457151556e-02
9.807477451511910360e-02
9.708763720306579081e-02
9.583873045817761782e-02
9.442658262067138430e-02
9.278870238405594051e-02
9.097713563381858159e-02
8.900866903165251254e-02
8.851316059461171448e-02
8.922959425377244291e-02
8.941395398197359012e-02
8.911228602488664718e-02
8.837880933774323877e-02
8.718481671911762487e-02
8.567570782601156842e-02
8.380966605707845796e-02
8.165680746756942554e-02
7.932172838210099775e-02
7.679702932188525732e-02
7.507092853054364578e-02
7.509170540304285768e-02
7.477100959693618043e-02
7.413732497052077930e-02
7.324681867147844749e-02
7.358578670166579516e-02
7.502639598545847444e-02
7.596244981353179881e-02
7.646774298440375817e-02
7.657877742047143610e-02
7.634403577948713215e-02
7.585149712301171576e-02
7.515873051935811899e-02
7.429898358566515426e-02
7.337476830904625380e-02
7.236848702848380777e-02
7.137192204163606002e-02
7.034924005774442768e-02
6.936829121335916226e-02
6.837392074732985547e-02
6.741485950799659677e-02
6.642243432699695971e-02
6.542432521155039371e-02
6.435793663569017165e-02
6.322069930538865012e-02
6.198151941428570871e-02
6.270233732228124024e-02
6.372756265138415643e-02
6.455317994336173815e-02
6.518147842309307549e-02
6.556382773733700209e-02
6.566737158232804905e-02
6.549254318012492915e-02
6.501898913268346070e-02
6.422260148261485502e-02
6.310382816764158187e-02
6.169328606502756662e-02
5.996869137376911046e-02
5.794443483204396450e-02
5.702762000900520739e-02
5.690978082153003853e-02
5.667519233791194072e-02
5.628425413037046326e-02
5.578097898170966684e-02
5.513402249650500159e-02
5.437096830263705299e-02
5.349263830413025084e-02
5.250026331784981432e-02
5.141716559120346891e-02
5.024604885342442290e-02
4.899298244108107186e-02
4.856730452494526645e-02
4.887759325578479308e-02
4.909827443695848753e-02
4.923117606143163905e-02
4.929955086584282553e-02
4.929307920087494521e-02
4.920795943710149639e-02
4.905569897643142357e-02
4.885259780935492790e-02
4.858365767052664347e-02
4.825392476166139033e-02
4.787958997542565015e-02
4.746705715283006805e-02
4.700835195060221183e-02
4.650866327360510949e-02
4.597414007261991370e-02
4.542701010488449376e-02
4.485248877638386977e-02
4.425508672232743301e-02
4.363905839274154902e-02
4.300837812592937792e-02
4.237544639454903644e-02
4.173998544594204052e-02
4.109900131909256793e-02
4.045527326042445970e-02
3.981126739677669918e-02
3.916914249824124394e-02
3.853075918208715561e-02
3.789808594190947899e-02
3.728054178705773880e-02
3.667003403488003355e-02
3.606742125314038594e-02
3.547334274275246169e-02
3.488823828640267438e-02
3.431236837414913809e-02
3.374583458202701225e-02
3.318859981746085513e-02
3.264050817829323298e-02
3.210130420423810277e-02
3.157065133407178925e-02
3.104814941091848038e-02
3.053641036676460474e-02
3.003315365863708578e-02
2.953639264133579162e-02
2.904563808789362850e-02
2.856040474766091339e-02
2.808022157667708005e-02
2.760464065780204174e-02
2.713324483232112602e-02
2.666565408316724436e-02
2.620153071431769592e-02
2.574058338698352599e-02
2.528257007745035589e-02
2.482730002891413851e-02
2.437463477344543536e-02
2.419718739386608405e-02
2.406002992658708151e-02
2.392708721483809836e-02
2.379806856826069059e-02
2.367268794855054842e-02
2.355066492315088800e-02
2.343172551717910210e-02
2.331560296849118086e-02
2.320203838991913986e-02
2.309078134313883798e-02
2.298159032919147235e-02
2.287423319964466267e-02
2.276848749354769275e-02
2.266414070470083864e-02
2.256099048324208475e-02
2.245884477699809645e-02
2.235752191616543344e-02
2.225685064603779434e-02
2.215667011185966373e-02
2.205682979985144204e-02
2.195718943815364033e-02
2.185761886212270536e-02
2.175799784625962255e-02
2.165821590762391502e-02
2.155817208338099700e-02
2.145777468529161749e-02
2.135694103457234927e-02
2.125559717987877267e-02
2.115367760073596365e-02
2.105112489914909291e-02
2.094788948160637709e-02
2.084422950473348649e-02
2.074062806529183151e-02
2.063623856899964373e-02
2.053103757208557881e-02
2.042500782778624083e-02
2.031813795315657104e-02
2.021042209783207450e-02
2.010185961615506070e-02
1.999245474270237508e-02
1.988221627364100338e-02
1.977115725323929513e-02
1.965929466786973598e-02
1.954664914681679064e-02
1.943324467135777028e-02
1.931910829213032144e-02
1.920426985558460961e-02
1.908876173950451935e-02
1.897261859820768490e-02
1.885587711717133172e-02
1.873857577827285278e-02
1.862075463410460541e-02
1.850245509294862201e-02
1.838371971398880533e-02
1.826459201203444946e-02
1.814511627259537269e-02
1.802533737676797337e-02
1.790530063610111175e-02
1.778505163637304418e-02
1.766463609194701342e-02
1.754409970807706623e-02
1.742348805333755399e-02
1.730284643996487376e-02
1.718221981333660497e-02
1.706165264935549306e-02
1.694118885996281562e-02
1.682087170639086013e-02
1.670074371973682623e-02
1.658084662876491838e-02
1.646122129461800518e-02
