3.152219860173337551e-01
3.155770682468754251e-01
3.193175694234383077e-01
3.209042228395237450e-01
3.214972817435187147e-01
3.236138860249185845e-01
3.313819301301784703e-01
3.309501214267970282e-01
3.580206418003888391e-01
3.953748674363131155e-01
5.464839719091574288e-01
4.809918258565729077e-01
5.294352675993850843e-01
6.859403729503150693e-01
5.050342684131596815e-01
5.448589565631076770e-01
5.879945341350432120e-01
8.578930584892875411e-01
1.443282982962918126e+00
9.032759524934860229e-01
9.410926450350776129e-01
1.057352591550966059e+00
1.143219887705843485e+00
1.137280289421463975e+00
1.057992758424312729e+00
9.131125910954202007e-01
8.216978625700639416e-01
8.103121361031331293e-01
7.893662636382963171e-01
6.788283946674964486e-01
7.193677767385836530e-01
7.526806283908814565e-01
9.506466594166884665e-01
1.073442486606141610e+00
9.592546670311058454e-01
1.015966081978050051e+00
1.038901285323396317e+00
1.217072846319199098e+00
1.521430988219232727e+00
1.260390877643593699e+00
1.062859937464051496e+00
1.105925524146385452e+00
1.288254545132668794e+00
1.216593734891925349e+00
1.286448920452381461e+00
1.370458509305043870e+00
1.310650397367959297e+00
1.226088690495353628e+00
1.348267608697540698e+00
1.429344710942213492e+00
1.850106200089604247e+00
2.132198017836270498e+00
1.933427467127946331e+00
1.769994927941924701e+00
1.951802907163528777e+00
2.008478606720910165e+00
2.006993606219816151e+00
1.982201712899521517e+00
2.035274144186770773e+00
2.197608680722868524e+00
2.171059492438475846e+00
1.884963654934052046e+00
1.752765202806195077e+00
1.903587845193033035e+00
2.107912405349711804e+00
2.301556966177142005e+00
2.355851693540796266e+00
2.307646609586662567e+00
2.090074744416424490e+00
1.798641354856507002e+00
1.493859685755028144e+00
1.233431339500563162e+00
1.078665825959102209e+00
1.016897512781577584e+00
9.739067414461027861e-01
8.872899079804350553e-01
7.430926408092382029e-01
7.342347372399065097e-01
6.824499849485797798e-01
6.580039410612913420e-01
6.562104825640445727e-01
6.651450211636547039e-01
6.390553803543137512e-01
6.512854255806396209e-01
6.295290189750792909e-01
5.800789920440564407e-01
5.204943625811853103e-01
4.744263897852935563e-01
4.379312613611157645e-01
4.110558076488695645e-01
3.942657819208617576e-01
3.832801105506096762e-01
3.729950945460571154e-01
3.886030287836496622e-01
3.933525578407763290e-01
3.800659594712845757e-01
3.640373293859838211e-01
3.554286876234801218e-01
3.377306448703386033e-01
3.171189402681465208e-01
2.994120648567548115e-01
2.880666132775603905e-01
2.834623317607734561e-01
2.829765672524104936e-01
2.821225664304877756e-01
2.758262451922156022e-01
2.604231446124388727e-01
2.344731268268422930e-01
2.287277435945922477e-01
2.296049743131741150e-01
2.299029868764616846e-01
2.415155170172881005e-01
2.486491465165731884e-01
2.510850354050731537e-01
2.486271905142716787e-01
2.416319798009011199e-01
2.307252050918035813e-01
2.168787285964124401e-01
2.005943308484842424e-01
1.830151166478412583e-01
1.837955696428963948e-01
1.806573076602333572e-01
1.731355430877851154e-01
1.634856504113636755e-01
1.537591877416616959e-01
1.457412106993824508e-01
1.402558382383434776e-01
1.375162075424565533e-01
1.370191402222433186e-01
1.377823393800896301e-01
1.386200022054456527e-01
1.386564862115867991e-01
1.369376172102150513e-01
1.360468691478069203e-01
1.376739655170186871e-01
1.368012747208832702e-01
1.403376146603044772e-01
1.421472329767235754e-01
1.421227663279167885e-01
1.402089764524167559e-01
1.365686948924194066e-01
1.314328489536450151e-01
1.251972044986550126e-01
1.180268710895371609e-01
1.101561971773067361e-01
1.036577025052188572e-01
1.008992461617769648e-01
9.807496298870770068e-02
9.512463987642744145e-02
9.206425015412586510e-02
8.889975646201640769e-02
8.629596853118466637e-02
8.692297139768359604e-02
8.745767006443982972e-02
8.791776013235275133e-02
8.831347601764397148e-02
8.856524408918675650e-02
8.864587404159673945e-02
8.852684799749614697e-02
8.827771943247428310e-02
8.779451002505171686e-02
8.703707849743141933e-02
8.598699401763186534e-02
8.474895048563080291e-02
8.320373634307205724e-02
8.134394901220663721e-02
7.917613377914903272e-02
7.682376546895844371e-02
7.419068855991557687e-02
7.129943633258338520e-02
6.818023969191598643e-02
6.487039805394026470e-02
6.147164217114988588e-02
6.047951014669378234e-02
6.124204776263693362e-02
6.178543084548628744e-02
6.204029608749066921e-02
6.203247473572349319e-02
6.181109650747670936e-02
6.130787194567623166e-02
6.056328564399790504e-02
5.962563985993733079e-02
5.844224577224419598e-02
5.705270802323429702e-02
5.610763752321406422e-02
5.551734037028743796e-02
5.485128212653305607e-02
5.665503489626760869e-02
5.785003179207291041e-02
5.848291834462235328e-02
5.847106666717636486e-02
5.792202391188019939e-02
5.684628671970558961e-02
5.525294370495971441e-02
5.330429712415718502e-02
5.098645757066055939e-02
5.095192676873177423e-02
5.123793133745820072e-02
5.133145573743583961e-02
5.127558708074789195e-02
5.103243790347176956e-02
5.061271577535828015e-02
5.002863778884924367e-02
4.929362851846862820e-02
4.846049021108584515e-02
4.751124836900824655e-02
4.645203202508708940e-02
4.529819265059992911e-02
4.406507161248277710e-02
4.276780259430652126e-02
4.142113692582601037e-02
4.006244921433910894e-02
3.867889396348005854e-02
3.728270625785909398e-02
3.588596616882600010e-02
3.449985953408978706e-02
3.324082955965804165e-02
3.353133326550099963e-02
3.373306888501111794e-02
3.384817651842937647e-02
3.389576006621674437e-02
3.387046449958840133e-02
3.376812559299503802e-02
3.359287983371386094e-02
3.334921917375355260e-02
3.304191527723585736e-02
3.267594846468353104e-02
3.225644165739900704e-02
3.178859952354017721e-02
3.128962597199012180e-02
3.075739177249361619e-02
3.019101880193635415e-02
2.959552107935677426e-02
2.897578207389176971e-02
2.833652371541064974e-02
2.768228004641973272e-02
2.701737527399653352e-02
2.634590595787132672e-02
2.567172705852498876e-02
2.499844155647041113e-02
2.432939335126374156e-02
2.366766314872404200e-02
2.360370952917604029e-02
2.361915092217372128e-02
2.356914482267656250e-02
2.346588983445636531e-02
2.329811536955066556e-02
2.306870566371320083e-02
2.278131034978634478e-02
2.244022539051015314e-02
2.205027501294863981e-02
2.161669655109225985e-02
2.114502981596028466e-02
2.064101233125409385e-02
2.011281939851515890e-02
1.995447445031089603e-02
2.011214789185895857e-02
2.025974075352167739e-02
2.039608527951029468e-02
2.052017268262608385e-02
2.063114646495082041e-02
2.072829526588266733e-02
2.081104534523581240e-02
2.087895279972298498e-02
2.093169560107431895e-02
2.096906553680749630e-02
2.099096012566813857e-02
2.099737457088790213e-02
2.098839380912320349e-02
2.096418470256295602e-02
2.092498841753226424e-02
2.087111302586841521e-02
2.080292635846412233e-02
2.072084913631090652e-02
2.062830296828406171e-02
2.052501444856968602e-02
2.040925621901876902e-02
2.028158164877810407e-02
2.014256902684107356e-02
1.999281657163620371e-02
1.983293777165540811e-02
1.966355705396808512e-02
1.948530577624468796e-02
1.929881853532108490e-02
1.910472978444163750e-02
1.890367074901550676e-02
1.869626663137306452e-02
1.848313409247391570e-02
1.826487899890976221e-02
1.804209442255085005e-02
1.781535888015647537e-02
1.758523479979888157e-02
1.735226720119941585e-02
1.711698257640213716e-02
1.687988795849997350e-02
1.664147016478672789e-02
1.640219520270935066e-02
1.616250782552872134e-02
1.592283122645227547e-02
1.568356685902495481e-02
1.544509437420160322e-02
1.520777166141921641e-02
1.497193498556405669e-02
1.473789920901080915e-02
1.466726988424720511e-02
1.468807823716493551e-02
1.470495181375830289e-02
1.471785311096600844e-02
1.472675983342730185e-02
1.473166387291570921e-02
1.473257031596550762e-02
1.472949648119741169e-02
1.472247098816551435e-02
1.471153285881520584e-02
1.469673065271755348e-02
1.467812163651637317e-02
1.465577098827268790e-02
1.462975103685926204e-02
1.460014053637127135e-02
1.456702397556729374e-02
1.453049092221918304e-02
1.449063540138219135e-02
1.444755530769705094e-02
1.440135185083990001e-02
1.435212903317714499e-02
1.429999315923407947e-02
1.424505237582897321e-02
1.418741624190993263e-02
1.412719532756919957e-02
1.406450084057974878e-02
1.399944427986452369e-02
1.393213711501149234e-02
1.386269049016423775e-02
1.379121495188566533e-02
1.371782019957029468e-02
1.364261485749479301e-02
1.356570626726482515e-02
1.348798072843829590e-02
1.340932286502839570e-02
1.332923365544290938e-02
1.324781341976872216e-02
1.316516052181446877e-02
1.308137125834838918e-02
1.299653976252770210e-02
1.291075792031758790e-02
1.282411529947200153e-02
1.273669908978423623e-02
1.264859405439412374e-02
1.255988249104035906e-02
1.247064420259758923e-02
1.238095647625363574e-02
1.229089407094304150e-02
1.220052921180548276e-02
1.210993159179034676e-02
1.201916837929602015e-02
1.192830423156232729e-02
1.183740131339934207e-02
1.174651932056752085e-02
1.165571550734914065e-02
1.156504471826117625e-02
1.147455942293425062e-02
1.138430975425438509e-02
1.129434354922975552e-02
1.120470639223609954e-02
1.111544166030729169e-02
1.102659057044830769e-02
1.093819222820324386e-02
1.085028367766283780e-02
1.076289995258674324e-02
1.067607412821858746e-02
1.058983737392012701e-02
1.050421900608111171e-02
1.041924654142699531e-02
1.033494575041699753e-02
1.025134071060046677e-02
1.016845386005558842e-02
1.008630605007275818e-02
1.000491659800934949e-02
9.924303339429015047e-03
9.844482679496890931e-03
9.765469644108766903e-03
9.687277930078282834e-03
9.609919954558898691e-03
9.533406903792418854e-03
9.457748780697654289e-03
9.382954451872460230e-03
9.309031693460681836e-03
9.235987235887158087e-03
9.163826807982390979e-03
9.092555179725446760e-03
9.022176203997884364e-03
8.952692857446832228e-03
8.884107280089649852e-03
8.816420813994637479e-03
8.749634040704556970e-03
8.683746817763786374e-03
8.618758314110632271e-03
8.554667044361044526e-03
8.491470902060465481e-03
8.429167191955131908e-03
