2.758997130663959907e-01
2.770607785942550971e-01
2.776815809826624348e-01
2.792877862598668881e-01
2.828958065336643068e-01
2.865663336896117630e-01
2.870692667055805281e-01
3.023219013557314483e-01
3.110579792392197951e-01
3.406880149894798149e-01
5.536664096650959488e-01
5.331467170144225109e-01
4.428711607484707158e-01
5.121480994331123471e-01
4.295258280220263236e-01
5.867011341255495838e-01
6.727967113820187972e-01
7.277300424853132554e-01
6.135050574171497795e-01
7.966626950600714796e-01
1.025319896353164451e+00
9.786314500469893707e-01
1.253439263412090776e+00
9.146257936586907888e-01
1.004685097358797075e+00
9.376441923628031638e-01
9.988506767808796871e-01
1.161855118341254212e+00
1.308509908969230917e+00
8.204777206054542082e-01
6.171355524257440273e-01
5.394473234108829729e-01
5.178652472144467112e-01
4.586418009341214352e-01
4.079795525763717512e-01
3.786821833690762196e-01
4.543894564318860518e-01
5.336062573254999331e-01
5.488932742439598389e-01
5.850712334508165746e-01
5.527659356048350014e-01
6.669382048805478913e-01
5.524109716023493100e-01
6.184886084465947009e-01
6.947430630785951244e-01
7.154219208053722578e-01
6.631895749075424895e-01
6.918128580023564789e-01
7.073080051498595866e-01
7.594352929462521162e-01
8.311456881876799763e-01
1.087788602402364857e+00
1.065657334427017933e+00
1.049523687191377563e+00
1.017068512327490737e+00
1.193557527246844607e+00
1.106817435359616075e+00
9.535912479577781653e-01
9.102104804799568960e-01
9.381805903357963716e-01
9.883189111593554399e-01
1.061231445442081922e+00
1.192139207754764341e+00
1.317870178305451612e+00
1.309248356070275010e+00
1.201125482817081647e+00
1.350817863932057827e+00
1.480757587853407165e+00
1.595923618097092378e+00
1.533035736485549361e+00
1.371007788130173433e+00
1.268925142503529280e+00
1.317885355511032586e+00
1.426385509059175716e+00
1.508502649853664002e+00
1.554459057425401802e+00
1.609549530857991906e+00
1.626645680718525222e+00
1.563088323777540367e+00
1.452895895999755993e+00
1.358019275433635320e+00
1.235211774087492387e+00
1.102132907075990875e+00
9.596450293581607616e-01
8.271227384477037869e-01
7.198549042382869079e-01
6.415931799953565884e-01
5.860078724679588236e-01
5.444882835080236960e-01
5.110479046979971018e-01
4.845506866502901078e-01
4.672658794239649138e-01
4.609758982001963545e-01
4.639729792891442162e-01
4.700069207825990358e-01
4.709720351360365820e-01
4.817983686583460212e-01
4.878692672286403242e-01
4.754118851948620494e-01
4.420449753415659488e-01
4.204761093613317846e-01
3.907403099864164564e-01
3.665156400673592052e-01
3.653131306826116198e-01
3.589231398179100196e-01
3.473155575771311732e-01
3.430878417409430337e-01
3.336312234365648721e-01
3.181927929214193873e-01
2.972582921501475961e-01
2.803338321952923984e-01
2.730467267539379295e-01
2.640221735496272037e-01
2.691521363849056492e-01
2.656489342197415060e-01
2.560710194476807366e-01
2.426447106404908682e-01
2.271760196934212994e-01
2.113166935823505288e-01
1.962151309007198752e-01
1.823365379066823333e-01
1.733018869153920560e-01
1.682590287794952233e-01
1.638004608087333391e-01
1.598678928170030877e-01
1.564830578712503306e-01
1.534200555370915653e-01
1.505811006821469178e-01
1.478389384737712753e-01
1.450587578267224786e-01
1.422613755905323407e-01
1.392912749286677188e-01
1.363032924531945300e-01
1.331002936628205846e-01
1.299044252242617659e-01
1.265477376076165339e-01
1.231188228331280693e-01
1.196535431980389474e-01
1.160384377485271512e-01
1.124206065781362118e-01
1.094428117496579339e-01
1.094269663136411413e-01
1.094565085680023891e-01
1.094289414541543687e-01
1.094300476187249072e-01
1.093493986649900912e-01
1.092077635845518646e-01
1.089741075689898558e-01
1.085543344081389000e-01
1.079011068423724323e-01
1.070210024809652299e-01
1.057676335430659531e-01
1.040990659322360845e-01
1.020456988215581590e-01
9.946330332077202296e-02
9.638942185584147004e-02
9.389798637392057779e-02
9.511170606878480149e-02
9.550387874435507796e-02
9.497193003759447916e-02
9.365580138691452505e-02
9.144661648294201417e-02
8.842974745100719292e-02
9.283197671676626794e-02
9.612348906639307800e-02
9.777756282482365224e-02
9.775168690389954285e-02
9.609060693464503700e-02
9.291868520297691392e-02
8.842706804391115005e-02
8.285579723242902928e-02
7.868428851358053033e-02
8.167540799075932723e-02
8.302979333997655143e-02
8.282949480110167462e-02
8.129984266292364370e-02
7.872744647784249428e-02
7.543153918423523008e-02
7.175253299703951426e-02
6.801274108475756364e-02
6.444398775258473877e-02
6.131794474714900162e-02
5.875244575174225908e-02
5.683999116385551886e-02
5.559400005855991145e-02
5.493568108780728931e-02
5.472403934827897720e-02
5.478893507300848509e-02
5.497941079822961374e-02
5.511396111811340398e-02
5.506407106408590935e-02
5.477201311515203508e-02
5.440561669326662159e-02
5.449725586789193332e-02
5.609967310581544242e-02
5.741700783248927797e-02
5.832451245950017599e-02
5.885743808775059649e-02
5.890341077446654278e-02
5.850300037779584267e-02
5.791933610816824007e-02
5.721666104771364753e-02
5.606964279952376257e-02
5.466168527495004342e-02
5.294856344658796510e-02
5.082468629509864777e-02
4.835617581670513532e-02
4.562182353427990389e-02
4.276129750297531784e-02
4.159044910269313333e-02
4.221101134369110303e-02
4.269104832557350099e-02
4.302522890299723124e-02
4.321877211362794985e-02
4.328399725940424575e-02
4.325518513639053236e-02
4.310827065254743684e-02
4.285261968695285723e-02
4.249809852758915790e-02
4.207554662644534538e-02
4.158459545073430602e-02
4.102320388353653674e-02
4.040125003907676232e-02
3.972831153248500280e-02
3.902159498080546435e-02
3.829542107261373757e-02
3.754215014047586341e-02
3.676942517523906079e-02
3.598429761725142201e-02
3.519320967470743189e-02
3.440198813431040448e-02
3.361584791250787907e-02
3.283940371181175849e-02
3.208077761478721202e-02
3.134242566275807079e-02
3.062294472600901596e-02
2.992489464024718562e-02
2.925036498226114487e-02
2.860100772045538406e-02
2.797807056257465078e-02
2.738243042375633485e-02
2.681462653930468884e-02
2.627489284372400841e-02
2.576318931681413973e-02
2.527923207384307272e-02
2.482252203655821790e-02
2.439237207493527224e-02
2.398793255356664739e-02
2.360821525240529642e-02
2.325211566016366360e-02
2.291843366163867635e-02
2.260589265646597776e-02
2.231315716107573621e-02
2.203884895228189200e-02
2.178156181865949573e-02
2.153987498741850165e-02
2.131236529648776121e-02
2.109761818039137052e-02
2.089423753829305896e-02
2.070085454851019330e-02
2.051613549237742140e-02
2.033878864693314248e-02
2.016757030234722289e-02
2.000128995791833342e-02
1.983881474567678743e-02
1.967907313034211042e-02
1.952105792973829121e-02
1.936382869835203205e-02
1.920651351529243864e-02
1.904831021510475578e-02
1.888848709895420488e-02
1.872638316267141376e-02
1.856140787650810767e-02
1.839304055077573344e-02
1.822082932053348953e-02
1.804438978194260190e-02
1.786340331219965841e-02
1.767761510338513448e-02
1.748683194163497268e-02
1.729091976035993655e-02
1.708980099673829828e-02
1.688345177953663734e-02
1.667189897524470193e-02
1.645521711895002806e-02
1.623352525494640639e-02
1.600698371130655426e-02
1.577579083158808793e-02
1.554017968487975652e-02
1.530041477562714934e-02
1.505678877149383907e-02
1.480961926796833458e-02
1.455924560561847395e-02
1.437341250187912887e-02
1.434494302898971924e-02
1.430873465392884861e-02
1.426463484622894455e-02
1.421253413121066102e-02
1.425896873191048048e-02
1.430559546536242822e-02
1.434949817924044066e-02
1.439036326138877497e-02
1.442789898369196966e-02
1.446183585882375618e-02
1.449192686388691906e-02
1.451794753896037786e-02
1.453969596784063407e-02
1.455699264913608466e-02
1.457096995898037733e-02
1.458165954361793047e-02
1.458752394403107014e-02
1.458846361329711738e-02
1.458439949110162427e-02
1.457527240498599982e-02
1.456104241443210122e-02
1.454168810377223266e-02
1.451720583227859504e-02
1.448760894641290195e-02
1.445292696213850911e-02
1.441320472230863022e-02
1.436850153525828268e-02
1.431889030019961422e-02
1.426636957337976998e-02
1.421014424969144901e-02
1.414925856820745467e-02
1.408382709547961915e-02
1.401397383259911714e-02
1.393983135671327325e-02
1.386153997638352869e-02
1.377924690455710303e-02
1.369310545107671126e-02
1.360327423722305917e-02
1.350991643450631489e-02
1.341319902909008863e-02
1.331329211389190026e-02
1.321036820892291554e-02
1.310460161157209376e-02
1.299616777704403967e-02
1.288687361103667446e-02
1.277581872790363796e-02
1.266254605923411262e-02
1.254722987192659345e-02
1.243004313995514296e-02
1.231115710548779350e-02
1.219074087138283941e-02
1.206896102381227812e-02
1.194598128541931974e-02
1.182196219726415302e-02
1.169706083025907548e-02
1.157143052361051493e-02
1.144522065122763853e-02
1.136450817153149273e-02
1.138823035774295944e-02
1.140651243616366654e-02
1.141935336145155459e-02
1.142685114858795273e-02
1.142911495848489278e-02
1.142626413094902267e-02
1.141842723560632447e-02
1.140574114446160463e-02
1.138835012878977246e-02
1.136640498245327854e-02
1.134006217348987842e-02
1.130948302656185206e-02
1.127483293694839760e-02
1.123628061747602991e-02
1.119399737962212434e-02
1.114815644905094161e-02
1.109893231679256499e-02
1.104650012542182994e-02
1.099103509119213687e-02
1.093271196143589565e-02
1.087170450744153610e-02
1.080818505224684194e-02
1.074232403287174800e-02
1.067428959601243905e-02
1.060424722748098091e-02
1.053235941320460924e-02
1.045878533202510181e-02
1.038368057884714486e-02
1.030719691671588313e-02
1.022948205790152020e-02
1.015067947149224728e-02
1.007095293897149364e-02
9.991553466616747217e-03
9.911417477347425967e-03
9.830670939840933931e-03
9.749435051239249694e-03
9.667826176501919874e-03
9.585955807080239616e-03
9.503930537339480913e-03
9.421852057752581888e-03
9.339817164069291397e-03
9.257917780472725566e-03
9.176240996674562764e-03
9.094869117127715730e-03
9.013879721592779268e-03
8.933345736232587569e-03
8.853335514173546125e-03
8.773912924129252319e-03
8.695137447034014325e-03
