0.000000000000000000e+00
9.975903304870695945e-09
5.298229180570356378e-08
1.620496506984607208e-07
4.749329498978012256e-07
8.897242192504333447e-07
1.897894004980024666e-06
3.160149657462849783e-06
4.930577043452134868e-06
7.016216684071458887e-06
9.259462452005804491e-06
1.109988225296015654e-05
1.240977855317975626e-05
1.265862785192985640e-05
1.102098655680311001e-05
8.440099964737951370e-06
1.730913220184906353e-06
-6.678069417487474216e-06
-1.848664384139846490e-05
-3.331193775170397306e-05
-4.964559140520671116e-05
-6.780412930516643106e-05
-8.555813652280812374e-05
-1.025030823758136671e-04
-1.180307141918215746e-04
-1.328496889893307454e-04
-1.457880195667331561e-04
-1.571937925879390169e-04
-1.655344504967518591e-04
-1.668896226808597627e-04
-1.647520520026152918e-04
-1.511554403227108410e-04
-1.376105531910672597e-04
-1.241691151559454448e-04
-1.223651080594073811e-04
-1.263798164321611932e-04
-1.504047406741199696e-04
-1.730610189859106511e-04
-1.929800054373648178e-04
-1.864714668470016058e-04
-1.667491657357299077e-04
-9.140482040075910810e-05
-3.480208150621983353e-06
1.096049379298494450e-04
2.247797215631602797e-04
3.409993239728908651e-04
4.363890542477877658e-04
5.231020340082676717e-04
5.924615127399135341e-04
6.453928728301453486e-04
6.901101735996698679e-04
7.085959309524011204e-04
7.180486944022413222e-04
7.094354700462999650e-04
6.847248904755939228e-04
6.519656332975055923e-04
5.952460754164194331e-04
5.298783645727930813e-04
4.472143478040876995e-04
3.599034431399148587e-04
2.702690945280086950e-04
2.355490264865552086e-04
2.464340836304730630e-04
3.485293911451350360e-04
5.646941159002168576e-04
8.378935492755076007e-04
1.219520783744368212e-03
1.593246591911892098e-03
1.951169547476742754e-03
2.214416949719334726e-03
2.430326575300795731e-03
2.456648627410479985e-03
2.421817505204772267e-03
2.264680034368277573e-03
1.990534253659302297e-03
1.657884318014088247e-03
1.142732904312691606e-03
5.701559901985390815e-04
-1.172719247411216316e-04
-8.801586886075066533e-04
-1.680774876937252962e-03
-2.495811584782865050e-03
-3.279940655565228690e-03
-4.002254452221095868e-03
-4.591786045108577075e-03
-5.114926536111875054e-03
-5.315664273856853320e-03
-5.363845044313039247e-03
-5.106911880191634424e-03
-4.495573426453675428e-03
-3.707032327907442380e-03
-2.493664600560509780e-03
-1.255253086389846676e-03
3.324600142827439583e-05
1.047299899119477889e-03
1.924131201747216087e-03
2.034194393354023852e-03
1.897225471756688832e-03
1.266192323751056965e-03
4.034423758661813365e-04
-5.751659719583148171e-04
-1.461873397679693248e-03
-2.274108411896834728e-03
-2.937398603105508162e-03
-3.577065732519538448e-03
-4.204921331036248246e-03
-4.925832507442547831e-03
-5.581219361717174553e-03
-6.105557571728462488e-03
-6.107240876223688983e-03
-5.847596727960900805e-03
-4.471837787179443365e-03
-2.837818139460938222e-03
-6.872770778683563210e-04
1.427558604989334016e-03
3.524541598479561874e-03
4.866034544743892340e-03
5.903661324346259204e-03
6.333555770624596515e-03
6.339585640968719953e-03
6.133683223345728214e-03
5.639045372792008716e-03
5.139896682502987854e-03
4.631726312743363397e-03
4.318250604025973376e-03
4.102122225829703608e-03
4.497901231350686334e-03
5.113675356993866578e-03
6.169439722881425378e-03
7.372053624906982003e-03
8.648092295001531468e-03
9.437570958184329784e-03
9.904037506530181598e-03
9.724479825202164696e-03
8.878986834406741788e-03
7.700526188877638428e-03
5.706176131615869548e-03
3.467379454663139203e-03
7.396895383285028401e-04
-2.446710326913312337e-03
-5.862465166608709331e-03
-9.623051475303120300e-03
-1.324938557981249557e-02
-1.660721527595161381e-02
-1.915250885377370663e-02
-2.129153437243727631e-02
-2.177488259973503829e-02
-2.173939218320488503e-02
-2.066622447901893256e-02
-1.888726821178672924e-02
-1.675541766303138488e-02
-1.425822890012935773e-02
-1.185842552192498817e-02
-9.653392913115921639e-03
-7.823931691458913679e-03
-6.182256163377922858e-03
-4.722822927373185840e-03
-3.067742106008622491e-03
-1.021366113924419925e-03
1.654625106278167319e-03
4.645423940539926411e-03
7.951134909416481683e-03
1.095695727801014596e-02
1.336300244603804907e-02
1.469020160693057346e-02
1.547797776425541803e-02
1.500840071940002726e-02
1.441139296186010575e-02
1.355952377895107940e-02
1.273503645258605189e-02
1.192424005449302382e-02
1.098903469213907691e-02
1.002240663690823728e-02
8.992933195923608763e-03
8.391159131234851576e-03
8.003234754694034392e-03
9.058575282116964472e-03
1.052059539809811414e-02
1.279597469119567871e-02
1.497327559578272640e-02
1.710153730611451914e-02
1.768339480172120143e-02
1.762447321366601705e-02
1.628399345828714095e-02
1.400183866254469355e-02
1.124884634662047349e-02
7.664065607265364150e-03
3.984522572631611290e-03
1.154549474405791934e-04
-3.063007634709464209e-03
-5.896167695338960790e-03
-5.355601575361250595e-03
-3.072049086149292868e-03
2.697476141531429672e-03
1.139146236784878419e-02
2.154767909348450500e-02
3.207932318085705836e-02
4.111833670637960597e-02
4.717208910820225309e-02
4.862979074922698514e-02
4.778946700985267637e-02
4.133676717567460329e-02
3.409624056864177938e-02
2.528006041589858643e-02
1.652860341412426895e-02
7.809507987834187100e-03
-2.394665982976022442e-04
-8.122023773514567418e-03
-1.567174612690294677e-02
-2.246669233669600085e-02
-2.888425047469181731e-02
-3.275794448369426931e-02
-3.555467625090540096e-02
-3.619748353453353107e-02
-3.542867345480053831e-02
-3.395405469338704657e-02
-3.248813056755193995e-02
-3.143168856852190940e-02
-3.119421082310185056e-02
-3.137121954623744990e-02
-3.175547150365087140e-02
-3.152461534845633906e-02
-3.114200684465103994e-02
-3.045589364362425583e-02
-3.080465124781340755e-02
-3.167084425461050290e-02
-3.600726605959143900e-02
-4.131093243089884598e-02
-4.854908793485978452e-02
-5.560985718589114835e-02
-6.258193331045804053e-02
-6.614827847323768995e-02
-6.846094558446938483e-02
-6.826625659260533718e-02
-6.711532515712075042e-02
-6.548627249982577614e-02
-6.446819697577343966e-02
-6.335906461854326488e-02
-6.206781859495754533e-02
-5.846646470864487466e-02
-5.371005689096897129e-02
-4.332885224053204670e-02
-3.154697121709813118e-02
-1.696373744766883906e-02
-2.314785699826378898e-03
1.236702503722363587e-02
2.372093416959338008e-02
3.384749867035207610e-02
4.151937390788734694e-02
4.809610374735032168e-02
5.412526088777671468e-02
6.041015877740400775e-02
6.685325501747876875e-02
7.361274795844925667e-02
8.019422538055698269e-02
8.668669504323374408e-02
9.274475747872749920e-02
9.885048962760784041e-02
1.050515612032616036e-01
1.112255904354942787e-01
1.173860984960168191e-01
1.212677449619356806e-01
1.232314922813791680e-01
1.213594413078716988e-01
1.142411002933764463e-01
1.044996142583877879e-01
8.809807724386309324e-02
7.076439276703025416e-02
5.156641336557894750e-02
3.304242764853011771e-02
1.485543877368124960e-02
-6.219189286450887283e-04
-1.515627537393359273e-02
-2.780462930514449038e-02
-3.816302386410733855e-02
-4.737643873694547675e-02
-5.137984390193080231e-02
-5.334378895787902919e-02
-5.122881379575361382e-02
-4.672632044538736762e-02
-4.103006800090064354e-02
-3.734379125301030833e-02
-3.586287951956518977e-02
-3.879269781501034492e-02
-4.576241991782674379e-02
-5.475209392432937860e-02
-6.403714349254871485e-02
-7.125628327398515760e-02
-7.434360348185485579e-02
-7.176816419177174666e-02
-6.636134515271240042e-02
-5.538031380237117690e-02
-4.418913912397830906e-02
-3.257767778948068849e-02
-2.261038251948084554e-02
-1.346517028172912467e-02
-6.839985484313923850e-03
-5.878304198874324555e-04
4.918265178560810025e-03
1.019671010494243267e-02
1.536132969529039466e-02
1.959371776629252257e-02
2.306510539896578643e-02
2.501449215498188772e-02
2.479440571659543083e-02
2.348958268100770352e-02
1.944116866369569735e-02
1.533015730485352487e-02
1.109395126295158879e-02
9.287959555437735881e-03
8.697075015117976607e-03
1.450305770679392349e-02
2.213439048616442154e-02
3.341642344092300709e-02
4.496766432937711333e-02
5.665350918467820795e-02
6.220794941373827824e-02
6.445575814257034630e-02
6.009030387094714543e-02
5.016046267744404819e-02
3.744842802300070439e-02
2.241771473094340134e-02
8.860053716981198049e-03
-1.751502740789006793e-03
-7.179872378824040183e-03
-1.001664860699112529e-02
-7.053362990417016282e-03
-4.146609608307583010e-03
-1.352920695127109597e-03
-2.746954369611075922e-03
-6.234849337927456624e-03
-1.829931603818134647e-02
-3.225218960945272495e-02
-4.998187692275646299e-02
-6.745983906603586489e-02
-8.481193862430387587e-02
-9.636696964970251078e-02
-1.052451499052629580e-01
-1.087696286211458918e-01
-1.076281559480030264e-01
-1.041537075803473378e-01
-9.661334453299480485e-02
-8.888250262178884475e-02
-8.077070298287505890e-02
-7.415227824174032423e-02
-6.828054094949471964e-02
-6.510413391400224348e-02
-6.178459793392973576e-02
-5.817880406469761595e-02
-5.061858078556918938e-02
-4.108114280149310904e-02
-2.157350524849319801e-02
9.434475889280313776e-04
2.947903099519450995e-02
6.017789924104080534e-02
9.195840990667872306e-02
1.198744630405171041e-01
1.447496520004925846e-01
1.635431126127401824e-01
1.741582053960072651e-01
1.806841142647841181e-01
1.728623129536421554e-01
1.601735451087441531e-01
1.377508441963357644e-01
1.082285173778729792e-01
7.515637760638496645e-02
3.991506254661544850e-02
7.030770708132265054e-03
-2.113947468778296090e-02
-4.116565737467568764e-02
-5.711980870705850311e-02
-6.105464560162311011e-02
-6.189914654095564350e-02
-5.656297556982393254e-02
-4.686450898242019297e-02
-3.498489458688108789e-02
-1.992011367277515127e-02
-5.608574866482451612e-03
7.196479724185776000e-03
1.477953410267374840e-02
1.975158837507205375e-02
1.590818865859838088e-02
1.091915663408071953e-02
3.638859993476208782e-03
-1.147666994032486626e-03
-4.687309154993347764e-03
-2.136489354350603210e-03
1.200657887018453636e-03
6.110460009839691412e-03
9.707292687920483776e-03
1.264764064363081350e-02
1.411879329110048847e-02
1.643927505656981800e-02
2.045841505803865090e-02
2.707616934565177172e-02
3.499323077633729323e-02
4.260244964868770134e-02
4.837299112579385857e-02
5.046617781241073686e-02
4.916930926812631414e-02
4.617741310839132418e-02
4.441451686443126379e-02
4.469887292289735636e-02
4.907773358621514426e-02
5.536478441844358556e-02
6.260593033512723560e-02
6.299194913009502350e-02
5.873392021901220617e-02
4.518779589583071798e-02
2.412263719467843889e-02
-7.020386954587249945e-04
-2.665066719304920104e-02
-5.016222579572509471e-02
-6.879964460857772302e-02
-8.269816861711724865e-02
-9.422724522350156562e-02
-1.055099072928752935e-01
-1.184371373414730422e-01
-1.346535033485192490e-01
-1.524975552107868948e-01
-1.711554500006629842e-01
-1.844164986664241224e-01
-1.941309360332891532e-01
-1.967521508023612753e-01
-1.938804630618301272e-01
-1.882623240664978159e-01
-1.811069059299288131e-01
-1.743411985100000727e-01
-1.683549125233535226e-01
-1.594728803475804202e-01
-1.491429750772442497e-01
-1.256391070645014041e-01
-9.681744629070637709e-02
-5.736019999480559961e-02
-1.223947885167440963e-02
3.571297971507550462e-02
7.970777407573709228e-02
1.195792764331128355e-01
1.512041947839191658e-01
1.742642477011236701e-01
1.930418679015295236e-01
2.028606347756984618e-01
2.107170411734779480e-01
2.146487266184780029e-01
2.155656327227058744e-01
2.149751491565473349e-01
2.117523257840279449e-01
2.084380999095009068e-01
2.049410690309583227e-01
2.007967815084670538e-01
1.963288656640013730e-01
1.854386712952279248e-01
1.704959287348865871e-01
1.474480897914145494e-01
1.169479034652362720e-01
8.272154344770538126e-02
4.639239185682519917e-02
1.287910136984117722e-02
-1.500246690935849031e-02
-3.432804810226406517e-02
-4.937563575202357641e-02
-5.399812275331349748e-02
-5.636413802952632002e-02
-5.421720985558615286e-02
-4.849078538395251020e-02
-4.097461276347169612e-02
-3.033080448114152880e-02
-2.113133283135260054e-02
-1.482053444664653725e-02
-1.819847010601532977e-02
-2.642077278742175142e-02
-5.315381247061082282e-02
-8.335680934241974926e-02
-1.204997205914725977e-01
-1.542456480665947982e-01
-1.862930836547535551e-01
-2.014827834792402572e-01
-2.105707137766016923e-01
-2.074551050197118718e-01
-1.958578793960683295e-01
-1.800198453390484954e-01
-1.568138268551737824e-01
-1.321046698026960842e-01
-1.043892356130090848e-01
-7.644525645046679196e-02
-4.838700480149507599e-02
-2.812471432753352665e-02
-1.314342583649825633e-02
-8.724141311312718153e-03
-1.527651172924899756e-02
-2.731470961874652575e-02
-4.676198998379414024e-02
-6.445097413650573148e-02
-7.862336586454482523e-02
-8.400854690701851923e-02
-8.500012260670820885e-02
-7.243579371076776241e-02
-5.636118132114460028e-02
-3.326600194415305078e-02
-4.281606255355115825e-03
2.764739758934664157e-02
6.749861239190585449e-02
1.085090837823973753e-01
1.518380683487423055e-01
1.912927298673830490e-01
2.288102298621719488e-01
2.516163715988946614e-01
2.690600661684688921e-01
2.757788664037530979e-01
2.764908611045394649e-01
2.741994530380770789e-01
2.710445168446204423e-01
2.678525506366184472e-01
2.645865243995257354e-01
2.565862721753339737e-01
2.462189069575921596e-01
2.224581552793197803e-01
1.950032589534354266e-01
1.601600733323262082e-01
1.240310821555887372e-01
8.725918820104187901e-02
5.498691345574997780e-02
2.341846744481314649e-02
-6.742321097416022202e-03
-3.962068671869863057e-02
-7.385784087950912624e-02
-1.116492040127064350e-01
-1.471906187952105038e-01
-1.782321368763192249e-01
-1.975796867800964918e-01
-2.110802525952087672e-01
-2.077679178087877276e-01
-2.033025117934207093e-01
-1.965309633201617889e-01
-1.969919002996605717e-01
-2.010690800055393301e-01
-2.188123527086482945e-01
-2.378457780169040969e-01
-2.594595085354528541e-01
-2.749562734559831689e-01
-2.873945555775057059e-01
-2.832399669629095396e-01
-2.733052001360803396e-01
-2.518100768847834625e-01
-2.203931556538855641e-01
-1.840153354331907076e-01
-1.373169001276996481e-01
-8.990722827039658582e-02
-4.107508330946495201e-02
2.262823674930958956e-03
4.285361167106154640e-02
6.881051629947215753e-02
9.066592933145260769e-02
1.043183591705679480e-01
1.151038106421395646e-01
1.244557729299395066e-01
1.349367631289605240e-01
1.453097985182271734e-01
1.554669242879870295e-01
1.625529811618053322e-01
1.681035035876531358e-01
1.686556256372617468e-01
1.690775174957784011e-01
1.692389489721111417e-01
1.721802540651032609e-01
1.765114959664252359e-01
1.852326575660341312e-01
1.944160222156328388e-01
2.045237929652113651e-01
2.136361309530975527e-01
2.222507525601363221e-01
2.268062111109458157e-01
2.284697791424362689e-01
2.243495661352875592e-01
2.104122915430521601e-01
1.915664861582739298e-01
1.558720139452360043e-01
1.166136418247349787e-01
7.022746988931918843e-02
2.444504313608123272e-02
-2.103551102606781784e-02
-5.665240134680173123e-02
-8.853892376503377792e-02
-1.129647103782703693e-01
-1.323827423574889806e-01
-1.492968970197000311e-01
-1.617195491593683698e-01
-1.729419157434435306e-01
-1.817637112163329460e-01
-1.894714255429158778e-01
-1.966220992963462755e-01
-2.065619637022177435e-01
-2.184195996043414023e-01
-2.341127784989699701e-01
-2.512566416587365681e-01
-2.691258469510700579e-01
-2.802605732114010761e-01
-2.869329083820874038e-01
-2.846804613734829070e-01
-2.744065710789136969e-01
-2.601219591413626020e-01
-2.401442286040494922e-01
-2.191760662004048066e-01
-1.962270400641028256e-01
-1.680937233219286786e-01
-1.373682612768188094e-01
-9.280122448140225300e-02
-4.457343626854451402e-02
1.097585477920155761e-02
6.440807515831260821e-02
1.167817602031092777e-01
1.502213388980296604e-01
1.759463765320520290e-01
1.862423320442824770e-01
1.883121037140407517e-01
1.862687834625637029e-01
1.875012591583903043e-01
1.919269990933125392e-01
2.027392675064269012e-01
2.150954649628530890e-01
2.282236269409336493e-01
2.320910017551548743e-01
2.317631583426716102e-01
2.230448784767774528e-01
2.110680811493976239e-01
1.974620250912747510e-01
1.886486510562837560e-01
1.819624844457031210e-01
1.795307326839443718e-01
1.770009284607934608e-01
1.744220980069464688e-01
1.659736236095534223e-01
1.560949414360970622e-01
1.433558437105133532e-01
1.312217826857579595e-01
1.193902400114157381e-01
1.085576385151317408e-01
9.563651830523398067e-02
7.853836066810976346e-02
5.277287433501071101e-02
2.267372365392882755e-02
-1.742405310732470652e-02
-5.669131970315089558e-02
-9.429756596812216562e-02
-1.221552226291085508e-01
-1.451385844880981324e-01
-1.509751242170900010e-01
-1.534964275532869626e-01
-1.493872581038928893e-01
-1.451390985318049276e-01
-1.408214438983698968e-01
-1.421911683837451812e-01
-1.457671685088236246e-01
-1.537557199133067765e-01
-1.646136653183121468e-01
-1.769063077235784598e-01
-1.889020464561237400e-01
-1.986911622791517062e-01
-2.040670322831484307e-01
-2.012603952989152067e-01
-1.943625048205657180e-01
-1.736681291610968070e-01
-1.496148398630960941e-01
-1.188437232880335398e-01
-8.572015519056708222e-02
-5.142036133190364816e-02
-1.995304125031632791e-02
8.780240197118469037e-03
3.204544437624746306e-02
4.685932710305391186e-02
5.744754910369654494e-02
5.378076945635153205e-02
4.688207926947423471e-02
3.351956800353032839e-02
2.054441849782227825e-02
7.762949872231554235e-03
5.066590952491947450e-03
6.056091884010777332e-03
1.441731251804523328e-02
2.432575950232080883e-02
3.500781966171683662e-02
3.706531501498983028e-02
3.507239714419208704e-02
2.497865282525539576e-02
1.145450430410845447e-02
-3.784846318144137033e-03
-1.230230576772810280e-02
-1.599468323159127653e-02
-1.003689672401544136e-02
4.684849294212561910e-03
2.378857506776394307e-02
4.766115066174544945e-02
7.016204931149022661e-02
8.991959407276117755e-02
1.046191692616453006e-01
1.167897596643337060e-01
1.244115168292292822e-01
1.322336420996399753e-01
1.404565035810817208e-01
1.497751497094266249e-01
1.596416881612233996e-01
1.657471308735709581e-01
1.680483689465411545e-01
1.627411977407570987e-01
1.479252723786234347e-01
1.283549699383156328e-01
9.934720714386301166e-02
6.993073654794786098e-02
3.969685034910272470e-02
1.181903361626420942e-02
-1.488074838357327651e-02
-3.883156908582388600e-02
-6.250389664549325930e-02
-8.561923792000031286e-02
-1.066474019168524995e-01
-1.266319772748738803e-01
-1.370452590018467753e-01
-1.425549497142902522e-01
-1.382574583976736160e-01
-1.249836524400697868e-01
-1.072216891619735268e-01
-8.361469154854750396e-02
-6.126942364694439730e-02
-4.144761516898569365e-02
-2.882470354441729957e-02
-1.980124034654270893e-02
-2.378155142907535657e-02
-3.126479096140074437e-02
-4.575388739330868426e-02
-6.338818166484307126e-02
-8.259507485619048406e-02
-9.969469119585978867e-02
-1.143079022622428276e-01
-1.239483027820577343e-01
-1.269998163148589876e-01
-1.267568863541529700e-01
-1.168513017735696158e-01
-1.043374846116875559e-01
-8.660720228720947267e-02
-6.569232297975537149e-02
-4.318514518081645326e-02
-2.012156951818284620e-02
1.664221100233263112e-03
2.089444163021405079e-02
3.578555359480946330e-02
4.850711127670992440e-02
5.448537169401550251e-02
5.842466889787754913e-02
5.828603967485199155e-02
5.382918404216180397e-02
4.721321520463957200e-02
3.373132084108630691e-02
1.898876541415891669e-02
1.724887860487529789e-03
-1.247276392706169607e-02
-2.513730283155004436e-02
-2.284455911570016512e-02
-1.369607021497751438e-02
9.163909055487438893e-03
4.325795755784504759e-02
8.296904067615219758e-02
1.277853875504775527e-01
1.696601971490973026e-01
2.056519321963073410e-01
2.291724338108090120e-01
2.464573187089531270e-01
2.427710277414756035e-01
2.339066759374448246e-01
2.146862024603062025e-01
1.916984399099878333e-01
1.668270328230823940e-01
1.449942017272205508e-01
1.249687875412887617e-01
1.085582071752160260e-01
9.275402532185390847e-02
7.725304272484631585e-02
5.636330396299794876e-02
3.319463485767037286e-02
5.468105065391179465e-03
-2.335092616432967588e-02
-5.271620811277128588e-02
-7.695708073640936120e-02
-9.906557530332464612e-02
-1.169093137567997487e-01
-1.345724423155702232e-01
-1.521452659269906804e-01
-1.775355199700390796e-01
-2.061972597011577368e-01
-2.414019708084152172e-01
-2.779047513275555437e-01
-3.150565665526312009e-01
-3.398932261108041364e-01
-3.564078552058883576e-01
-3.562784233747928186e-01
-3.369088816398198571e-01
-3.079192849529094334e-01
-2.570945291692184331e-01
-2.037517911036433871e-01
-1.453730884742943097e-01
-9.151482768235938425e-02
-3.991678780912869678e-02
-2.753381671556275057e-03
3.014445797949079700e-02
5.451116465748945261e-02
7.578173242289323874e-02
9.550423073199393320e-02
1.189624520900048610e-01
1.445548394567575945e-01
1.744155588409928570e-01
2.051537174016703213e-01
2.363305955505689560e-01
2.591291943486679905e-01
2.765420771768928865e-01
2.831835280653600684e-01
2.789350054105822485e-01
2.692414959841847866e-01
2.512738218338978480e-01
2.342051898467493454e-01
2.189346421858772707e-01
2.097225548801806561e-01
2.035396977520725348e-01
2.043886053595845853e-01
2.048735997100569473e-01
2.046307675464504872e-01
1.980324091168444989e-01
1.882562875542404257e-01
1.643108808545476474e-01
1.355844100455813606e-01
9.729581101807054100e-02
5.185179033474792559e-02
2.830058823531521935e-03
-4.974187692596124255e-02
-1.003592428552632643e-01
-1.470674691441848370e-01
-1.850944935958607207e-01
-2.187809171289126220e-01
-2.396253306916082682e-01
-2.585823650029520082e-01
-2.737646408115818608e-01
-2.895297219532506627e-01
-3.055862057614388005e-01
-3.202277701878751270e-01
-3.308866821950103843e-01
-3.335802893635454458e-01
-3.225548722828552872e-01
-3.046699430775506867e-01
-2.690722008521352349e-01
-2.318772928199637762e-01
-1.914880531742683689e-01
-1.556247093600692799e-01
-1.220243134616171565e-01
-9.585906105884398065e-02
-6.930951140493286922e-02
-4.199136724874604626e-02
-8.841721673362969852e-03
2.722367461160940874e-02
7.081067337445655363e-02
1.139991295868683641e-01
1.563905006984097623e-01
1.919111083610108570e-01
2.239963342991408979e-01
2.414620438409307845e-01
2.542463854316080463e-01
2.576679911200531192e-01
2.537705941490311923e-01
2.462136958482776528e-01
2.313652817219696844e-01
2.150800626647153824e-01
1.959212337455691066e-01
1.744373302685516824e-01
1.517908895125934243e-01
1.242062510686883503e-01
9.467723624329711651e-02
6.125946865493464566e-02
2.620787669904629802e-02
-9.660627440604550864e-03
-4.035325313600610087e-02
-6.708797259581540662e-02
-8.590687958444236105e-02
-9.664605031683386194e-02
-1.033453529211047772e-01
-1.039383569848639916e-01
-1.045908399888196560e-01
-1.053622808731682070e-01
-1.069618027985866637e-01
-1.089753652445401982e-01
-1.084138257748624851e-01
-1.056289538829542907e-01
-9.839741714658660487e-02
-8.589410282053455692e-02
-7.075489969964174342e-02
-4.861209607594439708e-02
-2.472422790738531759e-02
2.653769350896333090e-03
3.080220617251810955e-02
5.933586277581385376e-02
8.076930858942320268e-02
9.666875349843001564e-02
1.015001965982346988e-01
9.331690807023562684e-02
7.862625372833816073e-02
5.327636765451265743e-02
2.964097493769738204e-02
9.434568934901636089e-03
-5.742277719656980334e-04
-5.484219830866154770e-03
5.714429718874456526e-04
5.390802357217678274e-03
7.737554907701834489e-03
1.585688916778786595e-04
-1.238328640760145809e-02
-3.703444875814684151e-02
-6.102562575324047695e-02
-8.369683203741781763e-02
-9.649886119801794060e-02
-1.043663017968320672e-01
-9.614429967742715855e-02
-8.573478414480203980e-02
-7.095024178573761109e-02
-5.924504681958139146e-02
-4.907952554987955046e-02
-4.826387526192543048e-02
-4.967796874387326450e-02
-5.555154976562382690e-02
-6.195187347871609906e-02
-6.861556853747909079e-02
-7.047250307877080122e-02
-6.920049782430594265e-02
-6.167061297832962530e-02
-4.579977177869810206e-02
-2.575845240224320168e-02
5.961464319449275712e-03
3.912890330348765822e-02
7.519138681221709808e-02
1.060509044063419060e-01
1.343089390431637109e-01
1.445523344882288230e-01
1.483496888770843292e-01
1.392549611535185694e-01
1.229645082258011696e-01
1.030761926960098440e-01
8.465582349088146552e-02
6.936596024599313293e-02
6.033710892158324068e-02
5.769386011264092395e-02
5.824341256143423379e-02
6.382142585361456899e-02
6.974899389640845659e-02
7.637567144042931022e-02
8.300691254460383639e-02
8.964043542885520577e-02
9.635000244920717549e-02
1.025378491844363693e-01
1.076822553494202889e-01
1.094155863149782748e-01
1.094433796808228221e-01
1.015285680159748183e-01
9.112106827000898690e-02
7.572819236180888813e-02
5.781145359494741648e-02
3.863278339875492878e-02
2.020707142303282411e-02
3.011567513797304765e-03
-1.172352026245587070e-02
-2.377375206726503598e-02
-3.448155588635291174e-02
-4.325977564719248741e-02
-5.268234401637923725e-02
-6.339360960225996766e-02
-7.812321316585701947e-02
-9.486198571831706838e-02
-1.190481445667800897e-01
-1.443192240951500227e-01
-1.717601449833331961e-01
-1.949079777053303320e-01
-2.159092663442356008e-01
-2.201429653467333325e-01
-2.175037473514368491e-01
-2.011186953605557104e-01
-1.752975328689291845e-01
-1.447583151269368762e-01
-1.137542229337974026e-01
-8.685686866704279974e-02
-6.817299025305575966e-02
-6.085810863870846216e-02
-5.922772542418254516e-02
-7.006543005014663483e-02
-8.191147275931962013e-02
-9.577419163490405452e-02
-1.060293405409185180e-01
-1.144807044621489467e-01
-1.131214285676728909e-01
-1.081685442747666731e-01
-9.602844318500206033e-02
-7.708885208971805181e-02
-5.474951599166793387e-02
-2.381677282634080822e-02
8.741953650926597569e-03
4.455264675207368241e-02
7.936107262519562222e-02
1.136683648843052619e-01
1.395140881628769147e-01
1.614114718858473130e-01
1.754121764976173392e-01
1.834955767507755742e-01
1.886203248246257624e-01
1.924114278976810088e-01
1.979196422242452402e-01
2.068620790578264701e-01
2.196267953596079126e-01
2.343026513954899748e-01
2.494974347271804171e-01
2.626413487152696735e-01
2.716835240161497023e-01
2.737541845434934284e-01
2.723390876840709462e-01
2.586466132278394947e-01
2.405569078080068424e-01
2.136727404609742864e-01
1.784918314344773604e-01
1.391625515682388958e-01
9.272582048073658989e-02
4.723508589720736700e-02
3.636344321623845299e-03
-3.245217544154795769e-02
-6.478558429851589973e-02
-8.660279155570960175e-02
-1.083563553430112597e-01
-1.299826321905288573e-01
-1.584756208456766513e-01
-1.904019654046319454e-01
-2.323495234765427797e-01
-2.734723404291689586e-01
-3.129456751432262429e-01
-3.406647779159330813e-01
-3.625067647179631147e-01
-3.596533459447128211e-01
-3.495621976317275226e-01
-3.249955902392775431e-01
-2.905017171743674576e-01
-2.510442112732299003e-01
-2.020431194260000063e-01
-1.515518436849608019e-01
-9.808020015630376787e-02
-4.722263280401449437e-02
2.327896460096789532e-03
3.752080961647219493e-02
6.588557300862761534e-02
8.059403687234670266e-02
8.331030293220695326e-02
8.003047009014099822e-02
6.722458363427892547e-02
5.404140669064527724e-02
4.010364877146865847e-02
2.929598500329928454e-02
2.005336831063641786e-02
2.067636867052156588e-02
2.626924551461938886e-02
4.180187532713990073e-02
6.763734173872289202e-02
9.862422644983848130e-02
1.366260816984296023e-01
1.720924087004062075e-01
2.024876792091347966e-01
2.203997926502888616e-01
2.320703275576589675e-01
2.246947617466459046e-01
2.135788642807362747e-01
1.949823035050355091e-01
1.734469513781864980e-01
1.504422035757582710e-01
1.236504144753300394e-01
9.502346015826142189e-02
6.272617540791300406e-02
2.862483734576203032e-02
-6.378527372289746061e-03
-3.608533645429341102e-02
-6.179339589967342006e-02
-7.950395607180824054e-02
-8.948752866662169903e-02
-9.560760747277183280e-02
-9.604759612630910104e-02
-9.621906554005779655e-02
-9.585349647422951314e-02
-9.512601981240172144e-02
-9.421758935257412704e-02
-9.117075278256256410e-02
-8.771657621328510235e-02
-8.344771964547770260e-02
-8.057770297132314796e-02
-7.840710624399464812e-02
-7.980385416428219247e-02
-8.142179639875693486e-02
-8.348212726160597619e-02
-8.299255219882285817e-02
-8.122802417322211310e-02
-7.437327591882791911e-02
-6.678406463780067748e-02
-5.772592730350779855e-02
-4.917248718362556004e-02
-4.087139567094850989e-02
-3.222564929923266153e-02
-2.201478993902958314e-02
-8.673704601852870455e-03
9.507537583033742745e-03
3.010885819177046632e-02
5.483254459197557662e-02
7.833893426038468499e-02
9.941073046520243484e-02
1.129228768209709910e-01
1.226551982522139511e-01
1.175776090232782539e-01
1.081465775416722425e-01
9.000866155473061236e-02
6.687374331640230651e-02
4.124032395238199505e-02
1.541108843745526980e-02
-8.200755450908885427e-03
-2.737781608614908019e-02
-3.939543351929410131e-02
-4.783332935139020248e-02
-4.564450906181588552e-02
-4.103054872319208957e-02
-3.156630828647062625e-02
-1.957240392538582563e-02
-6.313667602120032023e-03
9.607236236944056290e-03
2.654243376888802339e-02
4.550621868659120162e-02
6.547716102628176049e-02
8.595168207696068929e-02
1.024015401498916261e-01
1.150958789981631758e-01
1.202791793971179635e-01
1.155091312029687400e-01
1.057624087122661927e-01
8.450783981093129560e-02
6.237024678395720889e-02
3.846660550571653903e-02
1.867574213175356157e-02
9.412677099283336480e-04
-6.652930913948017569e-03
-1.145494251725912363e-02
-1.067258007944122192e-02
-7.628416035745711789e-03
-3.453351189110650220e-03
-9.463890805874856406e-04
-9.895861294548528517e-05
-2.570591427064927367e-03
-9.042742941060496337e-03
-1.751515380499306385e-02
-3.076163959460931005e-02
-4.461973675325137112e-02
-5.970105664994473926e-02
-7.372703726703629112e-02
-8.722534824432319478e-02
-9.666734567933199518e-02
-1.044496797519186976e-01
-1.089126870996620505e-01
-1.101692801070633804e-01
-1.098226659442932546e-01
-1.053279946169281001e-01
-9.987823773144795247e-02
-9.251830972974076084e-02
-8.479268254002843286e-02
-7.688420575631363385e-02
-7.125458918393148822e-02
-6.694100242231519615e-02
-6.525947528222991734e-02
-6.564087268120846752e-02
-6.705373234971948038e-02
-6.870217251728910623e-02
-6.953234481068307216e-02
-6.872598135572617617e-02
-6.583865018481742382e-02
-6.191083515593327757e-02
-5.607321467995662889e-02
-5.000752551511874339e-02
-4.348569897255850913e-02
-3.615048574317319269e-02
-2.840857917037728844e-02
-1.701416745534029690e-02
-3.504452426798962406e-03
1.423586922874993388e-02
3.662928592099424369e-02
6.134925013158688129e-02
9.011504041795248554e-02
1.182329178617704812e-01
1.450549696204783134e-01
1.663678953975429031e-01
1.849262581837873565e-01
1.920692141173531986e-01
1.959732087405387790e-01
1.933992807429654737e-01
1.875008254986169631e-01
1.799401066308788377e-01
1.710484863497016839e-01
1.616266242170875667e-01
1.511442783815998281e-01
1.375342003120474665e-01
1.223602561254635845e-01
1.005390763391451475e-01
7.726317205144345168e-02
5.107781876097134549e-02
2.589189883672209438e-02
1.205695595581682831e-03
-1.621312892488865551e-02
-3.047489502094694047e-02
-3.842254426818278445e-02
-4.149498413265517716e-02
-4.212981930574519890e-02
-4.015950129910816901e-02
-3.880846462067020358e-02
-3.869599059863110951e-02
-4.111532354602397826e-02
-4.480055997813215535e-02
-5.084542024385402259e-02
-5.645910845509480303e-02
-6.121045255737365270e-02
-6.317382333705161279e-02
-6.374320745542828848e-02
-6.098289475741623666e-02
-5.874165957586648806e-02
-5.753857942724108915e-02
-6.107460574340606296e-02
-6.698018529196496373e-02
-8.152946113914680271e-02
-9.745863777578690768e-02
-1.161476159913461259e-01
-1.322211985200051065e-01
-1.469870832052163345e-01
-1.511363627949163513e-01
-1.511472156603037298e-01
-1.428812150770680800e-01
-1.284183038163260182e-01
-1.108569372168298900e-01
-8.947474934923663192e-02
-6.845735025280635933e-02
-4.816952869871320153e-02
-3.032118743769336711e-02
-1.369258632320955252e-02
-5.947810838596301330e-04
1.194430341570255384e-02
2.336594643568955937e-02
3.484391533079688602e-02
4.635004716346645404e-02
5.804235478816362204e-02
6.926425476500783218e-02
7.954533944614639029e-02
8.774644316044431791e-02
9.490755639132249233e-02
9.884292360498761476e-02
1.022556823334951209e-01
1.046232240916881023e-01
1.072472023836508193e-01
1.099993989424985635e-01
1.137851557198523988e-01
1.175661068132388826e-01
1.213374465386906353e-01
1.237566482546553076e-01
1.254997809658762731e-01
1.231739700156468664e-01
1.190151807568011061e-01
1.111904348807248588e-01
9.943887531999448526e-02
8.572390891693811021e-02
6.698446627037231427e-02
4.720183358284703312e-02
2.533282081340332628e-02
2.975641428481837908e-03
-1.962562126418227956e-02
-4.028816133204002337e-02
-5.927725200928898874e-02
-7.491944390532129239e-02
-8.518687966114420196e-02
-9.276693734686385084e-02
-9.102077987768956990e-02
-8.696097673659244909e-02
-7.827388225164938484e-02
-6.877835802875804927e-02
-5.887861893689202986e-02
-5.370692315219938173e-02
-5.099492635583988132e-02
-5.320232753614533711e-02
-5.945251393334650275e-02
-6.772409293899606109e-02
-7.917418661811247149e-02
-9.099583636643224227e-02
-1.035605982531524055e-01
-1.158557518192319669e-01
-1.280161012249912966e-01
-1.368673660533482606e-01
-1.430989092523334560e-01
-1.440910091925765579e-01
-1.375095894499376303e-01
-1.271414098658529279e-01
-1.060569824040773768e-01
-8.303987763611594963e-02
-5.615741825578376978e-02
-2.950690225699905897e-02
-2.972357948988024572e-03
1.907239817216878006e-02
3.919267297262245264e-02
5.546398513167376254e-02
6.820863730654035118e-02
7.918995948931624451e-02
8.617113849987087515e-02
9.250411285329211697e-02
9.754067789244691422e-02
1.030240687122827431e-01
1.087308724224591433e-01
1.170010236521420582e-01
1.259991126557827579e-01
1.364530772073342946e-01
1.464146873281200190e-01
1.561301202335229898e-01
1.610616023670946584e-01
1.633652704524116150e-01
1.604133104412205912e-01
1.517660536325778908e-01
1.402711484252054386e-01
1.224233988136237128e-01
1.038894735450131557e-01
8.398319696234533838e-02
6.573922184377292699e-02
4.832639745724779529e-02
3.589052992605135106e-02
2.478816425946188395e-02
1.635280232208416451e-02
8.110396606752258430e-03
-3.553099755820108289e-05
-1.187736455244396867e-02
-2.555840348844171453e-02
-4.291785318666242743e-02
-6.308869567306653325e-02
-8.466523455356271544e-02
-1.066042324828857801e-01
-1.269913938989321034e-01
-1.442748822884140358e-01
-1.555643789056290471e-01
-1.638568796367121660e-01
-1.615502475622960787e-01
-1.564792993699750945e-01
-1.458797189418457318e-01
-1.331924225832774589e-01
-1.194612682594873576e-01
-1.074901632694840320e-01
-9.672574033410830108e-02
-8.837468150798712119e-02
-8.169388785036603429e-02
-7.584822677699457061e-02
-7.090822671411825540e-02
-6.621536115712176040e-02
-6.201676461188401768e-02
-5.863484907440423555e-02
-5.566127404080285779e-02
-5.285325541139528766e-02
-4.907564871367828263e-02
-4.335886587934292824e-02
-3.383300388647916823e-02
-2.240260231435069541e-02
-5.396232248632795714e-03
1.238887592280749766e-02
3.173146030568309295e-02
4.999554961619916138e-02
6.772039139053574741e-02
8.148133779013227995e-02
9.376625170422198119e-02
1.030991006472988109e-01
1.097169496545170458e-01
1.149772986938059349e-01
1.168372518575377522e-01
1.180302001906401721e-01
1.178891388624841580e-01
1.177504802629241176e-01
1.176130230276620919e-01
1.185583292591854132e-01
1.193905844145215223e-01
1.199967374174834012e-01
1.181427514092115716e-01
1.150586958953225269e-01
1.058941191690623701e-01
9.510500044967286348e-02
8.106679774402550387e-02
6.671138474505380889e-02
5.219736659941987683e-02
4.140659928248915933e-02
3.209470726458617251e-02
2.574056584474360143e-02
2.041970370361351206e-02
1.561548120183938598e-02
8.871295109456625583e-03
1.122787507114840228e-03
-8.634363115144462475e-03
-1.938178131203679294e-02
-3.062433329624770703e-02
-4.154808287670348765e-02
-5.229481958668048824e-02
-6.268753055570001897e-02
-7.317348585749688938e-02
-8.370606332568239494e-02
-9.380665098607821051e-02
-1.029598048530724619e-01
-1.102180911332654306e-01
-1.140524950053361797e-01
-1.161749576733464850e-01
-1.132167711870066817e-01
-1.092897500966798774e-01
-1.034250597983795567e-01
-9.693153578649364721e-02
-9.012359491781483933e-02
-8.277714677071448812e-02
-7.531994974720568337e-02
-6.764125497088396832e-02
-6.103403951081771972e-02
-5.496256370887892678e-02
-5.333955618120633790e-02
-5.329501525756957792e-02
-5.640740754200361529e-02
-5.981826689479183973e-02
-6.337835978175676566e-02
-6.105930062881873704e-02
-5.568360066045327517e-02
-4.419461906123457740e-02
-2.807882649008641013e-02
-9.649628432974731093e-03
1.035944630391955230e-02
2.947276832278152708e-02
4.679458490558244255e-02
6.133718631347153533e-02
7.449018013390623638e-02
8.340559153182175445e-02
9.090424626279158815e-02
9.556938765987081641e-02
9.783223740827969028e-02
9.889394133235304696e-02
9.850346778125265712e-02
9.841527660135004907e-02
9.893165016384308785e-02
1.000830491929276395e-01
1.015519609553077601e-01
1.012612271442648731e-01
9.945387393701385359e-02
9.461328193734741543e-02
8.670213543963464775e-02
7.725571169289624507e-02
6.557242837826221526e-02
5.384736617406381265e-02
4.203874619073669217e-02
3.043272008871136802e-02
1.892799092733688307e-02
7.851278940611558857e-03
-2.585267659189736250e-03
-1.174148348514494899e-02
-1.830655614550336444e-02
-2.357605722306421389e-02
-2.506675845981844869e-02
-2.625794018997057097e-02
-2.685008290691863128e-02
-2.900304707489043468e-02
-3.193642196837432473e-02
-3.801989793086620745e-02
-4.457653494328173149e-02
-5.207949405554104100e-02
-5.904943261715874664e-02
-6.575286090345580647e-02
-7.022290529074763643e-02
-7.354451358779602599e-02
-7.456924970435818700e-02
-7.237663638999378146e-02
-6.857534836016412894e-02
-5.979950240488662860e-02
-5.024941380119160583e-02
-3.915083990066196840e-02
-2.946684067417567471e-02
-2.049012878471068513e-02
-1.660260147844316511e-02
-1.422218478501655926e-02
-1.485598931727110002e-02
-1.667267854600026911e-02
-1.908081012296643578e-02
-2.113653310618407444e-02
-2.285088344658318255e-02
-2.388248850134540996e-02
-2.383192535817439672e-02
-2.324027811603662091e-02
-1.981707147992824505e-02
-1.536633095397419400e-02
-8.860522648331163945e-03
-1.746172651978279353e-03
5.672448189729371176e-03
1.098146756677900737e-02
1.545550712823448927e-02
1.825958705850210667e-02
2.158342813841453156e-02
2.516714979315085726e-02
3.323243968808357873e-02
4.280111751213333537e-02
5.537657119441636439e-02
6.842334164317315226e-02
8.170577047516668079e-02
9.185411406839803783e-02
1.006695166840340799e-01
1.068190373444812824e-01
1.109391459866887891e-01
1.140445486197769059e-01
1.137377357660748628e-01
1.115696717209405109e-01
1.056791052929425684e-01
9.543901777266743103e-02
8.302416970625310644e-02
6.685206381619920868e-02
5.102269018905982584e-02
3.587878108775789665e-02
2.314173601438199168e-02
1.160812295496845351e-02
2.166537939545546895e-03
-7.635698935988442793e-03
-1.815923953174440261e-02
-3.018990989291672408e-02
-4.297414513679983367e-02
-5.650163182980544319e-02
-6.966879738859282911e-02
-8.211532067894397602e-02
-9.370784704340377747e-02
-1.048733749449181352e-01
-1.152204566528197277e-01
-1.249233628311742922e-01
-1.333379179504366463e-01
-1.385136663639745247e-01
-1.420700114246505330e-01
-1.384820990665932561e-01
-1.327856437934008260e-01
-1.228721026899391999e-01
-1.112098510979037530e-01
-9.867324426158115280e-02
-8.749972943329631381e-02
-7.740901232659261333e-02
-6.948389066305657447e-02
-6.335096136027777713e-02
-5.811412823787712872e-02
-5.373367172242275724e-02
-4.897657430263284428e-02
-4.346619507417207040e-02
-3.606005186671684681e-02
-2.770602666976194894e-02
-1.536086214244195350e-02
-1.697671132105566492e-03
1.460157284426290107e-02
3.240525110827714717e-02
5.096114651611389351e-02
6.883366357182146844e-02
8.550660201926349457e-02
9.978038325017757337e-02
1.105309120442738435e-01
1.195198146199624722e-01
1.230979449845847201e-01
1.251976468636933626e-01
1.243404917717755853e-01
1.215486971542333317e-01
1.177895827738785761e-01
1.130006457564636385e-01
1.085318403002842186e-01
1.047032979665739605e-01
1.024304366729982263e-01
1.009354158994893308e-01
1.014559761666479487e-01
1.018305522837495147e-01
1.019131601007370880e-01
9.930922223342288080e-02
9.536201152395554215e-02
8.471204199674825519e-02
7.179381244631252712e-02
5.433906284942115195e-02
3.400926963005787562e-02
1.224195459945940853e-02
-1.016053297554452700e-02
-3.166212202537848491e-02
-5.136191402487645663e-02
-6.770058156452811449e-02
-8.235868687425813850e-02
-9.068792946164175306e-02
-9.691016835599777779e-02
-9.891839986429976084e-02
-9.786795114751575819e-02
-9.528816231818836024e-02
-9.125155557564100517e-02
-8.770418439922890441e-02
-8.513528435508560532e-02
-8.410814075506868603e-02
-8.385187537711454031e-02
-8.428713338364429708e-02
-8.413263820421459926e-02
-8.279863665286629759e-02
-7.951364689814176268e-02
-7.525316304172770254e-02
-6.885242120031090374e-02
-6.223134157558141838e-02
-5.516958638422665012e-02
-4.807191891485398244e-02
-4.095629530647237199e-02
-3.333083067466154070e-02
-2.540975564870204956e-02
-1.689745983443711325e-02
-8.223459275216612324e-03
5.313936564861999412e-04
8.266494053448692619e-03
1.545174915687744753e-02
2.153731367323323542e-02
2.696593336451023892e-02
3.206608064325110197e-02
3.749967270003197461e-02
4.328742102050255058e-02
4.978348186834637146e-02
5.664992827136952624e-02
6.370156745197869119e-02
6.995540516735059000e-02
7.549072185182528760e-02
7.958899647450408399e-02
8.169033138892457802e-02
8.279319644921480370e-02
8.063407020977639283e-02
7.748762770676557998e-02
7.236655267660768720e-02
6.596350561187815098e-02
5.891947252986530492e-02
5.173626095428951466e-02
4.512200662989340749e-02
3.964566680784899211e-02
3.573581222728750006e-02
3.260920026746455536e-02
3.039159083498241959e-02
2.748469834546305932e-02
2.319923974187083210e-02
1.582082777504338275e-02
6.895939126596038575e-03
-6.880687752986462159e-03
-2.143929576246638921e-02
-3.756186603172566307e-02
-5.278906961721981095e-02
-6.756858986082328600e-02
-7.821375704131625084e-02
-8.717048651380696067e-02
-9.275034057029113432e-02
-9.523091179712360466e-02
-9.616184160912887025e-02
-9.330591215336610234e-02
-8.955337333273952205e-02
-8.400761578238226390e-02
-7.774397773035550407e-02
-7.112139942749634569e-02
-6.529098280406062105e-02
-6.006158339159601428e-02
-5.603421840106744684e-02
-5.269016878355639588e-02
-4.968777685255194865e-02
-4.560302213592873355e-02
-4.056870841358452967e-02
-3.363527667980122787e-02
-2.475968686789918258e-02
-1.491301801693406537e-02
-3.643488473875225800e-03
7.503519929280737591e-03
1.840548605261907097e-02
2.831949585325585494e-02
3.773952749253658284e-02
4.520571517691271413e-02
5.191695704832465647e-02
5.711830729380635435e-02
6.066505280743336725e-02
6.338449595513113988e-02
6.384848927744717073e-02
6.381112731918979486e-02
6.277105479978610514e-02
6.127688906940156194e-02
5.955567673352721303e-02
5.762251246519748543e-02
5.570722628348346445e-02
5.382769627499876808e-02
5.229237011173759608e-02
5.092914587108718361e-02
5.060920708847665289e-02
5.058934821619014144e-02
5.116964916455189055e-02
5.153811237115273058e-02
5.180065670687342833e-02
5.016671917525934721e-02
4.769800083036698779e-02
4.355972085892070161e-02
3.836768459280052307e-02
3.264877017934616349e-02
2.691252963149673091e-02
2.141783804442298073e-02
1.640624437890238208e-02
1.146844673791561596e-02
6.567547109198397688e-03
6.591944076362434360e-04
-5.709859169053298558e-03
-1.300031449600391048e-02
-2.069528879767016868e-02
-2.859252258669144064e-02
-3.578501091752862850e-02
-4.239902553009649439e-02
-4.785609270613339766e-02
-5.187451900508759095e-02
-5.517362486550332623e-02
-5.644447876144091658e-02
-5.726013498602280927e-02
-5.716539586789242539e-02
-5.693400467994178676e-02
-5.663428745708096873e-02
-5.729373849289297327e-02
-5.834409681054439356e-02
-6.017626969187354902e-02
-6.190006568034413237e-02
-6.356967322238424312e-02
-6.280794832296716923e-02
-6.071072705273249104e-02
-5.594251304086485244e-02
-4.879602644939684541e-02
-4.046040356813244976e-02
-3.081429887605913881e-02
-2.156397010277604984e-02
-1.310519316706313178e-02
-6.215397783602701065e-03
-1.100931762706805652e-04
4.092170067838008657e-03
8.016217354957742847e-03
1.138383272810404925e-02
1.455275323539791110e-02
1.762232630976734438e-02
2.013988017779176631e-02
2.233679785137788684e-02
2.389244313608561432e-02
2.489663717189663852e-02
2.562510558326013682e-02
2.627452522204856700e-02
2.718031264855155782e-02
2.859883565048270890e-02
3.079209233115201214e-02
3.337271585119045564e-02
3.684193038253252839e-02
4.032895147815646064e-02
4.385158570234039960e-02
4.664717727268266612e-02
4.907924751610261149e-02
4.934353836187632680e-02
4.871555597731993398e-02
4.630302713210360244e-02
4.240283741592290601e-02
3.775881726426166818e-02
3.215299509583764009e-02
2.667893164072481990e-02
2.146838561222842723e-02
1.692121225020220762e-02
1.270572522140829726e-02
9.091488503306942998e-03
5.410591655494038574e-03
1.596374548260602946e-03
-2.588728312802556202e-03
-6.959274050782611291e-03
-1.147174903343819302e-02
-1.578332035344642142e-02
-1.969308434815535483e-02
-2.294806359829954998e-02
-2.587565047616042016e-02
-2.806848417100302195e-02
-3.019126219636943109e-02
-3.217392888278117896e-02
-3.418843949389554354e-02
-3.621887206736015136e-02
-3.805459345976530683e-02
-3.964228519927377736e-02
-4.073391763299082091e-02
-4.100596301629194640e-02
-4.086821487438514755e-02
-3.935303074194298339e-02
-3.746811703602843935e-02
-3.484374418316753264e-02
-3.186521618996109723e-02
-2.870961062658049581e-02
-2.562921104108698001e-02
-2.265993851540272150e-02
-1.991292010933915987e-02
-1.716685615826064187e-02
-1.442126943467318158e-02
-1.089723045363225409e-02
-6.879541344604307197e-03
-1.874551979606601040e-03
4.146375325012996438e-03
1.067527159944288775e-02
1.787209597879434869e-02
2.479277133467852265e-02
3.116114864362074660e-02
3.595634345140939769e-02
3.996494700861870364e-02
4.071676323824800769e-02
4.044834326996964158e-02
3.813945090587672615e-02
3.464984918363941957e-02
3.056989278233136070e-02
2.651225185304337956e-02
2.290842241060794815e-02
2.021221594187329329e-02
1.855588868305306158e-02
1.741950102918860335e-02
1.709487560284225077e-02
1.680113354864913588e-02
1.656915823876272190e-02
1.649807036281550343e-02
1.650742620383776130e-02
1.756691518120253453e-02
1.908715550234842476e-02
2.152889851105492178e-02
2.419964559756990208e-02
2.698489472298809186e-02
2.810105943384605398e-02
2.814654466353738727e-02
2.605067093089540389e-02
2.185842484456066576e-02
1.661799258138178456e-02
9.711351553833954403e-03
2.813882937637751484e-03
-4.065240855862560856e-03
-1.028259072547818391e-02
-1.616905363314937241e-02
-2.079182593883088098e-02
-2.495390430363667381e-02
-2.819459478669596175e-02
-3.042466612085927696e-02
-3.214942788057632839e-02
-3.254223083150018653e-02
-3.271197121687188791e-02
-3.243558647113900517e-02
-3.217839090628273058e-02
-3.193078993186462128e-02
-3.188335222728470170e-02
-3.181257420734567853e-02
-3.169511555668851760e-02
-3.149774556099267653e-02
-3.126041989277764110e-02
-3.137240744208508875e-02
-3.171048024221097272e-02
-3.250072354397335467e-02
-3.324042882849027880e-02
-3.395486510438408545e-02
-3.280106945033438304e-02
-3.052357569318804933e-02
-2.599868572984723528e-02
-1.935186088831885101e-02
-1.164406860769941904e-02
-2.663899756003999808e-03
5.992367594474739580e-03
1.400083194252969149e-02
2.058358640669462336e-02
2.645348592891881567e-02
3.025889808934179026e-02
3.351759558547865586e-02
3.568286375304057650e-02
3.679684040478244100e-02
3.738517129861543276e-02
3.630608726286903981e-02
3.479538673805178395e-02
3.242145323509441207e-02
2.979880185471912857e-02
2.705179153563549987e-02
2.481294287463205184e-02
2.284829586278585775e-02
2.143205214925626712e-02
2.047966823413058246e-02
1.975921421820735560e-02
1.963433749123183816e-02
1.971124162401642968e-02
2.019170747632109686e-02
2.086744768970053357e-02
2.164082508361708096e-02
2.178412222624064032e-02
2.135014649595719585e-02
1.976162501985991027e-02
1.672566809219592360e-02
1.296599343874774331e-02
7.620411483642176333e-03
2.107626226081127374e-03
-3.739565636387084772e-03
-9.424513053582906155e-03
-1.502833824814564512e-02
-2.024102705321288026e-02
-2.530535687694709934e-02
-3.007296873800988785e-02
-3.419939840805567843e-02
-3.800523698259148514e-02
-4.000090446459228510e-02
-4.124405437332785695e-02
-4.098216913553162644e-02
-3.954399970468636810e-02
-3.751768817731735567e-02
-3.490875513318424800e-02
-3.245791661434017927e-02
-3.032326714607140941e-02
-2.870813420888194967e-02
-2.735275953723262723e-02
-2.634879416944620537e-02
-2.522919732452697308e-02
-2.387833752534104445e-02
-2.192938116623505823e-02
-1.968137652716832331e-02
-1.629407160278496108e-02
-1.255944534430432358e-02
-8.130176417631541572e-03
-3.304388560517194841e-03
1.719658761820296077e-03
6.672807871036468864e-03
1.143013528563516581e-02
1.579581931099383399e-02
1.976343244389204210e-02
2.353201013055918403e-02
2.712408974532853206e-02
3.074758843829794933e-02
3.443392528766364008e-02
3.788400456750552758e-02
4.121595506258367292e-02
4.309560358268930969e-02
4.416129899903616790e-02
4.359908820786746048e-02
4.135248108751674728e-02
3.826367580257612755e-02
3.359470447528379450e-02
2.885143817978653644e-02
2.395958194787445317e-02
1.956470233047774912e-02
1.541831102033612913e-02
1.222226958787810472e-02
9.217006459529423004e-03
6.593299939401702642e-03
4.006941670744463418e-03
1.439257527821068529e-03
-1.346998503693010120e-03
-4.162286152578686949e-03
-7.035637036204560150e-03
-9.664214399016173365e-03
-1.217040500141984907e-02
-1.383441501545388218e-02
-1.517298591962402445e-02
-1.586067860406495736e-02
-1.613226293368636224e-02
-1.619579308589785480e-02
-1.624690889306983077e-02
-1.644234969059046522e-02
-1.692644046880848255e-02
-1.770714924485040226e-02
-1.863616701980394183e-02
-1.964908103114255261e-02
-2.052158478127192112e-02
-2.111326800898388756e-02
-2.110982541137183116e-02
-2.080881990109807733e-02
-1.930265659708831419e-02
-1.740292106226208613e-02
-1.471604106580400376e-02
-1.157360396360329093e-02
-8.203388308529830850e-03
-4.951154053871833355e-03
-1.943496769901420680e-03
5.750065726906200547e-04
2.569660911182141544e-03
4.302390747622795823e-03
5.584892430605876631e-03
6.764844247885905271e-03
7.739696333758571897e-03
8.269661919011761855e-03
8.577184253954931586e-03
7.734842178031360940e-03
6.530584294123197020e-03
4.602494794244946230e-03
2.473377669648143054e-03
2.437467326928559113e-04
-1.339065403635967492e-03
-2.563485676903524448e-03
-3.071122224050236178e-03
-3.000223268851660765e-03
-2.640056562480712181e-03
-1.828852629927089175e-03
-9.596229284872848141e-04
2.565831072430567808e-05
9.794981485320812531e-04
1.917617285638474611e-03
2.457527030062557627e-03
2.766545309425810957e-03
2.613780658667074451e-03
2.131977969945291797e-03
1.485656262242110968e-03
1.114593715194544090e-03
1.095415722954835944e-03
1.780006840330865215e-03
3.240477987777888418e-03
5.088889150259629478e-03
7.458625473200350409e-03
9.740475989894763556e-03
1.184655489409908516e-02
1.357948453882323187e-02
1.512583955380674208e-02
1.632788569650400409e-02
1.748788391830967404e-02
1.856378629833343660e-02
1.941247291998156321e-02
2.014755166244244083e-02
1.995222973396244825e-02
1.926637388669818693e-02
1.759945020186551648e-02
1.488223927672376913e-02
1.163988473142659255e-02
7.266067781942743380e-03
2.789806182517842563e-03
-1.891344716784387585e-03
-6.207408335344418229e-03
-1.034092831353214219e-02
-1.342862177752553871e-02
-1.618477529104524887e-02
-1.827784890361464770e-02
-1.997718562911810283e-02
-2.147965391108768232e-02
-2.267431203554411828e-02
-2.371197448116633619e-02
-2.443564556912138780e-02
-2.454296992722486762e-02
-2.434212092040263439e-02
-2.295070344210480354e-02
-2.123651006353052123e-02
-1.887676488440186151e-02
-1.624273299439995405e-02
-1.347155774896016331e-02
-1.080974161179103221e-02
-8.287160642628275259e-03
-6.043050009480157442e-03
-4.197140219018314147e-03
-2.550330849898411155e-03
-1.595839837594697965e-03
-8.170866549427478927e-04
-3.898091315951541201e-04
6.755219116098116171e-05
5.399554136215888598e-04
1.793393088823460636e-03
3.417190078629039549e-03
5.781705697640301261e-03
8.592969497559754463e-03
1.162760738793180634e-02
1.438167547825779276e-02
1.678654266011282703e-02
1.849300802502889737e-02
1.943858916908823564e-02
2.000372820271901012e-02
1.987841801724480467e-02
1.967440484901021927e-02
1.931298571525474558e-02
1.883292380922010553e-02
1.829354051704568801e-02
1.729947816182205236e-02
1.606871895829971655e-02
1.436456605818068125e-02
1.220920677343055073e-02
9.828244296363964488e-03
7.077437862677534233e-03
4.334308548386251597e-03
1.606533472888190244e-03
-8.903536961028340980e-04
-3.271796911839658893e-03
-5.102139011973177117e-03
-6.723526515814996253e-03
-7.927004827071690296e-03
-8.770985100210704558e-03
-9.435216354290428334e-03
-9.826598155532193651e-03
-1.024382166468029709e-02
-1.071272858964149657e-02
-1.138209917815211948e-02
-1.215170159843718262e-02
-1.312323384514084770e-02
-1.402096714156924294e-02
-1.477110253744813410e-02
-1.503642672191100350e-02
-1.505934530066626274e-02
-1.410588837155491576e-02
-1.289229219055355001e-02
-1.115841750577282673e-02
-9.259054490246524868e-03
-7.276947309346509969e-03
-5.586760717864671863e-03
-4.073104277386357941e-03
-2.912508138916703945e-03
-2.004831142913538963e-03
-1.223613718143828823e-03
-4.561949506173501806e-04
4.028184697752260892e-04
1.445021195899082005e-03
2.666783324754443216e-03
3.978325154974905742e-03
5.248573699594189304e-03
6.364663967925068659e-03
7.172437683680496154e-03
7.499275179150149268e-03
7.585644564476886134e-03
7.022869786538336358e-03
6.361970249418842129e-03
5.504821193936859647e-03
4.730144381451878259e-03
3.996703690464941186e-03
3.653630508389834296e-03
3.459080338186493360e-03
3.561576191726928062e-03
3.916144967788662452e-03
4.396750205111101331e-03
5.167985251616863569e-03
6.002645679107750966e-03
6.964156868567999634e-03
7.935551652375791298e-03
8.911888233357093819e-03
9.633320045113108465e-03
1.017750606623386844e-02
1.036720050608353969e-02
1.010886050315335308e-02
9.626503278833374588e-03
8.563448985963314011e-03
7.407108215495531063e-03
6.064194489831168863e-03
4.782339857967526919e-03
3.531014773004688759e-03
2.614475757037573039e-03
1.794948220695267820e-03
1.169443643601605432e-03
5.163406167344587565e-04
-1.505616350197634820e-04
-1.273445361916302268e-03
-2.610020607643431020e-03
-4.373978891030942326e-03
-6.409458081205540378e-03
-8.580697724774622240e-03
-1.060916777103791675e-02
-1.241227113960645737e-02
-1.376464115278356985e-02
-1.452433384678049159e-02
-1.498768788118681576e-02
-1.472009957505515318e-02
-1.432108072623882594e-02
-1.365920079205359960e-02
-1.292236914471298764e-02
-1.214806164079507492e-02
-1.138839845470089596e-02
-1.063539854766266946e-02
-9.895725198735537756e-03
-9.130152891885789934e-03
-8.351631106075009872e-03
-7.436578647384733606e-03
-6.441949175338609716e-03
-5.288165676579813929e-03
-3.956760061136052956e-03
-2.536543387349194864e-03
-9.615311954638710613e-04
5.955656619206070243e-04
2.116831850302275646e-03
3.492331128879740641e-03
4.794946952555913938e-03
5.859599283949530613e-03
6.867811516119933825e-03
7.763143549842834584e-03
8.537022307985010772e-03
9.250174428336532806e-03
9.594169005829617652e-03
9.733230649669100468e-03
9.462426426201238708e-03
8.740432680326577428e-03
7.792844173248903231e-03
6.432623180002538209e-03
5.097030813938214361e-03
3.810695702236523933e-03
2.865494292095279068e-03
2.090859732734532371e-03
1.996994103990331736e-03
2.088421417971322511e-03
2.550434617402595923e-03
3.190170255694255250e-03
3.918767113416354517e-03
4.611191764202838758e-03
5.219001978164990001e-03
5.657583318477984319e-03
5.879058174650174037e-03
5.991979788752196945e-03
5.881844477716634267e-03
5.769534000307090932e-03
5.652873190149708578e-03
5.633959385401956892e-03
5.663919083359061739e-03
5.750045253672964214e-03
5.747358785687812707e-03
5.567047041104556705e-03
5.011717827225021724e-03
4.268879878697643022e-03
2.993600493486337638e-03
1.673212590759811822e-03
2.626076530014875062e-04
-9.248372634447941595e-04
-2.000702169234672752e-03
-2.568813367912176505e-03
-3.042489031766483325e-03
-3.327293625975000398e-03
-3.673591859543557346e-03
-4.050636912792285153e-03
-4.716143495382238600e-03
-5.449991972117566516e-03
-6.320524237143168925e-03
-7.200695230692434785e-03
-8.085685588503997712e-03
-8.896469404892295638e-03
-9.692589463210735112e-03
-1.045938200538860420e-02
-1.119236191118805693e-02
-1.190843549879808637e-02
-1.240893304023630087e-02
-1.274872309435064882e-02
-1.276709817381690461e-02
-1.233158874573351063e-02
-1.166913706387552423e-02
-1.030815691570846626e-02
-8.760962020834549974e-03
-6.841337632545463343e-03
-4.687359614009858899e-03
-2.416204780351800894e-03
-2.013301132078575834e-05
2.329691812651969209e-03
4.587022746510757351e-03
6.543047755768395535e-03
8.348419802726662203e-03
9.400320782535097688e-03
1.014598713066213430e-02
1.027918421542562723e-02
9.852285591454909910e-03
9.145339113117158594e-03
7.928727591524319107e-03
6.697933508179047986e-03
5.438774301330224180e-03
4.427924549517911826e-03
3.541229525224279338e-03
3.222983249971660569e-03
3.066780279718764497e-03
3.234663919465480784e-03
3.534799886918567596e-03
3.901062018224679424e-03
4.126326248508629078e-03
4.222605519951019674e-03
4.060914873710529810e-03
3.586001402974936525e-03
2.954476519992014442e-03
1.921077518628982192e-03
8.090165707321909667e-04
-4.603682702332199776e-04
-1.743022625216261246e-03
-3.032311737208794218e-03
-4.103090751884913914e-03
-5.023645038295421715e-03
-5.643749868173946783e-03
-5.851133432852496583e-03
-5.852156364931389645e-03
-5.211881282089243263e-03
-4.417139766549018319e-03
-3.313465385613482798e-03
-2.124590390941358698e-03
-8.931150894012137437e-04
1.210774791334429156e-04
9.999396771455588452e-04
1.608141134111657107e-03
1.961817731924745019e-03
2.188231900161140189e-03
2.174649126622676606e-03
2.118715187160116580e-03
1.978078915849348050e-03
1.777303532472359867e-03
1.546458593062343279e-03
1.271509454021463531e-03
1.028649869046300820e-03
8.499693922022789070e-04
8.480437772760090033e-04
9.344955933085199659e-04
1.293842937624353501e-03
1.658041213770879325e-03
2.031941353578534722e-03
2.162726792240798369e-03
2.171954880330564767e-03
1.622354273609599067e-03
9.438144357676831820e-04
7.396135684590091075e-06
-9.152322327690884905e-04
-1.830965635407771691e-03
-2.403383950579317772e-03
-2.848833249254913418e-03
-3.040344514938134179e-03
-3.084011396853407125e-03
-3.053756086884682960e-03
-2.923767139701307673e-03
-2.753687053787738041e-03
-2.503424690413642677e-03
-2.138548156194100720e-03
-1.716364536551985521e-03
-1.187920857690694587e-03
-6.767348608013310559e-04
-2.000642278552591975e-04
1.920124704059194892e-04
5.417922013249055644e-04
8.738401433663119545e-04
1.259742371216971552e-03
1.753353170685901206e-03
2.383301510039014057e-03
3.081418619334481534e-03
3.832091025990911389e-03
4.535049293834978248e-03
5.142579284053568414e-03
5.607334317714256222e-03
6.000701873095820246e-03
6.213914278841030196e-03
6.357691135542814335e-03
6.362596894157591595e-03
6.116684330170420354e-03
5.745362604882405834e-03
4.834591040355331985e-03
3.763056990243064930e-03
2.369997968959441318e-03
8.572101809905924817e-04
-7.154419903203098436e-04
-2.138824314658685933e-03
-3.472491317527686729e-03
-4.626727677459453736e-03
-5.663167267114466163e-03
-6.640708471631714960e-03
-7.536939948973963091e-03
-8.382560590461505048e-03
-9.126959560238998015e-03
-9.650355744618486012e-03
-1.006325053629936878e-02
-1.004929326807901292e-02
-9.920273425090600158e-03
-9.561128432566212351e-03
-9.072909946272217363e-03
-8.520154713093435264e-03
-7.829980740571246961e-03
-7.072053008729637692e-03
-6.178617758249992271e-03
-5.112875104388243074e-03
-3.960978748836009242e-03
-2.635337744600708531e-03
-1.319816881675767682e-03
-2.453630137013384192e-05
1.130510408862278387e-03
2.215440184057693510e-03
3.052078987542592142e-03
3.837511986001941600e-03
4.520533374411083057e-03
5.182070311527099682e-03
5.832865022996917316e-03
6.498469022336859566e-03
7.149929311966562138e-03
7.773102182175316115e-03
8.285513729207565417e-03
8.742544614651895016e-03
8.909733364755974966e-03
8.957809291497595763e-03
8.767659571514251418e-03
8.344115169042281080e-03
7.803873425325929224e-03
6.971335036338640809e-03
6.064999631573946524e-03
5.011070195255405008e-03
3.861591967071062708e-03
2.664339342954432158e-03
1.442079379944600712e-03
2.705981145349501955e-04
-7.993257556756413465e-04
-1.646899623541764942e-03
-2.383298490235392919e-03
-2.712164902859995081e-03
-2.937863320345293454e-03
-2.957225747552333795e-03
-2.906833873121824566e-03
-2.821564847872550744e-03
-2.787365234030743551e-03
-2.770478208401522431e-03
-2.788216359197496878e-03
-2.768653961793363528e-03
-2.730441290289186036e-03
-2.566264889084986581e-03
-2.379477765195954411e-03
-2.147469195937457605e-03
-1.952241918253942460e-03
-1.775405286357994040e-03
-1.695072085208352251e-03
-1.612249943231249026e-03
-1.524449919599311400e-03
-1.332923344357531603e-03
-1.089533493310932419e-03
-6.660024928228513866e-04
-2.335730524484886349e-04
2.166532676988890170e-04
5.479350168722437733e-04
8.197444805584907504e-04
8.382302172079006755e-04
8.068146610224691739e-04
6.755965191673748765e-04
5.439913711250442870e-04
4.121927199890256205e-04
3.089254007912804680e-04
1.796465171047685312e-04
-1.655495559387047634e-06
-2.991183914819121187e-04
-6.546617290337185518e-04
-1.133355645878292642e-03
-1.596288852033157964e-03
-2.027700636808111787e-03
-2.337221311995521002e-03
-2.585796432389015666e-03
-2.649086973214501758e-03
-2.673198671633938029e-03
-2.618952685241248638e-03
-2.492634348690534428e-03
-2.330279837060874812e-03
-1.988444864361949439e-03
-1.573838368275221229e-03
-1.013688825412522188e-03
-3.697135784086488059e-04
3.161745206655682894e-04
9.580649434337644953e-04
1.554088649223693813e-03
2.058378921057773051e-03
2.503525146193974395e-03
2.919099347981505242e-03
3.329991161764699753e-03
3.727284520417032364e-03
4.097380968808080060e-03
4.327404024880528166e-03
4.487390384793874670e-03
4.290541879773833792e-03
3.985695190976165474e-03
3.464852134623566237e-03
2.864972667326810482e-03
2.225574994558107006e-03
1.692798025235904211e-03
1.230661063797505771e-03
9.098041181272084870e-04
7.101046350489266697e-04
5.709838832667590543e-04
5.192506804106948723e-04
4.634859496813915490e-04
3.996581632055550828e-04
2.680490173345994351e-04
1.025491917661430552e-04
-2.302568309596454113e-04
-6.204580195859844740e-04
-1.125449540013779507e-03
-1.694863148961007170e-03
-2.296487802168220571e-03
-2.875898678567306074e-03
-3.415458669878827010e-03
-3.875316891015836377e-03
-4.222700871675988572e-03
-4.513847732097958296e-03
-4.609537428335029260e-03
-4.630734310496203467e-03
-4.502945564505559002e-03
-4.221595369488499554e-03
-3.863464449958190980e-03
-3.327020952507496899e-03
-2.764580981240342874e-03
-2.150148062340867441e-03
-1.540426958037745611e-03
-9.330617610331254103e-04
-3.553597981542475255e-04
2.167691540596027055e-04
7.777520849440133473e-04
1.311971976975652389e-03
1.832810349580720529e-03
2.221205875734935057e-03
2.528093860578861131e-03
2.671966762802624028e-03
2.622431797463655595e-03
2.476192898343398258e-03
2.106377666679923495e-03
1.712174360419237975e-03
1.269194904963736291e-03
8.849055905373530255e-04
5.299613466252931556e-04
3.673786649501200501e-04
2.747082779888263210e-04
3.218624804553899530e-04
4.719189920218008500e-04
6.734266581381520220e-04
9.456682563534132011e-04
1.218483419807692321e-03
1.492445713739716431e-03
1.736662864748607068e-03
1.966007444295801189e-03
2.100746218106038128e-03
2.180768579844962873e-03
2.151358117441408077e-03
1.978306955648060240e-03
1.733435444159903485e-03
1.311233681267194107e-03
8.809126404879119186e-04
4.343530439350341658e-04
1.012514697099098934e-04
-1.751210933515756347e-04
-1.707321119877364308e-04
-8.643501444743179832e-05
1.576783154458083805e-04
4.655442661085995386e-04
8.052865271562962635e-04
1.100306344652006701e-03
1.353757210541728720e-03
1.524070173219203720e-03
1.577730579866615289e-03
1.573064708498878158e-03
1.325098740218846318e-03
9.746175524262413580e-04
4.191059256088635557e-04
-3.234576193500909923e-04
-1.159547123379438532e-03
-2.102487813428662207e-03
-2.993147224213535147e-03
-3.779244076470711020e-03
-4.319365001912596307e-03
-4.736497963946688199e-03
-4.737639815175357857e-03
-4.638502076382613852e-03
-4.338805157547042518e-03
-3.954242520942352797e-03
-3.527247025452945155e-03
-3.094725112263630677e-03
-2.671650922421413797e-03
-2.267472179272930245e-03
-1.872178413331628639e-03
-1.481327135993702141e-03
-1.093514573032446655e-03
-7.099291892036269265e-04
-3.347981636400880001e-04
2.640342299237261221e-05
3.806402901592235402e-04
7.240573735436100621e-04
1.068314610910452546e-03
1.414252156241840169e-03
1.753072901610889080e-03
2.088335246998588007e-03
2.367736282007119105e-03
2.613505906708003292e-03
2.792012710793891159e-03
2.899215618757199249e-03
2.970766578659191862e-03
2.971509972284805835e-03
2.961939027131941897e-03
2.931739404422122140e-03
2.881925165047388975e-03
2.822303617340182844e-03
2.692742828219879536e-03
2.524569293289177178e-03
2.279170266737537941e-03
1.948985096349017390e-03
1.576406854041925319e-03
1.108204639101054417e-03
6.255073746270511416e-04
1.138200110872980087e-04
-3.945416574099954625e-04
-9.012404783859521464e-04
-1.362188512602875365e-03
-1.793063811890343705e-03
-2.163793641318442155e-03
-2.438181061156361427e-03
-2.664397276199044744e-03
-2.694476405262984531e-03
-2.651558799455131041e-03
-2.462647723903722222e-03
-2.146781097432207217e-03
-1.767436695500773126e-03
-1.280227777995100735e-03
-7.947608514329803676e-04
-3.127779067574446058e-04
9.670088725251629555e-05
4.699276059299464380e-04
6.755953996650887559e-04
8.243450418877061765e-04
8.592583810854933536e-04
8.050548638771549579e-04
7.062929184657433133e-04
5.257070790724888316e-04
3.340198574639100036e-04
1.201298714248865839e-04
-9.027943266078558354e-05
-2.989483957697327394e-04
-4.755541724273046333e-04
-6.364992492036786404e-04
-7.661229262174856780e-04
-8.599924187344229649e-04
-9.359848190028754490e-04
-9.541742300705737196e-04
-9.530028657483971197e-04
-9.131099506464900777e-04
-8.445653744920203227e-04
-7.616949678112988099e-04
-6.728248853195133725e-04
-5.960581781025473631e-04
-5.434982214351257758e-04
-5.254153828303264641e-04
-5.245711032568101551e-04
-5.494379794090362449e-04
-5.685539836666183905e-04
-5.761682441349388851e-04
-5.588112391228220073e-04
-5.289686013704807512e-04
-4.720308017249050703e-04
-4.075183200878219674e-04
-3.278564744677927591e-04
-2.080214630810460767e-04
-6.809986881091145163e-05
1.939144119797346156e-04
5.038817661105333794e-04
9.097552669213070445e-04
1.369817378411453818e-03
1.856973795241041465e-03
2.306849016510701365e-03
2.711631935387456664e-03
3.026230249478881543e-03
3.231892495388507223e-03
3.383086707207179529e-03
3.393410048105173840e-03
3.363919147040679482e-03
3.254799762051219496e-03
3.066511002067573172e-03
2.838637554586774699e-03
2.500060953797254414e-03
2.139546347318250531e-03
1.735155729459918195e-03
1.331561141475213692e-03
9.283645684271231782e-04
5.690098707050359438e-04
2.219934948156364633e-04
-1.003462374080171999e-04
-4.195107057380201071e-04
-7.370875421211435345e-04
-1.064002041267143655e-03
-1.388098216132276292e-03
-1.706557742435328533e-03
-2.004382738963053807e-03
-2.291890470602957197e-03
-2.552743679329915350e-03
-2.813984087683628430e-03
-3.075998895291128486e-03
-3.348980839294499884e-03
-3.627446351495707856e-03
-3.893762013570857376e-03
-4.133235076174752998e-03
-4.319022939836425316e-03
-4.402074393584285567e-03
-4.433757642375337794e-03
-4.267687253320986626e-03
-4.035359776710666785e-03
-3.670518124988230921e-03
-3.195213978716943994e-03
-2.664678585170996480e-03
-2.021313138170225537e-03
-1.361244042115493770e-03
-6.677676479535445435e-04
1.588147884392260853e-05
6.946169719590003771e-04
1.302340701008201929e-03
1.874151414601186614e-03
2.374136097281128246e-03
2.792263516800824047e-03
3.169462304740174128e-03
3.420651535733818666e-03
3.628742005799268523e-03
3.750634954008596166e-03
3.784234787535558069e-03
3.773688063721341007e-03
3.641131236274327502e-03
3.479262533280601428e-03
3.258770079193308838e-03
3.010987368953052263e-03
2.749559530636196819e-03
2.479183481057543447e-03
2.204835596097103143e-03
1.922544040372800578e-03
1.613683859242201132e-03
1.291539365408282377e-03
9.107904606352532203e-04
5.169744394948655366e-04
9.702418562018060109e-05
-3.109453560937779169e-04
-7.129245417272679500e-04
-1.028937955500599600e-03
-1.300366134338627744e-03
-1.482623843305759829e-03
-1.568408124750200056e-03
-1.605955692433248816e-03
-1.524221133984715549e-03
-1.419223893882404783e-03
-1.267701290472452065e-03
-1.105171829348389504e-03
-9.371389393673316536e-04
-7.875729992725623210e-04
-6.463410445751736682e-04
-5.217770606723867808e-04
-4.078533095737009429e-04
-2.992496748769990869e-04
-2.082463762189801075e-04
-1.310052007316086728e-04
-8.128827158543542697e-05
-7.567041633947115768e-05
-9.210209804360548129e-05
-1.665437531360676785e-04
-2.441941619084243712e-04
-3.282620780404872760e-04
-3.835065810140039820e-04
-4.243393774082134906e-04
-4.112625997393224071e-04
-3.933952421730559112e-04
-3.659467248120578352e-04
-3.604997530964981051e-04
-3.660535542036603670e-04
-4.094257307183741461e-04
-4.508181408180335771e-04
-4.882510180876304447e-04
-4.896655356449991893e-04
-4.730708733462598084e-04
-3.983139762688600984e-04
-3.189769767320586261e-04
-2.304797722763738863e-04
-1.686032507151556659e-04
-1.200370706011235830e-04
-1.330838762974397623e-04
-1.608161956560653374e-04
-2.179195423393235275e-04
-2.815295295929238573e-04
-3.483928371317188111e-04
-3.960663865136721819e-04
-4.307552741482534200e-04
-4.394748382880533672e-04
-4.118752950064905050e-04
-3.661161980142221958e-04
-2.570587271761923666e-04
-1.291075566060746489e-04
3.663101342808248030e-05
2.252298507385715166e-04
4.252588216871260821e-04
6.342722966310900944e-04
8.407824403410834625e-04
1.042285921583358888e-03
1.230597352039207188e-03
1.412312757101777307e-03
1.550964868375533968e-03
1.662632665022437117e-03
1.720331832415780910e-03
1.702176979958738411e-03
1.646095117576533559e-03
1.475853420410615452e-03
1.280670808284576885e-03
1.035606366238116119e-03
7.782873878418705010e-04
5.148411412706099420e-04
2.734157597686717473e-04
4.234861792627286209e-05
-1.680020445968011277e-04
-3.645456035338748139e-04
-5.541856106779058204e-04
-7.294561504262437983e-04
-8.964590414679038215e-04
-1.046926635096029692e-03
-1.166626731197225415e-03
-1.270943078534891987e-03
-1.312179845967319973e-03
-1.331956487782859268e-03
-1.308812878364665200e-03
-1.252774606762859259e-03
-1.180289004069273078e-03
-1.082368852088415670e-03
-9.836624690937139075e-04
-8.833836240712191357e-04
-7.917187361014073246e-04
-7.043608266578837594e-04
-6.349869572416852589e-04
-5.701163467560106928e-04
-5.142522541313100529e-04
-4.591944485179618742e-04
-4.045397864102546624e-04
-3.347447243960854262e-04
-2.561291936978091080e-04
-1.598727256314023807e-04
-5.009102814962934787e-05
6.645328403980698328e-05
1.752988672123921218e-04
2.701359926732092181e-04
3.369562027103891822e-04
3.682589134290428497e-04
3.818028744884167263e-04
3.709956770037320405e-04
3.690685692348856387e-04
3.849016408977043121e-04
4.379981903438554132e-04
5.097264786816472224e-04
6.152993532536562855e-04
7.130761295050561891e-04
7.952607091153505309e-04
8.328715287574688011e-04
8.481954684155427289e-04
8.017916045090467099e-04
7.489751245156562806e-04
6.833334123484279161e-04
6.306972232221985880e-04
5.845637956164435704e-04
5.659032755628407539e-04
5.517890694714267788e-04
5.467674913044057736e-04
5.435852451353453659e-04
5.413226649652674253e-04
5.421056618603140335e-04
5.434675530388283346e-04
5.459872327842767202e-04
5.411057444082515702e-04
5.325236719714923628e-04
4.979345893807042957e-04
4.542843684749669044e-04
3.925118709392937848e-04
3.202257888472530268e-04
2.426829144770559612e-04
1.551912231949834086e-04
6.092753204080118053e-05
-4.688015885769357242e-05
-1.768306852030700638e-04
-3.178526292719449143e-04
-4.843778280825608833e-04
-6.487671593546013096e-04
-8.088847555496680259e-04
-9.426760909013291462e-04
-1.063304295831355665e-03
-1.135652855304421704e-03
-1.197461120161425873e-03
-1.238188795786239514e-03
-1.271198520088541971e-03
-1.300349268729578209e-03
-1.321008920673167946e-03
-1.334238820282632144e-03
-1.332609215223831819e-03
-1.305452562703094972e-03
-1.265532386451404716e-03
-1.180242686902952236e-03
-1.080312400919872544e-03
-9.511009420674477848e-04
-7.960211855884741141e-04
-6.280072802962857271e-04
-4.289567448084136516e-04
-2.235766329237977518e-04
-5.537368245482133296e-06
2.151805872238300374e-04
4.372378880887568191e-04
6.498639688198877941e-04
8.560373901504945158e-04
1.049305492680279546e-03
1.223358288342407587e-03
1.387803430570795551e-03
1.510613609841496372e-03
1.614532178865246519e-03
1.680667527394984510e-03
1.701704202383213984e-03
1.700191540600653421e-03
1.630725159920532732e-03
1.542750869760655926e-03
1.417760760641360775e-03
1.269788282198509779e-03
1.110324619093959898e-03
9.372734253506693688e-04
7.636119893509945526e-04
5.887300688383663048e-04
4.126196425363064702e-04
2.358949633395935632e-04
5.292686387943021788e-05
-1.308846723951505200e-04
-3.163830822987611182e-04
-4.916572389012128846e-04
-6.618192688531841957e-04
-7.920732514846145090e-04
-9.034711935706642551e-04
-9.771570545660912110e-04
-1.012556192249198074e-03
-1.028811968276167280e-03
-9.975670663300343320e-04
-9.541427738501361520e-04
-8.863597003027540210e-04
-8.004202760214578979e-04
-7.054026763732117178e-04
-5.961673283886519776e-04
-4.889531790582550726e-04
-3.857814270362982211e-04
-3.013957848424262754e-04
-2.264031975626418041e-04
-1.935336726255546382e-04
-1.748136154844977675e-04
-1.843924939354664677e-04
-2.142803663705502323e-04
-2.543227357976772583e-04
-3.037700425615805352e-04
-3.474071135469529166e-04
-3.794237129753162533e-04
-3.833332206532623419e-04
-3.731891824560168826e-04
-3.120338244516741659e-04
-2.394343797563289883e-04
-1.439467616789138365e-04
-4.890052279468685048e-05
4.592502649298568025e-05
1.091173974278114643e-04
1.590172746679365738e-04
1.823321645186071270e-04
1.876434380683725982e-04
1.839529034676776545e-04
1.697870412492110705e-04
1.545869114020660272e-04
1.373182462975802470e-04
1.195597142396738455e-04
1.015562487050665930e-04
9.160435426447524404e-05
8.952733868727779320e-05
1.032000808368575134e-04
1.382046883202265339e-04
1.838752284704739956e-04
2.505445373738407434e-04
3.159010252794750701e-04
3.786318711897156781e-04
4.255644780580217375e-04
4.645979654053940516e-04
4.788988698543392825e-04
4.892775360299895853e-04
4.918117256590653734e-04
4.938217369280172801e-04
4.955696590169081676e-04
4.954620134416139318e-04
4.917356622257286610e-04
4.807718997286649525e-04
4.585268174382406393e-04
4.306410752511327438e-04
3.879090784065816581e-04
3.422774469934174212e-04
2.908465464430755624e-04
2.362076646850872408e-04
1.799647923233048527e-04
1.199319681554604652e-04
5.970421591058073125e-05
-9.133924884337311359e-07
-5.612724598483798767e-05
-1.086392220299184998e-04
-1.434901254429729275e-04
-1.723834299199322750e-04
-1.893615365247386232e-04
-2.045322768519944811e-04
-2.187993340404841469e-04
-2.544154520738830714e-04
-3.024927600137611436e-04
-3.754924477666354041e-04
-4.689071593101245693e-04
-5.725293827489605705e-04
-6.774238930194587506e-04
-7.708124308969081665e-04
-8.411890239881604156e-04
-8.733824010962442383e-04
-8.864841702127104544e-04
-8.405755820870544279e-04
-7.791195456419202020e-04
-6.865686125578948466e-04
-5.726143947894865192e-04
-4.479585346789474753e-04
-3.028617767367676504e-04
-1.551525263984500922e-04
-2.218291267702432760e-06
1.439169263588546243e-04
2.866526352332656531e-04
3.985349674398176311e-04
4.954598764457941555e-04
5.624699390507389811e-04
5.996981295599144090e-04
6.220353840212409710e-04
6.131557500248779186e-04
5.997341773985647925e-04
5.772287275123423036e-04
5.529853128465789160e-04
5.278729157910321771e-04
4.996557916828506772e-04
4.677028675432354536e-04
4.282783433407863927e-04
3.772666694426630497e-04
3.204614206967044358e-04
2.495298232219152396e-04
1.778062811383880940e-04
1.044988498374614856e-04
3.741237263465677402e-05
-2.656362751905125107e-05
-7.753157506218869119e-05
-1.254857014593159211e-04
-1.674121855644770626e-04
-2.058564666796245800e-04
-2.425596462997522344e-04
-2.716450977686846874e-04
-2.962289460391693088e-04
-3.118095879127891126e-04
-3.174711841528167987e-04
-3.181732575760566660e-04
-3.101212262864063416e-04
-3.013855229763641886e-04
-2.912824756255297048e-04
-2.780654798678101219e-04
-2.632915099066361988e-04
-2.304898198424119578e-04
-1.871284466984237760e-04
-1.226477073949539811e-04
-3.693995049651200300e-05
5.938131519940931756e-05
1.688767415502561917e-04
2.726946907763177943e-04
3.651576857526982927e-04
4.278725416368786170e-04
4.757133279749253796e-04
4.656270534462945694e-04
4.376803882646158493e-04
3.740129417768306842e-04
2.861047984759350262e-04
1.860763067685196836e-04
7.133395724970231853e-05
-4.182349009114633853e-05
-1.518111330761798912e-04
-2.483695472210091949e-04
-3.382133469457949786e-04
-3.958404684437726549e-04
-4.402524530334884080e-04
-4.582341638067418429e-04
-4.511539162271439949e-04
-4.315426894711219419e-04
-3.890348056512458737e-04
-3.462916408710402997e-04
-3.030779141702213595e-04
-2.708473411068522407e-04
-2.441083448622223713e-04
-2.361359440659311173e-04
-2.307883148577396799e-04
-2.306902288257535406e-04
-2.269271141137134103e-04
-2.213314850616482767e-04
-2.024997679837874315e-04
-1.780692174477879308e-04
-1.424409999954909527e-04
-9.248876496773588362e-05
-3.537452115227206396e-05
4.784220059730656102e-05
1.384508299848147945e-04
2.438432746482708580e-04
3.523920485109418286e-04
4.625189869732764143e-04
5.536983195963522415e-04
6.333327636255389010e-04
6.898774304670446953e-04
7.229193182958514085e-04
7.442098166183289641e-04
7.380684958576923986e-04
7.242809455430065197e-04
6.952009361202370844e-04
6.491589487954879710e-04
5.946359725197442481e-04
5.123574698567671688e-04
4.229239542799005593e-04
3.191804128753501909e-04
2.109835408136780837e-04
1.005600034235027188e-04
-1.074919708636177217e-06
-9.670320011035028621e-05
-1.803181950513231329e-04
-2.501842610125404949e-04
-3.131758624838577800e-04
-3.558201226258866771e-04
-3.919506012622728393e-04
-4.150535168874187972e-04
-4.266288356892716576e-04
-4.324403560794901936e-04
-4.263546578422735926e-04
-4.190843238091441721e-04
-4.094447181841824449e-04
-4.033626452392794783e-04
-3.990593386344046451e-04
-4.059707265730076145e-04
-4.163841660555446978e-04
-4.338017086259387872e-04
-4.521242452213128024e-04
-4.708992788291687845e-04
-4.757110472041088125e-04
-4.710704241290326498e-04
-4.475250181539290389e-04
-4.018318914603504258e-04
-3.450649044075586249e-04
-2.639431956086235273e-04
-1.809485951447795441e-04
-9.420821135115453073e-05
-1.621371801850049336e-05
5.740783008362650397e-05
1.085726380023219428e-04
1.532122293488063407e-04
1.848013875509231648e-04
2.099248565102838178e-04
2.318154808482832173e-04
2.518255860806614416e-04
2.711828560933094356e-04
2.892344556665183276e-04
3.019643248554037510e-04
3.120333288521326713e-04
3.097281310430748287e-04
3.042383190503765281e-04
2.923792786904032205e-04
2.793073625542386528e-04
2.656290085299817076e-04
2.550910328542502323e-04
2.449018779859945681e-04
2.354103647327012057e-04
2.233772970371439314e-04
2.100734521204610709e-04
1.929719084258477353e-04
1.765676807344488503e-04
1.615580850494820653e-04
1.504965773519956293e-04
1.414091136482553039e-04
1.325480661552975406e-04
1.198227130714812352e-04
9.936874880593838570e-05
6.747772870085579186e-05
2.986818067599239572e-05
-1.616468015497647844e-05
-5.930281386661783946e-05
-9.665149333965320725e-05
-1.206919577940877755e-04
-1.380783147392355438e-04
-1.377514947263405720e-04
-1.347941665836324785e-04
-1.265758221813012585e-04
-1.169556193228972815e-04
-1.066344872364568245e-04
-9.182599077241310952e-05
-7.422884252386212714e-05
-5.105439070631535316e-05
-2.447386719953715666e-05
3.809692151842588708e-06
2.613617484886908882e-05
4.273978136759972406e-05
4.789763552975508912e-05
3.946811455087080535e-05
2.424490600147118305e-05
-4.815585585406337603e-06
-3.462422675872253638e-05
-6.592916710494707924e-05
-9.200328891647241794e-05
-1.154620014606648682e-04
-1.265431337744818733e-04
-1.338144623154316004e-04
-1.334661833106585624e-04
-1.276189363175387985e-04
-1.190222053302432458e-04
-1.041585790166667811e-04
-8.736520990458671466e-05
-6.671235519551737484e-05
-4.363161045046721022e-05
-1.933692068743126478e-05
2.264678359906195290e-06
2.039020919880748725e-05
3.156360362081712386e-05
3.428271878625144064e-05
3.277469432339665076e-05
2.530566090661129106e-05
1.924990124654304361e-05
1.602068909990565624e-05
1.785927479674521694e-05
2.223175941532227757e-05
2.643659987826178236e-05
2.670560568479727191e-05
1.910294217852921347e-05
1.245676844324899876e-06
-2.173888940385158334e-05
-5.126997938476218666e-05
-7.837862496525929983e-05
-1.006423817449609084e-04
-1.128932977255685553e-04
-1.201377933066364651e-04
-1.144014466565819644e-04
-1.064465438743531097e-04
-9.405452882778404431e-05
-7.957989951465463440e-05
-6.406396306824597379e-05
-4.492167064641849796e-05
-2.440215824794860719e-05
-1.128205896215753537e-06
2.308241607014699444e-05
4.776137284381178587e-05
6.914052527786089964e-05
8.841148486208390452e-05
1.034660587466560740e-04
1.146536145699744209e-04
1.239076613626599003e-04
1.300498604998102427e-04
1.358423098476068053e-04
1.409352596166841805e-04
1.451141621848839650e-04
1.488360411526454285e-04
1.487540695354847573e-04
1.465047695522524532e-04
1.399208128368859905e-04
1.284260607452719378e-04
1.144759109655437394e-04
9.489668087101643537e-05
7.447476994558453517e-05
5.236749735832591922e-05
3.024827834018159743e-05
8.123086106586580894e-06
-1.257196120428905545e-05
-3.221319983268743710e-05
-4.974682109616521608e-05
-6.335343832724830559e-05
-7.499655354214442482e-05
-7.909963305729187299e-05
-8.155166602644176737e-05
-8.070160590359248842e-05
-8.100130096641885286e-05
-8.187587362208214453e-05
-9.027892659476095350e-05
-1.010115677629861336e-04
-1.164033853222762327e-04
-1.318095690900760461e-04
-1.472229359621307371e-04
-1.550611479188349615e-04
-1.595639832692213238e-04
-1.573960654069974133e-04
-1.505002209731158894e-04
-1.412404132534104376e-04
-1.286424275323117645e-04
-1.153069299500122024e-04
-1.004964086452987736e-04
-8.378132960870680000e-05
-6.611397170617130535e-05
-4.579616632082484257e-05
-2.503318324793339748e-05
-3.379844799925014830e-06
1.892519009388953541e-05
4.155607321062289376e-05
6.646550525952549726e-05
9.233075454492098888e-05
1.201076383033240357e-04
1.480659201102813819e-04
1.761149009415256491e-04
1.997311184276078378e-04
2.208496577005326391e-04
2.369728405471030377e-04
2.484015632774594882e-04
2.574830559497115262e-04
2.610948992421061434e-04
2.625688076109056928e-04
2.597668461325293638e-04
2.502257150537613435e-04
2.373149991748040911e-04
2.114784506311270557e-04
1.817874177473205813e-04
1.443874161832204260e-04
1.025776736175916423e-04
5.856306055118756679e-05
1.319825726065971996e-05
-3.140383581334416487e-05
-7.448050845436782056e-05
-1.140247465572780518e-04
-1.518027673911603089e-04
-1.804440371677453717e-04
-2.048379663066665505e-04
-2.207372141702621296e-04
-2.279079595050173079e-04
-2.307144535753625450e-04
-2.248132902766642003e-04
-2.182874076395287461e-04
-2.105120863255342790e-04
-2.047680893284140524e-04
-2.000397544897298348e-04
-1.987079693687426993e-04
-1.974282155851418957e-04
-1.962525244763115874e-04
-1.926936359578763870e-04
-1.879431487346412612e-04
-1.776154109127057979e-04
-1.653103765436023435e-04
-1.490507490801471586e-04
-1.288869583973037782e-04
-1.067710861047626138e-04
-7.903641102415749262e-05
-5.000117059923609065e-05
-1.836479948564822548e-05
1.285115044150942340e-05
4.385688977547422837e-05
6.774164919621544930e-05
8.758230883155518050e-05
9.933476889609166121e-05
1.030671692969493784e-04
1.027895398659761639e-04
9.622663842065051580e-05
9.016990823891157943e-05
8.512552058435789788e-05
8.430825142028604562e-05
8.560454150145285150e-05
9.265074348785259830e-05
1.002070214219269337e-04
1.087834512513583202e-04
1.156256116765349624e-04
1.216006373995760466e-04
1.230484157718318987e-04
1.229121858552813652e-04
1.196079393611122873e-04
1.134137814697766999e-04
1.057746678798582237e-04
9.528476975730283867e-05
8.505735815690240612e-05
7.535491960079585938e-05
6.948693199712868836e-05
6.553616986967633986e-05
7.025534134367692699e-05
7.712788398817781903e-05
8.830716897369180276e-05
9.929703297841770734e-05
1.101921864927536313e-04
1.137362323138770351e-04
1.137506107150325682e-04
1.067056542762598548e-04
9.351098997766117194e-05
7.724147174915277738e-05
5.553017487573549342e-05
3.335535603842597032e-05
1.025349327330308852e-05
-1.123451555630220004e-05
-3.191559741812492762e-05
-4.683503424079901993e-05
-5.941901569414666733e-05
-6.733208640884207541e-05
-7.240377592488954372e-05
-7.605477484161734169e-05
-8.134090192362758388e-05
-8.875132762327634544e-05
-1.004103505582006008e-04
-1.158065431642498063e-04
-1.330713206058717801e-04
-1.496791110737908997e-04
-1.637305594378377224e-04
-1.726693235941408186e-04
-1.747401553247615407e-04
-1.733770208425479333e-04
-1.644170650335983878e-04
-1.544900027497596415e-04
-1.426287275161657498e-04
-1.307398470343876674e-04
-1.188371639285175032e-04
-1.069000652771404466e-04
-9.450030514748612980e-05
-8.117522206126227640e-05
-6.618148155330746550e-05
-5.035341233450225305e-05
-3.164440079623164967e-05
-1.214329816211268265e-05
8.941986663719708338e-06
3.040462709752393876e-05
5.205594533532137760e-05
7.128604378552278256e-05
8.882541916060365079e-05
1.029833483854780180e-04
1.134257446587862318e-04
1.220103744563194327e-04
1.266288339908156651e-04
1.304220256804672123e-04
1.325646816804291453e-04
1.326727430031771787e-04
1.317635069873200919e-04
1.259803821464274410e-04
1.185092528366416784e-04
1.076621145890892755e-04
9.542369328643085220e-05
8.248963045622015062e-05
7.167571876598160944e-05
6.217319665893166847e-05
5.529345371823797572e-05
4.963276751020166276e-05
4.458160966850073466e-05
3.747049978420479040e-05
2.897231308286882056e-05
1.769997274744184910e-05
4.514023028037780631e-06
-9.628731383357816201e-06
-2.337047189382504959e-05
-3.608537785301985291e-05
-4.674661470969367901e-05
-5.487310856593833155e-05
-6.173223092197462807e-05
-6.554385347320838568e-05
-6.865820056040565055e-05
-7.037799671952963180e-05
-7.094735173129965459e-05
-7.094148616939391111e-05
-6.915720913845816765e-05
-6.688681454990699933e-05
-6.364418484613086310e-05
-6.031694518568951873e-05
-5.694740054691563129e-05
-5.552112843286893980e-05
-5.524562464052071488e-05
-5.727165749156247742e-05
-6.128903212212572166e-05
-6.630207764244649819e-05
-7.165641762449434635e-05
-7.597372293279923536e-05
-7.821695889361759621e-05
-7.677944204746992225e-05
-7.350154879784199559e-05
-6.423511129217000294e-05
-5.337396224700290196e-05
-3.932339012283925532e-05
-2.363516442705234676e-05
-7.128111945442964366e-06
8.724957832205501026e-06
2.330951267996129273e-05
3.535703766793758330e-05
4.377891041439944730e-05
5.038795704011029831e-05
5.268163262456031432e-05
5.455972394337663123e-05
5.560664673092242607e-05
5.737582649320991583e-05
5.950613474286990646e-05
6.235474424806429310e-05
6.475296736863049162e-05
6.625041771994219768e-05
6.623397504604284895e-05
6.546058585953717999e-05
6.393908866905214782e-05
6.285409682802178832e-05
6.264211568590157377e-05
6.318841107421518683e-05
6.411384472774521903e-05
6.370398193841871526e-05
6.222607051718904937e-05
5.861206183215703693e-05
5.362161193761282626e-05
4.794294143830920966e-05
4.329814905204559935e-05
3.960397988826107470e-05
3.781105716943545321e-05
3.724722903641644421e-05
3.729794819629944381e-05
3.714186604069329704e-05
3.673654915827159978e-05
3.583276282222017713e-05
3.504489156143320640e-05
3.431497783827792291e-05
3.365640457806214390e-05
3.215225371233467654e-05
2.895694763558743069e-05
2.188841765831290396e-05
1.288327573078020354e-05
-2.477521106156442440e-06
-1.883041480716482772e-05
-3.716750223633183994e-05
-5.416459074068103444e-05
-7.049167978262855714e-05
-8.162557634724268234e-05
-9.101271621164928871e-05
-9.690634267566410000e-05
-1.005036639221340360e-04
-1.029528325598344821e-04
-1.036508831072112987e-04
-1.040179102341256119e-04
-1.037228905201139831e-04
-1.027647587229714476e-04
-1.014750708842637094e-04
-9.865796689474108530e-05
-9.501782248014842942e-05
-8.973159721542526440e-05
-8.227562453293336519e-05
-7.373477814155010579e-05
-6.225065877904392524e-05
-5.036003740509935512e-05
-3.765641200827973383e-05
-2.559807525205842090e-05
-1.386238281614945893e-05
-4.313101413037843089e-06
4.588692289112454723e-06
1.219551058934414328e-05
1.909758765246446078e-05
2.564729409703217554e-05
3.161558295389774105e-05
3.737260004189357391e-05
4.270707359215934691e-05
4.768207626359191294e-05
5.247734349561147029e-05
5.732690554253802172e-05
6.236718692809613805e-05
6.778890699092163968e-05
7.331098473819112394e-05
7.888324132768447655e-05
8.312677824246354524e-05
8.636072475097843562e-05
8.757549044696017176e-05
8.619173866213463418e-05
8.350872813690249851e-05
7.738020596125147965e-05
7.062641521547186605e-05
6.262208732943775995e-05
5.474577735181334297e-05
4.693347632840224427e-05
4.103122677019825545e-05
3.591424136681969443e-05
3.236778427309112163e-05
2.951161501816942746e-05
2.700058968264953444e-05
2.303713809171432602e-05
1.792587458542823042e-05
1.051898724843962017e-05
8.755446025804057507e-07
-9.886175697720564717e-06
-2.173636821652694752e-05
-3.299618069018580278e-05
-4.307523307355549491e-05
-5.092622402378695458e-05
-5.766318425745407529e-05
-6.132041818584419129e-05
-6.431522608817407142e-05
-6.598518193837850604e-05
-6.679908604861550738e-05
-6.718496428886871076e-05
-6.645203151392808417e-05
-6.546571183410606145e-05
-6.397261834452231712e-05
-6.257297577814335484e-05
-6.122005867336831504e-05
-6.077162289315782100e-05
-6.054054706472257631e-05
-6.074419113983843343e-05
-6.062314235797697465e-05
-6.033974714762710526e-05
-5.865560000243942910e-05
-5.652821515893201705e-05
-5.351435491878463857e-05
-4.994437725119390837e-05
-4.609634086987906285e-05
-4.117138546902280628e-05
-3.550509243089120128e-05
-2.835612411820222139e-05
-1.920896115062319191e-05
-9.062700855597665488e-06
3.182009562672501751e-06
1.538614293354744221e-05
2.750912220960599803e-05
3.840947380518631272e-05
4.869851156053425599e-05
5.728291171404985548e-05
6.572175338855415494e-05
7.386947810503648453e-05
8.198732752246003957e-05
9.009023929034554049e-05
9.656678005834530695e-05
1.016708825476807769e-04
1.040301084796863934e-04
1.027999341359011080e-04
9.977505965422312959e-05
9.237109853168157996e-05
8.429408432858339880e-05
7.487096396436428386e-05
6.543284832342353150e-05
5.598723504411524514e-05
4.735412759320390704e-05
3.906019457672020990e-05
3.144461042908708521e-05
2.474115288791286970e-05
1.849375864996490870e-05
1.401693219058024011e-05
1.001249487243311028e-05
6.952835836768584703e-06
3.847361419038680310e-06
7.189793102725476028e-07
-4.297450500413369388e-06
-1.018436402457303410e-05
-1.781224497567648847e-05
-2.643294436612682625e-05
-3.555005297624194737e-05
-4.386718918279662415e-05
-5.127931295057587590e-05
-5.688141184080633758e-05
-6.035746753506830291e-05
-6.277050163134915409e-05
-6.272607054529494286e-05
-6.214307487057298921e-05
-6.048295001851775298e-05
-5.788710811532419849e-05
-5.482340768655979756e-05
-5.028089618421231614e-05
