2.172361588273989397e-01
2.173303957848959356e-01
2.197231469979825380e-01
2.201681834022049256e-01
2.206305779505001174e-01
2.220734224023915848e-01
2.251991451814663592e-01
2.275267073768827975e-01
2.312076876693937300e-01
2.347212001164299677e-01
2.486887055539256652e-01
2.629784895324284166e-01
2.813365739882183747e-01
2.706804280865592327e-01
3.660153117443212256e-01
4.044395972836103414e-01
5.114331449910888283e-01
6.011162750556845458e-01
3.915592229693175552e-01
3.954708812208522772e-01
4.380676472715133718e-01
4.751388807233449252e-01
5.747292840523314794e-01
5.303520008925883822e-01
5.461854153354994690e-01
4.983564454616248862e-01
5.575671228149561287e-01
5.662486117476333014e-01
6.669546552544279860e-01
7.117437408349499561e-01
8.143712857877738465e-01
1.012563045054241551e+00
8.066269913929441371e-01
8.087699366193598083e-01
9.616252102488215270e-01
8.878191336090272001e-01
9.422378807998543770e-01
8.812190572026487034e-01
7.598718372656838582e-01
5.684757641846597265e-01
4.640655520379211030e-01
4.146584063426302924e-01
3.895670372944779469e-01
3.792750271922517569e-01
3.598488071907459673e-01
3.266963869653973784e-01
3.326703657739330522e-01
3.554613755109118367e-01
3.687495443564078879e-01
3.862497271468296467e-01
3.953494778376530627e-01
3.896419271558383968e-01
3.799339243682480216e-01
4.081057154840075363e-01
4.398052886768774594e-01
4.261112104958641456e-01
4.477801285692437072e-01
4.905214184374779851e-01
4.830479471163101057e-01
4.848421438225201108e-01
4.739377185004305937e-01
4.933926794464671972e-01
5.032403519318993101e-01
5.368917799858983209e-01
5.613978507076582414e-01
6.012996407067267013e-01
6.534048641055256734e-01
6.942058173269231025e-01
6.999874014322760019e-01
6.627524697126634390e-01
5.884295957458969273e-01
6.854064038952650817e-01
7.617994048939306095e-01
9.004520389483610110e-01
9.696535865433915102e-01
9.603415998526538822e-01
9.282405820965948795e-01
8.800472035909696622e-01
8.781168751437234965e-01
1.018587039533860317e+00
1.099252146291709309e+00
1.122858139355748408e+00
1.182771369217706203e+00
1.178622666251124773e+00
1.052089085231795673e+00
9.400090200315566191e-01
9.080662368692589137e-01
9.167512616834875283e-01
9.965950221031353307e-01
1.082684537231125566e+00
1.110214215039901031e+00
1.068088912495233966e+00
9.627893907048823419e-01
8.332217111154194278e-01
7.516637075398121537e-01
7.806806144076123832e-01
8.993588189723048520e-01
1.025747121988268340e+00
1.151518436737252404e+00
1.342892027767739860e+00
1.473078197596388694e+00
1.509502729271877897e+00
1.460924882011806814e+00
1.383524826865874413e+00
1.443888821305792103e+00
1.477993337443796129e+00
1.419028314574640737e+00
1.246573025058962614e+00
1.231404929719617902e+00
1.185679010798087685e+00
1.132009212515873831e+00
1.062381629370301894e+00
9.766331673203180186e-01
8.926783317182254152e-01
8.182106695834462373e-01
7.427025021600983656e-01
6.701126190037030028e-01
6.035778447798954005e-01
5.446118318827020133e-01
4.931574124865749642e-01
4.656156476958223100e-01
4.549473023664339921e-01
4.594944461328905883e-01
4.523444234181596690e-01
4.366122013614214814e-01
4.158743593308260045e-01
4.011091812944208024e-01
3.896823122652500193e-01
3.786765393664237034e-01
3.676382010513664644e-01
3.543744181953651928e-01
3.366878219232892766e-01
3.521821773708527781e-01
3.741966788005887112e-01
3.915984090641741466e-01
3.924957211437468119e-01
3.782741487928362734e-01
3.529313064768468955e-01
3.261431875385224499e-01
3.053513391330932025e-01
2.860014700022651124e-01
2.720738864016707947e-01
2.651477085889627494e-01
2.633725407271244046e-01
2.636783176983027999e-01
2.629299934502981606e-01
2.592463107382014798e-01
2.521351699002262192e-01
2.422809721887704826e-01
2.356130427303587682e-01
2.333830261498631986e-01
2.314046318956273773e-01
2.300796364865495269e-01
2.290578289194438733e-01
2.272815547094350630e-01
2.243122525901096453e-01
2.292412494704843262e-01
2.314049587647795947e-01
2.295753639895712073e-01
2.228755503487723499e-01
2.109778047909526832e-01
2.020666011796512229e-01
1.987718042068986335e-01
1.972189191428600219e-01
1.912416714525267680e-01
1.812372681495574844e-01
1.678144656913660715e-01
1.519735608310435193e-01
1.351243900645199558e-01
1.262480826525012867e-01
1.233679434203178299e-01
1.194843161195400377e-01
1.197099953755851875e-01
1.200821131170916739e-01
1.199964475001058101e-01
1.194553859739378165e-01
1.184285720676665904e-01
1.169082132779497019e-01
1.176302843515253244e-01
1.226704035541160004e-01
1.253044406072348071e-01
1.253155497630954462e-01
1.252864975805643433e-01
1.232108422321170765e-01
1.186926295466915471e-01
1.128818395423298038e-01
1.117126673104332502e-01
1.122427596547701939e-01
1.127057157132667631e-01
1.136485832137962421e-01
1.151849215886634331e-01
1.167550201016656075e-01
1.175757198455008035e-01
1.166759690728770005e-01
1.133580341867445745e-01
1.098493135622045785e-01
1.075541845449112105e-01
1.100258661029167306e-01
1.108097879226604132e-01
1.096999858749023032e-01
1.066152989062733314e-01
1.015959099698382079e-01
1.039925989491304048e-01
1.079741134403850444e-01
1.104272854420818711e-01
1.113168834893601966e-01
1.106635662606578613e-01
1.085252340827233403e-01
1.049191353836625429e-01
1.017959309236155935e-01
9.907462362064613226e-02
9.539037336646322141e-02
9.089735387278434497e-02
8.579167474848736763e-02
8.281509373936958573e-02
8.372762594401514380e-02
8.382719616262686302e-02
8.320159834528242926e-02
8.194979867237021931e-02
8.017660868689602260e-02
7.798787278196978034e-02
7.548843296252530366e-02
7.283130627835840420e-02
7.005861571075351624e-02
6.732117302166880368e-02
6.465991880959440219e-02
6.216229862480157631e-02
5.990669238689786541e-02
5.790957120839523853e-02
5.619736616019512659e-02
5.477874171266065850e-02
5.364666403074361961e-02
5.278082012209239782e-02
5.215023326123292835e-02
5.171593748686419134e-02
5.143359448576236004e-02
5.125595823035441340e-02
5.113511496210298990e-02
5.102444742023157925e-02
5.089086692690950736e-02
5.070269221332250609e-02
5.041072197713370590e-02
4.998620025905387704e-02
4.943159048858025012e-02
4.871957776159904774e-02
4.782739293097432870e-02
4.755242850588536213e-02
4.814564316234259261e-02
4.854088506274135961e-02
4.868841718612706287e-02
4.858622780394562801e-02
4.824202330425365892e-02
4.761674304920920225e-02
4.673933053782305252e-02
4.561959198668587290e-02
4.424785439314202207e-02
4.266990303950699004e-02
4.090613081166043913e-02
3.917144332557725983e-02
3.904523222605068428e-02
3.888083729696389240e-02
3.868250832695716707e-02
3.844213387143673860e-02
3.816191273765326408e-02
3.829969417016226146e-02
3.826728578592340779e-02
3.800187350100569378e-02
3.754548691860839366e-02
3.686457035749689942e-02
3.601460903361387161e-02
3.533870228639015426e-02
3.483416491680697835e-02
3.431758908067605168e-02
3.378100661899685608e-02
3.322637112727551412e-02
3.265560020521132700e-02
3.207057295166400313e-02
3.147697591401166228e-02
3.087819588924272871e-02
3.026984060578325267e-02
2.999877480142975825e-02
2.992497300356329257e-02
2.979208273513322264e-02
2.962484575962686870e-02
2.940290982310147030e-02
2.913565856418908959e-02
2.883345993160703682e-02
2.848451558777906692e-02
2.810609699957664770e-02
2.769172507884591281e-02
2.833480330039339981e-02
2.917816036852655462e-02
2.994459018305886677e-02
3.062554862067492015e-02
3.121796284980490888e-02
3.172907768455850847e-02
3.215825723619863963e-02
3.249642307743487446e-02
3.274493616341953017e-02
3.292396928436616688e-02
3.301661280384816932e-02
3.302577410940220337e-02
3.296788254674693636e-02
3.284013723153280523e-02
3.264040253933548491e-02
3.237557998275984728e-02
3.206380889926808281e-02
3.169440822258729612e-02
3.127282014708787639e-02
3.080523101237734457e-02
3.030982196484427460e-02
2.977783796974480326e-02
2.921474455914867957e-02
2.862588944057621251e-02
2.801645713391801712e-02
2.739677203527333960e-02
2.676890359918458057e-02
2.613363187799562504e-02
2.549518257842437602e-02
2.485748085510052635e-02
2.422413753014543772e-02
2.359844000058007943e-02
2.363533504925531895e-02
2.366644689841761531e-02
2.365094063660832732e-02
2.359186044511535005e-02
2.349499350033063677e-02
2.336885120194831522e-02
2.320862143390509461e-02
2.301769931869736274e-02
2.279946645026802513e-02
2.255725238145008665e-02
2.229948461614661773e-02
2.202648090982336354e-02
2.173830655175180288e-02
2.143779666796261085e-02
2.112761423661860261e-02
2.081023730991458584e-02
2.048794999643945361e-02
2.016283692779773790e-02
1.983678090902270957e-02
1.951200729485099220e-02
1.919249942303673934e-02
1.887612411164522191e-02
1.856401254171087881e-02
1.825711900501556656e-02
1.795623073340170406e-02
1.766197879573042778e-02
1.751861137003668870e-02
1.755634768973301021e-02
1.757043672903720044e-02
1.756157975454666897e-02
1.753072176187416009e-02
1.747899456043650046e-02
1.740766552553090624e-02
1.732063507557816961e-02
1.721751008822696230e-02
1.709883074079253731e-02
1.696600329317146660e-02
1.682041175985771880e-02
1.666340299659289231e-02
1.649627662060942565e-02
1.632027910994244407e-02
1.613660139344677211e-02
1.594637923589440134e-02
1.575069573966575084e-02
1.555058532245968440e-02
1.534703858246658052e-02
1.514100753012625512e-02
1.493341073537679010e-02
1.472513802067020039e-02
1.451705440656943409e-02
1.431015975803896952e-02
1.410507785111272776e-02
1.390246429599894910e-02
1.370317923107767198e-02
1.350829436241605779e-02
1.331835594896316199e-02
1.313407587866440018e-02
1.307250413082368737e-02
1.310753318606498220e-02
1.313529966063863193e-02
1.315554876236521044e-02
1.316806688042453273e-02
1.317268492396425628e-02
1.317097835854202578e-02
1.316161990034694744e-02
1.314414940165324099e-02
1.311858937665595290e-02
1.308501605961926405e-02
1.304355936237396214e-02
1.299440213955333455e-02
1.293777877510964361e-02
1.287397311621222076e-02
1.280469656945075474e-02
1.272947301655411555e-02
1.264810642392359338e-02
1.256104005891225603e-02
1.246874903757657152e-02
1.237173552585446763e-02
