2.238837226742770581e-01
2.232425912079654406e-01
2.258195388854877528e-01
2.245492815709042578e-01
2.257135218135912780e-01
2.286643772640989947e-01
2.346302309768361349e-01
2.739146714213971379e-01
3.394406862577801220e-01
3.849662016610478354e-01
5.315964268444000052e-01
5.176131182265403252e-01
3.990006412986770723e-01
5.270037811596893773e-01
6.370870486964851365e-01
5.948858395388803011e-01
5.626090393287571656e-01
5.908086781310073476e-01
7.412719226601570677e-01
1.003911830899290702e+00
8.485020014405429967e-01
8.924603779549208360e-01
9.016051883046842796e-01
8.406833669328946934e-01
9.079951741121292663e-01
1.037757749047236944e+00
9.247249393156863340e-01
5.870913829908602777e-01
4.300640319661511723e-01
4.190018883636822400e-01
4.342261989863290816e-01
4.822456477373248118e-01
4.853113965965675791e-01
4.843200185017677573e-01
5.569220124406858430e-01
6.030155763110400802e-01
7.215605318479721975e-01
6.760247673614250274e-01
6.097593489747858975e-01
7.165867857124860185e-01
8.580086483849095336e-01
8.733359129418882816e-01
8.333625600935569144e-01
7.619184536130635399e-01
8.530799378589855042e-01
9.705201559238139097e-01
9.408719208052050975e-01
8.785360365777858949e-01
8.958210881630036537e-01
1.039747514476978996e+00
1.127129230830844708e+00
1.014481164401864755e+00
1.040863528232642166e+00
1.131518284499931193e+00
1.273198546083760041e+00
1.421778111730005234e+00
1.663683108141323475e+00
1.686257608705633571e+00
1.426354201281816447e+00
1.405556907837683722e+00
1.518260045563124327e+00
1.563318338269775287e+00
1.523807313027723209e+00
1.629548533497779728e+00
1.699353200935685981e+00
1.644636849914275389e+00
1.533639837448466103e+00
1.423381267778220716e+00
1.378718638901207605e+00
1.432223255848058097e+00
1.501143092084312292e+00
1.536969793245079430e+00
1.478862857768415084e+00
1.327378352872647271e+00
1.149525344803486115e+00
9.376460570183193788e-01
7.257246848589153920e-01
5.876790051590393693e-01
5.642615152753295282e-01
5.265026305909712434e-01
5.316105745452428533e-01
5.663662403869433870e-01
5.760960250080472411e-01
5.582345870836680213e-01
5.309462151482973180e-01
5.083299651997668089e-01
4.732153937947715661e-01
4.556286829671256644e-01
4.331847637794769557e-01
4.067042311097737173e-01
3.899589373088352962e-01
3.830459836284689223e-01
3.727282753619650113e-01
3.577302347028998852e-01
3.576745789296482125e-01
3.547235869557905374e-01
3.458379666429523547e-01
3.307086583052897821e-01
3.292102540299843838e-01
3.273090360008542032e-01
3.204561247257494139e-01
3.080078339917333152e-01
2.911956283505369170e-01
2.840896335442939513e-01
2.819722568993650591e-01
2.974543557287480655e-01
2.926954197531064783e-01
2.720988206166563561e-01
2.426479738484535187e-01
2.175257496148549630e-01
2.067350158967462825e-01
1.977021251888145259e-01
1.966269587629739801e-01
2.054024032935551081e-01
2.102901608932196409e-01
2.091109326121892986e-01
2.165516087744812912e-01
2.166639164910021675e-01
2.091168150666507242e-01
1.987711760860816357e-01
1.930722000370041214e-01
1.822476092417575355e-01
1.681012109546919930e-01
1.522648396910797897e-01
1.394845295001043151e-01
1.344283056923983588e-01
1.296241618866084688e-01
1.252066108658410892e-01
1.214293215520321351e-01
1.184066314719721680e-01
1.160338873200627008e-01
1.140090196215184926e-01
1.120664746501772169e-01
1.100802661098603669e-01
1.077612736449681252e-01
1.049308945164672824e-01
1.016437681709667501e-01
9.774765054616239845e-02
9.343711011175188930e-02
8.869396932607503947e-02
8.633588002820685725e-02
8.393169691726921899e-02
8.130167142640232214e-02
7.843675609784332703e-02
7.544645332741566068e-02
7.244586912446569771e-02
6.975054718657135167e-02
6.928142588286399783e-02
6.995708266478728454e-02
7.028604481224730305e-02
7.033802856422771699e-02
7.027464521659054775e-02
7.022529571121595426e-02
7.012776271874507361e-02
6.996679519189778762e-02
6.976645760665986518e-02
6.932530347750071043e-02
6.861505496453518260e-02
6.752434289085866570e-02
6.596849226112530551e-02
6.392456266383607366e-02
6.134095795295126802e-02
5.890609100259718706e-02
5.852448761241132308e-02
5.794581441466060273e-02
5.711788663990804288e-02
5.602653872843819244e-02
5.472696089130214825e-02
5.316012657042663153e-02
5.141283956733793542e-02
4.945661058344241051e-02
4.739741091838391152e-02
4.818691134759960082e-02
4.884004501041607632e-02
4.934215385823031985e-02
4.968299959866302740e-02
4.987866546850321103e-02
4.993848700415847580e-02
4.983052171736512131e-02
4.955881169664115571e-02
4.913027936788637307e-02
4.855428804941743642e-02
4.787827579784172810e-02
4.709187662334303470e-02
4.619283217290091198e-02
4.519565349460111237e-02
4.411531244879540736e-02
4.296690812245914509e-02
4.176537105546476031e-02
4.054133447246322658e-02
3.930187036374307996e-02
3.804672224246269385e-02
3.689330146332667204e-02
3.660442944076741645e-02
3.627397286738524851e-02
3.591156020435867791e-02
3.550713590111408136e-02
3.506533295749401924e-02
3.459077367249269869e-02
3.408801679302165405e-02
3.356151180976003900e-02
3.301556009982177520e-02
3.245428255246957105e-02
3.188159326565846025e-02
3.130117886859270365e-02
3.071648300506034379e-02
3.013126313429575695e-02
2.955595056385469308e-02
2.898402369304831430e-02
2.841794918283866919e-02
2.785993658938713119e-02
2.731194318342005517e-02
2.677568092870764860e-02
2.625262525982813636e-02
2.574402532424122439e-02
2.525091538436962865e-02
2.477412710161992423e-02
2.431430245234700999e-02
2.387190705370968724e-02
2.344724370131156047e-02
2.304046594724717262e-02
2.265159156911126029e-02
2.228051580259098746e-02
2.192702423041804211e-02
2.159080523922086298e-02
2.127146197176670375e-02
2.096852371918583521e-02
2.068145670895892713e-02
2.040967425916496297e-02
2.015254627881228958e-02
1.990940810392610727e-02
1.967956866749960565e-02
1.946231800840194856e-02
1.925693412997259504e-02
1.906268922502341728e-02
1.887885528657307077e-02
1.870470912872527341e-02
1.853953684326509199e-02
1.838263772034525248e-02
1.823332766278222897e-02
1.809094212431850562e-02
1.795483860280973343e-02
1.782439871917956831e-02
1.769902991311325322e-02
1.757816678578031852e-02
1.746127211861273412e-02
1.734783759759814248e-02
1.723738426992835193e-02
1.712946275984528199e-02
1.702365326869959006e-02
1.691956538306910868e-02
1.681683771345529599e-02
1.671513738448896641e-02
1.661415939678812306e-02
1.651362587843451316e-02
1.641328524312233098e-02
1.631291127085816514e-02
1.621230212569104573e-02
1.611127932311972807e-02
1.600968666002471064e-02
1.590738911711222364e-02
1.580427174445404523e-02
1.570023853837793776e-02
1.559521131784991597e-02
1.548912860710233499e-02
1.538194453074795756e-02
1.527362772660126843e-02
1.516416028118043255e-02
1.505353669111240099e-02
1.494176285449898278e-02
1.482885509476957603e-02
1.471483921902155649e-02
1.459974961303092331e-02
1.448362837414188080e-02
1.436652448288634927e-02
1.424849301426893075e-02
1.412959438883783399e-02
1.400989366351508038e-02
1.388945986258046002e-02
1.376836534748713051e-02
1.364668522583738393e-02
1.352449679836353544e-02
1.340187904283569181e-02
1.327891213466885628e-02
1.315567700220475304e-02
1.303225491614786770e-02
1.290872711194955037e-02
1.278517444339352487e-02
1.266167706663483446e-02
1.253831415298824713e-02
1.241516362925436552e-02
1.229230194440758366e-02
1.216980386096683242e-02
1.204774227002874953e-02
1.192618802847373455e-02
1.180520981711526661e-02
1.168487401865108723e-02
1.156524461390438969e-02
1.144638309547633959e-02
1.132834839722380790e-02
1.121119683924878471e-02
1.109498208617479102e-02
1.097975511871745156e-02
1.086556421680293961e-02
1.075245495400996287e-02
1.064047020151243778e-02
1.052965014155686843e-02
1.042003228894148453e-02
1.039814511585675227e-02
1.039063964376272381e-02
1.038266822705903245e-02
1.037415482414422163e-02
1.036502902834550606e-02
1.035522595541284868e-02
1.034468611907690856e-02
1.033335529632534167e-02
1.032118438342575356e-02
1.030812924431927929e-02
1.029415055222918617e-02
1.027921362591678600e-02
1.026328826171475465e-02
1.024634856177224565e-02
1.022837275982191492e-02
1.020934304574527482e-02
1.018924538851648416e-02
1.016806935956377986e-02
1.014580795615268975e-02
1.012245742627190283e-02
1.009801709466624960e-02
1.007248919140046016e-02
1.004587868256087875e-02
1.001819310436044379e-02
9.989442399963190458e-03
9.959638760449987527e-03
9.928796469226326346e-03
9.896931750729977620e-03
9.864062623481753903e-03
9.830208757243080742e-03
9.795391335252498152e-03
9.759632920763934572e-03
9.722957328478974010e-03
9.685389500881142963e-03
9.646955389294347219e-03
9.607681839920990258e-03
9.567596484674270596e-03
9.526727637010255767e-03
9.485104192358650987e-03
9.442755533455486974e-03
9.399711440456313613e-03
9.356002005351013451e-03
9.311657551487209292e-03
9.266708556897035667e-03
9.221185582608423109e-03
9.175119204675610471e-03
9.128539950805297093e-03
9.081478240641776070e-03
9.033964330269286108e-03
8.986028260281846494e-03
8.937699807690357642e-03
8.889008441247250869e-03
8.839983280208808455e-03
8.790653056506876270e-03
8.741046079871712254e-03
8.691190206154561851e-03
8.641112808581253441e-03
8.590840751538852613e-03
8.540400367287580632e-03
8.489817435187511224e-03
8.439117163089432036e-03
8.388324171293749104e-03
8.337462478609131838e-03
8.286555490442099395e-03
8.235625988803434855e-03
8.184696124275444087e-03
8.133787409651789882e-03
8.082920715269475975e-03
8.032116265830708743e-03
7.981393638615818034e-03
7.930771763319445500e-03
7.880268922794669839e-03
7.829902755209627169e-03
7.779690257299659573e-03
7.729647788525326711e-03
7.679791076221418114e-03
7.630135221780313427e-03
7.580694707204575951e-03
7.531483402984899198e-03
7.482514576074664539e-03
7.433800899010077276e-03
7.385354459094883861e-03
7.337186768276889905e-03
7.289308773767074270e-03
7.241730868405234049e-03
7.194462902037580473e-03
7.147514192708185991e-03
7.100893538402588620e-03
7.054609228894179532e-03
7.008669057697277868e-03
6.963080334450422182e-03
6.917849897002188025e-03
