4.488155431299420406e-01
4.499802943530721300e-01
4.551349779680790020e-01
4.573081423080028740e-01
4.686055864917903491e-01
5.002839134846216451e-01
5.382004929261091641e-01
5.365332103816975451e-01
6.405756730114106068e-01
7.408685932681716713e-01
6.416507214083841948e-01
7.385588760578476464e-01
1.004789486653620223e+00
8.289043274820798723e-01
8.642119226323221604e-01
1.017443861718355658e+00
8.362335996691508955e-01
8.805552755102818985e-01
9.757041998379069048e-01
1.102198233056695953e+00
1.108244992538592433e+00
1.439727868703805536e+00
1.410682554210454631e+00
1.336462537981863097e+00
1.582067395996495263e+00
1.683031290191329798e+00
2.149929937875603159e+00
2.141456425228100535e+00
1.861558281777926371e+00
1.932711891574932839e+00
2.364615533312271811e+00
2.514168639470375943e+00
2.572594066984466465e+00
2.267297613264623646e+00
3.144671566682760488e+00
3.099335077548114104e+00
2.499108506653492157e+00
2.784280265961947443e+00
2.907504977510984467e+00
3.160701263736046318e+00
3.044865770075887657e+00
2.346310827297678703e+00
1.515515704144749565e+00
1.085008356993011791e+00
9.678998851810246551e-01
9.470997839042680777e-01
9.906411384196502912e-01
9.775336711711141158e-01
9.457464483183708470e-01
8.657790912831988539e-01
7.672334773223750126e-01
8.491257858403439274e-01
7.545101083485649118e-01
5.443729501182605901e-01
5.716256674641795321e-01
5.840650522700040481e-01
5.487822374688315907e-01
5.432148463241504022e-01
4.765066788270446718e-01
4.164763704884866247e-01
3.716818931910351176e-01
3.928383825276271502e-01
3.522778048182558797e-01
2.874480147181185385e-01
2.602885612901936208e-01
2.719219717945431936e-01
2.942282683872458615e-01
2.866084115883326122e-01
2.780076512834974145e-01
2.597208627643974865e-01
2.312841095550228765e-01
2.165933455331900959e-01
2.257417134064236830e-01
2.455096834798407290e-01
2.527815213182739718e-01
2.321163930388737973e-01
2.044639367567915589e-01
2.002315508838057034e-01
1.999894060440061405e-01
1.968500976674502634e-01
1.876318048212425593e-01
1.745067029780527912e-01
1.628541382298566154e-01
1.593833306403470707e-01
1.523632092541492011e-01
1.436014294403729352e-01
1.343772387834727966e-01
1.251078833218997877e-01
1.163102823047636597e-01
1.081824278538755790e-01
1.007928026332551019e-01
9.660533548193174502e-02
9.632721676956590429e-02
9.570189602535121576e-02
9.477887546902695470e-02
9.359208613962735623e-02
9.217477422122287434e-02
9.056524451181043045e-02
8.882726282856390210e-02
8.710080341796129499e-02
8.529341497145428996e-02
8.344139843208674134e-02
8.157325299113268868e-02
7.970922094696926419e-02
7.786200533142736968e-02
7.603820056685610396e-02
7.423999381824281096e-02
7.246680028989808953e-02
7.071662911803204554e-02
6.898709800026479877e-02
6.727610427894369083e-02
6.558221292079190190e-02
6.390484223450884627e-02
6.224432521014199027e-02
6.060190785290194004e-02
5.897972422493994588e-02
5.738076717110439373e-02
5.580885744712922591e-02
5.426860363818241523e-02
5.276534074980355343e-02
5.130503563223656055e-02
4.989415099063392034e-02
4.853946512029103794e-02
4.724785036385852066e-02
4.602601859854620059e-02
4.488024617105016573e-02
4.448714923019615741e-02
4.384050139347004521e-02
4.284946875433479768e-02
4.157538850642687744e-02
4.044750556714058615e-02
3.983266782748198093e-02
3.930512008111473193e-02
3.886007203530763426e-02
3.849112688264044735e-02
3.819042472499750013e-02
3.794883359463308709e-02
3.775617896577445481e-02
3.760150163420191566e-02
3.747333340837100818e-02
3.735998014656116695e-02
3.724980221726141572e-02
3.713148336539057875e-02
3.699428014763238293e-02
3.682824546328498233e-02
3.662442117112614526e-02
3.637499627080431619e-02
3.607342857679244480e-02
3.571452916785488457e-02
3.529451012110122743e-02
3.481099710150818705e-02
3.426300926414305170e-02
3.365090962599489449e-02
3.297632957975648454e-02
3.226855130470473315e-02
3.150336095277789239e-02
3.068517545240143779e-02
2.981934164708173116e-02
2.891189426852681238e-02
2.796941168959953677e-02
2.741494370821968493e-02
2.783875682123896148e-02
2.811348302748249359e-02
2.823621066307153982e-02
2.821577674392452759e-02
2.896436072582934604e-02
2.965634801541766966e-02
3.012101797765584857e-02
3.030071752744456504e-02
3.020164463828252030e-02
2.983834777991523426e-02
2.923253544443176963e-02
2.841171938292331653e-02
2.740776602968413023e-02
2.625542545822839510e-02
2.501440694867712936e-02
2.443353859480151824e-02
2.412938908056615900e-02
2.378506230114389025e-02
2.340337238082752444e-02
2.298733060652184343e-02
2.254009927834520546e-02
2.206494787094712487e-02
2.156521186226502754e-02
2.104425450189682453e-02
2.050543171572361337e-02
1.995206027201753413e-02
1.938738927330499115e-02
1.881457498047369239e-02
1.823665893054200043e-02
1.765654926485823312e-02
1.707700515340043398e-02
1.650062417020802669e-02
1.592983245411058388e-02
1.536687747257077519e-02
1.509607273968723538e-02
1.480676729181789469e-02
1.449621912191101196e-02
1.441838616365271990e-02
1.439364222897670381e-02
1.440941927217567753e-02
1.445822065375151379e-02
1.453223359743638712e-02
1.462353924288003690e-02
1.472430301728974190e-02
1.482694320698017994e-02
1.492427642423672235e-02
1.500963939484494317e-02
1.507698712956191157e-02
1.512096808870413284e-02
1.513697739880264827e-02
1.512118954240370371e-02
1.507057221528540318e-02
1.498288324114777949e-02
1.491075017796178286e-02
1.515211567007439426e-02
1.536950335541232768e-02
1.555866091941480664e-02
1.571593075784651072e-02
1.583827323594716799e-02
1.592327647913279950e-02
1.596915400553469006e-02
1.597473159246596414e-02
1.593942480748850032e-02
1.586320864102793923e-02
1.574658064959691406e-02
1.559051896710502566e-02
1.539643647027703552e-02
1.516613229507578903e-02
1.490174180191848781e-02
1.460568598049728772e-02
1.428062117277232972e-02
1.392938988005248957e-02
1.356444108383606656e-02
1.342630107232251936e-02
1.328214040980967882e-02
1.313249816550091445e-02
1.297790271529843976e-02
1.281886998958970889e-02
1.265590195262806909e-02
1.248948530051321310e-02
1.232009036307266624e-02
1.214817019616823944e-02
1.197415985068006096e-02
1.179847580440740624e-02
1.162151554443697880e-02
1.144365728658612406e-02
1.126525982039728105e-02
1.108666246740843894e-02
1.090818514200484965e-02
1.073012850377560307e-02
1.055277419180565383e-02
1.037638513087790933e-02
1.020120590115738274e-02
1.002746316273629180e-02
9.855366127259790332e-03
9.685107069585573505e-03
9.516861872515429421e-03
9.350790598699839154e-03
9.187038083948774816e-03
9.025734546427025690e-03
8.866996207707618718e-03
8.710925920831263242e-03
8.557613801513501775e-03
8.407137859295567284e-03
8.295508055752354171e-03
8.187250189309417184e-03
8.078056087167410568e-03
7.977018765516609086e-03
7.925877431638590764e-03
7.874760167391976762e-03
7.857126376124441355e-03
7.854535217865811492e-03
7.849701472104703148e-03
7.842677294491482570e-03
7.833517674777827275e-03
7.822280040668878887e-03
7.809023886306889865e-03
7.793810425200857137e-03
7.776702266554655872e-03
7.757763114049444353e-03
7.737057486440904359e-03
7.714650459005371018e-03
7.690607424703102026e-03
7.664993874637425139e-03
7.637875196571343971e-03
7.609316490708077120e-03
7.579382401794693830e-03
7.548136967004583607e-03
7.515643478327479858e-03
7.481964358983564031e-03
7.447161052790454185e-03
7.411293926073297261e-03
7.374422180940001965e-03
7.336603779502029465e-03
7.297895378157707828e-03
7.258352271588134827e-03
7.218028345214642059e-03
7.176976036187252689e-03
7.135246301736606657e-03
7.092888594725149654e-03
7.049950845734292634e-03
7.006479450995079308e-03
6.962519265945771828e-03
6.918113603710827030e-03
6.873304238365825561e-03
6.828131412336146434e-03
6.782633847382042724e-03
6.736848759333258739e-03
6.690811875795884232e-03
6.644557456532594435e-03
6.598118316413313124e-03
6.551525850526038371e-03
6.504810061148506156e-03
6.457999586463625784e-03
6.411121730610706143e-03
6.364202495069787476e-03
6.317266610953279488e-03
6.270337572210311211e-03
6.223437669389739885e-03
6.176588024156421004e-03
6.129808623802093792e-03
6.083118356337889956e-03
6.036535045488023062e-03
5.990075485726805218e-03
5.943755477257167165e-03
5.897589860757408882e-03
5.851592551864713727e-03
5.805776575298261626e-03
5.760154098624803605e-03
5.714736465434909138e-03
5.669534228044404919e-03
5.629022465232273731e-03
5.601979440679872788e-03
5.574031477502869834e-03
5.545259210938545576e-03
5.515740398017806960e-03
5.485549885206411798e-03
5.454759590983289212e-03
5.423438501513839181e-03
5.391652678229883096e-03
5.359465276292376887e-03
5.326936572294818303e-03
5.294124000759479164e-03
5.261082197814632121e-03
5.227863051515166393e-03
5.194515757754377717e-03
5.161086880995906928e-03
5.127620418878100876e-03
5.094157870552696969e-03
5.060738307321547072e-03
5.027398445529711844e-03
4.994172721319448463e-03
4.961093366059747371e-03
4.928190482744188201e-03
4.895492122562563816e-03
4.863024361427817875e-03
4.830811376074980144e-03
4.798875519406358391e-03
4.767237395225839593e-03
4.735915931461304185e-03
4.704928452219175015e-03
4.674290748544911167e-03
4.644017147224608656e-03
4.614120578094991348e-03
4.584612639536786438e-03
4.555503661977594945e-03
4.526802769474346996e-03
4.498517939375653273e-03
4.470656059961748176e-03
4.443222986022285666e-03
4.416223592313218808e-03
4.389661825354711222e-03
4.363540752730059660e-03
4.337862610912076623e-03
4.312628850653202166e-03
4.287840180968074087e-03
4.263496610857491625e-03
4.239597489438589814e-03
4.216141544151277495e-03
4.193126917536980566e-03
4.170551201858821964e-03
4.148411472722176793e-03
4.126704320665488222e-03
4.105425881496712649e-03
4.084571865175932147e-03
4.064137583245152480e-03
4.044117975032791336e-03
4.024507632647148295e-03
4.005300824494541917e-03
3.986491518065242608e-03
3.968073401308665898e-03
3.950039903062980105e-03
3.932384212588364153e-03
3.915099298021553625e-03
3.898177924120890120e-03
3.881612668829397244e-03
3.865395939543480978e-03
3.849519988137662437e-03
3.833976925550345357e-03
