2.685026061472741699e-01
2.689030631040824626e-01
2.672956557437672354e-01
2.696024466997541946e-01
2.752667985164863329e-01
2.784291580337020511e-01
2.866439744255791511e-01
3.007896881736275008e-01
3.624212848339404824e-01
4.169052646078315605e-01
5.852460841001614344e-01
4.364671493231409571e-01
4.127756674586006702e-01
4.508710026062068832e-01
5.649367528242695835e-01
8.233600856823055647e-01
5.902691126763295326e-01
7.410632728347164022e-01
7.247433505720632940e-01
7.133630140228430783e-01
8.963362708232075482e-01
7.753317139633345567e-01
9.185917283125856203e-01
1.018590000310684029e+00
9.937919666019578990e-01
7.040272614135351104e-01
5.411190230937913404e-01
6.225798932177294409e-01
6.307799503050504075e-01
6.801576234148997147e-01
6.739656413169904381e-01
7.200104298853201579e-01
7.292726051707913992e-01
8.499215852722686870e-01
7.611421970917441326e-01
7.965508934152056852e-01
8.145967742465174410e-01
8.460064222871004347e-01
9.566150591291474603e-01
9.508202436327209961e-01
8.648966343863873085e-01
1.009746926006356516e+00
1.162429681036128093e+00
1.153280958048183091e+00
1.071389670504944602e+00
9.924727604570073858e-01
1.117757690769569212e+00
1.206356754752896832e+00
1.227912061427000046e+00
1.412340386029936612e+00
1.316902854306660098e+00
1.073846468924265940e+00
1.200424733379384046e+00
1.386810027095175979e+00
1.551966916843308120e+00
1.692676005939980577e+00
1.766764740270482914e+00
1.838169804345514802e+00
1.825145178775675392e+00
1.697897846759777396e+00
1.843778828881215137e+00
1.898292099647709952e+00
1.867848115316025792e+00
1.773845862687575714e+00
1.873150517046726637e+00
1.945797180988323216e+00
2.013321352699321665e+00
2.269020296990900576e+00
2.134068229837942976e+00
1.933616942609482026e+00
1.621835648524127649e+00
1.318371593191819180e+00
1.138886900694370929e+00
9.948244875830837275e-01
8.757105803267754007e-01
7.535368120271562775e-01
6.317371920129488672e-01
5.910264580737747409e-01
6.265595707556770311e-01
6.186815644108470957e-01
6.062650589164025883e-01
5.996893210953164743e-01
5.809779569513987552e-01
5.466737528928304890e-01
5.146758113823189928e-01
4.754947338902536513e-01
4.497476666992600292e-01
4.265949563682123746e-01
4.135376016386961284e-01
4.018395053972245723e-01
3.943272460568035265e-01
3.767357076949786610e-01
3.551802864661793291e-01
3.357366296195193334e-01
3.060187935723988062e-01
2.712985288711771692e-01
2.728502169547744050e-01
2.711638912734812834e-01
2.665312184381645189e-01
2.584446470857056921e-01
2.555340386738401692e-01
2.586012603678734534e-01
2.585306984903835703e-01
2.561707702298087752e-01
2.510701744620488784e-01
2.438256893778278367e-01
2.346854015754829270e-01
2.239055847522531673e-01
2.120232257070482074e-01
1.992865642292557804e-01
1.859570829995048358e-01
1.799372996172144690e-01
1.804739141028283145e-01
1.788110066462348935e-01
1.846467345751356126e-01
1.822588521337748235e-01
1.722113049191454082e-01
1.561446553322036190e-01
1.378742311745683458e-01
1.340942089375450341e-01
1.393498241425454309e-01
1.409874349111467362e-01
1.395750679609281120e-01
1.357107789688845600e-01
1.300121248206234370e-01
1.230771861836729708e-01
1.151516426459402859e-01
1.070070225144618276e-01
1.090619602435581592e-01
1.099606960838681452e-01
1.098418744190843982e-01
1.088394474689161062e-01
1.070922365614547372e-01
1.048016625674274005e-01
1.019742963436044980e-01
9.891396761771967250e-02
9.571544913266857857e-02
9.246985721937135694e-02
8.994598503123676925e-02
8.871609371796757015e-02
8.717792749827785181e-02
8.540505686868429813e-02
8.364302511916732463e-02
8.185176703680295540e-02
7.999611440275243568e-02
7.815122435224299002e-02
7.610791860766084882e-02
7.379780056075430084e-02
7.114288038596355834e-02
7.030857785346725231e-02
7.187436910447156380e-02
7.307353823025578010e-02
7.382356704791039059e-02
7.591005270612988243e-02
7.913184065348478902e-02
8.040234263595716357e-02
7.953957331504867001e-02
7.667805744768108056e-02
7.202880873623976332e-02
7.252509831953259101e-02
7.294862181720385141e-02
7.185851811911710130e-02
6.956912767461310987e-02
6.641760165235559288e-02
6.278702453973920850e-02
5.904937481514684755e-02
5.608413934046307253e-02
5.544839874132296426e-02
5.460949743224730035e-02
5.363986279435952603e-02
5.248292882424251959e-02
5.115512970368209927e-02
4.967522363713535588e-02
4.806371174005389518e-02
4.635546680890811899e-02
4.540646413691643707e-02
4.512055909767362372e-02
4.525000132198361141e-02
4.525856119489502644e-02
4.481358141842987225e-02
4.429208295067447315e-02
4.486937070443285797e-02
4.483198632249368182e-02
4.403843201883279185e-02
4.262338770919924663e-02
4.155222232478568423e-02
4.082417736918450557e-02
4.004294659851993787e-02
3.921562083560907463e-02
3.836318201812793233e-02
3.850870312957895697e-02
3.926535527744354909e-02
3.980354540892896281e-02
4.012345040636425275e-02
4.021032993714299814e-02
4.009273060931872745e-02
3.981933340944584371e-02
3.937228389826782221e-02
3.877839889833471082e-02
3.806808955171725461e-02
3.730174213391596050e-02
3.646804549533760875e-02
3.559329102412057272e-02
3.470169956487739044e-02
3.381488346869148537e-02
3.295146110132915473e-02
3.212681673430919926e-02
3.135299472020589701e-02
3.063871384971109807e-02
2.998948574039778103e-02
2.941260814453452305e-02
2.890230704693843092e-02
2.845621224536999325e-02
2.807003469099532064e-02
2.773776845671112670e-02
2.745207259582807535e-02
2.720464841819216634e-02
2.698660162950736185e-02
2.678878067121517187e-02
2.660208447433912160e-02
2.641773464474987676e-02
2.622750878848850373e-02
2.609030371481822069e-02
2.616334665145582383e-02
2.615597150656059564e-02
2.605641671155661809e-02
2.585487609524569561e-02
2.556549917777699993e-02
2.516941018870515537e-02
2.465808364174937317e-02
2.472658992176537257e-02
2.474425545804606608e-02
2.467513648486973146e-02
2.466155246982140725e-02
2.462600818625287208e-02
2.444012617549011501e-02
2.410764182389983634e-02
2.366305847295304549e-02
2.309142885244139937e-02
2.240402934710522889e-02
2.161714209721398230e-02
2.074884296062356678e-02
2.024896430775049994e-02
1.993710479610482159e-02
1.980034491686099782e-02
1.991918898276963737e-02
1.993881682956932105e-02
1.985150110580854652e-02
1.966924556301409902e-02
1.941593247205623818e-02
1.908810109235004743e-02
1.870542017335522639e-02
1.828621545453480712e-02
1.783283321167333790e-02
1.735832795689271416e-02
1.687868264004003735e-02
1.641019950902112071e-02
1.623292836967819147e-02
1.603475212153133989e-02
1.592081477454948893e-02
1.585534312212902655e-02
1.578414547272231558e-02
1.570733423334902054e-02
1.562504180335858722e-02
1.553741855799088863e-02
1.544463091201160078e-02
1.534685946691272118e-02
1.524429724251204037e-02
1.513714799505321180e-02
1.502562462159516207e-02
1.490994765122236054e-02
1.479062958648661059e-02
1.466978375613125184e-02
1.454539746677748629e-02
1.441770511410224616e-02
1.428694292889134618e-02
1.415334794331812862e-02
1.415665924138518987e-02
1.424236992285283360e-02
1.432807086999452612e-02
1.441053592117811505e-02
1.448656881278499384e-02
1.455307969290589587e-02
1.460715347535352683e-02
1.464610921171518622e-02
1.466754994736729767e-02
1.466940279752502324e-02
1.465163899785008363e-02
1.461590317539260102e-02
1.455662852839485939e-02
1.447318611236126859e-02
1.436533140459948094e-02
1.423319309347479203e-02
1.407725542251366847e-02
1.389833498471811611e-02
1.369755288013350947e-02
1.347630316182116955e-02
1.323621847435112013e-02
1.297913376040314877e-02
1.270704886260962466e-02
1.242209079198458924e-02
1.228086074957471067e-02
1.222588422899455012e-02
1.216172349540980101e-02
1.208863242579641742e-02
1.200692491930987690e-02
1.191696850205352549e-02
1.181917792527410922e-02
1.171400881750863689e-02
1.160195144451588167e-02
1.148352462443817147e-02
1.135926984044705393e-02
1.122974558736354080e-02
1.109552198248909237e-02
1.095717566677545038e-02
1.081528501656385012e-02
1.067042568211663822e-02
1.052316646394245089e-02
1.037406553522760705e-02
1.022366701325005608e-02
1.007249788090471693e-02
9.982181627301368529e-03
9.927480207097766698e-03
9.869564155795281998e-03
9.808625857123573141e-03
9.744863777447983905e-03
9.678481112651345780e-03
9.609684502878282700e-03
9.538682816210002080e-03
9.465686003342252755e-03
9.390904023273489304e-03
9.314545841138794496e-03
9.236818497253926341e-03
9.157926247360210700e-03
9.078069773094622416e-03
8.997445461288593876e-03
8.916560126338407208e-03
8.891587892536804288e-03
8.863888282228131812e-03
8.833576107713254216e-03
8.800773352866029381e-03
8.765608182279298680e-03
8.728213984454055024e-03
8.688728450844928827e-03
8.647292693348308454e-03
8.604050401187482780e-03
8.559147040107711879e-03
8.512729092619587476e-03
8.464943342193317899e-03
8.415936200601253220e-03
8.365853078807721985e-03
8.314837801797914790e-03
8.263032066356330169e-03
8.210574942030210779e-03
8.157602414073105573e-03
8.104246967787802000e-03
8.050637213608600670e-03
7.996897551167036697e-03
7.943147871841180208e-03
7.889503297904252449e-03
7.836073957783039334e-03
7.782964794670934813e-03
7.730275408632109047e-03
7.678099929156152054e-03
7.626526917977320685e-03
7.575639299174653264e-03
7.525514316654954503e-03
7.476223515752263536e-03
7.427832748662809362e-03
7.380402201469131625e-03
7.333986441348076812e-03
7.288634482776273384e-03
7.244389870696935942e-03
7.201290779908113733e-03
7.159370128104838339e-03
7.118655702953893653e-03
7.079170300186746201e-03
7.040931872133187990e-03
7.003953686006997997e-03
6.968244489716959866e-03
6.933808684758272292e-03
6.900646504950385188e-03
6.868754200062958740e-03
6.838124223147661919e-03
6.808745420934136233e-03
6.780603226205517489e-03
6.753679851603157196e-03
6.727954483726345837e-03
6.703403477010258689e-03
6.680000547140948174e-03
6.657716962529910965e-03
6.636521733925806674e-03
6.616381801720520872e-03
6.597262219662884675e-03
6.579126335722473504e-03
6.561935968812415351e-03
6.545651581284997987e-03
6.530232447000125680e-03
6.515636814802775595e-03
6.501822066606507619e-03
