3.500587402122199432e-01
3.511355511824412190e-01
3.567017198339083039e-01
3.533805039579646090e-01
3.557199294171731196e-01
3.594581812809069521e-01
3.611547378762859917e-01
3.701786776570937798e-01
4.073629966138289094e-01
4.809648667068697758e-01
5.213001868694694396e-01
5.459281368404936829e-01
6.409245849759691582e-01
6.489934922603660672e-01
8.054691757276478681e-01
6.953746662113984289e-01
6.167812683442989163e-01
7.427053891588565326e-01
1.091246750986894609e+00
1.145074652735591503e+00
1.081385896609609265e+00
1.336296852404939894e+00
1.448664022023001596e+00
1.507144353908863144e+00
1.266752314160767279e+00
1.595636513493412734e+00
1.435739392559056693e+00
1.453067729117399232e+00
1.280938713706485821e+00
1.589654947249433237e+00
1.236789917641137659e+00
1.312864373730283418e+00
1.328788707045861495e+00
1.267863045416718792e+00
9.662686736438028667e-01
7.929181534005316223e-01
7.188622145876948366e-01
6.920901208617568079e-01
7.771573897719457058e-01
8.355616691823297693e-01
8.712292937775789614e-01
8.544682865549220185e-01
8.174483000965900859e-01
8.220477716120332401e-01
8.589872132492457624e-01
9.855475175701240431e-01
8.975226726706174718e-01
9.320397039229015856e-01
1.126897158232331497e+00
1.110063005961191118e+00
1.072684997845591903e+00
1.074446260200608627e+00
1.095959989400998147e+00
1.155061296211480570e+00
1.250546736204560583e+00
1.406205598243447596e+00
1.570268993214177344e+00
1.529266066533733426e+00
1.423126134006238663e+00
1.468123462172460370e+00
1.677244805164465502e+00
1.752247567187410482e+00
1.857308070064470185e+00
1.966798090772453822e+00
1.957884067587738697e+00
1.846135382845170758e+00
1.604755919046425561e+00
1.586798106550096454e+00
1.640972173129710221e+00
1.746919995349031751e+00
1.857465952015969757e+00
1.902522295544134545e+00
1.840035564883723218e+00
1.756977839159151289e+00
1.787599152349233389e+00
1.692553516672018477e+00
1.616924650340878511e+00
1.596601164445361487e+00
1.515309688986393066e+00
1.731857574065880367e+00
1.924760095892499745e+00
2.030926552468734325e+00
2.035891130129036775e+00
1.946863761648426117e+00
2.049876923966340581e+00
2.289926803911299213e+00
2.367896327498471898e+00
2.355465136557440164e+00
2.327208851126828293e+00
2.312992948976893004e+00
2.255304543634972791e+00
2.113766051932252310e+00
1.898996880834261658e+00
1.632298105713567482e+00
1.442426329084144143e+00
1.322946142994554597e+00
1.184836190076161477e+00
1.044515828924678758e+00
9.157378289760752521e-01
8.064128882855094993e-01
7.363057843984101014e-01
6.802883431602827491e-01
6.340733288807154366e-01
5.970552441735904603e-01
5.680221468005609564e-01
5.719147710407814778e-01
5.745772143506688856e-01
5.661983644017660744e-01
5.469322840331054536e-01
5.255186338999858764e-01
5.074366163252076456e-01
4.821871823094635578e-01
4.541503781898394987e-01
4.262493057516228978e-01
4.044746414478018748e-01
3.853822112083973295e-01
3.748813454782403132e-01
3.695499213857903475e-01
3.666321910196683187e-01
3.630924634203535062e-01
3.573091307254001592e-01
3.474528782199580168e-01
3.475648697811688503e-01
3.464042200265785576e-01
3.424645266546954003e-01
3.365058502223932102e-01
3.297937407936049614e-01
3.231170142451676996e-01
3.168697477986811006e-01
3.114573037055268223e-01
3.119648038732974471e-01
3.175431101031193637e-01
3.231253053170983769e-01
3.279280177919460804e-01
3.308420985254605928e-01
3.308219815578410383e-01
3.271916924292833095e-01
3.195444058436304746e-01
3.077838904839674261e-01
2.921216199848498674e-01
2.730380079696051454e-01
2.665842470071547177e-01
2.600490246857620202e-01
2.502587538916568599e-01
2.377075741379754692e-01
2.228554841100189587e-01
2.121115544139128006e-01
2.095469435748656684e-01
2.065390768067267846e-01
2.031237045484717563e-01
1.995512897904964111e-01
1.956506377464170277e-01
1.916079006918357530e-01
1.873446661300477711e-01
1.829808811461284546e-01
1.783656174409149753e-01
1.737098647384946182e-01
1.687502942481586554e-01
1.636588052068040922e-01
1.583068860809171141e-01
1.526043466369471080e-01
1.517050784544684838e-01
1.532218377113962193e-01
1.541935832816895835e-01
1.542870932603485346e-01
1.537289470242950706e-01
1.570125675292850520e-01
1.621230014688251619e-01
1.649483579825937463e-01
1.684781962451568638e-01
1.708975599270481094e-01
1.708715624834750979e-01
1.683675253499486435e-01
1.635585190994441052e-01
1.601017595652093062e-01
1.564605369259990386e-01
1.509152257300001299e-01
1.435250594331990981e-01
1.413183893143722947e-01
1.416305973738004320e-01
1.413770207964478720e-01
1.403507998046135130e-01
1.388299754146535836e-01
1.366063767250302041e-01
1.339267689355783109e-01
1.306773891288955380e-01
1.269966497483820123e-01
1.229179784657462304e-01
1.184171132906542689e-01
1.137172109209968751e-01
1.087091939428003334e-01
1.034676380804092771e-01
9.815713270351751618e-02
9.351746885143910615e-02
9.486153640231641260e-02
9.588900430082394899e-02
9.650469887831832072e-02
9.681393466200070852e-02
9.677146657296790966e-02
9.646410782282786867e-02
9.584147779393910327e-02
9.501240975253218146e-02
9.390632033469500928e-02
9.262360088049986784e-02
9.111377803347152360e-02
8.944715595530997043e-02
8.789416615559847434e-02
8.728277199603813596e-02
8.596959505195418683e-02
8.400849796135896608e-02
8.148132162150222013e-02
7.843636268752340879e-02
7.878668980471878469e-02
7.924462168061004175e-02
7.913474096554136417e-02
7.852068277374302241e-02
7.736300980251509252e-02
7.573906797425228321e-02
7.374466652058878080e-02
7.136201235082971495e-02
6.865524690870561386e-02
6.574252142190094295e-02
6.264372809666381159e-02
5.940756349853302393e-02
5.748414036815598788e-02
5.749394165030692616e-02
5.741097128675731742e-02
5.723283283041275676e-02
5.696920544039995454e-02
5.662282653135186639e-02
5.617700903316662220e-02
5.568129125238328869e-02
5.509779909441598483e-02
5.443217017825071474e-02
5.371842606985177682e-02
5.294519637685166091e-02
5.210684138517047981e-02
5.120960933104923979e-02
5.026872908412999275e-02
4.930287804011849323e-02
4.829412566185854044e-02
4.724826444565696781e-02
4.617092867260037120e-02
4.506757682871163906e-02
4.394347579900669681e-02
4.343956782394297472e-02
4.337009781907483902e-02
4.309840766774231807e-02
4.266081118712691800e-02
4.204717373547352949e-02
4.127588248642777985e-02
4.105657421088432929e-02
4.128798773808078221e-02
4.145416491479797516e-02
4.155684378470576867e-02
4.159801677541097309e-02
4.157990095651953322e-02
4.151462103544260873e-02
4.140473373131296764e-02
4.124276293029337931e-02
4.103147521927047459e-02
4.077373432429780981e-02
4.047247716133500067e-02
4.013069120562661601e-02
3.980820733292270153e-02
3.942474143985402746e-02
3.895624809225536889e-02
3.842002167714633071e-02
3.791937242417239146e-02
3.740869772230676765e-02
3.687915900611257736e-02
3.633170216902600197e-02
3.576899271364332444e-02
3.519360269833160526e-02
3.460800314636101882e-02
3.401455767789011292e-02
3.341551730502395623e-02
3.281301632709626021e-02
3.220906926192817349e-02
3.160556874464882232e-02
3.100428432664786155e-02
3.040686210538723344e-02
2.981482511658855791e-02
2.922957442097011069e-02
2.865239081801439561e-02
2.808443712193304728e-02
2.752676093712136743e-02
2.698029787097931675e-02
2.644587512630136583e-02
2.592421541763037865e-02
2.541594115796949258e-02
2.492157886724955321e-02
2.444156375506858353e-02
2.397624443398006094e-02
2.352588772431222358e-02
2.345442920681090407e-02
2.338164897146946183e-02
2.329587776741868718e-02
2.319782010198302366e-02
2.308818385750154717e-02
2.318502169736710861e-02
2.335079187763862765e-02
2.349322928223575302e-02
2.361207374869867329e-02
2.370726193888829728e-02
2.377891129753793853e-02
2.382730381640475043e-02
2.385286978570894112e-02
2.385617169590880868e-02
2.383788843343940048e-02
2.379879989565147902e-02
2.373977213307400941e-02
2.366174310891825186e-02
2.356570915065069050e-02
2.345763013656913462e-02
2.362955087822116856e-02
2.379603398776726497e-02
2.395600723107275259e-02
2.410853259282809066e-02
2.425280186561771731e-02
2.438813148516540824e-02
2.451395673738209977e-02
2.462982545904061904e-02
2.473539134411037108e-02
2.483040695735139886e-02
2.491471655548271880e-02
2.498824879960104273e-02
2.505100944188843118e-02
2.510307405507212000e-02
2.514458086906630821e-02
2.517572377087397631e-02
2.519674551375866017e-02
2.520793117855994747e-02
2.520960191897844357e-02
2.520210902049592125e-02
2.518582829287781613e-02
2.516115481364436524e-02
2.512849803244272470e-02
2.508827724469293516e-02
2.504091743522556326e-02
2.498684549086180318e-02
2.492648677930265830e-02
2.486026208383458960e-02
2.478858488692498377e-02
2.471185898879472639e-02
2.463047644764755975e-02
2.454481582804567130e-02
2.445524073744095514e-02
2.436209863807382164e-02
2.426571991300232461e-02
2.416641717012479526e-02
2.406448476490022012e-02
2.396019852393433194e-02
2.385381565075919350e-02
2.374717241584810290e-02
2.363952576678696182e-02
2.353037808634923789e-02
2.341991615196331589e-02
2.330830985708612357e-02
2.319571283015077132e-02
2.308226312726517626e-02
2.296808398441504279e-02
2.285328461758644181e-02
2.273796105872242027e-02
2.262219701826543097e-02
2.250606476234957506e-02
2.238962599932502878e-02
2.227293276359790589e-02
2.215602829277426439e-02
2.203894789046398697e-02
2.192171976873006148e-02
2.180436586656582520e-02
2.168690263877147070e-02
2.156934181275608695e-02
2.145169110939511292e-02
2.133395492708133404e-02
2.121613498485622196e-02
2.109823092500017275e-02
2.098024087412582103e-02
2.086216196082932295e-02
2.074399079154222100e-02
2.062572388360765785e-02
2.050735805642997164e-02
2.038889078162385224e-02
2.027032049280968334e-02
2.015164685660354379e-02
2.003287100605505994e-02
1.991399573792734454e-02
1.979502567587356626e-02
1.967596740001985658e-02
1.955682954731596118e-02
1.943762288110130812e-02
1.931836033499001459e-02
1.919905703077787879e-02
1.907973027354280260e-02
1.896039952486008873e-02
1.884108635772659482e-02
1.872181439253118099e-02
1.860260921814088989e-02
1.848349829912290104e-02
