6.082473331384615767e-01
6.046169279460033019e-01
6.228885625370136347e-01
6.304082494035535555e-01
6.359253980613535084e-01
6.618910794663405150e-01
7.238970945027008996e-01
9.579022565798872568e-01
1.062456538052606314e+00
8.688282531789762730e-01
9.365590435294203209e-01
1.660157602591995740e+00
1.112268451301962058e+00
1.204615691723824655e+00
1.481026366461122068e+00
1.398547880257597242e+00
1.134858292658565304e+00
1.473833981779050450e+00
1.561699113180742948e+00
1.842777519546665577e+00
1.696024493347986217e+00
2.020938666142967133e+00
2.167635867247557524e+00
2.396302125072038880e+00
2.145632084682985496e+00
3.163625070274697748e+00
3.521351973396855684e+00
3.265597871076544756e+00
2.664264883207702717e+00
3.473930512495168710e+00
3.172895871147234370e+00
3.914995357363510120e+00
4.541932961334750551e+00
4.553601907431439777e+00
4.401266540585001330e+00
4.535656963415195975e+00
4.564387608065898050e+00
4.733009097040322466e+00
4.859736208706218363e+00
4.598854363596363903e+00
3.390294441405293124e+00
3.739354797982997969e+00
4.009553532726347846e+00
4.729744678651051970e+00
5.010046919494755890e+00
4.521799608960701100e+00
3.621172985591255333e+00
2.560890302350142811e+00
1.778960404178461019e+00
1.345350452942077224e+00
1.172025763792417186e+00
1.045831452709241605e+00
9.032843761350378697e-01
8.889266100094317391e-01
9.001373664076247616e-01
9.002830828221638493e-01
8.601428619699474920e-01
8.193307674916698868e-01
7.822610976743332722e-01
8.516691118971106977e-01
8.642163137217218072e-01
7.865749227782183883e-01
7.206920893652122295e-01
6.090617782709464301e-01
5.673038067476182666e-01
5.848243870022871160e-01
5.793614280200261035e-01
5.451993601438237524e-01
5.000969549410840820e-01
4.837810698687550204e-01
4.524268334607400854e-01
4.135457454952880529e-01
3.750236050266800847e-01
3.424955635652565666e-01
3.238802697544183595e-01
3.166882045220451580e-01
3.066947929890218028e-01
3.191726075429423548e-01
3.387946340530793021e-01
3.509445046836616733e-01
3.506851396203247706e-01
3.361646419676904141e-01
3.067204035053855415e-01
2.965445775318903965e-01
2.937167479709673068e-01
2.826728639243380470e-01
2.582849010418808433e-01
2.290547471870047758e-01
2.179797324244138190e-01
2.169286503007315792e-01
2.128000208860375830e-01
2.064318522435951986e-01
1.979562689390153285e-01
1.990676960702501552e-01
1.949544097505296614e-01
1.922253522157512939e-01
1.849625901384239490e-01
1.823882264546512755e-01
1.818674864941942360e-01
1.739169016452294936e-01
1.628893717023443544e-01
1.580290820708138144e-01
1.525699392582287595e-01
1.475039943506859241e-01
1.482327413647336889e-01
1.468917123429772931e-01
1.441738276547385178e-01
1.404844335042720049e-01
1.359797909201029276e-01
1.310214270510869361e-01
1.258808276772001578e-01
1.207311926337441554e-01
1.157255922544409149e-01
1.109351417853550736e-01
1.061470145417508226e-01
1.019984605924242060e-01
1.058398297008160405e-01
1.092336379146080644e-01
1.114968477379479767e-01
1.125649418508137545e-01
1.121929341070424663e-01
1.100317751206661698e-01
1.062010160259615199e-01
1.008280143385843208e-01
9.896760565478979199e-02
9.804222592028416505e-02
9.664755474003387803e-02
9.486000456722186447e-02
9.251763703623747115e-02
8.984530919768010659e-02
8.666736246355485895e-02
8.318725963273483626e-02
7.930935658675794531e-02
7.517704204154534997e-02
7.687821265403070592e-02
7.902937585536562448e-02
8.034283264606917330e-02
8.091346542024163702e-02
8.079874889526941772e-02
7.989750607222231849e-02
7.826917575051260678e-02
7.599011979128837690e-02
7.326598506888486184e-02
7.046230029451118482e-02
7.306371796096515492e-02
7.506562780537813506e-02
7.602036634683034810e-02
7.590644393945673862e-02
7.479836143395952874e-02
7.300731417217774799e-02
7.046568432420689809e-02
6.732964990605078137e-02
6.377117424481393293e-02
6.071836789054719380e-02
6.073101530993348096e-02
6.183877790493960691e-02
6.192920137537990394e-02
6.104387860778671265e-02
5.950817855821759900e-02
5.944638497137626210e-02
5.903681212506360632e-02
5.814469124270753991e-02
5.693713649884982186e-02
5.557588503515727141e-02
5.420522057555635792e-02
5.294297027692800722e-02
5.187477799454968952e-02
5.105157805360416301e-02
5.048997118901471515e-02
5.017504429506183111e-02
5.006507771993632533e-02
5.013071812729934240e-02
5.027724106247617036e-02
5.041451554231708709e-02
5.045787275723359611e-02
5.032701664225481403e-02
4.995106398239486378e-02
4.927248646704755070e-02
4.824986365651152964e-02
4.685943994218238345e-02
4.512127706829189427e-02
4.474864111723263205e-02
4.487808161665064743e-02
4.473946634303341274e-02
4.425459138403837339e-02
4.340945026091375808e-02
4.250912797616895195e-02
4.163431498234911043e-02
4.196748654797570477e-02
4.219471774862042224e-02
4.233131822651892834e-02
4.238037492829457853e-02
4.232312747560910970e-02
4.216183976385540905e-02
4.189994799762245675e-02
4.154190617176289207e-02
4.109303315386121647e-02
4.055936360600447682e-02
3.994750461079139836e-02
3.926449951745787648e-02
3.851770019862155170e-02
3.771464861241607264e-02
3.686296829101615158e-02
3.669123558339287827e-02
3.654824438960644489e-02
3.630331330880553348e-02
3.596379825357914894e-02
3.553766164332652910e-02
3.503330705523051425e-02
3.445942422822863282e-02
3.382484577612632909e-02
3.341699212941455499e-02
3.318563105831390941e-02
3.291437331518334841e-02
3.260640708394287046e-02
3.226497688759319415e-02
3.189335081737708355e-02
3.149479079022847461e-02
3.107252580282358900e-02
3.062972812074681722e-02
3.016949231587285479e-02
2.969481704582806886e-02
2.920858945092942235e-02
2.871357203301685632e-02
2.821239187116592051e-02
2.770753201980581670e-02
2.720132493525204836e-02
2.669594777072383657e-02
2.619341938244582405e-02
2.569559889114978943e-02
2.520418564576748857e-02
2.472072044127236398e-02
2.424658784768549125e-02
2.378301951434597800e-02
2.333109831942283344e-02
2.289176324169673801e-02
2.246581484156802422e-02
2.205392124205303103e-02
2.165662451273648453e-02
2.127434736352760286e-02
2.090740006562585157e-02
2.055598752289826067e-02
2.022021642558331778e-02
1.990010242323400277e-02
1.959557726310566864e-02
1.930649584457361928e-02
1.903264314688387498e-02
1.877374099400260302e-02
1.852945462387427938e-02
1.829939903662738260e-02
1.808314509893384214e-02
1.788022538680612838e-02
1.769013975299376165e-02
1.751236060910941680e-02
1.734633791394464206e-02
1.719150386509558578e-02
1.704727729162076183e-02
1.691306774790632753e-02
1.678827931166753523e-02
1.667231409104946022e-02
1.656457544550366673e-02
1.646447092853410912e-02
1.637141496053935372e-02
1.628483124058127673e-02
1.620415490776143386e-02
1.612883446209099209e-02
1.605833345637834586e-02
1.599213197040508239e-02
1.592972787891037273e-02
1.587063792517929769e-02
1.581439861208235736e-02
1.576056692152859318e-02
1.570872087516912360e-02
1.565845994602871674e-02
1.560940533371594705e-02
1.556120011274236478e-02
1.551350926532434234e-02
1.546601960797622070e-02
1.541843962229449624e-02
1.537049919852430044e-02
1.532194930179566969e-02
1.527256156802863155e-02
1.522212783897230678e-02
1.517045964313966031e-02
1.511738762950255201e-02
1.506276096232728352e-02
1.500644668048706394e-02
1.494832903027075444e-02
1.488830877530497067e-02
1.482630248858681291e-02
1.476224183241831023e-02
1.469607282957643979e-02
1.462775513013086018e-02
1.455726127722985208e-02
1.448457597546341270e-02
1.440969536441845389e-02
1.433262630038109782e-02
1.425338564861483581e-02
1.417199958781474069e-02
1.408850292926641830e-02
1.400293845208837318e-02
1.391535625591993307e-02
1.382581313220180783e-02
1.373437195537546493e-02
1.364110109463490678e-02
1.354607384697636800e-02
1.344936789184493151e-02
1.335106476838152437e-02
1.325124937469579663e-02
1.315000949008396543e-02
1.304743531986459100e-02
1.294361906252349155e-02
1.283865449970604533e-02
1.273263660823798285e-02
1.262566119409347029e-02
1.251782454793175237e-02
1.240922312201870985e-02
1.229995322745150443e-02
1.219011075204669801e-02
1.207979089776959822e-02
1.196908793704860863e-02
1.185809498794874496e-02
1.174690380708359565e-02
1.163560459981406378e-02
1.152428584721438415e-02
1.141303414895122881e-02
1.130193408151642862e-02
1.119106807126414756e-02
1.108051628125721923e-02
1.097035651178912379e-02
1.086066411352959969e-02
1.075151191269629533e-02
1.064297014785080091e-02
1.053510641772217350e-02
1.042798563861931094e-02
1.032167001257475007e-02
1.021621900359733458e-02
1.011168932295197255e-02
1.000813492259520869e-02
9.905606995608244245e-03
9.804153983809557604e-03
9.703821591867868579e-03
9.604652807547603421e-03
9.506687926948757111e-03
9.409964585427650630e-03
9.314517792797918916e-03
9.220379972953779077e-03
9.127581007415433781e-03
9.036148281949051703e-03
8.946106737045454727e-03
8.857478920484352161e-03
8.770285042950460089e-03
8.684543035539915926e-03
8.600268609126469205e-03
8.517475315656818438e-03
8.436174610373586152e-03
8.356375915762871004e-03
8.278086685747001322e-03
8.201312471051417155e-03
8.126056985068729269e-03
8.052322169590670278e-03
7.980108261142575959e-03
7.909413857018359612e-03
7.840235981423597858e-03
7.772570150863975305e-03
7.706410439627605496e-03
7.641749544094640634e-03
7.578578847013732467e-03
7.516888480499822438e-03
7.456667388441757215e-03
7.407845814604878919e-03
7.398872386634202866e-03
7.388618676922310315e-03
7.377091223578027303e-03
7.364299108111423825e-03
7.350253822338882921e-03
7.334969136271940991e-03
7.318460967847456415e-03
7.300747254074840820e-03
7.281847825199211192e-03
7.261784279904539945e-03
7.240579864370308427e-03
7.218259352576627923e-03
7.194848930402161780e-03
7.170376082115458537e-03
7.144869480013148894e-03
7.118358876688899405e-03
7.090875001539936537e-03
7.062449458905728679e-03
7.033114631069051215e-03
7.002903583344943089e-03
6.971849973192465431e-03
6.939987962374121258e-03
6.907352132775982333e-03
6.873977404847075000e-03
6.839898960232986512e-03
6.805152167590445937e-03
6.769772511000523435e-03
6.733795522486851412e-03
6.697256717268846270e-03
