4.694985160107476019e-01
4.704523936953657892e-01
4.740452186030567616e-01
4.728423285065833648e-01
4.769071182614191273e-01
4.818202804693622054e-01
4.850070097066369601e-01
4.948071809890705608e-01
5.121964886007679407e-01
6.035616410743895877e-01
6.025230956558004225e-01
5.584585038986464856e-01
5.097807278295932720e-01
6.197013076516015850e-01
7.300901195004353417e-01
6.440184310840718629e-01
7.730819870106141467e-01
9.869341070587480669e-01
9.914199227502349387e-01
1.328716637289895530e+00
1.686843888563054117e+00
1.689149967436810229e+00
1.655200167522850929e+00
1.350022304030379372e+00
1.486205724785812032e+00
1.606953935173326187e+00
1.136172931019300059e+00
1.274155810258351895e+00
1.576822857559506463e+00
1.425619496563720778e+00
1.043212641175619071e+00
9.854663899180796660e-01
8.520516284090550174e-01
9.347608266172845459e-01
9.944154725364535707e-01
1.006013927070746661e+00
1.002575163847673867e+00
9.328419778716443567e-01
1.037334151818903205e+00
1.258652048840765980e+00
1.380643621147736644e+00
1.445819033103767248e+00
1.442450248864317608e+00
1.388000345875185726e+00
1.534081934674802916e+00
1.828622942874138957e+00
1.855794085668679427e+00
2.053519758709660525e+00
2.217706034862283904e+00
2.180813455498880060e+00
2.087960216169180594e+00
1.775881495499095131e+00
1.833456915296251655e+00
2.370039958129131374e+00
2.500930824925231555e+00
2.641280766764970256e+00
2.922577558593136615e+00
2.814758842392487193e+00
2.505508331652180232e+00
3.092586150871021289e+00
3.522599426394827926e+00
3.366208138801706884e+00
2.818550217039068162e+00
2.541314789593688062e+00
2.622964955014838839e+00
2.557586660895835973e+00
2.670269708116988383e+00
2.725852511571557724e+00
2.677921919892225500e+00
2.665414268573465417e+00
2.704718796901580458e+00
2.725572773677030547e+00
2.707489237300874763e+00
2.668232176897999963e+00
2.645594003120128157e+00
2.657299856742951327e+00
2.740652458495312249e+00
2.799722709447078017e+00
2.785226583612742335e+00
2.730205291102795861e+00
2.661722600652426607e+00
2.495249680147115789e+00
2.309338430169580736e+00
2.078191348467811839e+00
1.811863003223874280e+00
1.544025146121197345e+00
1.305120318001577795e+00
1.118662756168295136e+00
9.817152018159226445e-01
9.001188106077331330e-01
8.527767130258046002e-01
8.222972489643680660e-01
7.955952716071061914e-01
7.655374213440504505e-01
7.313748783516832441e-01
7.025251341470646338e-01
6.779166550091260124e-01
6.519645629249336549e-01
6.265525587727100998e-01
6.013342190875841098e-01
5.765793010176206712e-01
5.528208206615948805e-01
5.293334196170178529e-01
5.056266981922301618e-01
4.817489226685471859e-01
4.581529813787277305e-01
4.445903527075581452e-01
4.323703545146458382e-01
4.188720295721839459e-01
4.055439013593777897e-01
3.940690142995491585e-01
3.844500248307817780e-01
3.768340998289999577e-01
3.690399150587976851e-01
3.633859434778278219e-01
3.664370731456157437e-01
3.684279177975930408e-01
3.678997329625382506e-01
3.642917167121411115e-01
3.560414390732148382e-01
3.429914013168742781e-01
3.379422980646936137e-01
3.426724774496843762e-01
3.434334101408735296e-01
3.398002543758812388e-01
3.315218287039141676e-01
3.185284756348442659e-01
3.059575258795963482e-01
3.059025550486763612e-01
3.018796115853149553e-01
2.940463187550646507e-01
2.899621732522248974e-01
3.074761845731006638e-01
3.169028229703174659e-01
3.179440661558680103e-01
3.051567451587609003e-01
3.039320720966290912e-01
2.883614155898072684e-01
2.709338081735331860e-01
2.535653970851119987e-01
2.421067613616499636e-01
2.290391927848629827e-01
2.146747338051376852e-01
2.143044972150308924e-01
2.215970445565847435e-01
2.295057353608313533e-01
2.347066513897921314e-01
2.370065446139693333e-01
2.365933162308717363e-01
2.340389866660999574e-01
2.292037208860500941e-01
2.227816196565190476e-01
2.193264926315899033e-01
2.100573818820955785e-01
1.956788109889900651e-01
1.842056741107091222e-01
1.819252425292248176e-01
1.775102122799455118e-01
1.701300400528998058e-01
1.635444637640691978e-01
1.621497810684905394e-01
1.599554928956899991e-01
1.572120627214488586e-01
1.538839407446915275e-01
1.503300703841953523e-01
1.464651723250220694e-01
1.424079195855104674e-01
1.383305061730030205e-01
1.343180966491559769e-01
1.303696297029791340e-01
1.265462022987381974e-01
1.228931949288761261e-01
1.194415826156642324e-01
1.162094953786414614e-01
1.132039292196425767e-01
1.104225222116382160e-01
1.078593850774483415e-01
1.055158897491998010e-01
1.033486427336280794e-01
1.013357195290591761e-01
9.945341316528184816e-02
9.767737464420060689e-02
9.598357826780876123e-02
9.434911274891490118e-02
9.275280438157122720e-02
9.117568265871493771e-02
8.960130169419225354e-02
8.801593276829408619e-02
8.640864440977406857e-02
8.477128679814165124e-02
8.309839704956964446e-02
8.138704127180951264e-02
7.963660824464005583e-02
7.784856831073866390e-02
7.602620963802160514e-02
7.475300593554896900e-02
7.816819462444324351e-02
8.099145374116631380e-02
8.318415077688824655e-02
8.463345334429124567e-02
8.541382316774732975e-02
8.542359790619773185e-02
8.473014800551503800e-02
8.339298709976852852e-02
8.140765957078557880e-02
8.069237107155308175e-02
8.229764047459273146e-02
8.312991508702030630e-02
8.323469561336573064e-02
8.267599183278441510e-02
8.167704236774275817e-02
8.153944976227311958e-02
8.111555832323141813e-02
8.046274338000518334e-02
7.968968910696183627e-02
7.881138598980982901e-02
7.785358634312604387e-02
7.685753281376055124e-02
7.587725106157262867e-02
7.494556410961432380e-02
7.404897410136769553e-02
7.319801367740136344e-02
7.239579203765038329e-02
7.163875830601060257e-02
7.094812121734679622e-02
7.028972666115543277e-02
6.963663920199239521e-02
6.896956577487850515e-02
6.826794436556175849e-02
6.753662144549996138e-02
6.675168122021070405e-02
6.587380286249763794e-02
6.488670155289462393e-02
6.379898873714047458e-02
6.260636888748277729e-02
6.127324637045274136e-02
5.979613227787283075e-02
5.821564041291100305e-02
5.650005801445612957e-02
5.488366115366607317e-02
5.382195861095227102e-02
5.255359031045723356e-02
5.107940329971071003e-02
4.941543884980011819e-02
4.757858087170769440e-02
4.558603613441420538e-02
4.437059955028081065e-02
4.308646001624626826e-02
4.233456249922854658e-02
4.183283944547427913e-02
4.147465397021490863e-02
4.179127302184502263e-02
4.199482902740854506e-02
4.204314783306516840e-02
4.194007409041530104e-02
4.169314558247523561e-02
4.135143205293689145e-02
4.087961403812438721e-02
4.028744880118648175e-02
3.958551741292581222e-02
3.881656272842409078e-02
3.796292570903580382e-02
3.744665212400755810e-02
3.736994415780254403e-02
3.728129523960587582e-02
3.718100308481341737e-02
3.706939545122343860e-02
3.694682593201528698e-02
3.681367003535679361e-02
3.667032154187548770e-02
3.651718913437708436e-02
3.635469328783672710e-02
3.618326341048833800e-02
3.600333522485330007e-02
3.581534837791808257e-02
3.561974426782660297e-02
3.542102479918545627e-02
3.521659672879975250e-02
3.500572906664622258e-02
3.478884817909421584e-02
3.456637492066053780e-02
3.433872347142491455e-02
3.410630031547425695e-02
3.386950334924670319e-02
3.362872111079030779e-02
3.338433212061338307e-02
3.313670432547052153e-02
3.288619463664500808e-02
3.263314855495918348e-02
3.237789987505669542e-02
3.212077046205216030e-02
3.186207009427952097e-02
3.160209636489956508e-02
3.134113463831619123e-02
3.107945805458223187e-02
3.081732757781429147e-02
3.055499208322275811e-02
3.029268847896706557e-02
3.003064185942098951e-02
2.976906568412288068e-02
2.950816198221190359e-02
2.924812157615264141e-02
2.898912432391943447e-02
2.873133937653980438e-02
2.847492544794765282e-02
2.822003109595727990e-02
2.796679501156776673e-02
2.771534631578991340e-02
2.746580486062558807e-02
2.721828153495319327e-02
2.697287857209958520e-02
2.672968985895077601e-02
2.648880124484885926e-02
2.625029084994320860e-02
2.601422937170386196e-02
2.578068038879400767e-02
2.554970066175251547e-02
2.532134042971238494e-02
2.509564370320617466e-02
2.487264855131516086e-02
2.465238738417714279e-02
2.443488722935626550e-02
2.422017000283307672e-02
2.400825277289839882e-02
2.379914801838993108e-02
2.359286387977849869e-02
2.338940440373711224e-02
2.318876978047073462e-02
2.299095657441048088e-02
2.279595794760412575e-02
2.260376387600642606e-02
2.241436135865722268e-02
2.222773461984661400e-02
2.204386530407076786e-02
2.186273266393263734e-02
2.168431374104230758e-02
2.150858353996210059e-02
2.133551519555580006e-02
2.116508013298354016e-02
2.099724822148878525e-02
2.083198792155179987e-02
2.066926642550915780e-02
2.050904979175212361e-02
2.035130307284564732e-02
2.019599043769086666e-02
2.004307528746752942e-02
1.989252036584817848e-02
1.974428786384989365e-02
1.959833951874727018e-02
1.945463670807069320e-02
1.931314053777285003e-02
1.917381192631353870e-02
1.903661168253864555e-02
1.890150058021363572e-02
1.876843942677335411e-02
1.863738912830991898e-02
1.850831075018329053e-02
1.838116557295918843e-02
1.825591514533905432e-02
1.813252133216602252e-02
1.801094635950498471e-02
1.789115285575659103e-02
1.777310388968003987e-02
1.765676300451866909e-02
1.754209425008064135e-02
1.742906221059147345e-02
1.731763203045786834e-02
1.720776943718510879e-02
1.709944076150018630e-02
1.699261295506371977e-02
1.688725360596488034e-02
1.678333095175672113e-02
1.668081389049802868e-02
1.657967198985385929e-02
1.647987549407740199e-02
1.638139532936568055e-02
1.628420310760260101e-02
1.618827112827280965e-02
1.609357237907194441e-02
1.600008053497637556e-02
1.590776995625284296e-02
1.581661568499522635e-02
1.572659344056827335e-02
1.563767961423438713e-02
1.554985126243687600e-02
1.546308609951381301e-02
1.537736248947955096e-02
1.529265943682080013e-02
1.520895657717199860e-02
1.512623416659814729e-02
1.504447307098250898e-02
1.496365475470400920e-02
1.488376126852531366e-02
1.480477523765533036e-02
1.472667984908737800e-02
1.464945883862477267e-02
1.457309647800326263e-02
1.449757756126540502e-02
1.442288739145518132e-02
1.434901176701984700e-02
