3.439032362386001962e-01
3.432707423306832761e-01
3.452833272954387578e-01
3.501471671162574295e-01
3.524840506242016835e-01
3.583153530097787920e-01
3.669483352658522435e-01
4.024688244687333327e-01
4.975353847287655173e-01
5.045732220360061859e-01
4.705796584219854584e-01
5.524882807238726823e-01
5.337824237471759936e-01
5.838242598861985710e-01
6.673921720514689460e-01
6.175817430677623676e-01
8.036894030048800097e-01
7.952683341068514933e-01
8.931839034062216687e-01
1.044426858840148631e+00
9.690368628629218994e-01
1.085048512005361898e+00
1.106472877681343059e+00
8.378803554345478632e-01
6.646451011880030180e-01
6.084167257970698461e-01
7.806490664960346049e-01
7.763231193451232137e-01
8.150761091986018503e-01
8.296363093073785278e-01
9.288560900403209919e-01
9.960035518083496520e-01
1.021008886281637995e+00
1.191150250461324278e+00
1.164178647156500102e+00
9.850924213262646223e-01
1.195493938449199378e+00
1.503925302606294423e+00
1.530063752550249179e+00
1.526376870732616631e+00
1.563041243379480250e+00
1.741103498783748593e+00
1.702200512944010535e+00
1.802340302484775947e+00
1.895081505520144427e+00
2.000325052609138510e+00
1.679749050038205516e+00
1.658940188049115694e+00
1.779593885664144004e+00
2.310854348669832081e+00
2.802465496411602253e+00
2.744764777395687805e+00
2.256186106681485448e+00
2.320301486436190164e+00
2.265613120360299160e+00
2.138831289143898307e+00
2.024391248769271012e+00
1.972877932204551765e+00
2.374254002338159086e+00
2.669843192875681837e+00
2.848146733583376555e+00
2.883429720921559802e+00
2.755127086842579676e+00
2.547913786599841135e+00
2.169876258826839877e+00
1.796791720298201334e+00
1.500565453725221099e+00
1.198153230749776421e+00
1.045374196262811584e+00
9.206001564813272031e-01
8.071475075388531151e-01
7.301922570354671960e-01
6.706634951261882804e-01
6.903077571372968624e-01
6.843206730293506235e-01
6.716456920676792119e-01
6.584659241476761293e-01
6.268162141054836045e-01
5.848557914438150540e-01
5.496390218221688384e-01
5.400499419514459554e-01
5.153415615704810548e-01
4.781129735362534272e-01
4.757174067909211712e-01
4.659704741492352587e-01
4.525079214866039590e-01
4.622875424512090103e-01
4.647579171111248519e-01
4.560334046892827731e-01
4.364104205224587085e-01
4.292596150295776569e-01
4.209459569364396025e-01
3.914456990156618965e-01
3.564615264642991832e-01
3.325896391925718398e-01
3.198341361551066964e-01
3.208783376048060521e-01
3.183711182258491812e-01
3.123142233500655340e-01
3.027628773994194278e-01
2.907806029133317427e-01
2.767183478380174644e-01
2.612178996528135566e-01
2.452438987925218417e-01
2.292500297865172898e-01
2.136524685533904844e-01
2.029749414989497902e-01
1.974392625949780433e-01
1.917380368385894207e-01
1.864685691581590976e-01
1.817212332099974181e-01
1.775383965479785664e-01
1.739746538193546188e-01
1.709939098777622790e-01
1.684901283304201802e-01
1.665025755143472175e-01
1.646968579642959507e-01
1.628640925177264887e-01
1.608271435725247001e-01
1.584896845259174403e-01
1.559069994098514766e-01
1.529713142623431443e-01
1.510852321703161638e-01
1.473189999325685839e-01
1.418892187775039615e-01
1.345726677123991466e-01
1.285990774764019240e-01
1.261848926144877037e-01
1.291721347183203417e-01
1.312297266231163551e-01
1.316765192111190308e-01
1.305549919162318495e-01
1.279349981564967820e-01
1.241218181018411415e-01
1.190787414820152351e-01
1.133989618933583937e-01
1.070637876307904968e-01
1.003619785414704146e-01
9.362017127666245886e-02
8.718990536535148328e-02
8.490854041711562439e-02
8.241070582678804157e-02
7.975244024797824294e-02
7.699100748787170156e-02
7.407060428384984463e-02
7.321340102261079952e-02
7.334387893420597770e-02
7.328797714956739040e-02
7.304775341417875378e-02
7.262726743996410217e-02
7.208807318342955184e-02
7.141815246903096548e-02
7.058671850726973285e-02
6.960309855767095322e-02
6.847759669707964569e-02
6.722128781159077138e-02
6.591518087497949541e-02
6.612048212854527984e-02
6.881019417283498751e-02
7.097725253150585778e-02
7.313490506809627867e-02
7.492164951450878962e-02
7.565894129894955300e-02
7.518453096574251315e-02
7.341039081304898128e-02
7.032537047138506803e-02
6.690005032172358090e-02
6.639874408409977835e-02
6.506205223142166871e-02
6.394173780447005850e-02
6.432049554498006638e-02
6.432384572833549363e-02
6.405072030007818995e-02
6.344938926409127156e-02
6.251266056542890970e-02
6.126602587947872769e-02
5.979352852242444255e-02
5.811372525821536378e-02
5.621291725421896646e-02
5.412698732624118131e-02
5.249922318177777797e-02
5.240258316676300876e-02
5.242895362710224549e-02
5.234175675392448851e-02
5.214594121470151472e-02
5.184713806464049529e-02
5.145152312962525398e-02
5.096568868532416058e-02
5.039652510873553898e-02
4.975111291458437363e-02
4.907499594988327246e-02
4.833616952162003017e-02
4.754019250500634425e-02
4.669399786519803919e-02
4.580434825087387196e-02
4.487778592770731712e-02
4.392059132410889438e-02
4.293874959486953385e-02
4.193792457531124451e-02
4.092343948229122674e-02
3.990026371272804850e-02
3.887300509856839864e-02
3.784590699054506124e-02
3.682284956792412217e-02
3.581366923300936811e-02
3.482040605491155960e-02
3.383905673812757919e-02
3.287222906597293826e-02
3.192221825199079849e-02
3.104224053374944614e-02
3.036309753141521947e-02
2.969239242323147565e-02
2.902948504556946904e-02
2.841854397216433958e-02
2.801391863711125141e-02
2.761834805342147994e-02
2.723115859015237325e-02
2.685058765796451141e-02
2.647669030800986478e-02
2.610950154847460625e-02
2.574903793728384321e-02
2.539529910269225713e-02
2.504826919077654535e-02
2.470791824060620048e-02
2.437420348766920764e-02
2.404707059613265044e-02
2.372645482193805680e-02
2.341228210751944080e-02
2.310587607036823296e-02
2.298405841340681044e-02
2.285642347535933247e-02
2.272347915458500234e-02
2.258570684740280471e-02
2.244356176859530275e-02
2.229747339869599804e-02
2.215061757009845547e-02
2.200284098546690173e-02
2.185207391596973719e-02
2.169865386779891783e-02
2.154289634101106202e-02
2.138509565331690732e-02
2.122552579519532481e-02
2.123602261502878855e-02
2.137665619537771483e-02
2.150450462563274073e-02
2.161895139721768319e-02
2.171949768887724078e-02
2.180575367279352639e-02
2.187743009096583882e-02
2.193433014716982682e-02
2.197634174921040198e-02
2.200721322841975650e-02
2.202600394902619677e-02
2.203006814159235577e-02
2.201953582035919357e-02
2.199459035806522467e-02
2.195546303478947830e-02
2.190242795352907029e-02
2.183579731000583057e-02
2.175591700124742539e-02
2.175494280479691594e-02
2.175942910974162925e-02
2.172590249244819513e-02
2.165513282630432412e-02
2.154811913120849992e-02
2.140606761335847943e-02
2.123036973025731536e-02
2.102258046210936024e-02
2.078439695010989019e-02
2.051763764066735080e-02
2.022422205464338013e-02
1.992025585443557914e-02
1.970872642458699336e-02
1.949052862587353704e-02
1.926616502205711831e-02
1.903613399100209658e-02
1.880092864250875601e-02
1.856544234366597212e-02
1.832560967509765798e-02
1.808181384838539532e-02
1.783451882362436028e-02
1.758417958717204549e-02
1.733124148368310816e-02
1.707613960785932597e-02
1.681929825306252568e-02
1.656113041367086522e-02
1.630203733846302336e-02
1.604240813301291424e-02
1.578261940865848673e-02
1.552303497573216326e-02
1.526400558027573608e-02
1.500586868117106260e-02
1.474894826723073711e-02
1.449355471213687428e-02
1.423998466571149354e-02
1.398852098056002288e-02
1.373943267210379036e-02
1.349297491085215545e-02
1.324938904616611637e-02
1.315798412838410127e-02
1.312792211134553196e-02
1.309540317256079056e-02
1.306046127719815743e-02
1.302313263835637273e-02
1.298345559285791345e-02
1.294148765209396888e-02
1.289901730272529842e-02
1.285430838329891870e-02
1.280740495787980118e-02
1.275835270119671412e-02
1.270719878330146824e-02
1.265399175578293088e-02
1.259878144040420429e-02
1.254161881964892082e-02
1.248255592962953242e-02
1.242164575533230564e-02
1.235894212834021816e-02
1.229449962663168097e-02
1.222837347754253054e-02
1.216061946283868329e-02
1.209129382686663888e-02
1.202045318702018271e-02
1.194815444753058280e-02
1.187445471554233849e-02
1.179941122066630044e-02
1.172308123679335207e-02
1.164552200744181122e-02
1.156679067361713296e-02
1.148694420498769068e-02
1.140603933359473146e-02
1.132413249098491136e-02
1.124127974802014394e-02
1.115753675758848242e-02
1.107295870044510376e-02
1.098760023369540692e-02
1.090151544224936091e-02
1.081475779319547928e-02
1.072738009256918659e-02
1.063943444531799225e-02
1.055097221759402834e-02
1.046204400177792176e-02
1.037269958408128939e-02
1.028298791464844764e-02
1.019295707993870224e-02
1.010265427770799633e-02
1.001212579422068420e-02
9.921416983526965341e-03
9.830572249136663651e-03
9.739635027641083825e-03
9.648647774508729499e-03
9.557651951465989670e-03
9.467004383339297155e-03
9.376812294668843140e-03
9.325830829656787946e-03
9.298996325683962783e-03
9.271517558025198918e-03
9.243403169561761196e-03
9.214662147039639345e-03
9.185303799029261723e-03
9.155337734640755717e-03
9.124773842694373568e-03
9.093622271569191604e-03
9.061893409529182819e-03
9.029597865954577460e-03
8.996746452847780018e-03
8.963350167060134960e-03
8.929420173139827541e-03
8.894967786668509999e-03
8.860004458200801403e-03
8.824541757995917751e-03
8.788591360857028398e-03
8.752165031826728003e-03
8.715274612590950473e-03
8.677932007884558638e-03
8.640149172936836472e-03
8.601938101205883896e-03
8.563310812560610136e-03
8.524279342134137918e-03
8.484855729418930986e-03
8.445052008239025548e-03
8.404880196630225980e-03
8.364352287647331546e-03
8.323480240407495415e-03
8.282275971549008312e-03
8.240751347072493294e-03
8.198918174937870965e-03
8.156788197353761691e-03
8.114373084277903478e-03
8.071684426700280121e-03
8.028733730409047184e-03
7.985532410365330305e-03
7.942091785046692665e-03
7.898423071473197055e-03
7.854537380206673414e-03
7.810445710974791254e-03
7.766158948329276654e-03
7.721687857952535053e-03
7.677043082627487032e-03
7.632235139218853694e-03
7.587274415324987697e-03
