2.309475066889448147e-01
2.308074716796800763e-01
2.339169769678270117e-01
2.325162450755447752e-01
2.350722505197002099e-01
2.373119958033501342e-01
2.413406377814752424e-01
2.466969099456166603e-01
2.517083411269136484e-01
2.629574699303787177e-01
3.179878848666317093e-01
3.015283566753052535e-01
3.332347669439710280e-01
3.704023237772274824e-01
4.506460495200889094e-01
4.555468138541990952e-01
5.836000601574804492e-01
6.137725385537279310e-01
5.528093186501191747e-01
5.313218676384918737e-01
5.036952876161923109e-01
4.814298674744507123e-01
5.768435239407856407e-01
5.764094953688457812e-01
5.938277486066738664e-01
7.306473664814886471e-01
5.993680548538991015e-01
7.399849861411118557e-01
7.627569653085928270e-01
6.630773066425709183e-01
9.702890530354629783e-01
9.479792685948422726e-01
9.038368479214188289e-01
1.019982670408893011e+00
9.978129525547366763e-01
1.038698203929069308e+00
9.987852104726487878e-01
1.087872074305851200e+00
1.087981954934222673e+00
1.054331013318519528e+00
7.997508564834385769e-01
6.578406563465711843e-01
5.517842382521490618e-01
4.952151717598143321e-01
4.847671709683101238e-01
4.876548335744368412e-01
5.001698352504833078e-01
4.708990611320756359e-01
4.630159391374488731e-01
4.328793066874434547e-01
4.536483551581949047e-01
5.122395344855609212e-01
5.314531428947768532e-01
5.544866438399633779e-01
6.099122825464532438e-01
6.376222361302119612e-01
6.207759884474851608e-01
6.404521290333993200e-01
6.410043165845743518e-01
6.073427980017799266e-01
6.592683574322107942e-01
7.024449173855350503e-01
7.299835861733658948e-01
7.355235416515445435e-01
7.194166553159762056e-01
7.596441595729860330e-01
7.945895438809345013e-01
8.247270305300555826e-01
8.273043406592336391e-01
8.156395985267875792e-01
8.044324221889125326e-01
8.419153189317132302e-01
8.751179972620806158e-01
9.231026472175580810e-01
1.016322890524256284e+00
1.108132772548098721e+00
1.145046332054522997e+00
1.138163433434187910e+00
1.038989102742243320e+00
1.035515573286081681e+00
1.038901270831712242e+00
1.052115155697158633e+00
1.112751862248135826e+00
1.178775154430141914e+00
1.214823150508679506e+00
1.347017568418498179e+00
1.387164739938242741e+00
1.415402710279189513e+00
1.544187378988822967e+00
1.672106421503021689e+00
1.749904124599901634e+00
1.741028986393466704e+00
1.642948200994956309e+00
1.522315846574417098e+00
1.624927652867954819e+00
1.619746292837636270e+00
1.549382740699896788e+00
1.476008863448335262e+00
1.458930782181520058e+00
1.427602291377358057e+00
1.325232884767390207e+00
1.232902125507043367e+00
1.384514611214368474e+00
1.529023354660026701e+00
1.628512460051435573e+00
1.702738561071835077e+00
1.738896708870282248e+00
1.722541002661770682e+00
1.667692360056131085e+00
1.607352306568574418e+00
1.524979317898444320e+00
1.447942054147507429e+00
1.370034652380735185e+00
1.293602641222323824e+00
1.224863755969098911e+00
1.162030193181412319e+00
1.096579694794102000e+00
1.030240890518842489e+00
9.644931119486312987e-01
9.001933785965733348e-01
8.378169368220338420e-01
7.878690405426168608e-01
7.416869561746574080e-01
6.971638976660363696e-01
6.539185870213926055e-01
6.115985594165597172e-01
5.699763330786509208e-01
5.288261519748153061e-01
5.198844465994147956e-01
4.956274154411485222e-01
4.987275917012116699e-01
4.917113700955310085e-01
4.626358976502842890e-01
4.352110605055022896e-01
4.054763696131706840e-01
3.835674893794128737e-01
3.769131455500140393e-01
3.700589638644664059e-01
3.625373308586980481e-01
3.561487001422991017e-01
3.514163859909817389e-01
3.403857116206950861e-01
3.265813489001657688e-01
3.241757599262922729e-01
3.276704945157237203e-01
3.347987101112485098e-01
3.430951484684499064e-01
3.497459736606175484e-01
3.634517054447197748e-01
3.689473967699183898e-01
3.637830995481958207e-01
3.468995004496729373e-01
3.342604025397137302e-01
3.339873466974656591e-01
3.238448802242001046e-01
3.049890935009039183e-01
2.790942653213969171e-01
2.503429857716810147e-01
2.508457868291971704e-01
2.484595506684628141e-01
2.433635169472520288e-01
2.359910697643479716e-01
2.266627668158855691e-01
2.186066329973869460e-01
2.132323438775672597e-01
2.078373762368248556e-01
2.028404514426431771e-01
1.978438684973433948e-01
1.919854302856957573e-01
1.869915927921578513e-01
1.842666637392414708e-01
1.801977618173124518e-01
1.778369915998580519e-01
1.754357297437278695e-01
1.729048080868972326e-01
1.703413792569682672e-01
1.677189389987832346e-01
1.649972741994295278e-01
1.622992586544902138e-01
1.595297786890443881e-01
1.567079969399834127e-01
1.539141850028572789e-01
1.510630798844386502e-01
1.482028704618164328e-01
1.453613398159661896e-01
1.424847320999366729e-01
1.396252323417580821e-01
1.367862407424005888e-01
1.339310274385249466e-01
1.311001893920777372e-01
1.283051206470600947e-01
1.255094626802408520e-01
1.227255195958055906e-01
1.200075246063512097e-01
1.173015858868660249e-01
1.146128542411768841e-01
1.119592865055344388e-01
1.093661061604600387e-01
1.067990828036308876e-01
1.042619927224559956e-01
1.032123368613150904e-01
1.041544713096040770e-01
1.045870588173702931e-01
1.045822315834701033e-01
1.040966113271068055e-01
1.031794731231578527e-01
1.018957209397944180e-01
1.002320891562281380e-01
1.019024915890252292e-01
1.041890588565266701e-01
1.052174212160014583e-01
1.049452655603372309e-01
1.034359977420651333e-01
1.007872349449904920e-01
9.754088231027974176e-02
1.013573867996628991e-01
1.041820469148411893e-01
1.060537239222699574e-01
1.070018928109348344e-01
1.070195569446913547e-01
1.062477536281574431e-01
1.047189761903916938e-01
1.025386950490988630e-01
9.984223679865102119e-02
9.670390518796082024e-02
9.326207928729447760e-02
8.963276102186704120e-02
8.589043780659490201e-02
8.215205569502703753e-02
7.853717184249214833e-02
7.509048747550814418e-02
7.397124706892413415e-02
7.331927491656689555e-02
7.261001494554353286e-02
7.185062303200255573e-02
7.106011388773297854e-02
7.025001179047637989e-02
6.940737288221945911e-02
6.853801540720184937e-02
6.764738200064902840e-02
6.674053251552920785e-02
6.583772143288976753e-02
6.493254225350512943e-02
6.402245197259666398e-02
6.311106455660607517e-02
6.220163406395401440e-02
6.129706596892437603e-02
6.039993035423112111e-02
5.951247662543941719e-02
5.972470263578474187e-02
5.987541172160930347e-02
5.993225017592263698e-02
5.988394294775185173e-02
5.972260526325406244e-02
5.944344636799907960e-02
5.904444369001826676e-02
5.855175510138561218e-02
5.794480306476654241e-02
5.722457949570407959e-02
5.639646415365247994e-02
5.546704257823543288e-02
5.446220508417692896e-02
5.337778435140282801e-02
5.221480297373919111e-02
5.098224000972063213e-02
4.968931507772460926e-02
4.834536783653301667e-02
4.697177716956252996e-02
4.556723158115205674e-02
4.471514226335190217e-02
4.418171117609602516e-02
4.365921274713707723e-02
4.314695592194076751e-02
4.264425917131444560e-02
4.215045542545636098e-02
4.166489638366745185e-02
4.118695623288728958e-02
4.071603481029303917e-02
4.025156024514457698e-02
3.979299111489542629e-02
3.933981815129216492e-02
3.889156553025460705e-02
3.844779178036839690e-02
3.800809034214332194e-02
3.757208981071682302e-02
3.713945389213410553e-02
3.670988110330790366e-02
3.628310424366035930e-02
3.585888966468059325e-02
3.543703636393173706e-02
3.501737492559187787e-02
3.459976633187189510e-02
3.418410066444157319e-02
3.377029571629184407e-02
3.335829553216855536e-02
3.294806889314881582e-02
3.253960776179153080e-02
3.213292570089455041e-02
3.172805627941405887e-02
3.132505147537316403e-02
3.092398008862451073e-02
3.052492616987988183e-02
3.012798747638533933e-02
2.973327395951432667e-02
2.934090629288855015e-02
2.895101444343736730e-02
2.856373629302828149e-02
2.817921631201995153e-02
2.779760428916767945e-02
2.741905412074108206e-02
2.704372265928855351e-02
2.667176862464100406e-02
2.630335157803012983e-02
2.601341450817355391e-02
2.628197063928951194e-02
2.653863630550764435e-02
2.676413997225035937e-02
2.695660877885798848e-02
2.711457494844777411e-02
2.723697003584690454e-02
2.732311537017999628e-02
2.737270900673035440e-02
2.738580952822585249e-02
2.736488856762964161e-02
2.731336262039971846e-02
2.722741553210343904e-02
2.710827480747084184e-02
2.695741770953476169e-02
2.677654410211951358e-02
2.656754862763669942e-02
2.633249254996855235e-02
2.607357557966391570e-02
2.579310797248587223e-02
2.549348317276463327e-02
2.517715124541381605e-02
2.484659331856478928e-02
2.450429722725348466e-02
2.415273452885017408e-02
2.379433902763006953e-02
2.343308736870288594e-02
2.306998256714844209e-02
2.270648749815298850e-02
2.234471765338941901e-02
2.198667219010137092e-02
2.163422275206695541e-02
2.128910411421859258e-02
2.095290661637326177e-02
2.062707034298362149e-02
2.034403176871370234e-02
2.018239601644697401e-02
2.002110257239182040e-02
1.986018495258273092e-02
1.969967656456326349e-02
1.953961064001006817e-02
1.938002017214155576e-02
1.922093785703123808e-02
1.906239603954762787e-02
1.890442666236735736e-02
1.874706121992877547e-02
1.859033071484358923e-02
1.843426561871269395e-02
1.827889583578134677e-02
1.812425066987611091e-02
1.797035879446130802e-02
1.781724822538569356e-02
1.766494629692489174e-02
1.751361579025960055e-02
1.743641503193874009e-02
1.736574960156078706e-02
1.729572623009496130e-02
1.722632703412307204e-02
1.715753472072031535e-02
1.714805861802398343e-02
1.715155076622057115e-02
1.715859951131065361e-02
1.716827397101212613e-02
1.717966966305869286e-02
1.719191360152952375e-02
1.720416887435593373e-02
1.721563870333858715e-02
1.722556998765154002e-02
1.723325634117496563e-02
1.723804063126855440e-02
1.723931703407095145e-02
1.723653262327004207e-02
1.722918850874830335e-02
1.721684054684039997e-02
1.719909964484580070e-02
1.717563168177329083e-02
1.714615707079356066e-02
1.711044998944202811e-02
1.706833730148418771e-02
1.701969719963442387e-02
1.696445759229833067e-02
1.690259426366327172e-02
1.683412883069457591e-02
1.675912652489804783e-02
1.667769382140650916e-02
1.658997594230315550e-02
1.649615425576141103e-02
