-0.000000000000000000e+00
1.951163035976493206e-07
9.169481852098377441e-07
2.692211222851103447e-06
6.496758970225319471e-06
1.131594907246601007e-05
2.285003671563443537e-05
3.801142908442384769e-05
6.042743090445515278e-05
8.175913734042240171e-05
1.025486960843576564e-04
7.615366544502784427e-05
1.350120534816824354e-05
-1.216661136637513002e-04
-3.502753089835777540e-04
-6.256054424573566667e-04
-1.003346676193203222e-03
-1.371788630881554984e-03
-1.721632027474915855e-03
-1.919998905803376333e-03
-2.042627524999386397e-03
-1.804393516389075003e-03
-1.465503453241333515e-03
-9.253012810187327079e-04
-2.832868425279208547e-04
4.096337290969990965e-04
1.204183503026572816e-03
2.027193572294159161e-03
2.907124232237770761e-03
3.739538742047529910e-03
4.548195176790369339e-03
5.068400855664161736e-03
5.462780750017110463e-03
5.605509075328373586e-03
5.488079408277657216e-03
5.240570745045949365e-03
4.499417010320478326e-03
3.554280271577847823e-03
2.201177524800912270e-03
5.813358036544651226e-04
-1.171875404676735221e-03
-2.614119868347313143e-03
-3.722864272767780359e-03
-4.164608558688039606e-03
-4.054940677125429445e-03
-3.669566711821383061e-03
-3.428639533480595889e-03
-3.439521902855873035e-03
-3.954023367663270574e-03
-4.641740958532690822e-03
-5.416066612433123074e-03
-5.446810547941841919e-03
-5.084295021528905355e-03
-3.935260571272686594e-03
-2.418475432868472629e-03
-7.178149503902638787e-04
1.957794676642959442e-04
5.109756237674349406e-04
-3.706247440322176260e-04
-2.321744772953359889e-03
-4.807624632435260337e-03
-7.733312867740670116e-03
-1.034852260100064397e-02
-1.234277533016973905e-02
-1.289655302773889956e-02
-1.273009320950810840e-02
-9.708515825632863319e-03
-5.912900881503467890e-03
-5.692108168658237960e-04
5.324395730197851832e-03
1.149296051847453412e-02
1.732037218373739390e-02
2.286064302806912335e-02
2.782663223053845683e-02
3.163176739909118185e-02
3.485647555068561304e-02
3.519665868443176693e-02
3.468340255854353293e-02
3.246326791338655787e-02
2.973193862252539177e-02
2.674501200881213361e-02
2.311419285169910576e-02
1.829895545315591079e-02
1.111488157175245621e-02
4.378900319221539633e-04
-1.198556033712174992e-02
-2.612991786412220685e-02
-3.909022107360603238e-02
-4.968241564805656041e-02
-5.702471049410920423e-02
-6.274205547596292676e-02
-6.504824401492306785e-02
-6.616526244753340169e-02
-6.490394066744419044e-02
-6.058329208125161347e-02
-5.473298009200733283e-02
-4.530042967755829736e-02
-3.532862070395205445e-02
-2.427829461203159095e-02
-1.276080014227433737e-02
-1.009721483598688971e-03
1.142405609449509071e-02
2.430244657641358885e-02
3.807006286598149658e-02
5.238969402860498004e-02
6.698533262775623054e-02
7.703296039138310403e-02
8.304699509440217897e-02
8.099384367620593439e-02
7.060140454392568876e-02
5.603932155460370629e-02
3.736849865873650978e-02
2.008380590614323655e-02
5.571373440097726615e-03
-4.380033727847149928e-03
-1.205092824674173710e-02
-1.389207689909966077e-02
-1.494515703133799528e-02
-1.442210012333696063e-02
-1.510945663112081734e-02
-1.640201984679713967e-02
-1.968622850533408020e-02
-2.239328748213940262e-02
-2.394604709548150967e-02
-2.252561307884032998e-02
-1.961858224720745142e-02
-1.062155787175417601e-02
7.233254982520892495e-04
1.676392685736417462e-02
3.336891727900540006e-02
5.025610223191116777e-02
5.430891472088451855e-02
5.172301586648939131e-02
3.585969432535776602e-02
1.233190120179487523e-02
-1.502812771298339505e-02
-3.904477240652955844e-02
-5.870582020655891464e-02
-6.965567421955494443e-02
-7.067645825654181313e-02
-6.673270730552420538e-02
-5.384424156409172574e-02
-4.141689621336317600e-02
-2.991179164404312099e-02
-2.273755489599667973e-02
-1.772875205858711820e-02
-1.414309618765777557e-02
-8.230445601453039578e-03
2.336194415302333960e-03
1.931470597864632516e-02
3.949915331528473100e-02
6.289480744603830054e-02
8.303206035537934182e-02
9.665251082189553478e-02
9.658778502194595439e-02
8.968047108876395224e-02
6.337093807540468415e-02
3.471295253077930076e-02
1.358061923621818601e-03
-2.666770896187702772e-02
-5.202891998654674000e-02
-5.806294200141601941e-02
-5.724175966226562745e-02
-4.271016861507634377e-02
-2.440075280347644981e-02
-4.202424609671732113e-03
2.107002447821228197e-04
-2.184108702342033199e-03
-1.819478525262282348e-02
-3.499467330190760006e-02
-5.218916710069439191e-02
-4.860821111162572095e-02
-3.735898291216725731e-02
-1.077321029192973567e-02
1.953910949431354738e-02
5.171470286355977358e-02
6.800568208110847890e-02
7.515366412043758548e-02
6.401565180332807747e-02
3.680388200634771012e-02
1.555233469432448258e-03
-4.336100738189579279e-02
-8.557258293856788434e-02
-1.223748279059278798e-01
-1.443482130710481703e-01
-1.589071683350485042e-01
-1.462378938856041255e-01
-1.267673132585936391e-01
-9.369412027645146468e-02
-5.639704294465841539e-02
-1.698802343804018192e-02
1.739669519567260333e-02
4.926076788914145188e-02
7.608354870212435950e-02
1.008878663076994142e-01
1.246829523095705078e-01
1.509951107848551966e-01
1.778238133401160992e-01
2.056856040553294018e-01
2.264266077606963690e-01
2.436072179611400157e-01
2.329313637845265850e-01
2.107874132103969567e-01
1.657072698412335454e-01
1.053593282184125263e-01
3.737748746876273093e-02
-3.360741083276461844e-02
-1.004023795666896396e-01
-1.588174891654194898e-01
-2.031546505599820529e-01
-2.404528378524634913e-01
-2.534734271080473222e-01
-2.591482647818083573e-01
-2.501315992919230791e-01
-2.299304527539862975e-01
-2.041370656920250826e-01
-1.671407216790135042e-01
-1.290714264843967896e-01
-8.885622892656497296e-02
-5.233277925149001919e-02
-1.765520351779080455e-02
1.113485276615508099e-02
4.041611943911167099e-02
7.067980689008576678e-02
1.025178583666254140e-01
1.351430918559456962e-01
1.619983362101861391e-01
1.856415638598803430e-01
2.028607581004855664e-01
2.145532675893412622e-01
2.234824347023226243e-01
2.172893735616932831e-01
2.016276905953993670e-01
1.670287639777760513e-01
1.123337822240985939e-01
4.759077290238977742e-02
-3.006905474088888974e-02
-1.030708761129719153e-01
-1.667566849426539433e-01
-2.070673474524045710e-01
-2.356904368021868756e-01
-2.286692599477677112e-01
-2.158415246985614933e-01
-1.914006726597801689e-01
-1.642244121825133518e-01
-1.356804474860021648e-01
-9.951888961768382003e-02
-6.092807863590113393e-02
-1.747876142719493459e-02
1.875217648367486292e-02
5.137392474562404304e-02
5.900597138609905978e-02
6.167889697782961977e-02
5.443358047207226547e-02
5.147784806978120131e-02
5.066690771922351122e-02
6.582807068751253543e-02
8.289221460258920648e-02
1.037623204112418235e-01
1.128197583889956335e-01
1.159708624513002551e-01
8.740983491093619329e-02
5.450208455110282929e-02
1.290088855233525317e-02
-1.344206505261854451e-02
-3.215589746066370436e-02
-2.038738243766474723e-02
-8.170120295015733530e-03
4.944636086934970157e-03
4.860870039205478048e-03
-1.822157223363234622e-03
-1.451142612754672406e-02
-2.301546241766605841e-02
-2.314903347965592897e-02
-2.032125978181705678e-02
-1.601281370406399882e-02
-2.376570567750625751e-02
-3.343453054007675118e-02
-4.693522118090474871e-02
-5.118174172720250936e-02
-5.080117722623526261e-02
-3.285165248352200917e-02
-1.282844044897827988e-02
1.134214616922720603e-02
3.523671175610280926e-02
5.899326682731505928e-02
7.975581351737004443e-02
9.754302318925736626e-02
1.093795588248070161e-01
1.168389290811566172e-01
1.221097166479056945e-01
1.323128002839338291e-01
1.419453620421619877e-01
1.504368800447914989e-01
1.400913252562305533e-01
1.203272340720748929e-01
6.855843263897448692e-02
1.702097511651901041e-02
-3.405379458463976550e-02
-6.888760614825992223e-02
-9.560093864310845180e-02
-1.117279063243752923e-01
-1.315719038174817668e-01
-1.588499609342696739e-01
-1.932951020485109417e-01
-2.313237851614804996e-01
-2.643744140117895158e-01
-2.906889375214071203e-01
-3.035312503496409020e-01
-2.971583975797142951e-01
-2.811779620107060507e-01
-2.344037018133526828e-01
-1.769762323779044133e-01
-9.824234446627387596e-02
-1.323115490921358828e-03
1.046887840162856881e-01
2.057865686483209555e-01
2.891312468327021379e-01
3.369697121217886115e-01
3.448892484730815000e-01
3.328493203554808155e-01
3.082617911173116676e-01
2.888247776399349154e-01
2.796887956841455081e-01
2.595865808479962955e-01
2.340012495716685403e-01
1.646134906052406088e-01
9.036463763289911966e-02
6.393596648721189268e-03
-6.373634406536174413e-02
-1.269457346444022028e-01
-1.778720718312693239e-01
-2.286423872380766165e-01
-2.791006590847575630e-01
-3.108838156538471509e-01
-3.333294145841413925e-01
-2.985944929730969255e-01
-2.500739300613343263e-01
-1.739820845481419576e-01
-9.918158632656728924e-02
-2.502676175080645327e-02
1.521552813628149203e-02
4.200661736556582371e-02
4.189530527924829190e-02
2.998154227178411249e-02
1.216655380374755992e-02
1.604086495951924721e-02
3.240025950739529315e-02
7.372982083947786369e-02
1.232346618586407927e-01
1.768271427213406188e-01
2.153129570326233477e-01
2.483504817107032581e-01
2.704914271223826661e-01
2.798476944859471516e-01
2.828116228254537456e-01
2.442359309996081085e-01
1.898339333030989451e-01
1.037793238652763850e-01
9.778897799296429327e-03
-8.819443658076682457e-02
-1.545040534330355264e-01
-2.073308838381538732e-01
-2.331921413489645434e-01
-2.485671853231096740e-01
-2.586991225289210217e-01
-2.752615018031647764e-01
-2.906281412479004844e-01
-3.036033010336221527e-01
-2.936368105319947519e-01
-2.721994948866917063e-01
-2.058434036502322373e-01
-1.319962834802389795e-01
-4.316710544318809462e-02
4.377272226752707690e-02
1.297678748150686012e-01
1.993034638258399660e-01
2.575112154863262171e-01
2.930632924462514555e-01
2.958320485857968141e-01
2.822091443151528711e-01
2.295081038108031657e-01
1.722551528870592541e-01
1.058983811245363948e-01
4.427343139873574779e-02
-1.498560730870626342e-02
-4.645712012518501965e-02
-6.566201470049422284e-02
-6.033367279346174561e-02
-5.049746539438870752e-02
-3.840732524929604125e-02
-5.692902218698033673e-02
-8.071518426356293074e-02
-1.150302766179445990e-01
-1.319151427471736693e-01
-1.400848957638275438e-01
-1.211045474258929666e-01
-1.014923587798375465e-01
-8.061648951754304959e-02
-5.767395179363478397e-02
-3.369807983892116748e-02
1.889481661521981437e-03
3.487898300355579684e-02
6.267236402876284751e-02
7.457121563993363011e-02
7.852280254408734728e-02
7.365223734431591840e-02
7.046044977735936576e-02
7.062621747603084477e-02
7.066053856723858440e-02
7.062913635471444740e-02
7.122314904798925095e-02
7.444099633947630357e-02
8.290651282738654981e-02
9.023507872795721863e-02
9.699516933485877179e-02
8.719874060251497916e-02
7.229698690223720914e-02
4.718458326609011738e-02
1.466545721275926487e-02
-2.155703004915961868e-02
-6.783818333443678017e-02
-1.103582705906720890e-01
-1.453562257888258713e-01
-1.513356165060942837e-01
-1.428057249829235154e-01
-9.681341587825988138e-02
-5.344737235428363709e-02
-1.533385999169303848e-02
1.924600488145470495e-03
8.755535026609325908e-03
7.050221945445826408e-03
9.838055172970264911e-03
2.161218101786788193e-02
3.567452718532931194e-02
5.088098351407300407e-02
5.662602599391945019e-02
6.197809374936628229e-02
6.654421205601408762e-02
7.471713380730177212e-02
8.469345728091004499e-02
8.697796902835430721e-02
8.295796451217633816e-02
6.632892746875222734e-02
4.275372415631437800e-02
1.570543770937234823e-02
-9.094883202707310793e-03
-3.294544960368901709e-02
-5.489650698247649369e-02
-7.846932408744462795e-02
-1.028530210555039515e-01
-1.306819432717339635e-01
-1.578060027605994176e-01
-1.835203367947286224e-01
-1.999898629335759848e-01
-2.118369851247829949e-01
-1.970609641383810895e-01
-1.718971473936092287e-01
-1.259577391321004269e-01
-6.481733019199548140e-02
3.923579087412631776e-03
7.291740465065421617e-02
1.313057719554608094e-01
1.684832227434030771e-01
1.720705580422410841e-01
1.588628355965280292e-01
1.144075693898936041e-01
7.431356536100255927e-02
4.294208568759947525e-02
3.933602061079825851e-02
4.961266283230030688e-02
9.172442046734799459e-02
1.326796088374515847e-01
1.713216586776700190e-01
1.877004228266492547e-01
1.929475441300121108e-01
1.636193125389217851e-01
1.283917811230419481e-01
8.136565005759405222e-02
2.475791705552743416e-02
-3.664061691484788580e-02
-1.159412094497323520e-01
-1.910467427266863971e-01
-2.577621574877960176e-01
-2.828231617517111274e-01
-2.870569607670268586e-01
-2.325459860699996273e-01
-1.800466015151587218e-01
-1.315703972446892744e-01
-1.122828770254876707e-01
-1.075896988319176156e-01
-1.105742391356130810e-01
-1.008931852038443822e-01
-6.588094280114402401e-02
-1.234975322323823843e-02
5.044090994226434199e-02
1.027827468327372207e-01
1.492043595517522359e-01
1.837855239278530228e-01
2.181555106340265782e-01
2.524199085052380997e-01
2.780142898389350026e-01
2.883291433716870245e-01
2.680849413025505057e-01
2.107542496976726465e-01
1.348803133249266151e-01
4.622707465120851067e-02
-3.078218803699972472e-02
-8.450349875421021839e-02
-1.097581886370962295e-01
-1.207795681028206863e-01
-1.072407471874089885e-01
-9.160912742554001842e-02
-7.179190997075760028e-02
-5.701402663118261549e-02
-4.475581034920990409e-02
-3.860050365606027684e-02
-2.809774761197272527e-02
-8.900092866008183640e-03
1.929049706354102681e-02
5.197755458487941793e-02
6.311902742838093605e-02
5.951569230130622501e-02
2.642274123307214451e-02
-2.183489239714261898e-02
-7.767486730834818887e-02
-1.282996218670998112e-01
-1.750233873447156197e-01
-2.139451746600483928e-01
-2.391596316551558576e-01
-2.575204234901515843e-01
-2.367201490503417771e-01
-2.021866101015180328e-01
-1.401865421346700502e-01
-6.328726129785666732e-02
2.106162597394557398e-02
1.015393497203498085e-01
1.698399840475943445e-01
2.137864395365260684e-01
2.186735864151816977e-01
2.040310789887005427e-01
1.524510010953123995e-01
1.054195653059571136e-01
6.748541372466876354e-02
5.396939991821642080e-02
5.266245499918547485e-02
6.766317079624621644e-02
7.918795296693387220e-02
8.376086788487484280e-02
7.795617293769074863e-02
6.696267305794502411e-02
5.283723181698486704e-02
4.170996698508481343e-02
3.657905497130713862e-02
3.522904115647792350e-02
3.576947644112268149e-02
2.921725273511960319e-02
2.003031149601895711e-02
5.573935190723411370e-03
-8.352262948712598986e-03
-2.201337200522048357e-02
-4.010412129932940800e-02
-6.414464459486800274e-02
-1.000847158932627878e-01
-1.423631809140649407e-01
-1.878108427960743509e-01
-2.134527168225106020e-01
-2.259503440148838416e-01
-2.121594775391275334e-01
-1.761175056450569321e-01
-1.289499810418325010e-01
-7.421724531050610807e-02
-2.693952184999852742e-02
5.428177068872323818e-03
1.705847902330143509e-02
1.832008249551250745e-02
1.413861216717787056e-02
1.925492930090728222e-02
4.296682135876094683e-02
8.566638213530350376e-02
1.378597772711892544e-01
1.835828468494610233e-01
2.160600942306847294e-01
2.220456972178274091e-01
2.024277588561670116e-01
1.700080498201028689e-01
1.266502849841474876e-01
8.488018502062601167e-02
4.628541480197156249e-02
5.252866707268544211e-03
-3.699857032546234603e-02
-8.243096879069378158e-02
-1.196070446382472702e-01
-1.402704752504426444e-01
-1.311863090176681179e-01
-1.072283443624078708e-01
-5.814815637470196336e-02
-1.235116234876629249e-02
2.687944375363152116e-02
4.928526291693151318e-02
6.327868861068546014e-02
5.757743936629291376e-02
4.999531750118207246e-02
3.865145039463718096e-02
3.172172360814420888e-02
2.699906698167691202e-02
2.628023414566329000e-02
2.197468870079738457e-02
1.049571803822869909e-02
-1.184750996659264359e-02
-3.962286664254290741e-02
-7.700723252329133572e-02
-1.158985002970899097e-01
-1.578035718569880119e-01
-1.957485776495762331e-01
-2.317135505585049549e-01
-2.379879963638205087e-01
-2.307284289202516658e-01
-1.964008349789104213e-01
-1.476052833869112013e-01
-9.157575296958854472e-02
-3.479453290810455290e-02
2.048287737446435886e-02
7.275266809920735711e-02
1.164859204507640439e-01
1.559509036157304684e-01
1.744070804041903955e-01
1.921519869415159176e-01
2.084743529765681891e-01
2.407695759618847242e-01
2.810512274223323503e-01
3.300978345617753273e-01
3.672823535187828559e-01
3.807426961109342534e-01
3.591878015866016294e-01
3.201252885040229423e-01
2.484532848970869012e-01
1.727867199633725537e-01
8.913103237610374430e-02
2.939661542088238544e-03
-8.451955091528877417e-02
-1.666702909170129088e-01
-2.432319800132248522e-01
-3.086155672984107756e-01
-3.594048467296891425e-01
-4.028969722340059456e-01
-4.262168200002822704e-01
-4.437534133102739031e-01
-4.497234977076951523e-01
-4.409803392493185648e-01
-4.248805593630442523e-01
-3.726824252843171092e-01
-3.082784833854281814e-01
-2.194629258462360011e-01
-1.288667543689424599e-01
-3.738027592259841186e-02
1.972944509585505823e-02
6.846724609504249714e-02
1.004612070557124592e-01
1.395207746326156961e-01
1.821131455176396574e-01
2.339226073001829664e-01
2.775946865286113008e-01
3.049920006488138768e-01
3.148857385012103771e-01
3.160276882197053938e-01
3.243824055518959026e-01
3.375042641945112387e-01
3.601604054579775060e-01
3.712712185167941770e-01
3.766093674732838292e-01
3.468357434472284506e-01
3.109089818170104880e-01
2.626759449784614731e-01
2.141412587539640588e-01
1.654557478364903356e-01
1.145018506064219288e-01
5.886389970742800237e-02
-6.142158529400920663e-03
-8.496598909152999757e-02
-1.706987058163082494e-01
-2.638867377487557619e-01
-3.486822984616247401e-01
-4.166929167353576324e-01
-4.563338387875562341e-01
-4.817899127289898553e-01
-4.845282585468910774e-01
-4.863383923094956596e-01
-4.862921019615075724e-01
-4.735207551721323793e-01
-4.543868801620632447e-01
-3.930076588395332582e-01
-3.206237953177595301e-01
-2.262306473974952381e-01
-1.272610471582374947e-01
-2.600322075949589029e-02
6.644836619957808499e-02
1.530145057801328978e-01
2.278097506036543818e-01
2.881596642042841272e-01
3.412869121934722916e-01
3.816319499822727890e-01
4.195836674770091479e-01
4.527487443836077374e-01
4.703869736460268292e-01
4.802617790863571989e-01
4.505960166531911004e-01
4.103455168585375401e-01
3.489255423409093892e-01
2.759420521626194667e-01
1.971768041539913030e-01
1.053071292414359955e-01
1.360103899056406759e-02
-7.777788193694121222e-02
-1.484127192796516059e-01
-2.086755148299539175e-01
-2.232489673900454608e-01
-2.299192853800205993e-01
-2.207833342297609025e-01
-2.167306922008772896e-01
-2.152197047326826485e-01
-2.272548217288067329e-01
-2.366970551071576334e-01
-2.409535212499618884e-01
-2.237775438615063894e-01
-1.958853447074226650e-01
-1.347391587755308595e-01
-7.209138189699484944e-02
-6.440423125187541564e-03
3.932787511724437912e-02
7.515484309498991766e-02
7.226438973445249714e-02
6.193187978999998428e-02
3.671525667772074925e-02
8.878303307509455983e-03
-2.026881519166947102e-02
-4.034603819637248845e-02
-5.270372431065255270e-02
-4.962233664409078371e-02
-2.797599239264936949e-02
2.952830151227297650e-03
4.271544821134037190e-02
7.715695772471116431e-02
1.009562501445959715e-01
1.137120554136897277e-01
1.209461171073855507e-01
1.296106195372248859e-01
1.410733197196548661e-01
1.581324154072684673e-01
1.726299978913153343e-01
1.858468237735797779e-01
1.786072081475948148e-01
1.623889808783958166e-01
1.282135303227754930e-01
8.537334734761209409e-02
3.820079816267774042e-02
7.556677032071450889e-03
-1.356324449968269834e-02
-1.563476683374308632e-02
-1.731579213045647547e-02
-1.880156890849970022e-02
-5.604427019214591743e-02
-1.052075814760733280e-01
-1.782121127605567623e-01
-2.532168320772745784e-01
-3.292216454100964085e-01
-3.717208612613688290e-01
-3.941255353319390586e-01
-3.763411258410995774e-01
-3.174908962255131861e-01
-2.381077565475585300e-01
-1.371338364601568660e-01
-4.586635598126298508e-02
2.598824528061907668e-02
7.197766257408526325e-02
1.050344878833484180e-01
1.229198444575164140e-01
1.389048716071024925e-01
1.510892399075210446e-01
1.556628936963393717e-01
1.564311902293581136e-01
1.553414812237289000e-01
1.581422641279409680e-01
1.687240308518333509e-01
1.783146716018627620e-01
1.874097493649592716e-01
1.706726798891352592e-01
1.463446202808559582e-01
1.068345804076702155e-01
7.300963802013604731e-02
4.202724437543451513e-02
4.593734220779200489e-02
5.945046913407644323e-02
9.216965424822023967e-02
1.186362498039992691e-01
1.419765505805977712e-01
1.194233679152489208e-01
8.344919546094767271e-02
2.063304342873242825e-02
-4.094809242805128036e-02
-1.019117201971221076e-01
-1.327877961575521237e-01
-1.569827823198211847e-01
-1.678155888857718603e-01
-1.770031179965497747e-01
-1.853680083797388245e-01
-1.876650004965660368e-01
-1.847507517731090398e-01
-1.714140213690864001e-01
-1.533423328737603120e-01
-1.329031653327818474e-01
-1.235575198149984205e-01
-1.183950563897321340e-01
-1.215989571495029314e-01
-1.187214156210892602e-01
-1.128031529485849921e-01
-7.671308427444450961e-02
-3.310795787334266937e-02
2.552728398167786183e-02
7.670185450743741140e-02
1.241460893685654848e-01
1.359578025669085088e-01
1.392861998866687379e-01
1.256479654492721199e-01
1.124218320780035751e-01
9.940174923979894217e-02
9.491989792449927188e-02
9.016996424428908030e-02
8.488386583425799881e-02
7.937972652334415735e-02
7.376656676199037921e-02
8.058169209952119327e-02
9.095839848723960563e-02
1.084582669753313272e-01
1.170119309928123602e-01
1.210924927749868624e-01
9.359118842974993580e-02
5.938366472750000041e-02
1.176370231124229671e-02
-3.067948348266326050e-02
-7.053428096539414438e-02
-8.905208188440155714e-02
-1.041783621680628658e-01
-1.125216011810337841e-01
-1.239642540022939943e-01
-1.369566137276992668e-01
-1.469316334019233616e-01
-1.479677560154117610e-01
-1.311260845074370407e-01
-9.364307463034023116e-02
-4.583939556868785181e-02
4.448017049690750069e-03
4.641726680521054971e-02
7.175019083501715800e-02
8.182627757148426551e-02
8.427394566127893727e-02
7.573001584065446046e-02
6.221082956650217377e-02
3.874113038529691799e-02
3.562383107602599269e-03
-3.747088821833781391e-02
-7.268240490022827294e-02
-9.589625691847659950e-02
-9.511477960942829601e-02
-7.028430108240937835e-02
-3.342932194641156513e-02
9.224390925257085205e-03
4.409937272166914585e-02
6.341689236757216963e-02
6.420963463654512371e-02
5.573998821704786305e-02
4.035110451644830648e-02
3.227700202833101717e-02
3.883246196517435578e-02
6.694563366608521915e-02
1.058376612490240648e-01
1.555185879515844360e-01
1.966309366039044881e-01
2.206061291557484816e-01
2.127698429277629921e-01
1.890278173098648706e-01
1.218197924223443501e-01
4.795359443510415626e-02
-3.922894975157183162e-02
-1.187357603972433590e-01
-1.944047042724116325e-01
-2.329837835983984418e-01
-2.576975849812763730e-01
-2.546808304779232812e-01
-2.360812158736517730e-01
-2.096901712189252476e-01
-1.839947869356703958e-01
-1.624144609805568684e-01
-1.490642516817238250e-01
-1.405322083810417177e-01
-1.344092480794333022e-01
-1.210171247249315907e-01
-1.010740028373724592e-01
-6.802888388370201267e-02
-2.223908237905403151e-02
2.992306040107930651e-02
8.363394688796417509e-02
1.290210214737097794e-01
1.577604722571813167e-01
1.587010525790691906e-01
1.457421976701649413e-01
1.025958731421940662e-01
6.252459496047857446e-02
2.860340947127217731e-02
2.575713403110797828e-02
3.844831361546901388e-02
9.491015799018653887e-02
1.508421500633762569e-01
2.057144375334805653e-01
2.305578181755615352e-01
2.403867454036388851e-01
2.048836042267077606e-01
1.649463332954811678e-01
1.161408028556659977e-01
7.413639992469314710e-02
3.553256074813768151e-02
9.114462104034541656e-03
-1.329720727311939354e-02
-2.769601811637704622e-02
-3.126739448525826803e-02
-2.942505361695415406e-02
-1.997475929410734777e-02
-1.639056886342663694e-02
-2.453858621707499799e-02
-5.604358491810265686e-02
-9.922707429281157898e-02
-1.654253188347122872e-01
-2.274158812029494214e-01
-2.809910792238615729e-01
-3.047987464812063063e-01
-3.137226483567634450e-01
-2.769986463817674660e-01
-2.353709420633778859e-01
-1.839358330582233636e-01
-1.420770570894067109e-01
-1.050064476387563978e-01
-8.042164456138156670e-02
-5.433878815773299925e-02
-2.525982510153773619e-02
7.389544408702233141e-03
4.182411714597039643e-02
7.207491550517029777e-02
1.023236069924050445e-01
1.325680847357095238e-01
1.695156667177177556e-01
2.098148008190761360e-01
2.503022540195621315e-01
2.822006059262947564e-01
2.969207552455252475e-01
2.853568695588530324e-01
2.606509663692325729e-01
2.082619303764155216e-01
1.549562180407958734e-01
9.981715301957153064e-02
5.516077507795108525e-02
1.574574067613395550e-02
-7.240680221420471574e-03
-2.894016605725469732e-02
-4.806578176963695326e-02
-7.139984948299857304e-02
-9.683814319684877492e-02
-1.254149561831448267e-01
-1.506738471681199065e-01
-1.692968941504548741e-01
-1.748858277538486994e-01
-1.739577046677673877e-01
-1.578114214178391594e-01
-1.406789045876460642e-01
-1.215739205969237208e-01
-1.034861165239695929e-01
-8.590690240989930226e-02
-6.717200450712706994e-02
-4.950472052759601060e-02
-3.397266439454675602e-02
-2.415403925160188037e-02
-1.719212960371181709e-02
-6.662958790172205520e-03
1.033153929882419525e-02
4.025669193873073620e-02
7.525920279631595489e-02
1.128003927627411890e-01
1.285468827094972399e-01
1.343461110588941299e-01
1.202508162135695474e-01
9.916938293747605548e-02
7.459488044599997536e-02
6.079688640595034416e-02
5.344229139564057179e-02
5.897449444480709624e-02
7.338253643585329611e-02
9.222849789784291763e-02
1.057261672434831323e-01
1.127604127490066388e-01
1.068678105743001427e-01
9.219084587273904119e-02
7.312169990775296835e-02
5.254084569978745289e-02
3.104316588453826312e-02
7.711834854722220828e-03
-1.912494939575693984e-02
-4.771446025656050915e-02
-7.377628676246611450e-02
-9.772046207104739812e-02
-1.174293349849811763e-01
-1.373733556324464034e-01
-1.574349501466773826e-01
-1.789262527690233529e-01
-1.977576261221196952e-01
-2.112691409367067619e-01
-2.147255381256391871e-01
-2.131543765017469838e-01
-1.951411639596633552e-01
-1.718684727060187656e-01
-1.380768240292551130e-01
-9.805229050668751167e-02
-5.491131456120982440e-02
-1.395648373880619547e-02
2.392898582453348300e-02
5.567573286974690505e-02
8.088280846865394946e-02
1.028200483444095675e-01
1.163137153704503352e-01
1.282706305766758148e-01
1.371540421432715651e-01
1.451384398936770570e-01
1.526733307359852965e-01
1.544744610379138738e-01
1.525453132058273154e-01
1.431556091057124003e-01
1.297743400243841494e-01
1.143972884524486616e-01
1.019477950211641476e-01
9.078861734330721800e-02
8.221007117231145245e-02
7.597503905435769311e-02
7.091176396292432627e-02
7.359567258604175766e-02
7.750016052609413897e-02
8.384580710001579562e-02
8.084091360599822418e-02
7.316075007800386387e-02
3.973467946288170016e-02
1.170961258581154629e-03
-4.766805212407339981e-02
-9.138185694521001878e-02
-1.325330574855890231e-01
-1.496339032878418740e-01
-1.592569400025115045e-01
-1.539243585420187743e-01
-1.449577777669686374e-01
-1.341741973346421979e-01
-1.332596963160511405e-01
-1.347874355416747161e-01
-1.411996552557263085e-01
-1.434893701188105219e-01
-1.437178325564105186e-01
-1.329824592349611589e-01
-1.201238161448911629e-01
-1.030186335175867496e-01
-8.126511254105892035e-02
-5.718742238992061827e-02
-2.246464091470564556e-02
1.291917208064010357e-02
4.962504811624703777e-02
7.638168324194993808e-02
9.816369791269997924e-02
1.009540360190784442e-01
1.017502509298623958e-01
9.855821944945838964e-02
1.001613080035820280e-01
1.041619565749682397e-01
1.161977775270275903e-01
1.274826586699288056e-01
1.372656601945141108e-01
1.366407188568844189e-01
1.308118060881473810e-01
1.059669417304760219e-01
7.947850213122284457e-02
4.970291204880685626e-02
2.826048119859374957e-02
1.098462996448320260e-02
6.045991830707869372e-03
6.340236579415138227e-04
-5.724604592804004126e-03
-1.702301040145775060e-02
-3.079130498906429772e-02
-4.549340674702069542e-02
-5.845441287980223527e-02
-6.793322776223498227e-02
-7.375522429445950656e-02
-7.774881165157934704e-02
-7.720783838644607044e-02
-7.513936728566887602e-02
-7.001590051360460920e-02
-6.223049120964083136e-02
-5.311411063972799884e-02
-4.292935571085925578e-02
-3.418335178549215814e-02
-2.831484986712757418e-02
-2.744698972509729620e-02
-2.907945047123439847e-02
-3.463712430079994575e-02
-3.979592885588877083e-02
-4.415699486202438739e-02
-4.760203840944810666e-02
-5.058907072751575584e-02
-5.089815706356378561e-02
-4.730324669843236074e-02
-3.590034293094394868e-02
-1.169632094152628712e-02
1.890826015885257658e-02
6.261829918806412210e-02
1.052379733573715059e-01
1.456769178068711701e-01
1.741488109817040664e-01
1.966371785192018717e-01
1.960999779790189579e-01
1.897899801217041438e-01
1.719343876301285545e-01
1.493201109881370503e-01
1.243264922709388653e-01
9.810629415062468994e-02
7.180876099539618140e-02
4.535655777033904129e-02
1.878773945097728451e-02
-7.839386415529695992e-03
-3.699182077121917350e-02
-6.856041010730795637e-02
-1.049613094041940697e-01
-1.452691939410061805e-01
-1.875305710977817897e-01
-2.241611466193150770e-01
-2.542288730444867140e-01
-2.711709012769190630e-01
-2.692899182552484505e-01
-2.579974296065313810e-01
-2.203649051860676056e-01
-1.789463064145332960e-01
-1.299555589408599166e-01
-8.564616662234655897e-02
-4.367745188140850776e-02
-1.366070855118497671e-02
1.480943297737162545e-02
4.018637090259517819e-02
6.489372759309970651e-02
8.926629366624490303e-02
1.107675496954735467e-01
1.316184865097198287e-01
1.511687848940017065e-01
1.688839693237195461e-01
1.856815967761506481e-01
1.922403550142569306e-01
1.944937865144214240e-01
1.881365645387045871e-01
1.782272156903748350e-01
1.665418034057381258e-01
1.532750576704517698e-01
1.376763268816816599e-01
1.174136259859523690e-01
9.221812935369347319e-02
6.455623485317109334e-02
3.860651507344976113e-02
1.493359275672588929e-02
-4.185734634004258797e-03
-2.211308612837847160e-02
-3.944444967457845508e-02
-6.141487219123015900e-02
-8.490093560704417563e-02
-1.114182808211820197e-01
-1.362449401371312874e-01
-1.602262565039866971e-01
-1.725642527123055769e-01
-1.801188881028494282e-01
-1.781068018578457757e-01
-1.702289593595070205e-01
-1.594182387345027818e-01
-1.443666469826927479e-01
-1.275803211956320071e-01
-1.073245273380707965e-01
-8.469219477872483304e-02
-6.087159286848614625e-02
-4.072333073404377918e-02
-2.275986551185531920e-02
-9.165994114184259495e-03
3.976016930239009706e-03
1.689209779803850509e-02
3.510029317233305524e-02
5.514592869799021801e-02
7.886644452637167624e-02
1.042993113442774455e-01
1.305883536569497072e-01
1.536071504540721666e-01
1.721665790556920761e-01
1.818072712663093005e-01
1.775126253548012789e-01
1.662503103822343398e-01
1.384734512924612471e-01
1.097481800856300455e-01
7.912608464467772718e-02
5.338023448056594678e-02
3.007250695487039688e-02
1.313497744110096732e-02
-3.958797474638467428e-03
-2.136506319431781889e-02
-4.046277279541005828e-02
-6.040620433720896715e-02
-7.681748215365577503e-02
-8.997223799486270268e-02
-9.661394988558280605e-02
-9.802564691512849482e-02
-9.682233651408835018e-02
-9.421104763742892130e-02
-9.144618708699951692e-02
-8.837418318903024483e-02
-8.169937739863609993e-02
-7.322317066202635449e-02
-5.811754401936072845e-02
-4.300548237730669049e-02
-2.788055073647581136e-02
-1.746645360148368908e-02
-9.407773719409689289e-03
-8.359581081278349979e-03
-7.837831680472978277e-03
-8.368968754319357911e-03
-7.393333392182155003e-03
-5.664311812053609251e-03
-1.691599930089516916e-03
3.361252357000597824e-03
1.057438545434218058e-02
2.343034831856924752e-02
3.910772606623980768e-02
6.590701857213315806e-02
9.338386837218616565e-02
1.222158327605438466e-01
1.413878088527940335e-01
1.557297907969930340e-01
1.474256704760618653e-01
1.339422915785401513e-01
1.101003955278401364e-01
8.419216272698719361e-02
5.725076155105331827e-02
3.361632305270896570e-02
1.122799763942075937e-02
-8.668101603755848372e-03
-2.637583092623744033e-02
-4.298937528837210725e-02
-5.728383505008921572e-02
-7.183248227985783441e-02
-8.688950444573201315e-02
-1.037424249207102023e-01
-1.214932945502412570e-01
-1.374704744944552637e-01
-1.497776122051873160e-01
-1.547446654489574303e-01
-1.487657807854949332e-01
-1.373139271684146456e-01
-1.133338771866189976e-01
-8.842141844357916114e-02
-6.164414217806423596e-02
-3.833085786140857931e-02
-1.674956951918162712e-02
-1.636678449669417071e-03
1.274693767015281851e-02
2.567200389059547810e-02
3.888466380244920417e-02
5.224112056001030402e-02
6.231763131211956463e-02
7.020205768307881400e-02
7.370231529173920659e-02
7.623999046847160233e-02
7.829637442924024249e-02
8.538433328015826440e-02
9.285718879632531841e-02
1.010998376429917550e-01
1.044014998750926043e-01
1.052326687999127208e-01
9.890417044765931198e-02
9.218853797149451079e-02
8.469863724750716083e-02
7.614716823723072237e-02
6.706491508380961475e-02
5.118464160194686335e-02
3.319261523811840864e-02
1.097708311036815071e-02
-1.067486760562728204e-02
-3.204502761574545139e-02
-4.554922309703547667e-02
-5.591820386505154394e-02
-6.001675520652136053e-02
-6.153713004420553745e-02
-6.176841662999720678e-02
-6.546622673486418575e-02
-7.008385638749456414e-02
-7.654112513565125564e-02
-7.961162268311611223e-02
-8.098873463023595343e-02
-7.534298712724706026e-02
-6.970912202039476757e-02
-6.409902170581469050e-02
-6.102856129401649371e-02
-5.922792083360792909e-02
-5.674314624491145348e-02
-5.293976022254063413e-02
-4.649915133282183505e-02
-3.914894127827551334e-02
-3.134393064131531931e-02
-2.424219751545873131e-02
-1.680612346892438463e-02
-8.701367581038484469e-03
1.357694678242287421e-03
1.239391012321997519e-02
2.654873620565737641e-02
4.127888055290732106e-02
5.715966142978205072e-02
7.197690069561142601e-02
8.626236915591969923e-02
9.597617547254136405e-02
1.042827057508277366e-01
1.097746839524442602e-01
1.128542844549569046e-01
1.147276961079182617e-01
1.094996541178758082e-01
1.008330828670137985e-01
8.528945309451177459e-02
6.548890153166804506e-02
4.355988907365339335e-02
2.257298041708086928e-02
2.514993901426820430e-03
-1.568514833239077061e-02
-3.345027125944259605e-02
-5.099788453311147191e-02
-6.548639142707703142e-02
-7.702220904448192629e-02
-8.265264810875938561e-02
-8.279235238734330982e-02
-8.018668927308193750e-02
-7.721032809298837563e-02
-7.554924431572236643e-02
-7.651871534411076869e-02
-7.712923074245285615e-02
-7.756026832577074537e-02
-7.186051817983715728e-02
-6.443779427364942913e-02
-5.356912284695436455e-02
-4.250859498529734048e-02
-3.135213890615938526e-02
-2.202923864356617911e-02
-1.260883621243042395e-02
-2.993429444207921022e-03
8.652356840094681256e-03
2.131333288243814419e-02
3.675443375072895424e-02
5.192044399559336831e-02
6.653627299360515002e-02
7.812448654524356551e-02
8.819889237369489543e-02
9.334369192677069438e-02
9.748518614353419987e-02
9.962006968767092574e-02
9.940848400946798724e-02
9.802366372009585493e-02
8.910490816003101278e-02
7.710582183476250018e-02
5.894607397908828428e-02
3.791741263772734072e-02
1.545429455351910938e-02
-4.480854488977904435e-03
-2.287174162785172646e-02
-3.817410495947999582e-02
-5.103228809649754116e-02
-6.266838113621037154e-02
-7.003631492135517500e-02
-7.580721007797097677e-02
-7.838402797753012130e-02
-7.921670477313845493e-02
-7.917731101677193128e-02
-7.821961844715710765e-02
-7.673057501874004649e-02
-7.417882987271877393e-02
-7.073198061343149989e-02
-6.683757929751110716e-02
-6.250273902527100911e-02
-5.725222791416485074e-02
-5.017037512532936117e-02
-3.966419060880992803e-02
-2.744584022844944252e-02
-1.344871912073532932e-02
-5.230080082659015715e-04
1.025988311371472082e-02
1.936545046243429158e-02
2.763235592452479086e-02
3.707245939214569297e-02
4.706293804930019448e-02
5.815416708552157560e-02
6.896245520426996789e-02
7.962927286428193863e-02
8.764090572516007593e-02
9.393522667112551294e-02
9.679492378726697877e-02
9.550269720817597396e-02
9.213450878146922651e-02
8.398316571188639557e-02
7.449607107269076711e-02
6.233747329427028611e-02
4.753837954328374998e-02
3.141903780601384283e-02
1.537498033304778716e-02
1.329740595001538319e-03
-8.717863673197608076e-03
-1.501319314902911130e-02
-1.943238522867778845e-02
-2.415335357025028690e-02
-2.991810533574372141e-02
-3.777042394907847295e-02
-4.623044089020355435e-02
-5.499430699522515203e-02
-6.218673691940876380e-02
-6.855108955100336354e-02
-7.325928759742036944e-02
-7.634697874458601374e-02
-7.862441644212642133e-02
-7.950805681699067706e-02
-7.994561725979498767e-02
-7.949101783847956071e-02
-7.646968409563387192e-02
-7.216498319202269141e-02
-6.234672864835288930e-02
-5.135219954093141193e-02
-3.800512130600722932e-02
-2.380939663332663422e-02
-9.189348741767721859e-03
6.948424843168253887e-03
2.348341307700584427e-02
4.081283060863786366e-02
5.676069630599127336e-02
7.201778608620575117e-02
8.188231846149991722e-02
8.983663365508021137e-02
9.397051448523380257e-02
9.537674690345394890e-02
9.541915511570642217e-02
9.217157558094218883e-02
8.750862874659741386e-02
8.001494731309231889e-02
6.920847428516288535e-02
5.674560546002214295e-02
4.090260732832068369e-02
2.488289934185582836e-02
8.509771645861391454e-03
-6.914924675200351603e-03
-2.186540530879695424e-02
-3.404070114584299006e-02
-4.483646045746353392e-02
-5.287314671823383633e-02
-5.829353635387755916e-02
-6.240577767695763139e-02
-6.468482152921374573e-02
-6.675864102639370024e-02
-6.842201181342025262e-02
-6.896803973454782022e-02
-6.895539622272620073e-02
-6.548041294423022352e-02
-6.049510561434282702e-02
-5.248915018167339686e-02
-4.190143828907010731e-02
-3.002284816649733803e-02
-1.760654691591889004e-02
-6.329174104720712048e-03
2.670341827717540029e-03
9.076094904144555928e-03
1.418496655256664372e-02
1.839579746886907743e-02
2.308281674878144563e-02
2.872221275591443912e-02
3.519970887315412161e-02
4.209625504544743657e-02
4.905972665605867755e-02
5.555906964140325949e-02
6.113015537621475926e-02
6.452490839649782650e-02
6.683149505951639646e-02
6.456608602571550781e-02
6.091539306789686692e-02
5.449413226204469218e-02
4.672630857479141697e-02
3.828520344683793847e-02
3.051430554500166731e-02
2.326229991459405691e-02
1.704807882704349742e-02
1.023352436640928564e-02
3.118803219231161723e-03
-8.187469516635622474e-03
-2.078130157012517132e-02
-3.595025225885956771e-02
-5.078382270987284036e-02
-6.544970304202564482e-02
-7.513819829727964861e-02
-8.260204968073646403e-02
-8.561661332060063745e-02
-8.460567515531892957e-02
-8.158198608746483615e-02
-7.400520371126176333e-02
-6.543022134152912117e-02
-5.485883898473786768e-02
-4.329835242551106217e-02
-3.124331376506634186e-02
-1.930008944789743039e-02
-7.852147188636034170e-03
2.605230954804235721e-03
1.191276275416117830e-02
2.064537138147676601e-02
2.871812929519959590e-02
3.680354111989195265e-02
4.491426076652336313e-02
5.196532915561612176e-02
5.848657191593974181e-02
6.034613824640044921e-02
6.043887770887909627e-02
5.699796343539458021e-02
5.241771086190168127e-02
4.726778913840491009e-02
4.404025635400016930e-02
4.103800205233937987e-02
3.848630471616593107e-02
3.388304547914918613e-02
2.825400529171059535e-02
1.968544930508761559e-02
1.148198921591925790e-02
4.008720921659937944e-03
-1.477999554746717119e-03
-5.971446122226778223e-03
-9.546312287698061061e-03
-1.337494917594096028e-02
-1.771112750972505742e-02
-2.201338034821990336e-02
-2.629867043907013410e-02
-2.976470337231599747e-02
-3.310457508342148220e-02
-3.619212435024627555e-02
-3.885552946115944373e-02
-4.130686249411680971e-02
-4.169993033888045458e-02
-4.120894975603681121e-02
-3.894987231797907706e-02
-3.564673073922069307e-02
-3.182155709011227213e-02
-2.785035731494363287e-02
-2.402452447335069394e-02
-2.048942549890846176e-02
-1.715581666107503928e-02
-1.392295289154563652e-02
-1.056220522897296024e-02
-6.931225797058201618e-03
-2.759782826459424021e-03
2.555082703469466893e-03
8.441659513063566253e-03
1.661556753789831392e-02
2.528556417279409843e-02
3.494773802781458993e-02
4.383099877092282853e-02
5.232480295807514364e-02
5.642015331923880272e-02
5.857889323548966937e-02
5.686441226191599890e-02
5.216835328024589657e-02
4.598150529452573604e-02
3.779568067108004387e-02
2.951374171099200791e-02
2.103957407761933296e-02
1.297246646780199700e-02
5.108888869762221244e-03
-1.435224335113911148e-03
-7.493264458957182503e-03
-1.257915842073589752e-02
-1.718880738266835226e-02
-2.156033384467824845e-02
-2.592171698729415358e-02
-3.022187967716202794e-02
-3.439960146153388243e-02
-3.790970869444394015e-02
-4.108600865162300581e-02
-4.221221302692097777e-02
-4.241058468596231590e-02
-4.075329091249125374e-02
-3.769506600036613003e-02
-3.393637551891434678e-02
-3.004578766875083684e-02
-2.643482107688391314e-02
-2.338309700161000232e-02
-2.005253561675396715e-02
-1.658255557710587927e-02
-1.120513005596910847e-02
-5.325468224185923166e-03
1.558666228889833520e-03
8.316335536412051282e-03
1.501077227115753254e-02
2.026226719888514494e-02
2.505593893035398811e-02
2.893396426931088561e-02
3.261253355689419653e-02
3.619137481879278195e-02
3.983261637750126066e-02
4.292857578385051581e-02
4.493397088547870788e-02
4.467020623163141246e-02
4.327186170004743149e-02
3.953422364159199509e-02
3.577449686394638256e-02
3.197059264792441458e-02
2.794135190832781890e-02
2.379944290694606043e-02
1.757564881323831277e-02
1.086276965527086316e-02
3.171720368786750538e-03
-4.030680971769529455e-03
-1.098875833935805679e-02
-1.708560345156253171e-02
-2.342265292211026528e-02
-3.024011110935100749e-02
-3.756782133553376868e-02
-4.515065758118484707e-02
-5.138700664052146816e-02
-5.634308270289720838e-02
-5.873861277135784126e-02
-5.758081898996794679e-02
-5.464636328365406193e-02
-4.689025749660893222e-02
-3.838537375189553236e-02
-2.838293409185108085e-02
-1.862812776889301997e-02
-8.997138114472823592e-03
-6.521472109193467148e-04
7.235950341958661582e-03
1.421026119347732278e-02
2.007576500754517518e-02
2.538686530288448984e-02
2.928558334465528740e-02
3.298051932001483388e-02
3.626789116255071249e-02
3.891815081548766903e-02
4.124985437362375246e-02
4.091619052709709325e-02
3.940427806911159930e-02
3.553586838820809585e-02
3.027382078690356304e-02
2.431495422540063539e-02
1.888892620941607509e-02
1.415449004908064801e-02
1.080323760003769687e-02
8.410583110385212377e-03
6.497227600426177044e-03
4.324830091197505270e-03
1.810767205450430992e-03
-1.386626433331904391e-03
-4.958469111139802293e-03
-8.717536308462186037e-03
-1.258525794431823545e-02
-1.641537777930660025e-02
-2.017029401255551052e-02
-2.337887110620753481e-02
-2.631427863005940393e-02
-2.775222422580009285e-02
-2.877867718718461754e-02
-2.898214487985674437e-02
-2.867603851412341490e-02
-2.811514511918751860e-02
-2.658064501965366061e-02
-2.467459454136276473e-02
-2.202544330555615895e-02
-1.890497818624188933e-02
-1.554885612517498475e-02
-1.154561837575623570e-02
-7.255794816610275366e-03
-2.392799638005623300e-03
2.502228579669799145e-03
7.413273316883198238e-03
1.100059007389693651e-02
1.414691918076917826e-02
1.641127298735587867e-02
1.861994752964580765e-02
2.080078243978855310e-02
2.336933591430630924e-02
2.580742144184833622e-02
2.798457107543631320e-02
2.936911050091656206e-02
3.035734482234221307e-02
2.992454996465992306e-02
2.904675670034475438e-02
2.727896662276444589e-02
2.482684088196381728e-02
2.203254730955433310e-02
1.845971726776354099e-02
1.457056593128789289e-02
1.004877200543872681e-02
4.858888039531772396e-03
-6.650409464021119410e-04
-6.478077642084066959e-03
-1.210055277256152396e-02
-1.734190477263617899e-02
-2.204251338680758565e-02
-2.647275030803016016e-02
-2.994361415727855510e-02
-3.289018158747564202e-02
-3.478815617956763917e-02
-3.535294874245988733e-02
-3.525115029075327061e-02
-3.342586089805769239e-02
-3.117066763547383934e-02
-2.805566663311582359e-02
-2.422092787721765936e-02
-2.002632024454971058e-02
-1.508506520525883243e-02
-1.009833356492382400e-02
-5.020648722505868453e-03
-2.765780747957780582e-04
4.300685475557851183e-03
7.947687960938885909e-03
1.130694700390846331e-02
1.409071916205901359e-02
1.669158435745841246e-02
1.920099607148134310e-02
2.178012742060766657e-02
2.420787696329671640e-02
2.633286289311396675e-02
2.764430139797408037e-02
2.854896619035676014e-02
2.814547545536602927e-02
2.746727620911923115e-02
2.623965994036057958e-02
2.471190896284542263e-02
2.303409063095135378e-02
2.079808074653532665e-02
1.821147328393141890e-02
1.492367066495450638e-02
1.074103123792888650e-02
6.110973406879180100e-03
5.837801114029700714e-04
-4.999871940731782753e-03
-1.069644150617767367e-02
-1.630716021497908078e-02
-2.187495349545525922e-02
-2.696948382673334393e-02
-3.153199963606088951e-02
-3.503048640149277609e-02
-3.665412310723750733e-02
-3.734033478313841803e-02
-3.501021509815537697e-02
-3.194048929367382383e-02
-2.739155125019278325e-02
-2.224944314431693757e-02
-1.681075000724125898e-02
-1.191559919144720425e-02
-7.386608241043108453e-03
-3.589937021422406893e-03
2.575004989691532381e-05
3.550945047067570991e-03
7.679152000898837281e-03
1.185711525882672882e-02
1.613459112494342040e-02
1.978066229375249896e-02
2.311103111390648904e-02
2.498500641990582596e-02
2.635490243287862827e-02
2.671663985979690764e-02
2.604185661108023714e-02
2.484881302454645252e-02
2.239351708382121900e-02
1.978099552262239935e-02
1.685402272047379496e-02
1.417099919468479442e-02
1.160995030707651088e-02
9.857853048428956780e-03
8.280022846628589880e-03
7.050726758520729082e-03
5.437399277782397657e-03
3.632056100728174326e-03
1.754872793589268287e-04
-3.772057734846658884e-03
-8.701555134722465529e-03
-1.361813734714722481e-02
-1.852826196584908894e-02
-2.187048159645612125e-02
-2.452685016422496977e-02
-2.581151660631460926e-02
-2.605944984852438459e-02
-2.578901649079366407e-02
-2.456653515724399606e-02
-2.307105188250074129e-02
-2.102956472537190549e-02
-1.842330040753743445e-02
-1.553464750935153529e-02
-1.204448435660670190e-02
-8.487768399451266904e-03
-4.797946833470912061e-03
-1.223047605430345290e-03
2.294390453639076708e-03
5.336474590930923891e-03
8.243487081607261610e-03
1.088035627905582781e-02
1.348806038274030089e-02
1.608118193954413688e-02
1.831396555784583352e-02
2.005720069327680474e-02
2.082133886296474307e-02
2.037732179421414269e-02
1.932922710624468063e-02
1.748198822559950474e-02
1.564230830424820015e-02
1.381774630148659838e-02
1.192325204156826669e-02
9.993791653071877959e-03
8.024625846733102544e-03
6.209044208477076249e-03
4.700630906388481543e-03
3.356311176816348732e-03
2.094038233503163308e-03
3.037808045711573330e-04
-1.660685608859025549e-03
-3.973569991287471091e-03
-6.117712749706714220e-03
-8.177484696120623439e-03
-9.484515508671307119e-03
-1.054862033372455828e-02
-1.112687318378433911e-02
-1.144683560251410701e-02
-1.163765280557917635e-02
-1.207194367277373073e-02
-1.271305289429817270e-02
-1.376779882448207933e-02
-1.486854110338794825e-02
-1.599228155665535778e-02
-1.613057484301249830e-02
-1.573689200669028954e-02
-1.427925692500980892e-02
-1.182554213633743231e-02
-8.873787494169078222e-03
-5.112182289771775856e-03
-1.432599706979269076e-03
2.082937632599728660e-03
4.914226903331048689e-03
7.403392139637020655e-03
8.894097820998257339e-03
1.022641482162544788e-02
1.124195446078613339e-02
1.228422708162638967e-02
1.333986619330605576e-02
1.474512367425369862e-02
1.616067696058197042e-02
1.759682185767300761e-02
1.830875121947103668e-02
1.865857281362332670e-02
1.710885894798053544e-02
1.513490995414668722e-02
1.231249070393182141e-02
9.506887457290228577e-03
6.709692212433770835e-03
4.339703167604238090e-03
1.961804227775074128e-03
-4.319145020508187091e-04
-2.942275786505636932e-03
-5.510958348274459448e-03
-7.986097147581461969e-03
-1.043877459280092776e-02
-1.284652932984269892e-02
-1.528298642552562009e-02
-1.773379470052781695e-02
-1.953747854867989367e-02
-2.071999490639045774e-02
-2.066017628321991859e-02
-1.913279754579785483e-02
-1.687163875125083368e-02
-1.344609664110351689e-02
-1.006987092689633559e-02
-6.792278004565772791e-03
-3.960211050815344060e-03
-1.350907081353235929e-03
7.417392322917101127e-04
2.744177551388840390e-03
4.566199881388852480e-03
6.284870976166980275e-03
7.951866453335138668e-03
9.413932085214401363e-03
1.074167490554474476e-02
1.180077210277584096e-02
1.247746094563849904e-02
1.296294561131652520e-02
1.281731650994351324e-02
1.245333861426385635e-02
1.165266312997129822e-02
1.052511133808456747e-02
9.234121392401348910e-03
8.011292094021722418e-03
6.982376086678834456e-03
6.341286661408120778e-03
5.931328025123931182e-03
5.636934783333108143e-03
4.884115150920159687e-03
3.826176119439897785e-03
2.157998289824206248e-03
3.638603647111325265e-05
-2.311943428751569735e-03
-4.929287879378589990e-03
-7.543835772332261116e-03
-1.015279054993737870e-02
-1.243077450225283861e-02
-1.454327304192486355e-02
-1.536980718966694977e-02
-1.564260494319153968e-02
-1.480792990828084556e-02
-1.325024097155456243e-02
-1.133104508392056980e-02
-9.227924427883033021e-03
-7.144873728014363573e-03
-5.101962940485652714e-03
-2.897597372618229260e-03
-6.125044145826225072e-04
1.819233463074746478e-03
4.035615021012507048e-03
5.821283939513641377e-03
6.688561164422316026e-03
7.096642542534616419e-03
6.268336985205276955e-03
5.339817569988150603e-03
4.210870438994568365e-03
3.433894849709591586e-03
2.832905031278315586e-03
2.777691081761611471e-03
2.775479313299157851e-03
2.879271906945244253e-03
3.111385952773197509e-03
3.407660724692139053e-03
4.110860262730444206e-03
4.800388943739393108e-03
5.462575910688893983e-03
5.624310767058136179e-03
5.535819568136950662e-03
4.941865101134579157e-03
4.485921892872521063e-03
4.306001202091577253e-03
4.408953610701200725e-03
4.653342569006053628e-03
4.196607964799869105e-03
3.272503555843686573e-03
1.413659537387020569e-03
-9.531179321300526849e-04
-3.573862127176397584e-03
-5.805091680129578595e-03
-7.710366635026995145e-03
-8.963732393815260213e-03
-9.606759234541819431e-03
-9.944616616238192291e-03
-9.632252733765401739e-03
-9.182359222920408875e-03
-8.457406455331235168e-03
-7.620247415005033075e-03
-6.726985238309931246e-03
-5.901665247548210612e-03
-5.115994461606624896e-03
-4.409622085306146022e-03
-3.644199552340859558e-03
-2.849251941043190548e-03
-1.761994916692107222e-03
-6.053131745109808712e-04
6.902180033289990069e-04
1.963750463329940604e-03
3.226283564410683917e-03
4.378333845250530036e-03
5.517348669095473515e-03
6.630292578951840765e-03
7.686768628609036424e-03
8.715010748166282864e-03
9.469053579251481695e-03
1.008969963466881288e-02
1.044355213875121195e-02
1.049184361121682958e-02
1.038735456787424558e-02
9.633961715536485879e-03
8.586736114263471276e-03
6.951845015120481155e-03
4.829090872036710495e-03
2.462405206981677433e-03
-5.981378027191969898e-06
-2.305836558943667736e-03
-4.268628931672907231e-03
-5.795391830993760346e-03
-7.104139993609889445e-03
-7.900676797611595401e-03
-8.547035664598603283e-03
-8.893038657555526333e-03
-8.903971240595503697e-03
-8.747368618677002147e-03
-8.131504797590763736e-03
-7.449722784791685398e-03
-6.636104388566268879e-03
-5.925228411203951363e-03
-5.265723643273417104e-03
-4.845229926580707502e-03
-4.386348679414259211e-03
-3.850692371299882944e-03
-3.005195055335199098e-03
-2.004777235445075450e-03
-7.344691172451835778e-04
4.714375407131408263e-04
1.548541278187426720e-03
2.478099321148711891e-03
3.333884516854070893e-03
4.299461730255565300e-03
5.296149194826442301e-03
6.355057161735021103e-03
7.183982690842035702e-03
7.897917001047881358e-03
8.046960073511707709e-03
8.073508005360210613e-03
7.855065655978037131e-03
7.466061048374138427e-03
6.991775311659586579e-03
6.049652212692364570e-03
4.917494600284869240e-03
3.405267960995824600e-03
1.756813647754355443e-03
4.024549753728450923e-05
-1.332061908509539570e-03
-2.515405521415505462e-03
-3.320821548041217285e-03
-3.875821261536143651e-03
-4.305612818466105982e-03
-4.626876069440584612e-03
-4.924084418269152399e-03
-5.173182962805673857e-03
-5.255408633467188902e-03
-5.254197867191334748e-03
-4.851851504348464808e-03
-4.333498111254957368e-03
-3.583130657660727435e-03
-2.738504128420242000e-03
-1.846748061356794915e-03
-1.048951715068906221e-03
-3.673189553714081195e-04
8.198663114458270684e-05
1.477813740655017048e-04
2.182069518884961984e-05
-6.355634778294040957e-04
-1.328257362233143009e-03
-2.091570669408553389e-03
-2.591076469885781209e-03
-2.958678517013786993e-03
-2.693922136819083910e-03
-2.227508214120942336e-03
-1.357779206415641237e-03
-2.156602146834811756e-04
1.062653769062571647e-03
2.400906961161961180e-03
3.650288380919818054e-03
4.721926255993658117e-03
5.555034334354632883e-03
6.268877514359744857e-03
6.668847675748551182e-03
6.967460582559209178e-03
7.063358980213250461e-03
6.979668439972893691e-03
6.806183430785225572e-03
6.363496799877080973e-03
5.752968544003866057e-03
4.806757038201157559e-03
3.395486044327624981e-03
1.751685306419431933e-03
-2.248051240303957764e-04
-2.078487375046122153e-03
-3.686553267195752468e-03
-4.851109709079452423e-03
-5.793911425829851095e-03
-6.288917034201516390e-03
-6.711547564553903625e-03
-6.989427938868262094e-03
-7.139041199927260994e-03
-7.224520904358728429e-03
-7.076873717820049946e-03
-6.844947700345468782e-03
-6.444464020999184604e-03
-5.903777947521022390e-03
-5.292990676976708220e-03
-4.557420913808528373e-03
-3.764106361066644167e-03
-2.855302229178198654e-03
-1.731817906208443867e-03
-5.009934876981238889e-04
9.320691331185687904e-04
2.293624100205554107e-03
3.512163759831673712e-03
4.443330242626880935e-03
5.230810137006135403e-03
5.770866172298261092e-03
6.294985504543545302e-03
6.787231430695721615e-03
7.202870103549837213e-03
7.580205149754789748e-03
7.618871452662644497e-03
7.476049086600892492e-03
6.970249382599968610e-03
6.077692935333590084e-03
4.991758116434214486e-03
3.576484226955943622e-03
2.175562279342674668e-03
8.033442154604165421e-04
-4.186649342279789550e-04
-1.565569626820174703e-03
-2.495359108418574844e-03
-3.343442683584490951e-03
-4.028114445884535197e-03
-4.493980350937828126e-03
-4.850443327367515330e-03
-4.900516445755179890e-03
-4.903304037633345047e-03
-4.811520576492506196e-03
-4.744489267285511604e-03
-4.689834034045475136e-03
-4.695135135499016107e-03
-4.660980274057119344e-03
-4.547913486824353181e-03
-4.243861675981997622e-03
-3.844317353334990046e-03
-3.236733483148471202e-03
-2.628884682039875700e-03
-2.020506019086478963e-03
-1.429317173243166168e-03
-8.467232359545706242e-04
-1.209368540491575486e-04
6.842521669074307956e-04
1.648246465965853705e-03
2.683266143906785049e-03
3.753798511289484306e-03
4.667339046154500744e-03
5.455460877755852894e-03
5.992745302829035128e-03
6.226339424757247609e-03
6.308088395112721944e-03
5.948906529153517343e-03
5.451905581739944356e-03
4.679266471418161086e-03
3.688832290736073632e-03
2.589500574874361010e-03
1.398628841801275238e-03
2.805908048331117182e-04
-6.917798399264765740e-04
-1.384293769093199048e-03
-1.936879340463292399e-03
-2.071901633735119628e-03
-2.120955975759333898e-03
-1.998074415288465799e-03
-1.831419782312133405e-03
-1.642878613083003161e-03
-1.519308470933778766e-03
-1.445039843983095392e-03
-1.469374247429581885e-03
-1.611556157189611687e-03
-1.812661820106426262e-03
-2.062946587739537992e-03
-2.262823212954304976e-03
-2.361883553332169098e-03
-2.387308160871951055e-03
-2.375914901992729009e-03
-2.520027946109715949e-03
-2.724865542919941135e-03
-3.051152245116425105e-03
-3.263601626409595724e-03
-3.419132347250997128e-03
-3.117660147987585256e-03
-2.679154177370381400e-03
-1.966580664045273086e-03
-1.078616387735183710e-03
-1.029567299329503814e-04
1.024792399046164666e-03
2.134718890098957073e-03
3.209000105300306716e-03
4.066176906852641930e-03
4.814801501581041955e-03
5.107232965102808178e-03
5.271670196094408074e-03
5.180118962025468017e-03
4.953958279180124824e-03
4.660492871946531925e-03
4.329369507613613915e-03
3.988750305018296319e-03
3.629139425898541237e-03
3.160002723802515616e-03
2.636103110218331741e-03
1.867745952423767106e-03
1.043049454761699104e-03
1.056742773655027900e-04
-8.503812871879141717e-04
-1.815777045319432207e-03
-2.646910229788881214e-03
-3.377209899539255957e-03
-3.905842539852369052e-03
-4.205857463526778070e-03
-4.391563528881770213e-03
-4.377046399154639784e-03
-4.351655552682126039e-03
-4.304517272718830917e-03
-4.277105151699433193e-03
-4.259556110151959882e-03
-4.211169207749395661e-03
-4.084255871030661837e-03
-3.800289665679620465e-03
-3.204639229760875702e-03
-2.453146678558127455e-03
-1.267087990005200289e-03
-5.263031152945513505e-05
1.218625346790631891e-03
2.303349341449024111e-03
3.294807504276179699e-03
3.829696186807685695e-03
4.206465228235345064e-03
4.266994987454910890e-03
4.101484343931569715e-03
3.822953499036863944e-03
3.449203691947076971e-03
3.094728370706108320e-03
2.778802021162377327e-03
2.499302312250728866e-03
2.238015923655214696e-03
2.017510075082321139e-03
1.806805539892701162e-03
1.615703631469392635e-03
1.378711379876570433e-03
1.118773956698889587e-03
7.290361618680730538e-04
3.343501075012370472e-04
-7.023246593736083869e-05
-3.998807419132727062e-04
-6.920618691580571582e-04
-9.164367885324815714e-04
-1.159918376632545047e-03
-1.441613302183627305e-03
-1.802189396239250226e-03
-2.202206074547121903e-03
-2.682338171831015385e-03
-3.134391325458183667e-03
-3.530286591771419295e-03
-3.719986878875981753e-03
-3.806589676376106578e-03
-3.512382721695950488e-03
-3.139956521820824568e-03
-2.611091831555445875e-03
-2.043471267653567975e-03
-1.456472766933648855e-03
-9.057284977597927604e-04
-3.862213036670553829e-04
7.081174026403122285e-05
4.672448298623828192e-04
8.333779422946104498e-04
1.194802537097967030e-03
1.563119827148909012e-03
1.945222507694764841e-03
2.262959436065854150e-03
2.548513488349763920e-03
2.635222546419841230e-03
2.664707587328014882e-03
2.579744593912349556e-03
2.420880300055375765e-03
2.225065355977736466e-03
1.954302990251478682e-03
1.685718542818397765e-03
1.421489931971955728e-03
1.233887352418625884e-03
1.084597788511952208e-03
1.062211617882228209e-03
1.048245904853167603e-03
1.051121107025409932e-03
9.912558564753645024e-04
9.000203795642075033e-04
6.345551766354711951e-04
3.028173628524580795e-04
-1.614656726393917359e-04
-7.131702360724111352e-04
-1.308585563476262524e-03
-1.877382000343823850e-03
-2.385009479434110034e-03
-2.770299042969440444e-03
-2.993207817993176565e-03
-3.134926198761320889e-03
-3.079768092478083006e-03
-2.989291650586261336e-03
-2.828178537477368370e-03
-2.640595077415779438e-03
-2.439776443877861821e-03
-2.210061789607580852e-03
-1.959552693373903687e-03
-1.667454713213701277e-03
-1.303756319702009756e-03
-9.042577195147672104e-04
-3.831336597067741458e-04
1.601069349949348032e-04
7.475805994846309579e-04
1.303095179190438737e-03
1.842630216504110695e-03
2.237855497072958281e-03
2.579145819211258427e-03
2.812566224488886098e-03
2.960989205337613041e-03
3.066913473972013651e-03
3.081051144865917021e-03
3.075703518697321583e-03
3.031385298403717690e-03
2.955739170388565432e-03
2.864429088512615140e-03
2.658659402694858644e-03
2.377860386343200790e-03
1.947002708924039675e-03
1.361256998063532352e-03
6.980672704823983298e-04
-4.966440053998555544e-05
-7.664200604822879849e-04
-1.421223698263663574e-03
-1.954440585095748757e-03
-2.426864096452904622e-03
-2.709694707871239828e-03
-2.939381823070213139e-03
-3.062781945830762766e-03
-3.101452997258569762e-03
-3.097759513020006093e-03
-2.965440444871185206e-03
-2.784253510776873910e-03
-2.505330844791441719e-03
-2.145336279868473306e-03
-1.744805765476587379e-03
-1.280625595990392534e-03
-8.112481726658846105e-04
-3.314762416650796940e-04
1.069689120969324154e-04
5.247506772398037762e-04
7.629439155295805091e-04
9.344289624357453089e-04
9.724976265745032293e-04
9.746039044785545459e-04
9.587289892652778225e-04
1.033164006515349285e-03
1.135472377386570128e-03
1.293527455499980010e-03
1.462278919689487342e-03
1.636378576916953410e-03
1.808255890764242681e-03
1.968714916069657078e-03
2.106337364291504307e-03
2.154198598462376407e-03
2.157179225607759425e-03
1.955445401383598333e-03
1.702435384927093861e-03
1.346872984005687305e-03
9.678123303812429488e-04
5.770025504050903904e-04
2.338969237468761764e-04
-8.948660045388392417e-05
-3.734259197394919610e-04
-6.373764497859615592e-04
-8.913325852130131368e-04
-1.139587038357983521e-03
-1.384521464290076539e-03
-1.622815835796154182e-03
-1.834596471804005339e-03
-2.033120240062672671e-03
-2.153257040965883464e-03
-2.239068266342344755e-03
-2.256228340665215101e-03
-2.203212195553557688e-03
-2.115107940724664150e-03
-1.918967077782149583e-03
-1.684027953869141276e-03
-1.371492308014936670e-03
-1.005236234296861923e-03
-6.121199466469916424e-04
-2.372849116553007163e-04
1.040242649247409773e-04
3.782817246818837888e-04
5.912738228857842681e-04
7.736332403132097860e-04
9.339765751768692309e-04
1.106998655597763890e-03
1.305378227133014921e-03
1.532083351494438429e-03
1.772951252269053561e-03
1.977927817225147347e-03
2.130120241113664728e-03
2.176744382866866671e-03
2.090188860942103401e-03
1.937043507178313508e-03
1.681322583899808130e-03
1.432652457180750259e-03
1.198083923580852599e-03
9.977889777248684020e-04
8.146308257409474052e-04
6.461471462835244838e-04
4.733776616327133296e-04
2.920365665949460577e-04
9.272788363585892312e-05
-1.155645932838141596e-04
-3.682485195121011461e-04
-6.351709033745592996e-04
-9.305702025056290490e-04
-1.228394097037614112e-03
-1.527430289270214096e-03
-1.771862565635018340e-03
-1.982662432406937566e-03
-2.126197479993346094e-03
-2.197324224673142569e-03
-2.232246817899709562e-03
-2.192787783923120289e-03
-2.138254080923329692e-03
-2.053571039877195425e-03
-1.914741942928006695e-03
-1.748839818027248449e-03
-1.421825037472665854e-03
-1.036909098114383509e-03
-5.361908411491118171e-04
-7.648283991048957821e-07
5.520150622429841969e-04
9.879221726806011739e-04
1.362936794806566187e-03
1.616166440309692179e-03
1.791413601133933810e-03
1.927669519618685229e-03
2.029281537436245213e-03
2.118952004605129981e-03
2.184739370476772736e-03
2.182466984290191980e-03
2.146164722074534164e-03
1.963438690085909065e-03
1.744590743351077814e-03
1.453498967123639969e-03
1.154791533332100552e-03
8.522762707583551997e-04
6.035712600224170214e-04
3.677507998445328583e-04
1.576994407830084230e-04
-5.100149788052787036e-05
-2.590272263450313665e-04
-4.633649004344617649e-04
-6.659699728869573898e-04
-8.651098420653672780e-04
-1.083527491462231516e-03
-1.311584030968206485e-03
-1.570978161095996353e-03
-1.811057846871577453e-03
-2.012508643943017490e-03
-2.096825588540160695e-03
-2.122575606900146267e-03
-1.935561094386042524e-03
-1.704131697647540003e-03
-1.383872532460040435e-03
-1.067690496243394946e-03
-7.535470245120055172e-04
-5.340622690401157849e-04
-3.352345432075887828e-04
-1.777208766535535143e-04
-2.778354025145861545e-06
1.808785966405319413e-04
4.117474733147557294e-04
6.420484148489662580e-04
8.712134861029048041e-04
1.078317154132979027e-03
1.274390120551066553e-03
1.431142298534147537e-03
1.562983615632649670e-03
1.645003210961853805e-03
1.650496759164944011e-03
1.617727283804974107e-03
1.493737615012031943e-03
1.362528297139468849e-03
1.216879681107531841e-03
1.082792021666636973e-03
9.544848405213089302e-04
8.252998512882143327e-04
6.815818090591022711e-04
5.087976608378175876e-04
2.905643319326387019e-04
4.960641268542067986e-05
-2.415819581868218144e-04
-5.338148928425539815e-04
-8.281369550655757117e-04
-1.099742369948570166e-03
-1.359989461161708029e-03
-1.569220156446323854e-03
-1.753303501542888060e-03
-1.887092146263153001e-03
-1.943928538593784954e-03
-1.962288804729527773e-03
-1.842978660589355677e-03
-1.684852576195363912e-03
-1.449094611293901946e-03
-1.167419494304291778e-03
-8.627858012707578881e-04
-5.298814228165433377e-04
-1.974095712267999177e-04
1.341972266343558840e-04
4.358916795303214892e-04
7.226299599435899185e-04
9.067090825597191612e-04
1.048984796638175333e-03
1.107653693641481819e-03
1.112618764128276393e-03
1.090731921356846235e-03
1.057275207633747967e-03
1.030376546369938607e-03
1.016593990024671282e-03
1.011763348072042051e-03
1.011408663315724711e-03
1.012543833805433198e-03
1.008233933146895347e-03
9.930338901918695903e-04
9.469301419691354650e-04
8.853745411125289949e-04
7.641603787305727841e-04
6.313521346279366833e-04
4.753557270840823995e-04
3.179616945725618061e-04
1.598688495772919752e-04
2.527136663195704873e-06
-1.603644399429275723e-04
-3.343557439332725621e-04
-5.221906024766606418e-04
-7.169472382965012434e-04
-9.111452197344447560e-04
-1.092478371833289011e-03
-1.248081865254141833e-03
-1.352530132482243066e-03
-1.431400786614051446e-03
-1.419986306242389555e-03
-1.385330748695678309e-03
-1.304193036798856212e-03
-1.192275244993476263e-03
-1.064967413233774019e-03
-8.882744216926674249e-04
-6.944309734063944467e-04
-4.662866116299951326e-04
-2.304260841494244543e-04
9.292526183175867942e-06
2.052563094983465353e-04
3.816646468702745054e-04
5.189620923555291311e-04
6.300992984845393439e-04
7.281563849353680715e-04
7.971750259604095052e-04
8.566356969536694866e-04
8.969804278834399638e-04
9.267278081286723984e-04
9.511765130316272463e-04
9.718261777235759433e-04
9.878751367328360289e-04
9.947226843767405756e-04
9.783456004734385897e-04
9.503562007965365901e-04
8.729786748627165480e-04
7.782732939914509826e-04
6.489122032452117545e-04
4.969545563127507207e-04
3.336986312871096662e-04
1.675852707593396610e-04
3.120451277207331848e-06
-1.580472861134742753e-04
-3.278731841523725601e-04
-5.020281625153517197e-04
-6.796229793281348148e-04
-8.408088641077757480e-04
-9.691768848209606196e-04
-1.042380413609959302e-03
-1.088001696436826076e-03
-1.072539194412081660e-03
-1.046496712162680448e-03
-9.992942694639491644e-04
-9.300480565165863836e-04
-8.497799584449365314e-04
-7.349244947912740057e-04
-6.168100752573687758e-04
-4.921777439628554057e-04
-3.771039001291060151e-04
-2.668093000256722340e-04
-1.673035065349281992e-04
-6.449485961416409402e-05
4.491949416674614643e-05
1.724952468526878347e-04
3.091516989912123725e-04
4.707811509782809612e-04
6.295484221424276329e-04
7.825913316605612267e-04
9.010016245194144967e-04
1.002095609048579304e-03
1.044425955744235357e-03
1.076094013572611230e-03
1.086437493666393131e-03
1.076909266653525892e-03
1.057445186087339504e-03
9.751269367807788042e-04
8.698305380898540716e-04
7.185778406301134534e-04
5.489487411882561186e-04
3.701314407554037430e-04
1.917631177112830089e-04
9.113195669891943173e-06
-1.820999243662299550e-04
-3.838423173918253484e-04
-5.908493469122593975e-04
-7.772791491956706524e-04
-9.442129358586607950e-04
-1.072154691281007339e-03
-1.151420214495615718e-03
-1.206347621606395672e-03
-1.182943227275212858e-03
-1.135323323332783222e-03
-1.039272400167909815e-03
-9.142509529347721308e-04
-7.747442436675153719e-04
-6.242320727970727956e-04
-4.741739080129786510e-04
-3.250237554017411813e-04
-1.795869733790447093e-04
-3.600687665069622270e-05
9.412161947999986506e-05
2.195412464898890644e-04
3.355431352583032514e-04
4.445907553907342546e-04
5.501612412051362340e-04
6.343611832579248468e-04
7.045566624233223123e-04
7.467432158140274723e-04
7.559855590598948743e-04
7.487557972333659488e-04
7.037954116501854082e-04
6.536190360012994124e-04
5.930106802209544762e-04
5.363980120360665842e-04
4.817831876488790251e-04
4.383726433901738982e-04
3.934436923478186639e-04
3.454779277382112449e-04
2.845937292937903199e-04
2.172503139319659216e-04
1.350838999598401920e-04
5.260257977003491409e-05
-3.050855285504154547e-05
-1.092170110788601004e-04
-1.857241321020077580e-04
-2.561712861872859166e-04
-3.260316190116617084e-04
-3.947183093143076310e-04
-4.617467696234304358e-04
-5.279461149357681004e-04
-5.789162960389473284e-04
-6.206856504604701518e-04
-6.440533515187345931e-04
-6.501073717943005618e-04
-6.475045516785297084e-04
-6.197085570720888264e-04
-5.796018685895711542e-04
-5.148737923548703027e-04
-4.267782377646391935e-04
-3.269989439966069058e-04
-2.231619363221792819e-04
-1.265345920865544051e-04
-4.432657472863812996e-05
2.729167406580499744e-05
9.361503857849604688e-05
1.574040691159927813e-04
2.205262383887694408e-04
2.823146851320387026e-04
3.438446762746539490e-04
4.052454396169093229e-04
4.726641823200129007e-04
5.396513114249992197e-04
6.057752133338227410e-04
6.563484805742973282e-04
6.991464304805822694e-04
6.995286718029667056e-04
6.831429910556974412e-04
6.332214661691211010e-04
5.539644494925718499e-04
4.600396869210096346e-04
3.452512957332359465e-04
2.317925111408104561e-04
1.209929397389588733e-04
1.662782890580531106e-05
-8.452005164305757107e-05
-1.837486981991832459e-04
-2.826412576568549241e-04
-3.808616429175131976e-04
-4.727066598889540644e-04
-5.613639927157612099e-04
-6.287516360575110073e-04
-6.835580645420176894e-04
-7.132020633119798107e-04
-7.070856470165724642e-04
-6.830890231884836905e-04
-6.080885475163935608e-04
-5.247733811370438803e-04
-4.248288333430949755e-04
-3.287259706698855959e-04
-2.345439505570793182e-04
-1.610520040552908955e-04
-9.294998844521453374e-05
-3.562783461848393327e-05
2.017307443986334612e-05
7.521336111404949712e-05
1.387813407860058988e-04
2.056143135643632091e-04
2.789772725555899908e-04
3.535718779073917010e-04
4.287823064395160713e-04
4.926941445999729555e-04
5.489824808660549249e-04
5.900238133433268915e-04
6.124337362621496729e-04
6.255279544017298098e-04
6.086977555178250086e-04
5.811111789393112173e-04
5.320118469716091526e-04
4.639995970625034288e-04
3.865308881827320608e-04
2.927788743319550838e-04
1.957913729110260430e-04
9.233289634969307378e-05
-1.872435480333383377e-05
-1.335809932521669343e-04
-2.481564046991618509e-04
-3.524540771038509566e-04
-4.361962714240506843e-04
-4.875263925181975316e-04
-5.226504769993624722e-04
-5.232843971370153844e-04
-5.191491091786032235e-04
-5.054754050280613501e-04
-4.833095784917016617e-04
-4.568976907624204618e-04
-4.152738587233682039e-04
-3.725009002633856503e-04
-3.274296889615879876e-04
-2.883210109996417556e-04
-2.521935997076298584e-04
-2.179869044776314732e-04
-1.780915014886805107e-04
-1.268186829818670027e-04
-6.003034165431347577e-05
1.451576108357444967e-05
9.432332516236908776e-05
1.668989582886047326e-04
2.250107295098075313e-04
2.633401529975005562e-04
2.917784026184285840e-04
3.102919909756124157e-04
3.330020914787217273e-04
3.641052162737016770e-04
4.011321864453759644e-04
4.411210793054140089e-04
4.644793223812123382e-04
4.759529553398371589e-04
4.636573680641398990e-04
4.281016861254661890e-04
3.809159568552887500e-04
3.087034051150397288e-04
2.313102128527146268e-04
1.435557395463199796e-04
5.468876063949112645e-05
-3.473447106753237655e-05
-1.046555971664965703e-04
-1.630403462514707030e-04
-1.983523413084024129e-04
-2.154727837723707351e-04
-2.234974499398482560e-04
-2.292468453719649830e-04
-2.403030813925537276e-04
-2.619729985900926873e-04
-2.911856696813265176e-04
-3.241697177193960332e-04
-3.496888340705296737e-04
-3.677239522610549244e-04
-3.707910741303905547e-04
-3.572795520281702515e-04
-3.354787079401737163e-04
-2.982073204870987052e-04
-2.605446016167479333e-04
-2.220992199118060665e-04
-1.874669551866132739e-04
-1.547412489512738900e-04
-1.202729091751730166e-04
-8.085548835182710065e-05
-3.153990543403312598e-05
3.079450343269946906e-05
9.963832527389676304e-05
1.800772798113847598e-04
2.587789122317907925e-04
3.340059004179489260e-04
3.929467867443422286e-04
4.437446221408216469e-04
4.595734075518152794e-04
4.655018576947686157e-04
4.516296373016580562e-04
4.257081432466849782e-04
3.937620123607919981e-04
3.482017226894726868e-04
2.982518671622472564e-04
2.395228799231609881e-04
1.760300669343333000e-04
1.101553410706035819e-04
4.422640618697403620e-05
-2.160147890999168947e-05
-8.722726443370005839e-05
-1.520087516392365273e-04
-2.163680896857178224e-04
-2.689154095546329335e-04
-3.136356128269889585e-04
-3.427015829061792144e-04
-3.564165989692400080e-04
-3.624561380242264752e-04
-3.559862784167692703e-04
-3.483128328984551564e-04
-3.382322155584354642e-04
-3.265662525734722046e-04
-3.141076167660434497e-04
-2.938531177408413892e-04
-2.683300937883221614e-04
-2.322700199811471322e-04
-1.831907846470074287e-04
-1.276019685494050935e-04
-5.867370099688380279e-05
1.031662297575891489e-05
7.943105978871795470e-05
1.415147846616025124e-04
2.000831535644866902e-04
2.444284786390827800e-04
2.838097055047796979e-04
3.132627359527254888e-04
3.319957954742775623e-04
3.453688695326433480e-04
3.441289722734294874e-04
3.397748605162513981e-04
3.291923197631492970e-04
3.131560522137454613e-04
2.943929212661869636e-04
2.599274462039886002e-04
2.186525786706555892e-04
1.637589261950972745e-04
1.030515273795368236e-04
3.943725539400770201e-05
-1.154472414098893604e-05
-5.507740197750366656e-05
-8.371147641710887342e-05
-1.042903279476839484e-04
-1.208415680237380756e-04
-1.414543724353211674e-04
-1.649172611477336666e-04
-1.940803184618269625e-04
-2.234729127043484913e-04
-2.529802754110996679e-04
-2.739540703304543237e-04
-2.908662971204039401e-04
-2.996553876515657580e-04
-2.972853995922951765e-04
-2.893358722378047633e-04
-2.580044001442873252e-04
-2.202323452132820070e-04
-1.695791246073410441e-04
-1.196066025913997317e-04
-6.997442987047389771e-05
-3.919702667103610477e-05
-1.306454540407952536e-05
3.778091997886776543e-06
2.445033979869869130e-05
4.703739279892240021e-05
8.576337857185474414e-05
1.275339179950047059e-04
1.753935647186311844e-04
2.198309181727544487e-04
2.625571249921109136e-04
2.878092056973806053e-04
3.048558209648473535e-04
3.054915053567349944e-04
2.904582342440686438e-04
2.675904853791256227e-04
2.306490747936194928e-04
1.929224276621945510e-04
1.536253074388926291e-04
1.181214565116342431e-04
8.451424023237947831e-05
5.868046168870151178e-05
3.377049928148668893e-05
1.070816914722471638e-05
-1.655806650940845059e-05
-4.592625492722641686e-05
-8.454304720080751913e-05
-1.230575598240220845e-04
-1.613675131464625931e-04
-1.906338366058450955e-04
-2.153783451336829823e-04
-2.230243151687951939e-04
-2.271147531171707529e-04
-2.240941268920812197e-04
-2.181807186409577787e-04
-2.108209193768199993e-04
-2.002691120108032914e-04
-1.881160396493811897e-04
-1.727604372971369977e-04
-1.529904218041845817e-04
-1.310131997408698679e-04
-1.016914163531758937e-04
-7.054291481289465661e-05
-3.574097696740766221e-05
9.398151786971399710e-08
3.644545032305996377e-05
7.035167135314331619e-05
1.021339571374280369e-04
1.296683724300816670e-04
1.506985061889193659e-04
1.684764991808410356e-04
1.772831145830766999e-04
1.851211595605606786e-04
1.910220636885329648e-04
1.982882963131679817e-04
2.062371931861305152e-04
2.128230477250610503e-04
2.154712563416457294e-04
2.102441731135457168e-04
1.917914634198558416e-04
1.667259404933799528e-04
1.246798119068425826e-04
8.107142652068764831e-05
3.433852753525270000e-05
-8.124204682493636309e-06
-4.845185351642055922e-05
-8.020891606512988207e-05
-1.100668779957731308e-04
-1.361266386903180583e-04
-1.585295804990366974e-04
-1.791041128648532580e-04
-1.918039075445080431e-04
-2.018922488231497583e-04
-2.067576832997546814e-04
-2.081228512252006075e-04
-2.077378858750643517e-04
-2.021587359708215020e-04
-1.933748463696212069e-04
-1.781814773745153994e-04
-1.544660693158218757e-04
-1.264896417253471791e-04
-9.079467463526645914e-05
-5.588335034568045874e-05
-2.253931165704589623e-05
7.135174296927658446e-06
3.497488388356081247e-05
6.374611011522737054e-05
9.385034166652371805e-05
1.266205838571103409e-04
1.560806207129845208e-04
1.838855549015199484e-04
1.954521758268714120e-04
2.012842270604861148e-04
1.956471389106396563e-04
1.836985703318401474e-04
1.685942615385603051e-04
1.511230970137053336e-04
1.335165161465190259e-04
1.156391025946887753e-04
9.664000738657272727e-05
7.708007135031644350e-05
5.612544872386669378e-05
3.594086233141868575e-05
1.729634840699568251e-05
1.121728663612534517e-06
-1.381794398924207406e-05
-3.067208916063767464e-05
-4.986940619536033324e-05
-7.375306695675505142e-05
-9.887368118443902855e-05
-1.246127721452585041e-04
-1.412253097927043243e-04
-1.531299762831888711e-04
-1.556189004597686521e-04
