-0.000000000000000000e+00
-3.978469073922137902e-13
-4.590415897093656286e-12
-1.637242905141354726e-11
-6.440236056361806764e-11
-1.305562512547648821e-10
-3.059624530105848455e-10
-5.208325386341282423e-10
-8.146303919931175235e-10
-1.144750567627472768e-09
-1.493031904399511202e-09
-1.549279668192152339e-09
-9.491933885262376475e-10
9.635609780567934593e-10
7.245014844877583432e-09
1.571081846181722140e-08
3.778394836605049544e-08
6.618226968179690950e-08
1.072309738205693852e-07
1.602853369951090602e-07
2.193425296875322422e-07
2.884270137512184994e-07
3.566165456708037591e-07
4.230161733021867064e-07
4.782650427340598964e-07
5.279385330661785520e-07
5.545456423837936126e-07
5.778139459343252783e-07
5.944046379506899422e-07
6.182272012714098527e-07
6.456657002443073867e-07
6.615535849774157980e-07
6.372942455162385276e-07
5.327404576664907412e-07
2.473092373985788118e-07
-1.285606990784155861e-07
-8.420218169777769181e-07
-1.633402495460830974e-06
-2.580622295111261586e-06
-3.534149612148786149e-06
-4.490830687879858323e-06
-5.233884962106163999e-06
-5.856807665212671914e-06
-6.239467226079592776e-06
-6.354702484242523768e-06
-6.336225591053458553e-06
-6.030757682387131691e-06
-5.721310875632347710e-06
-5.403906272700650338e-06
-5.262293647154605464e-06
-5.208577010301388534e-06
-5.459006622181092513e-06
-5.732808551062136410e-06
-6.053355113945857601e-06
-6.211704759526225328e-06
-6.288955946454917169e-06
-5.858917497055732415e-06
-5.168733599762528461e-06
-3.958258806681318295e-06
-2.113482641649421214e-06
4.844420935782365947e-08
2.764100869052742635e-06
5.292096899725030968e-06
7.444771672352048925e-06
8.644786429897978184e-06
9.368471179903371565e-06
9.534049840198820721e-06
1.040173273789080542e-05
1.267362411037581379e-05
1.779181086663544315e-05
2.433314531478239571e-05
3.412297635515827146e-05
4.364209637911128893e-05
5.261979437021833912e-05
5.868580923354831970e-05
6.329598253298977903e-05
6.390655947666326131e-05
6.434029503913896414e-05
6.442034783921913514e-05
6.544528298757616984e-05
6.694265931007162284e-05
6.735276516318402205e-05
6.613640227941254524e-05
6.166710192187345192e-05
5.456848106148040156e-05
4.615519994966027105e-05
3.957173006787296148e-05
3.419389700303728039e-05
3.122733757210487658e-05
2.400955687752680517e-05
1.466616555112594062e-05
-1.631047266293374719e-05
-5.526428341306006763e-05
-1.101724392353191248e-04
-1.682988348921368098e-04
-2.280343504662336223e-04
-2.691137765975669307e-04
-3.037245112819266348e-04
-3.253978630723380460e-04
-3.506908054171842997e-04
-3.777935430392479746e-04
-4.294129929626704762e-04
-4.832587757098322787e-04
-5.415572241044724119e-04
-5.741116760344886763e-04
-5.937941297321938736e-04
-5.452934915824815066e-04
-4.782852148301332891e-04
-3.742616608725145635e-04
-2.560603090193423531e-04
-1.307700582183940236e-04
-2.254527316136674441e-06
1.284313425653974125e-04
2.634578904054847310e-04
4.000091370318934261e-04
5.373227330514622133e-04
6.504012660201687794e-04
7.479243516880983112e-04
8.143365427544665101e-04
8.590575204766862571e-04
8.929328915268314529e-04
9.348265639681858832e-04
9.868953206149412832e-04
1.059314245672498189e-03
1.139607432620307580e-03
1.223837750513243755e-03
1.283667566757171197e-03
1.328082176398644567e-03
1.341666372835210227e-03
1.316197960785693696e-03
1.271203244493136937e-03
1.138565105411053820e-03
9.632747404856221128e-04
7.026799238734959341e-04
3.541300806782328382e-04
-3.839727580859586341e-05
-4.967866248261934266e-04
-9.424501686440244766e-04
-1.362662102062323598e-03
-1.711914904451285495e-03
-2.025688141325578725e-03
-2.238524019526097735e-03
-2.431528453402500949e-03
-2.584869998630660859e-03
-2.704058088108390445e-03
-2.806169449710904217e-03
-2.809211230573063073e-03
-2.760117222291176217e-03
-2.606751635721200975e-03
-2.346220814399811467e-03
-2.032107375702712874e-03
-1.616608495070717341e-03
-1.191959714398435405e-03
-7.490111336455806609e-04
-3.103137548664671266e-04
1.262580229257760200e-04
5.709590516289133905e-04
1.027313983803560937e-03
1.506976722921227587e-03
2.009094140497760892e-03
2.522438897303727091e-03
3.022470679803615067e-03
3.489285551125416093e-03
3.889666600091046256e-03
4.159588064795911345e-03
4.364279737370393465e-03
4.319675971249990407e-03
4.202771877034695847e-03
3.941267126629607875e-03
3.602588931016091796e-03
3.225324012798360795e-03
2.822488010512047129e-03
2.416766216634923421e-03
2.005272839576179196e-03
1.566251351098054551e-03
1.113465806910239045e-03
6.003670900386489338e-04
6.576353008539930866e-05
-5.118497160311678276e-04
-1.159606045324064038e-03
-1.842433916205122712e-03
-2.686523786040023992e-03
-3.567316628183379076e-03
-4.521515414943638733e-03
-5.409206304920447135e-03
-6.263643246505526223e-03
-6.807203950424652560e-03
-7.243540833172188928e-03
-7.465430073576551431e-03
-7.566053997696788568e-03
-7.606045263674963454e-03
-7.486926116953097898e-03
-7.255327739619106195e-03
-6.798770901060841379e-03
-6.057573354752055980e-03
-5.174055454568004218e-03
-4.117182520304631457e-03
-3.110866977560841629e-03
-2.205666217856215496e-03
-1.300531618215706228e-03
-3.954300986072556076e-04
1.132890063480034275e-03
2.966387165763198323e-03
5.410238148438314097e-03
7.981109220179801594e-03
1.061549033645452222e-02
1.214214782505547950e-02
1.308969492293532086e-02
1.287902123937313334e-02
1.193216272683447765e-02
1.061721179980749941e-02
9.306026214484251768e-03
8.131376865649141833e-03
7.229799989790465162e-03
6.323697027611684292e-03
5.415331022272911604e-03
4.192718713561169146e-03
2.996136385943265132e-03
1.851614020512873209e-03
1.104742766579452831e-03
5.566970683944418973e-04
3.750285922671669657e-04
3.088933252556178206e-05
-6.381914944446580437e-04
-1.931175884307584009e-03
-3.536112055616776485e-03
-5.532120387737107792e-03
-7.344617371299318881e-03
-8.790091657745554080e-03
-9.620902458250623832e-03
-1.014438151578517938e-02
-1.008170339361700966e-02
-9.933808886225286433e-03
-9.615481608386450968e-03
-8.994284969178220276e-03
-8.221653649285242532e-03
-6.592486281943484884e-03
-4.712790922537645789e-03
-2.332039579003893602e-03
-9.239145645159423104e-06
2.284585832625910494e-03
3.440227391220298039e-03
4.062608174897797304e-03
3.618467408741675266e-03
2.491283985817728183e-03
1.022579234509839521e-03
-1.208803990662542932e-04
-7.394570831987726375e-04
-3.082678684440579671e-04
1.327705750225196407e-03
3.566071570851611725e-03
6.609834928517497460e-03
9.412933624011955019e-03
1.173470299516396129e-02
1.287048913320317650e-02
1.341328365468606384e-02
1.199807184045392945e-02
1.005893286210719079e-02
7.071939555531179394e-03
3.412753100354194279e-03
-5.825299291235447362e-04
-4.865364330654807848e-03
-8.944402170382989570e-03
-1.261584688650446359e-02
-1.540761156283042624e-02
-1.775953621925844758e-02
-1.873927829810930618e-02
-1.942890750198901159e-02
-1.953831095592654249e-02
-1.933684325736996154e-02
-1.897993998256633161e-02
-1.804313414354580258e-02
-1.680022808387015079e-02
-1.494512158288442173e-02
-1.245288717605590179e-02
-9.642088816306151194e-03
-6.186479856559725862e-03
-2.608482528014403543e-03
1.214291538129175924e-03
5.243556732567039060e-03
9.376067491152308142e-03
1.373656052682158818e-02
1.804411524598301467e-02
2.224579333212892140e-02
2.590164589843099024e-02
2.928458570481137085e-02
3.115888977141362606e-02
3.238422725833987187e-02
3.231163158591394968e-02
3.103681570751815402e-02
2.916088972613751357e-02
2.638908303359196669e-02
2.371826690330739937e-02
2.124943189754441991e-02
1.923895802139271444e-02
1.745766471004648462e-02
1.530320058976578773e-02
1.249838096313918984e-02
8.392850323821157699e-03
2.829196565804447533e-03
-3.463518751561233018e-03
-1.009988294028446240e-02
-1.601826744966250438e-02
-2.050069260035105451e-02
-2.286359684242027582e-02
-2.416674063018003221e-02
-2.326627902577821372e-02
-2.216050757869574006e-02
-2.064411644625218506e-02
-1.924149228908036621e-02
-1.789575161954435820e-02
-1.678585516482185291e-02
-1.583105214434252228e-02
-1.518643599234966585e-02
-1.518735284995033526e-02
-1.551103621234776672e-02
-1.678999774775892864e-02
-1.809702682533160037e-02
-1.946019098722746171e-02
-2.023258697159038139e-02
-2.070959886718692217e-02
-2.002499699301983627e-02
-1.898765397499995594e-02
-1.724482866927462901e-02
-1.457080313998645148e-02
-1.143117749891702818e-02
-6.331893165334151648e-03
-7.484041479247629733e-04
5.803494237138325657e-03
1.197573863778945980e-02
1.795815604623494932e-02
2.151384958755861096e-02
2.440762669395968310e-02
2.597757093051544092e-02
2.777039381652679495e-02
2.967465602726603729e-02
3.292276006537636635e-02
3.579045651418058527e-02
3.789733778437218148e-02
3.679905444633607692e-02
3.409818880418619136e-02
2.665872175721937382e-02
1.937174249542933033e-02
1.238973880399184616e-02
9.209872910480842653e-03
7.931075915932814940e-03
1.120738055960099344e-02
1.357358108238904126e-02
1.411957336341650854e-02
9.108658414511456788e-03
1.319289850640479028e-03
-1.203857274570426482e-02
-2.443281139210756042e-02
-3.489980213862973329e-02
-4.014179953064094669e-02
-4.277130024539715913e-02
-4.080315414495227361e-02
-3.934004068153059558e-02
-3.888699249215532561e-02
-4.005273827496601963e-02
-4.202788104386984136e-02
-4.179470305515649298e-02
-3.986797245956772567e-02
-3.455413665022839809e-02
-2.827394402835937959e-02
-2.151057300022593891e-02
-1.922284823853801644e-02
-1.875907608218690265e-02
-2.194320913650911475e-02
-2.574508685315048812e-02
-2.985583690095151496e-02
-3.084305603070411003e-02
-3.088573338523135231e-02
-2.903932718930788554e-02
-2.637546808555757405e-02
-2.330288252789402062e-02
-1.775474758031552608e-02
-1.053021386945935355e-02
4.711736795292263691e-05
1.332374807007979944e-02
2.795002850456464877e-02
4.182242428223262309e-02
5.434030002181543251e-02
6.414913568522677412e-02
7.225249032276989669e-02
7.950310444737919424e-02
8.697448591254024197e-02
9.418310704820240242e-02
1.008662075248658446e-01
1.045682338881556150e-01
1.067797231947583136e-01
1.039217206274181404e-01
1.007773482257091763e-01
9.706023615526229720e-02
9.520332928266143913e-02
9.427652500898338339e-02
9.393562394308160868e-02
9.173938619252465509e-02
8.583247507265763521e-02
7.367849774491036507e-02
5.840098731322378167e-02
3.492129246435378420e-02
9.831888629971920548e-03
-1.847693317542657004e-02
-4.786208021697298254e-02
-7.778538987659329440e-02
-1.049077094474978045e-01
-1.289641110576346117e-01
-1.468886767462424248e-01
-1.558309083623881097e-01
-1.602819729423033135e-01
-1.542458000772854165e-01
-1.477091957344044137e-01
-1.401717284357963667e-01
-1.364814513780640282e-01
-1.347147694407690999e-01
-1.384536971472057065e-01
-1.420777190259026879e-01
-1.454719292491204463e-01
-1.449847117739847258e-01
-1.425567804496720714e-01
-1.319693795950999671e-01
-1.185069409998851658e-01
-9.929442692338258381e-02
-7.490150218156783890e-02
-4.791837210709651990e-02
-1.706637154331895959e-02
1.282989314972077591e-02
4.081468610127713531e-02
6.362435465161732362e-02
8.384646100134976465e-02
9.772914722975326041e-02
1.114653392845505742e-01
1.249085429921380358e-01
1.404799343121501121e-01
1.571154194383758973e-01
1.745121573600687259e-01
1.904122672586753273e-01
2.033191211111102792e-01
2.114789202239571175e-01
2.172651919670106901e-01
2.166610590008268833e-01
2.140140415472828739e-01
2.072812551190179320e-01
1.948247557827536836e-01
1.795063999924910725e-01
1.530416515045919801e-01
1.232483684051032535e-01
8.679801608243115085e-02
4.703763064785636272e-02
5.622228657328802448e-03
-3.494184831401773300e-02
-7.369623037725289705e-02
-1.088312226242554581e-01
-1.378742289827119549e-01
-1.638712423968958498e-01
-1.780588192637265199e-01
-1.885701801140974021e-01
-1.917291089315532326e-01
-1.913112922686948936e-01
-1.891051028656796917e-01
-1.887305632236711272e-01
-1.898497875347938679e-01
-1.939565397521784695e-01
-1.982052051693081463e-01
-2.025248271863107630e-01
-1.997714292207520281e-01
-1.929866668652277517e-01
-1.781391757297713652e-01
-1.541168845010889299e-01
-1.255071932257960376e-01
-8.320378703475114768e-02
-3.736192684472366965e-02
1.555684134327466051e-02
6.889482556669765390e-02
1.224424178078352687e-01
1.609141319763572608e-01
1.905967971056436450e-01
2.027013641564533175e-01
1.995405155575032952e-01
1.887469591336744246e-01
1.712349906196452554e-01
1.564324905536452204e-01
1.470489273836989019e-01
1.447334330508880385e-01
1.459519731366448747e-01
1.510860408629271789e-01
1.557745189717665013e-01
1.595718178457201930e-01
1.619680003052232642e-01
1.636636245575012749e-01
1.606277816092643307e-01
1.536253154729493309e-01
1.386896029604771652e-01
1.135563039258434964e-01
8.332421163013177534e-02
4.615210045200219408e-02
1.119812003468266710e-02
-1.931959886101887111e-02
-4.303045673649511654e-02
-6.333788410186053097e-02
-8.338719325135199312e-02
-1.061897024438211018e-01
-1.344986117222386479e-01
-1.635473451334363837e-01
-1.929659906110241241e-01
-2.072473747770904040e-01
-2.147016738030254890e-01
-2.085018025487043458e-01
-1.971501285409721360e-01
-1.832225531565342125e-01
-1.770691377106634046e-01
-1.736477835516249957e-01
-1.756905519662499970e-01
-1.748755891839685606e-01
-1.726317608032338635e-01
-1.579956198947267687e-01
-1.409018565277955493e-01
-1.188928482440154283e-01
-9.798280201845468995e-02
-7.762223682200648789e-02
-6.033232245587021036e-02
-4.255880649177613134e-02
-2.381808733176465215e-02
-3.365803261966506324e-03
1.794226326272568839e-02
3.799833278609818926e-02
5.719134383504721059e-02
7.465823793514439477e-02
9.317680639232918394e-02
1.122212120280577236e-01
1.355687854306630025e-01
1.588364894871856225e-01
1.819444548515470883e-01
2.003833375079689949e-01
2.164876788104222183e-01
2.249493517079315941e-01
2.321308453836469499e-01
2.367519806157749040e-01
2.380878244427249435e-01
2.377810225670862199e-01
2.251588368519847894e-01
2.076226069915766137e-01
1.802582888405536155e-01
1.505059314103215640e-01
1.195595543404888300e-01
1.013513983295778603e-01
8.874735208617123838e-02
8.735152537777471360e-02
8.824029524011069159e-02
9.027136338781273361e-02
7.827704152346150190e-02
5.971518203491986421e-02
2.801824729800410363e-02
-1.183316235989172530e-02
-5.576180947827705930e-02
-1.017554481661141763e-01
-1.465909097332658284e-01
-1.891100170590553631e-01
-2.273758202143431884e-01
-2.635149712843826708e-01
-2.892531157879828507e-01
-3.103194607130931870e-01
-3.220422064812262231e-01
-3.245526964462751018e-01
-3.224570585097823461e-01
-3.095862301538764849e-01
-2.938103099535879226e-01
-2.722242060645331807e-01
-2.452393440131719893e-01
-2.155551028806608482e-01
-1.802785712485903968e-01
-1.449133510414600812e-01
-1.093707536842068034e-01
-7.623357875392114402e-02
-4.429911503711757292e-02
-1.448811995509047615e-02
1.605568970850361835e-02
4.806512853522339201e-02
8.204863150058154531e-02
1.170191665352587618e-01
1.500448780524913373e-01
1.805733574338266589e-01
2.061073725433747172e-01
2.264342595188570118e-01
2.441575824273080064e-01
2.582731844757082951e-01
2.718554782682758297e-01
2.843711555491779674e-01
2.923341364168227652e-01
2.980207690778396423e-01
2.870541102306622960e-01
2.685369069619366611e-01
2.349186148501124505e-01
1.891972423522436386e-01
1.374243296613578136e-01
8.151116455718902809e-02
2.941337553524460066e-02
-1.505366132225403192e-02
-4.633255178983652911e-02
-7.101736906246379488e-02
-7.841587448290412987e-02
-8.342981992760326038e-02
-8.367464542081930190e-02
-8.649752933287740975e-02
-9.060944245435635647e-02
-1.046964893054981305e-01
-1.217468159212553441e-01
-1.447237020662443807e-01
-1.690627713361338158e-01
-1.940829321684749975e-01
-2.124954167688715145e-01
-2.266601316895825446e-01
-2.323293072509247936e-01
-2.284281968222788561e-01
-2.197419433986406434e-01
-1.980975637519452603e-01
-1.726143337498753649e-01
-1.394534030370555011e-01
-9.914741743112910621e-02
-5.526890437865435157e-02
-3.517662827547757276e-03
4.828683054377985034e-02
1.001978275555540643e-01
1.445383397386877378e-01
1.850936095075039478e-01
2.041242910926440446e-01
2.148793257954446645e-01
2.090830667335656645e-01
1.905220301758931700e-01
1.655786048703248026e-01
1.337292819740347471e-01
1.039171246365594714e-01
7.817929841670698266e-02
6.138478083475873426e-02
4.906191757176196766e-02
4.838804123437222271e-02
4.884995502595773642e-02
5.158344907549319847e-02
5.121752275101824209e-02
4.930188623953855181e-02
3.945297380415377364e-02
2.705933787161466167e-02
9.576254944766209032e-03
-1.249663764245736303e-02
-3.686443505986584934e-02
-6.564184417653808057e-02
-9.297147132255863256e-02
-1.174055345272776163e-01
-1.296625884081833435e-01
-1.358311376271843784e-01
-1.156102103335374942e-01
-8.952557009392250742e-02
-5.171350396237985730e-02
-1.727032090466146252e-02
1.548842061614502490e-02
2.448860529080315596e-02
2.584226756911181533e-02
1.190288505472720734e-02
-5.500742931923103228e-03
-2.463649365470665237e-02
-3.159326087766602120e-02
-3.329977084900241635e-02
-2.450576631709568132e-02
-1.048200324902635872e-02
6.156639087121677269e-03
2.263993520295682835e-02
3.839704590287040809e-02
5.270178577094065953e-02
6.580734830478127129e-02
7.831332217150523134e-02
8.658574805084216786e-02
9.190284234676146524e-02
9.130927347584463782e-02
8.318394383364362266e-02
7.129273380580099240e-02
4.973796757962218457e-02
2.625719006792221616e-02
-1.075610014813301041e-03
-2.918217370134070648e-02
-5.767561918976400054e-02
-8.163979304006528659e-02
-1.021988573989054405e-01
-1.159477027748294087e-01
-1.219392515450384296e-01
-1.240521520123901433e-01
-1.202061822913239736e-01
-1.171848123063459479e-01
-1.158126417935437802e-01
-1.173871085819529342e-01
-1.204348940209667707e-01
-1.193175100752440626e-01
-1.129735000179514087e-01
-9.617623773751741989e-02
-6.780757827487418621e-02
-3.365322022112935546e-02
5.646739666108548106e-03
4.140745998607596456e-02
7.008970117150403745e-02
8.846862631486095141e-02
1.016958934371842427e-01
1.084768258868311630e-01
1.167589938948159350e-01
1.280436330194738292e-01
1.422465926690133498e-01
1.579087125809934822e-01
1.679463444979770181e-01
1.741626793972667897e-01
1.727364202611727795e-01
1.688752588849355696e-01
1.637966463886273150e-01
1.684579709944002135e-01
1.768034774261740549e-01
1.925173475099478115e-01
2.042451516726829230e-01
2.139799228748952842e-01
1.968511223041154445e-01
1.694243916385600179e-01
1.214018007834506141e-01
6.423814376699477080e-02
2.503953669872736442e-03
-5.097220614799254090e-02
-9.888676951125456582e-02
-1.356781399653118614e-01
-1.650739223871565409e-01
-1.907719107928970703e-01
-2.100714560108886964e-01
-2.252422529263019002e-01
-2.321555532365553731e-01
-2.250395810046020018e-01
-2.109089725015461658e-01
-1.796329497425603883e-01
-1.489114871177154298e-01
-1.192991447611462530e-01
-1.032325755572904707e-01
-9.393889292979162864e-02
-1.070859197456047601e-01
-1.226358893022650998e-01
-1.429917443406186206e-01
-1.554207637840558098e-01
-1.638863654300322936e-01
-1.504082491249195130e-01
-1.301795231746918635e-01
-9.644957793423257486e-02
-5.547358677525741910e-02
-1.087457265702931712e-02
3.173138069084658480e-02
6.965802333068552010e-02
9.822604455445180238e-02
1.140833543409907752e-01
1.235853084089182236e-01
1.194414640065005195e-01
1.141144040013848254e-01
1.064209127908748997e-01
9.899196114206987307e-02
9.169527927411728896e-02
8.009424915166710179e-02
6.609673579090788453e-02
4.730625595352985768e-02
2.945748849601270702e-02
1.207957722842570303e-02
9.516892139815585211e-03
1.220731896921480562e-02
2.540396963462990265e-02
3.817599657619877990e-02
5.073571165584139092e-02
4.624858495167292333e-02
3.728878218993754434e-02
1.938362731306713521e-02
6.355289937976385875e-03
-4.234638686222477917e-03
6.617757373895882290e-03
2.193531219508378788e-02
4.618318453841412097e-02
6.669463015570480102e-02
8.533786240997696948e-02
9.082893339900202645e-02
9.489250859256836979e-02
9.610109219521655033e-02
1.002638478544055495e-01
1.059036895418647706e-01
1.103739824046453544e-01
1.100859612880617372e-01
1.002813122127530904e-01
7.873640646317006664e-02
5.132137237644765482e-02
1.754860544925044424e-02
-1.373629009661721419e-02
-4.004544287982709366e-02
-5.847565104967437227e-02
-7.296638691283827138e-02
-7.999512223771321207e-02
-8.642176905323077640e-02
-9.164423885003385173e-02
-9.846415355821386273e-02
-1.060827907220824595e-01
-1.197580940109146258e-01
-1.354307249847664929e-01
-1.550980113286599960e-01
-1.728583718772426780e-01
-1.896652695281709211e-01
-1.898091552782004421e-01
-1.825832528991429282e-01
-1.606177742619152304e-01
-1.308532221320327926e-01
-9.718913325583089513e-02
-6.842557964364345824e-02
-4.336863713771989259e-02
-2.572491684432206410e-02
-1.047838960163727587e-02
3.569541115690671312e-03
2.224145364816457540e-02
4.159790354030057369e-02
6.232342815175045958e-02
7.862960938428774360e-02
9.272611892736989936e-02
9.831726408584870458e-02
1.037074671928799735e-01
1.086957861970162531e-01
1.182255343796667080e-01
1.300259971515748680e-01
1.464925405562780003e-01
1.616014061029858451e-01
1.739949159337096929e-01
1.791715508075734375e-01
1.807397482030090319e-01
1.691662895436610303e-01
1.528433141585878730e-01
1.270213053220668742e-01
9.216137605804308741e-02
5.278248658027720475e-02
7.970773834918523648e-03
-3.343073423922932053e-02
-6.801183297095733660e-02
-8.774793510368589233e-02
-1.000615389369127611e-01
-9.334681633645836030e-02
-8.554881933525494697e-02
-7.558427353255764425e-02
-7.204557629853841627e-02
-7.171980334885651176e-02
-8.062432931681466630e-02
-8.998570952108340959e-02
-1.002607981979730528e-01
-1.095080177048774056e-01
-1.182413026267889744e-01
-1.291365416202659155e-01
-1.406596924487100164e-01
-1.534386669470920173e-01
-1.601523877447906807e-01
-1.638334816921493409e-01
-1.455941060536016518e-01
-1.201973561235227389e-01
-8.048585761038518083e-02
-3.713283780749981194e-02
8.040942640247888268e-03
4.164128056579002868e-02
7.016859774862596599e-02
8.854987344605215471e-02
1.016761808651691218e-01
1.121750041451307772e-01
1.187119088775725889e-01
1.220086541691286913e-01
1.188250805789116404e-01
1.061679413844238140e-01
8.877401938780311863e-02
6.746383268676726941e-02
5.184298795864565601e-02
4.760082717634946808e-02
6.207573702178952740e-02
8.590918218110708826e-02
1.246764720994090747e-01
1.592666234041258400e-01
1.855024974816743555e-01
1.914213211736703335e-01
1.871816196728954274e-01
1.561725122157231471e-01
1.213235015566103414e-01
7.879468449361856641e-02
3.547688571529830637e-02
-8.235403920674648146e-03
-5.024204241303251162e-02
-8.978234789850018938e-02
-1.243899873701888037e-01
-1.455368559787565130e-01
-1.599533391557619866e-01
-1.453681245797398824e-01
-1.239154557522407357e-01
-8.872787842179896689e-02
-5.494863574346189883e-02
-2.187356039117679951e-02
-9.788748739314913003e-03
-4.888002051913474186e-03
-1.435538529342910222e-02
-2.830331891266590905e-02
-4.449152772076517270e-02
-5.161645202293076162e-02
-5.375512451191303415e-02
-4.592129337453133842e-02
-3.117708187359976429e-02
-1.297768019089509152e-02
5.737489148692700644e-03
2.146642733262821290e-02
3.122290320526075608e-02
3.199929185406277798e-02
2.828563689094933803e-02
1.371892826520722253e-02
-2.118051857173613474e-03
-2.049557497283121393e-02
-3.760219598788890061e-02
-5.407336595264646689e-02
-6.649764451004780419e-02
-7.692116451990910209e-02
-8.334316743468474231e-02
-8.322513553223177818e-02
-7.983708622116625353e-02
-6.607858558616065692e-02
-5.157328665630984965e-02
-3.557439113676899578e-02
-2.551077456280398392e-02
-1.841479746162806574e-02
-2.057273193011192880e-02
-2.103017951106948835e-02
-1.808665331697533601e-02
-2.269927016702427344e-03
1.998339933665642387e-02
5.818413163703642366e-02
9.548413982305585523e-02
1.309826997803546500e-01
1.550471230975407899e-01
1.733944780946642117e-01
1.755702025156082036e-01
1.743565962959827687e-01
1.663643287952202565e-01
1.495476603279272676e-01
1.283187913773678190e-01
8.722116401948899755e-02
4.227955275289383558e-02
-1.035002633111001963e-02
-5.340014714476729041e-02
-9.166053882325382596e-02
-9.492758995973836489e-02
-8.869208471200114297e-02
-6.345146669582545085e-02
-3.681541986187919502e-02
-9.481658619045561787e-03
1.256542858545909094e-03
7.651465512230169394e-03
5.359830518102326122e-03
3.084867272737912801e-03
8.182399017552089262e-04
2.004733364096394823e-03
1.888347006731550936e-03
-8.337989900446571116e-04
-9.523744174678239541e-03
-2.119758895323819309e-02
-3.780299176763125824e-02
-5.367078350567221212e-02
-6.806335309100935982e-02
-7.833979224764235638e-02
-8.655816618992275002e-02
-8.697042642319323391e-02
-8.485606374961364440e-02
-7.768845526233501830e-02
-7.011872327041883401e-02
-6.234792952618396777e-02
-6.785327705447748159e-02
-8.037683969430056696e-02
-1.069368325571790485e-01
-1.396454338357795422e-01
-1.754283393222453857e-01
-1.951267243822480679e-01
-2.041294100940996004e-01
-1.917406971096545787e-01
-1.621083629526438863e-01
-1.238542182093549660e-01
-7.636523988321571033e-02
-2.852944057462265121e-02
2.000000069887780674e-02
6.986934510293717204e-02
1.204086410722626926e-01
1.687198254279262677e-01
2.117407700608440191e-01
2.441812352482729820e-01
2.606751751849166188e-01
2.691958524961655108e-01
2.642592866309289579e-01
2.612639226132358328e-01
2.621509622906310621e-01
2.711281960599680740e-01
2.841505268752738123e-01
2.960216555536583360e-01
3.016659528693922954e-01
2.948565874598284564e-01
2.722752458334184444e-01
2.418079160985750764e-01
1.954839211772932406e-01
1.473052234826620344e-01
9.541712024133307268e-02
4.488360425203226367e-02
-4.972618111254824627e-03
-4.633099541958198009e-02
-8.349629014892927248e-02
-1.122754197203190696e-01
-1.350404387805493600e-01
-1.547984025851938394e-01
-1.761408724631789435e-01
-2.006282409867953254e-01
-2.314054068016725418e-01
-2.664019679253311623e-01
-3.035082267033811232e-01
-3.360934735801340278e-01
-3.641138301104866470e-01
-3.830044059480238738e-01
-3.904701758655796939e-01
-3.922235428231478638e-01
-3.764150342245122238e-01
-3.550124777280231347e-01
-3.224218254358300895e-01
-2.809778531352242759e-01
-2.351072208304014755e-01
-1.815144187565839451e-01
-1.264759774537764780e-01
-6.854625769298992866e-02
-8.038938436290749001e-03
5.375718056836406578e-02
1.160428607994838102e-01
1.751873438467615451e-01
2.280494325263569544e-01
2.680855332812607239e-01
3.017086400738080987e-01
3.161968199366365639e-01
3.273767983548755978e-01
3.319403738839375451e-01
3.345948965743150150e-01
3.362948928453499686e-01
3.334428259326670529e-01
3.276013370783208978e-01
3.157810043406513723e-01
2.984380160347664956e-01
2.783336999447754700e-01
2.530200188558018315e-01
2.252898513753439635e-01
1.927267111119187470e-01
1.520800403571949677e-01
1.073916043568113043e-01
5.397521842408363468e-02
2.457216349482274631e-03
-4.526401800886749316e-02
-8.090287366869561292e-02
-1.105005399792661352e-01
-1.247155731954117941e-01
-1.384040420644243596e-01
-1.510393822391710439e-01
-1.687575329452649375e-01
-1.890170889170277591e-01
-2.145693771160084584e-01
-2.397629078583548012e-01
-2.642389236874326253e-01
-2.858283924751236493e-01
-3.059745877421208848e-01
-3.179850280800848861e-01
-3.242760739140881365e-01
-3.191283307401666658e-01
-2.976775151357305416e-01
-2.680751633160414760e-01
-2.198357428435827043e-01
-1.710925312378934748e-01
-1.213417373657436626e-01
-7.934177429066374687e-02
-4.121722661411508087e-02
-1.468497417020979759e-02
9.748632155515720224e-03
2.998494624488283120e-02
4.585527724275627326e-02
5.954261669488403186e-02
6.472585428071403468e-02
6.973452196072645048e-02
7.439404982910378938e-02
8.906108402791144962e-02
1.087318713919303570e-01
1.476944029050218932e-01
1.871557112017432911e-01
2.276145730657241073e-01
2.525405123043179545e-01
2.696999902302161800e-01
2.569273874961182091e-01
2.396581311931949843e-01
2.133955677526305217e-01
1.910582748984410162e-01
1.706836173374379761e-01
1.595590592542668329e-01
1.485600652191615689e-01
1.378121992801880080e-01
1.242986937437527972e-01
1.094023684085839165e-01
9.539145471277386823e-02
8.297702738469132921e-02
7.375557279206293448e-02
6.402478826673585477e-02
5.403933877505956440e-02
3.499945318318159471e-02
1.312093989655002332e-02
-1.443482877958723529e-02
-4.151109494901220748e-02
-6.834760986507382174e-02
-8.739027616012001731e-02
-1.042000522617475555e-01
-1.165440479765389864e-01
-1.266435684356339575e-01
-1.356208512668803934e-01
-1.393850079510534634e-01
-1.399798788948241057e-01
-1.342361783577895318e-01
-1.235850252346620964e-01
-1.104801458184895280e-01
-1.003369131668496728e-01
-9.431340661052320384e-02
-9.652935224482131482e-02
-1.065060679637822583e-01
-1.203631687250784899e-01
-1.362798925803382633e-01
-1.497513716024344299e-01
-1.583323609582047153e-01
-1.600089861774788846e-01
-1.582334293285068416e-01
-1.481015243902813749e-01
-1.361927989162671770e-01
-1.207304323706764743e-01
-1.035258635946557509e-01
-8.545019370342459009e-02
-6.721222130399341632e-02
-4.900267964776602869e-02
-3.084999947794617517e-02
-1.010271803709962037e-02
1.194186403926063463e-02
4.321691080320948924e-02
7.748019595279280469e-02
1.177199578736267682e-01
1.579846588967170617e-01
1.982618294709355133e-01
2.270377690165041040e-01
2.503471409523252977e-01
2.627233776686545563e-01
2.664839767510483459e-01
2.659367570164716810e-01
2.570319752711059391e-01
2.452455555558900879e-01
2.276958599009755446e-01
2.034947030843949345e-01
1.759678156869830257e-01
1.438555763592040959e-01
1.138842907100700019e-01
8.819491241822437211e-02
7.021668163697473986e-02
5.609402461102788728e-02
4.507181739096842443e-02
3.034864502520243090e-02
8.223542368025357069e-03
-2.392870858882118271e-02
-6.109453369550379292e-02
-1.019396436513925197e-01
-1.392411481294600906e-01
-1.694554416518653794e-01
-1.907569990644675528e-01
-2.076021884221705138e-01
-2.189207490787798971e-01
-2.298516539375642098e-01
-2.400072472006985758e-01
-2.445056061727739205e-01
-2.461753479993158966e-01
-2.286692246963707154e-01
-2.048042824150377306e-01
-1.682217021769326082e-01
-1.278815081626986372e-01
-8.566250726040125496e-02
-5.305837183488973374e-02
-2.533780617782217456e-02
-7.384380057639958195e-03
4.819182819184464166e-03
1.414781407432673908e-02
2.389863226142589087e-02
3.538091843793979285e-02
5.032614059328228973e-02
6.785993767311229719e-02
8.668802221518639994e-02
1.038145921757341605e-01
1.181334907518967331e-01
1.268370465592812968e-01
1.272410030320485497e-01
1.234951598375093468e-01
1.086053212472030821e-01
9.182444255417668288e-02
7.126148365571101373e-02
5.086353424988530880e-02
3.054808959037687635e-02
1.524063559855712638e-02
3.290859680096397746e-03
-1.943560091648081044e-03
2.725899656524458439e-03
1.234729916465287201e-02
3.575304544952045277e-02
6.003803885265009133e-02
8.608152649230801923e-02
1.034205964922769866e-01
1.164074576724060950e-01
1.085343905189273261e-01
9.579383588988127363e-02
7.331830630970326279e-02
4.994885404574077314e-02
2.613244043988591225e-02
9.833313053244675805e-03
-3.483535369996361951e-03
-1.083582586642990557e-02
-1.295075965428304880e-02
-1.244701508784738786e-02
-5.806489520704120194e-03
6.499652085902207950e-04
6.738278262186804708e-03
4.407039492841112287e-03
-2.133975187981519434e-03
-2.847043080266935255e-02
-5.864639177706032491e-02
-9.650136347085552790e-02
-1.293550354039754435e-01
-1.597080574567590616e-01
-1.701177486447806309e-01
-1.751844743238393787e-01
-1.695652689849742600e-01
-1.606808924053312326e-01
-1.501639302052996394e-01
-1.384387173092619105e-01
-1.249830841641893231e-01
-1.080666105210479760e-01
-8.846017391793238593e-02
-6.750875583482930653e-02
-5.396884847271904428e-02
-4.590661690213747315e-02
-4.879973691461757940e-02
-5.727392875539082107e-02
-6.853865651030913164e-02
-6.726607799795178422e-02
-5.723674185881014176e-02
-2.969389046610455829e-02
1.150203735010435838e-02
5.952450337807593111e-02
1.110826527683570208e-01
1.598290630908977827e-01
2.029519952779593184e-01
2.386855550504097256e-01
2.707244286155565671e-01
2.904490858304257239e-01
3.045903708280019440e-01
3.075649113909957322e-01
2.982110449072327696e-01
2.826929749000949843e-01
2.555352405866879728e-01
2.279615519027791137e-01
1.995559544778668093e-01
1.726610350338940447e-01
1.465214545803912305e-01
1.174966871830404741e-01
8.584802352978479489e-02
4.895156736473611769e-02
8.193897366124410636e-03
-3.449437954926778960e-02
-7.753990914501351916e-02
-1.201374209192003356e-01
-1.618388970502695756e-01
-2.031820250405270978e-01
-2.443459789603851795e-01
-2.803675907732389727e-01
-3.107956523924121361e-01
-3.300366136242270376e-01
-3.323275883674468023e-01
-3.261435698663735505e-01
-2.992942102310293673e-01
-2.706414172401522822e-01
-2.383817575382045084e-01
-2.103544589500310202e-01
-1.844433409187407058e-01
-1.640210405781034053e-01
-1.427518347400751897e-01
-1.197888179072656295e-01
-9.285138329486429531e-02
-6.392673979266653983e-02
-3.335002500616945226e-02
-3.500632897071779756e-03
2.489411385721116907e-02
5.442185138192859317e-02
8.451608429186294180e-02
1.233251626478053808e-01
1.645573579919394902e-01
2.106357873124556634e-01
2.523568530331767312e-01
2.918992369540026610e-01
3.087934733097253415e-01
3.165601437423019582e-01
3.060716823285914434e-01
2.834448717990540878e-01
2.547488867116065037e-01
2.205544550274797233e-01
1.864353821388385901e-01
1.524670268411625895e-01
1.181948498488373245e-01
8.377076200918455451e-02
4.981566917843615466e-02
1.781199349498915549e-02
-1.028884789385606235e-02
-3.233712995089693676e-02
-5.135913234203484667e-02
-6.658874900338673797e-02
-8.370043630458456896e-02
-1.045762648854651616e-01
-1.306617138663580258e-01
-1.593519730472556239e-01
-1.861482323299192831e-01
-2.079406333207025059e-01
-2.197253177277275482e-01
-2.184035602029116563e-01
-2.105285817121697323e-01
-1.888084248388210706e-01
-1.651270051210475265e-01
-1.375230597144253553e-01
-1.080764229781582264e-01
-7.770844057706911834e-02
-4.492770339582342204e-02
-1.247859796271190772e-02
1.930724397413705051e-02
4.602587772107134823e-02
7.021090737305045459e-02
8.287884362621583678e-02
9.255977287359461181e-02
9.626668810940175458e-02
9.798932962262094093e-02
9.871983427454586457e-02
1.003592545024854787e-01
1.022787250479885723e-01
1.047582962286175839e-01
1.062870683879566097e-01
1.073404410366508854e-01
1.039993599584873307e-01
9.817260935268261324e-02
8.737451969159687470e-02
7.091068608060736855e-02
5.161398049466094790e-02
2.759756566396729532e-02
4.506387166305555851e-03
-1.673431866529282927e-02
-3.256828239464167052e-02
-4.569887507286718442e-02
-5.180600373192850716e-02
-5.703323037396652168e-02
-6.050065298195900221e-02
-6.283751199181669689e-02
-6.460908920260667598e-02
-6.107637416209935749e-02
-5.518061731680425769e-02
-4.455877686193485121e-02
-3.251967483980048451e-02
-1.977194203403344688e-02
-1.235134077553421555e-02
-7.128709993919917290e-03
-6.302020166078275455e-03
-5.568253527803441148e-03
-4.880948484311986753e-03
1.495434153251791812e-03
8.858694325307933659e-03
1.819570956634827819e-02
2.371829997428961598e-02
2.733367796567974864e-02
2.061063791933302400e-02
1.202650779119146876e-02
-2.798025005387588804e-04
-1.037986413411508789e-02
-1.937680143861504958e-02
-2.098007775251182691e-02
-2.124539854646369935e-02
-1.883480830052606039e-02
-1.758517453277461118e-02
-1.691601900411641990e-02
-2.012253162042266369e-02
-2.375607963538772099e-02
-2.824369844767017634e-02
-3.077260198225919771e-02
-3.232214787800124361e-02
-2.848268505334140832e-02
-2.310406869464247739e-02
-1.464714526786822790e-02
-5.402032098174610122e-03
4.237175942978478431e-03
1.120169729828206576e-02
1.682694571590676730e-02
1.977364825817440677e-02
2.161902307341552823e-02
2.291373402514384691e-02
2.632599740052592174e-02
3.086905707149754929e-02
3.767370933364767860e-02
4.509746618100858584e-02
5.283077532097471551e-02
5.813630905117306985e-02
6.235785404266214887e-02
6.441142155673362790e-02
6.535789117697761441e-02
6.575081185030820508e-02
6.533805303391586328e-02
6.404476385339867572e-02
6.099041394463226157e-02
5.421798696569780918e-02
4.558652145167883807e-02
3.031031331403334292e-02
1.342457028784918224e-02
-6.680242515403313208e-03
-2.776333418454945967e-02
-4.933556528664216623e-02
-6.913736871991719990e-02
-8.755753009909236773e-02
-1.032144073700685671e-01
-1.152192605959903166e-01
-1.253981017993850977e-01
-1.296667480989849019e-01
-1.318492144677291256e-01
-1.298593209747632427e-01
-1.229548773994947747e-01
-1.135931587830763395e-01
-9.579984504908556353e-02
-7.567344983604033792e-02
-5.088089166488304199e-02
-2.471073071067788132e-02
2.148231635052425589e-03
2.548243209917421329e-02
4.698354127167050920e-02
6.481846786091678692e-02
8.040194886178518574e-02
9.485970706846433287e-02
1.076906620816693722e-01
1.190940878551657450e-01
1.276424551492386650e-01
1.299083067955762172e-01
1.290329006180477300e-01
1.171854545844626394e-01
1.033068214161052129e-01
8.536581397820418304e-02
6.813085947992571223e-02
5.124893145145635598e-02
3.846300073338240061e-02
2.623125360380329160e-02
1.510787365121356134e-02
2.860579966793399057e-03
-9.948670583541678256e-03
-2.422844903748073639e-02
-3.791956425934416008e-02
-5.043335301705885454e-02
-6.016975799271403330e-02
-6.851747107734065811e-02
-7.319291424403161217e-02
-7.724783337524865345e-02
-8.006170443551820226e-02
-8.210604831767807921e-02
-8.376562861078300226e-02
-8.353430820439419757e-02
-8.238899756111790762e-02
-7.941570644406727164e-02
-7.450483000849135451e-02
-6.862516091365329640e-02
-5.989952365072584439e-02
-5.012706941060284666e-02
-3.826098121608931257e-02
-2.406156820183492223e-02
-8.695492777706509413e-03
9.750946736265518958e-03
2.864295255853526595e-02
4.842609099740020906e-02
6.719993132587517848e-02
8.546912259915541432e-02
9.922869569216073715e-02
1.108583216827219997e-01
1.182280534683975565e-01
1.212800108556578993e-01
1.221730810437114956e-01
1.177772693183843367e-01
1.120694690945597816e-01
1.037376918737411141e-01
9.352783560561558907e-02
8.237893981383635766e-02
6.975266841494244530e-02
5.712640062220297049e-02
4.450014004177910154e-02
3.209969810473255192e-02
1.981216548937460992e-02
6.345046433603052788e-03
-8.045241356530409213e-03
-2.428186661538719524e-02
-4.153698776587556180e-02
-5.930135686218251934e-02
-7.435367027929029593e-02
-8.730382404105001271e-02
-9.604965849211467843e-02
-1.008491996501826998e-01
-1.036755941617534260e-01
-1.035732573946558238e-01
-1.028474940318392233e-01
-1.008748774775846402e-01
-9.597815762525445382e-02
-8.961938612388588299e-02
-7.651322552468436955e-02
-6.184931242193959788e-02
-4.406989431210914243e-02
-2.685752417898908811e-02
-9.928678034224319368e-03
2.277160879630054854e-03
1.304714973418113870e-02
2.094543847011989812e-02
2.726244395243176966e-02
3.278880780793061445e-02
3.579275354876473858e-02
3.749553741739571067e-02
3.659599754162108642e-02
3.382741287591993495e-02
3.012430581525483639e-02
2.772132316126528148e-02
2.671289555261295925e-02
2.849357803463435646e-02
3.176502855401094894e-02
3.578186309206474874e-02
3.701794753857664405e-02
3.621767383693869774e-02
3.134468383900128330e-02
2.260268854090562510e-02
1.192619059273076869e-02
-2.555723878406496175e-03
-1.757907454913411327e-02
-3.368529761904214687e-02
-4.841910893341964950e-02
-6.246671437003169930e-02
-6.852433488844980602e-02
-7.034482574947306666e-02
-6.369105729570564978e-02
-4.954713567889601489e-02
-3.165813748056726246e-02
-1.047592692239079568e-02
8.899459105721072710e-03
2.466119607370470881e-02
3.434396443958466494e-02
4.098724850441184259e-02
4.024629134334460623e-02
3.827413244225937039e-02
3.383957006113878091e-02
2.921868198648184048e-02
2.450463106505676794e-02
2.288143850425279624e-02
2.319447546873222576e-02
2.737997148377816631e-02
3.498516059422136087e-02
4.430019625236262387e-02
5.353767670875944629e-02
6.073137165254458708e-02
6.383749557110746098e-02
6.179465065887426029e-02
5.717732133124232841e-02
4.837495784135025650e-02
3.945298316366457891e-02
3.029178611038864030e-02
2.082867484160953048e-02
1.121460646507891484e-02
-1.236145482472035539e-03
-1.454588939908908404e-02
-2.957361725383787082e-02
-4.337701837296390611e-02
-5.656825612427961170e-02
-6.332284706252896966e-02
-6.784156698422842691e-02
-6.788854487282927619e-02
-6.605047083306159195e-02
-6.326987082911016136e-02
-6.154239350640939438e-02
-6.038499698404763139e-02
-6.036776206236357106e-02
-6.011454657533883694e-02
-5.974334080564336347e-02
-5.677088858483434614e-02
-5.265680271626124037e-02
-4.625944955216058918e-02
-3.787424834831198267e-02
-2.849512312458914523e-02
-1.700154701365909696e-02
-5.066434108500832319e-03
7.751752385117705729e-03
2.090026221198445361e-02
3.421393370547521490e-02
4.658786199472013390e-02
5.785740375432138483e-02
6.691817245463589636e-02
7.214799627145714045e-02
7.546234764653070304e-02
7.250525429517629128e-02
6.828579892625812053e-02
6.154161952221313958e-02
5.488907137991455576e-02
4.828233886848914969e-02
4.403296744583189842e-02
4.026794327403130508e-02
3.747161360393952423e-02
3.414785772822933468e-02
3.056038874970846281e-02
2.520761299940034450e-02
1.946983258157643920e-02
1.296204282872477631e-02
6.014197406036858422e-03
-1.153675851572653595e-03
-9.323530248794025324e-03
-1.774111204802916036e-02
-2.665414865128285307e-02
-3.467208620738147784e-02
-4.224247423989829081e-02
-4.586909729348601777e-02
-4.798749383886329045e-02
-4.708943736781997375e-02
-4.449194066576152296e-02
-4.104472384819687902e-02
-3.750889432295144432e-02
-3.427860888313364468e-02
-3.165941161416734734e-02
-2.956017070430915286e-02
-2.772090797400566381e-02
-2.669333085999361227e-02
-2.598501199652211019e-02
-2.591520963413062109e-02
-2.583216882408926468e-02
-2.574250879022293645e-02
-2.344978122108189872e-02
-1.994153019616074635e-02
-1.400223225968099360e-02
-6.431031528944540325e-03
1.956120598923430376e-03
9.438645326729715179e-03
1.564252743512835331e-02
1.928912430470508532e-02
2.019142667334776833e-02
1.972158179152294286e-02
1.755267570429170504e-02
1.587462335470086680e-02
1.517827848039107058e-02
1.649104878216793579e-02
1.880837667198743263e-02
2.295546920616298864e-02
2.679559986849594858e-02
3.002180678714813991e-02
3.151149983805846128e-02
3.213293595509762735e-02
3.114216470051195049e-02
3.038622860740033960e-02
3.009996283723579899e-02
3.070234854118178078e-02
3.174905998218287284e-02
3.206844677390418424e-02
3.141979675181112014e-02
2.883507310208907604e-02
2.483679179173116022e-02
2.013173165105392945e-02
1.648165603048108718e-02
1.374735793215988398e-02
1.284461487834487672e-02
1.233248394922851175e-02
1.201565908246174028e-02
8.540941924167962454e-03
3.633701913977080249e-03
-4.138583800005247310e-03
-1.311022202479934264e-02
-2.268153650499454485e-02
-3.090841524527515941e-02
-3.840209147799520523e-02
-4.442936269560288781e-02
-4.961728988407450996e-02
-5.438554505797640881e-02
-5.818503004107354604e-02
-6.127757982231531175e-02
-6.295625919985037289e-02
-6.252177780485194958e-02
-6.103071602358767223e-02
-5.675181838504986948e-02
-5.195219621574959784e-02
-4.611112498492742767e-02
-3.979468583562057599e-02
-3.324056272706827492e-02
-2.636150032283552172e-02
-1.954997975452903505e-02
-1.287354285808234820e-02
-6.635956189228055246e-03
-6.177946341732825329e-04
5.181206991310286294e-03
1.128825295435115575e-02
1.801138759250422994e-02
2.562048419120352416e-02
3.367256177017187435e-02
4.190051612723359742e-02
4.964063481210693324e-02
5.640508215261225144e-02
6.182209544593188916e-02
6.656539171565700741e-02
6.970905520303551095e-02
7.227385090512490617e-02
7.368091103663942931e-02
7.307859324846698035e-02
7.147158650045179473e-02
6.591349785002226236e-02
5.938490313971001022e-02
5.091529630963630149e-02
4.210190945504704157e-02
3.311663258819549233e-02
2.493338720914892517e-02
1.665952930318844241e-02
8.204446343408947767e-03
-1.686453189962796445e-03
-1.229526101012988135e-02
-2.492671536444624608e-02
-3.723565386593995219e-02
-4.889956066177522653e-02
-5.749204637916753569e-02
-6.454882155733379645e-02
-6.573544062851284508e-02
-6.559582871891585232e-02
-6.280375484776803963e-02
-5.933216644359165515e-02
-5.552082077290234480e-02
-5.210431221919482186e-02
-4.860127155244603481e-02
-4.492516665961108352e-02
-4.034705328690214865e-02
-3.531793567425426522e-02
-2.888383051940727336e-02
-2.218542250588467421e-02
-1.495840877501542800e-02
-7.227152726548797396e-03
7.562244807203771357e-04
9.919890005294569255e-03
1.922103129781730160e-02
2.879712412622719916e-02
3.683394192521122906e-02
4.410112220947882272e-02
4.628342502507762357e-02
4.676359476675322896e-02
4.383949836058192995e-02
3.950232616494805948e-02
3.445861607458521048e-02
3.035425760420123326e-02
2.668545281699487293e-02
2.388775539613937487e-02
2.080301396194374902e-02
1.757475052107920765e-02
1.288381518317244928e-02
7.994933218728690616e-03
2.710158001205925822e-03
-2.271194112034035078e-03
-7.100834673135408837e-03
-1.199513048081523800e-02
-1.725438706128551783e-02
-2.324356518733322607e-02
-2.933288543204755697e-02
-3.547227673609838761e-02
-3.867261528939367615e-02
-4.012413745806922560e-02
-3.807802685750377725e-02
-3.320641545052098464e-02
-2.692205364032955808e-02
-1.969435217285752521e-02
-1.291798143794137960e-02
-7.044272168144223231e-03
-1.860217478894686007e-03
2.979009920078277366e-03
8.224287955338438830e-03
1.372503611851424304e-02
1.973672453752691597e-02
2.558339333428509207e-02
3.134755231991396413e-02
3.569813170888989917e-02
3.936916994625478533e-02
4.168112588040222277e-02
4.234446599871654476e-02
4.218349820911554415e-02
3.916014953113521047e-02
3.526697341221531057e-02
2.963414241141842931e-02
2.302541500395113155e-02
1.592873939314562448e-02
8.572274946165980153e-03
1.265132827275037512e-03
-5.943364635430702439e-03
-1.305057155241649142e-02
-2.010713319654076209e-02
-2.643151268473690335e-02
-3.216732268033134501e-02
-3.672599369071627429e-02
-3.993004218882324069e-02
-4.245677943078951522e-02
-4.383913977165121434e-02
-4.506474058491967416e-02
-4.597682234300315418e-02
-4.600291699224447889e-02
-4.558601808706487513e-02
-4.227170644446370112e-02
-3.793767387383326778e-02
-3.156419944714080467e-02
-2.432526043818953113e-02
-1.665358913810545405e-02
-9.433604895384868627e-03
-2.348068074219134774e-03
4.468573903831769834e-03
1.169359491258587999e-02
1.912280543669522825e-02
2.692999844671818688e-02
3.425507398784647523e-02
4.061591459117761677e-02
4.517028020243055164e-02
4.882140831764262418e-02
5.067661669208069208e-02
5.252890894717997250e-02
5.437536896359967953e-02
5.631930241264523213e-02
5.831197257800266320e-02
5.870484834833670368e-02
5.809597044674202210e-02
5.548358520129029886e-02
5.115695355433212688e-02
4.597319870662257280e-02
3.919735709551325220e-02
3.175495299971806129e-02
2.297942393454391677e-02
1.210784650863546731e-02
1.882449023551898456e-04
-1.407579650485264733e-02
-2.791708378573411545e-02
-4.091286281395271895e-02
-5.061426415267706452e-02
-5.866847664666121481e-02
-6.144416804214029859e-02
-6.346212982939822278e-02
-6.396463240021166285e-02
-6.497358646729797793e-02
-6.623576628252100806e-02
-6.857103977179232479e-02
-7.062579483384001655e-02
-7.211951304143823793e-02
-7.181470841153379803e-02
-7.061064236287820095e-02
-6.605129851886844261e-02
-6.036729152918920288e-02
-5.243395824816612233e-02
-4.232899555415539639e-02
-3.113821815365483414e-02
-1.746680213325309261e-02
-3.609791409040845681e-03
1.061840872280698546e-02
2.361594438129871812e-02
3.599814780311998835e-02
4.488884268019348311e-02
5.250179453771323251e-02
5.755926035611919067e-02
6.052408427933324286e-02
6.244258725495403090e-02
6.258377472029039157e-02
6.266736533231341555e-02
6.263576223770969675e-02
6.306239661183116185e-02
6.371814972031517033e-02
6.413148365834343834e-02
6.369245649507812579e-02
6.154870712922612397e-02
5.664742506435704872e-02
5.036737664998205272e-02
4.084281885391246453e-02
3.110242328146979596e-02
2.093035215627081502e-02
1.156445610563211317e-02
2.601647592276739272e-03
-5.205598090999191338e-03
-1.283421229521451712e-02
-2.010556354131694951e-02
-2.664124731041454808e-02
-3.280909734101360165e-02
-3.645459278422054361e-02
-3.912934003500422031e-02
-3.986259090093876439e-02
-3.956292112046413956e-02
-3.874679101678532578e-02
-3.805151079642910689e-02
-3.750913297275937364e-02
-3.727255994246320148e-02
-3.681439688615488481e-02
-3.624543881684023222e-02
-3.480542501209288320e-02
-3.313593217984232842e-02
-3.100748129258714542e-02
-2.848171471737103583e-02
-2.575729029817581603e-02
-2.199852012883381919e-02
-1.785017429585316479e-02
-1.292267713559118632e-02
-7.870952258198778834e-03
-2.757113522242970929e-03
1.101861406331906042e-03
4.375857921752368367e-03
6.479897610868114860e-03
7.875573100609347538e-03
8.917066490664446107e-03
9.658301237183433696e-03
1.032883807897726734e-02
1.085797911132026575e-02
1.129406949201611048e-02
1.168363454688866113e-02
1.274978186124060657e-02
1.431260904709728832e-02
1.686879597596177560e-02
1.995157479163454581e-02
2.329764955071050164e-02
2.522540246544822951e-02
2.612248710102605884e-02
2.495823517828313354e-02
2.217797007134427248e-02
1.858969837230892500e-02
1.497180989961882126e-02
1.195989192742160506e-02
1.015991495620630763e-02
9.581155258667387042e-03
9.613004197966642725e-03
1.044975761392518375e-02
1.130531841803614559e-02
1.219849399845284246e-02
1.288209775576321277e-02
1.346091560152089771e-02
1.300007326076012097e-02
1.184695513120391855e-02
9.309285424057192615e-03
5.234773635599247570e-03
3.918408064843404261e-04
-5.427657482417412235e-03
-1.086341468637954527e-02
-1.553168972045664530e-02
-1.851442712934222440e-02
-2.065439572563037077e-02
-2.041911753525026130e-02
-1.979005890773138585e-02
-1.837343940593563416e-02
-1.704014445737420114e-02
-1.574851178543063696e-02
-1.546062532823014833e-02
-1.560226913226087607e-02
-1.660297345875373295e-02
-1.818766166849545424e-02
-2.006434181986093898e-02
-2.176222009819083272e-02
-2.298753005045262726e-02
-2.326770335058003791e-02
-2.208860958941469277e-02
-2.017988229760312238e-02
-1.611243327436309020e-02
-1.155608980191854748e-02
-6.021957431067872027e-03
-2.095323658736275227e-04
5.742039046495351837e-03
1.095919028319132515e-02
1.562485889810675752e-02
1.918756226945614318e-02
2.147851051388322691e-02
2.313358119484803729e-02
2.341942300465686688e-02
2.351856886465996180e-02
2.324432282505148675e-02
2.280748158470797746e-02
2.228934274399718349e-02
2.118964925105539659e-02
1.978955973406904337e-02
1.778867816899239174e-02
1.545229830615517386e-02
1.294816929443856277e-02
1.085263028413875619e-02
9.039692407975571942e-03
7.791956800083394558e-03
6.656649999244730088e-03
5.577557601932158111e-03
3.410743734654573655e-03
6.972188267481849860e-04
-3.109728162414272974e-03
-7.431412642094188670e-03
-1.201046586703486199e-02
-1.568540320809248129e-02
-1.867988408654152818e-02
-2.031345203977022451e-02
-2.069700048239115839e-02
-2.045553916970760389e-02
-1.933225601652021133e-02
-1.816369751586531869e-02
-1.690458832027667835e-02
-1.555554880689856249e-02
-1.416154413462642966e-02
-1.235253403554089149e-02
-1.043828521334685434e-02
-8.313558944933895425e-03
-6.265235441353962133e-03
-4.255113320191256793e-03
-2.478487303760867726e-03
-6.295352851495186579e-04
1.364068737825644513e-03
3.751500253191268792e-03
6.335845514753185928e-03
8.993014599063358511e-03
1.125600653763276886e-02
1.273064418471876562e-02
1.286484798433217523e-02
1.232883486021007884e-02
1.029772631389238267e-02
8.245255731958039264e-03
6.150061078792584505e-03
4.670987678070366925e-03
3.499974903570369882e-03
2.979287741483637245e-03
2.341774208663648018e-03
1.470607934377824539e-03
-2.049651646523044726e-06
-1.775452893539347611e-03
-4.044738467378464035e-03
-6.208908604206382804e-03
-8.162847867014322301e-03
-9.633615197445611830e-03
-1.086279656168814139e-02
-1.149613425773333975e-02
-1.197558653960418933e-02
-1.214726799312701791e-02
-1.181095020068726083e-02
-1.122063278526630285e-02
-9.330895439192785079e-03
-6.943299677519765983e-03
-3.559987084649080848e-03
5.180322333230681989e-04
4.943404913847752012e-03
9.573537686587254084e-03
1.402185072889877877e-02
1.810652431034960944e-02
2.151383749499710674e-02
2.458247048124173606e-02
2.631531943518521446e-02
2.752586803760426540e-02
2.769181593697316382e-02
2.686903150594843054e-02
2.555188090972731682e-02
2.334665098952558651e-02
2.111759958967222850e-02
1.884090523051325586e-02
1.676578800207675565e-02
1.479145933900218902e-02
1.270645964829780067e-02
1.032705072955054058e-02
7.358823354715313125e-03
3.562663008502972833e-03
-6.474638233995055111e-04
-5.754784584384129396e-03
-1.094541762275633677e-02
-1.630267521590008512e-02
-2.149955938941546657e-02
-2.661625685311952080e-02
-3.110577250871626731e-02
-3.518809719213152748e-02
-3.845603993117945735e-02
-4.042293834600736019e-02
-4.173931459872384092e-02
-4.074798163803258072e-02
-3.909920934244958540e-02
-3.613555837708488233e-02
-3.235596653268817818e-02
-2.816840424877748231e-02
-2.342101555799786655e-02
-1.863140296699084680e-02
-1.375734257552395715e-02
-9.038221341450131119e-03
-4.396569686074483160e-03
-2.553426765150943606e-04
3.746907852009543488e-03
7.471205418469090836e-03
1.121977478059205981e-02
1.498048004054872498e-02
1.912451132493628650e-02
2.330986093858034708e-02
2.757784721073446368e-02
3.139687554552646198e-02
3.499142491163968055e-02
3.711449992097003159e-02
3.861343344844044012e-02
3.886408401218938852e-02
3.785888131128040818e-02
3.622575197804184938e-02
3.297478154561070407e-02
2.936644935507871229e-02
2.504339364834886131e-02
2.047690299317423551e-02
1.578869486377965439e-02
1.120255452569183727e-02
6.637060020562735724e-03
2.112857181346182098e-03
-2.504622854458893582e-03
-7.168741488556573845e-03
-1.168652889760607438e-02
-1.587201480193150063e-02
-1.939289769681358869e-02
-2.180535059820145477e-02
-2.366358850284408510e-02
-2.408972825285084218e-02
-2.432985936260732840e-02
-2.419797319186298493e-02
-2.406042756791953313e-02
-2.392005221737645432e-02
-2.346034322072806586e-02
-2.267066823831522665e-02
-2.122106128437431516e-02
-1.902168112584698423e-02
-1.644741436502654072e-02
-1.341776313676972324e-02
-1.053821640737799374e-02
-7.958878675719508952e-03
-5.952715285662914246e-03
-4.233139066408334039e-03
-3.059962373160039599e-03
-1.840251378731912581e-03
-5.274717819428707561e-04
1.205709609578118789e-03
3.149091898464391991e-03
5.627839767747305766e-03
8.071633616989339760e-03
1.044551942615225618e-02
1.227881897520475066e-02
1.384182539420330225e-02
1.436715633451365014e-02
1.465699881258555534e-02
1.447586436618019702e-02
1.409307774272916015e-02
1.360946503075518427e-02
1.282820220153380562e-02
1.186870634116385728e-02
1.055274441849779476e-02
8.968258947620861773e-03
7.249511702638839622e-03
5.855673766543493218e-03
4.812136556831920695e-03
4.469200799889009625e-03
4.762647105397134657e-03
5.374284442130622050e-03
5.954674374346316176e-03
6.185754090212602051e-03
5.718213373380686380e-03
4.468446150269970996e-03
2.827565674020438187e-03
8.401735118997613432e-04
-9.365819496401255658e-04
-2.292064010020549401e-03
-3.020259362100972868e-03
-3.434811360032119423e-03
-3.355298189637542262e-03
-3.311560203075830742e-03
-3.339372584179908180e-03
-3.547180540965538028e-03
-3.844986285591958826e-03
-4.148213133607256756e-03
-4.398421354427735873e-03
-4.542592320858311085e-03
-4.796864816330946926e-03
-5.106188076324843367e-03
-6.136997201679466468e-03
-7.447453581215392367e-03
-9.317204469112527407e-03
-1.130994188895752435e-02
-1.336417257477538929e-02
-1.460320800212269905e-02
-1.537786012100637693e-02
-1.522374562296411292e-02
-1.425763853220274845e-02
-1.288553514508232120e-02
-1.088961447617095221e-02
-8.856697729508691483e-03
-6.749788827342518768e-03
-4.753369611323000378e-03
-2.812195238375685916e-03
-1.192968423824035526e-03
3.027914185511498563e-04
1.551617316572255533e-03
2.676422748016050492e-03
3.739217946171855250e-03
4.988969969251158716e-03
6.388517753677215930e-03
8.087657060795290509e-03
1.003428417594708424e-02
1.210465519511545046e-02
1.421292161286818838e-02
1.620721254446426396e-02
1.797355250374488636e-02
1.926402829638418357e-02
2.031657200570213470e-02
2.029418464455932242e-02
1.986509059498653765e-02
1.862258316855379403e-02
1.678231826209575575e-02
1.464317461562583342e-02
1.224963723633378486e-02
9.907882135707516205e-03
7.669691592410255582e-03
5.447922730617671405e-03
3.234364709576231962e-03
7.517609256166906881e-04
-1.777991053396157321e-03
-4.402039422513854584e-03
-6.774616453623228188e-03
-9.021457815729837931e-03
-1.061853408240110916e-02
-1.210682337573039218e-02
-1.337753872237411323e-02
-1.472587317458947005e-02
-1.611301717959041924e-02
-1.749135949321129965e-02
-1.864972867545780510e-02
-1.936815159495431857e-02
-1.934415676929942748e-02
-1.894895307106884974e-02
-1.762539705351965150e-02
-1.614498294806225587e-02
-1.435085266678704993e-02
-1.234976680932313269e-02
-1.024520316376560658e-02
-7.733306476806903543e-03
-5.137439613577546131e-03
-2.373632397804199823e-03
1.940612891049215728e-04
2.663698211583403076e-03
4.415189828100936700e-03
5.981932295743949864e-03
7.179176465636677440e-03
8.335723488569061687e-03
9.471921938021913082e-03
1.069503695432829499e-02
1.180904747450552128e-02
1.270484900242325153e-02
1.306456077090281144e-02
1.315622765966284816e-02
1.245570308466979227e-02
1.163474959089695962e-02
1.057293825956544253e-02
9.486990521004295962e-03
8.388974578828912315e-03
7.196569381739716109e-03
5.915081465460388099e-03
4.455428110799526664e-03
2.887238510052634547e-03
1.264780786263304318e-03
-1.490500748250358880e-04
-1.405835738704370704e-03
-2.348531008167200913e-03
-3.040987775383414797e-03
-3.608325291476822613e-03
-4.077056815521911196e-03
-4.543142988699096566e-03
-5.003938460140141577e-03
-5.321176232092449804e-03
-5.566635154300634235e-03
-5.343730081816339822e-03
-4.961654698300176601e-03
-4.261238692720686894e-03
-3.389650802729356639e-03
-2.432476970532207808e-03
-1.409233300025162020e-03
-3.680224573490072115e-04
7.091227296642562804e-04
1.832767866074910910e-03
2.979662977183661788e-03
4.012253003725546260e-03
4.886668323245450633e-03
5.444734228722496357e-03
5.509093639993857885e-03
5.326599804162442803e-03
4.423608311620804562e-03
3.354335775731151579e-03
1.952501153144508943e-03
3.790674205680721973e-04
-1.280165867004008510e-03
-2.956664825010192447e-03
-4.532853911920630904e-03
-5.908423256638387945e-03
-6.877792507631002965e-03
-7.644061711761780328e-03
-7.766514394876063675e-03
-7.784598745174372073e-03
-7.593946429840710624e-03
-7.454656389050962929e-03
-7.341047485533246271e-03
-7.339090909336550006e-03
-7.254895944692443116e-03
-7.006224203153605182e-03
-6.353251229674873601e-03
-5.498127640226543877e-03
-4.031444927171130149e-03
-2.456076062978382237e-03
-6.633348965094055735e-04
1.178521208939803258e-03
3.044934783878465619e-03
4.913521939479509500e-03
6.767515166280514520e-03
8.592320535483432414e-03
1.025848548262234608e-02
1.184533021873022778e-02
1.291580523485108024e-02
1.376163161483789747e-02
1.415816072255588268e-02
1.413696462353844496e-02
1.390690592115350829e-02
1.319262046925104986e-02
1.234662419734153249e-02
1.123720628541879756e-02
9.864595418580464001e-03
8.360388074284384047e-03
6.453132642046038175e-03
4.442094051010495905e-03
2.223489142382705386e-03
-4.516671191552210606e-05
-2.338848039047759092e-03
-4.410641323953823703e-03
-6.351399618461242916e-03
-8.030087932173576165e-03
-9.498962053148242435e-03
-1.086292907775358862e-02
-1.212919645412830968e-02
-1.338631735452186847e-02
-1.462514530295445057e-02
-1.568590198131534358e-02
-1.665762302464104949e-02
-1.697109644701272346e-02
-1.698998177203713683e-02
-1.641969090236680348e-02
-1.531346920756876222e-02
-1.393928210020656255e-02
-1.201276261173092781e-02
-9.981154740449294654e-03
-7.739370103557833072e-03
-5.410190668598761042e-03
-3.037313834606300122e-03
-7.104016468480259250e-04
1.551716730331696020e-03
3.684247486351903064e-03
5.648316153719473362e-03
7.528153776759678381e-03
9.155524276985722507e-03
1.068416528862467518e-02
1.201534732309117795e-02
1.308368645815329197e-02
1.402060414351288115e-02
1.451486196149818705e-02
1.487345155675994825e-02
1.496070470657514737e-02
1.477417700269625760e-02
1.445075887197037022e-02
1.359010234983528895e-02
1.251890282354706577e-02
1.102661728895317286e-02
9.228486292397818785e-03
7.277432564860942220e-03
5.271600307634582289e-03
3.348681313828680978e-03
1.591588846865744748e-03
-1.251765438579238200e-05
-1.540131172781293318e-03
-2.996262373747246230e-03
-4.413627700351677521e-03
-5.753461278231555495e-03
-6.834808862835234193e-03
-7.786913450800237758e-03
-8.187049318165124517e-03
-8.460229107092565384e-03
-8.479496739145546413e-03
-8.445939538725416237e-03
-8.385969922068754745e-03
-8.305815530327997909e-03
-8.142578653308323380e-03
-7.813176805730728466e-03
-7.199449291739753141e-03
-6.443558944541912838e-03
-5.417948107129933084e-03
-4.424690591202445726e-03
-3.496139718244673043e-03
-2.780709834935315029e-03
-2.171840446449669736e-03
-1.805432662579523409e-03
-1.452849665576413192e-03
-1.127916242307751196e-03
-7.736873979160787838e-04
-4.048108429629624218e-04
-4.638804778646870132e-05
2.947654201731748458e-04
6.013802336987544590e-04
9.139650846137646525e-04
1.229534954223323630e-03
1.626141361033360761e-03
2.030413104637447588e-03
2.450015521830057295e-03
2.761687728749594173e-03
3.019394830532502912e-03
2.980288830401633948e-03
2.871720998563132270e-03
2.624229503309323964e-03
2.423889081804759833e-03
2.247124197174685950e-03
2.368998923900379142e-03
2.576795345323921581e-03
2.956435156143292619e-03
3.331988988225211435e-03
3.705499830938606669e-03
3.857262847631588807e-03
3.944087370131414000e-03
3.901034904244835098e-03
3.840395939991496886e-03
3.770963726554797234e-03
3.732107488319539885e-03
3.660250998722958376e-03
3.522394006403804876e-03
3.233150492104582951e-03
2.868213716815480770e-03
2.329676602462596013e-03
1.785699007944621490e-03
1.230840453095893676e-03
6.964202240914969897e-04
1.722191580094523773e-04
-4.190270010995774449e-04
-1.047937955750722358e-03
-1.752178501486727864e-03
-2.438992938787196488e-03
-3.117094321870271696e-03
-3.588727387736885023e-03
-3.996183545261518602e-03
-4.275285886102696623e-03
-4.561343940903122597e-03
-4.850879852683320434e-03
-5.286203223866747791e-03
-5.732193587306118679e-03
-6.199517935256903048e-03
-6.518148164898736677e-03
-6.762431335385872891e-03
-6.617571694257569880e-03
-6.341363423122981999e-03
-5.802457891976115813e-03
-5.040842099945915498e-03
-4.167871177474452744e-03
-3.030720427484138134e-03
-1.852458363712441644e-03
-5.919736723767681733e-04
5.994303490919314402e-04
1.756294035626732725e-03
2.637447654799681719e-03
3.436094495281328317e-03
4.069727778381309474e-03
4.650725736819729880e-03
5.205406032927708398e-03
5.771728310590448600e-03
6.306374772036717549e-03
6.777669601050645941e-03
7.054366763163962863e-03
7.233765091827224283e-03
7.015943229772228333e-03
6.679068687537966474e-03
6.104088784945531018e-03
5.364113499920614668e-03
4.541640523679512514e-03
3.583919063244593670e-03
2.618109534540927989e-03
1.636123869300797973e-03
7.049594104107395837e-04
-2.007944453037864010e-04
-9.879722688336644697e-04
-1.746002565834825146e-03
-2.445737809779390155e-03
-3.113323623047873582e-03
-3.764834720978083981e-03
-4.340370086558222040e-03
-4.861574676866941419e-03
-5.274117716633437529e-03
-5.526636413100021773e-03
-5.699142937916869961e-03
-5.602653574104356909e-03
-5.418252255636314338e-03
-5.058027027857106908e-03
-4.546012986479991760e-03
-3.958104538303731067e-03
-3.234420548076325647e-03
-2.509676270545383153e-03
-1.782811418408140197e-03
-1.111628547638927834e-03
-4.682866675538812544e-04
1.158770009582505301e-04
7.060449138833863568e-04
1.308221315633901431e-03
1.921417026489191399e-03
2.540122391896542254e-03
3.049154036742782962e-03
3.471843806764477770e-03
3.721849827137623749e-03
3.772496047565900186e-03
3.723462368021758766e-03
3.465235122214415341e-03
3.180301284309227164e-03
2.841954262208072363e-03
2.502337364280910002e-03
2.162085528440562798e-03
1.826177918623384834e-03
1.477468639187965805e-03
1.103156020515706423e-03
6.638763477632544843e-04
1.921131479705066923e-04
-4.037441602117936360e-04
-1.020360390928108998e-03
-1.678494466711797457e-03
-2.274905281478179116e-03
-2.840454465735698774e-03
-3.146779857103917510e-03
-3.341782275989601571e-03
-3.314138749910007248e-03
-3.093043085490266089e-03
-2.775221351900569473e-03
-2.268350856128201025e-03
-1.729903182642079928e-03
-1.128301153727912301e-03
-5.168769367267127875e-04
9.945837431778347033e-05
6.519201463144542108e-04
1.164861716350469503e-03
1.598762882465763323e-03
1.958168742574485123e-03
2.280326949680152281e-03
2.547110168596469684e-03
2.808902872725691467e-03
3.060714547281006507e-03
3.286394104572478922e-03
3.499007603232163598e-03
3.601082288465141772e-03
3.644182582246953492e-03
3.569334093126385037e-03
3.355362070446860339e-03
3.071828280987797671e-03
2.582293210968419645e-03
2.035784882733137572e-03
1.375330038066630489e-03
6.457583199221686920e-04
-1.183718349608815990e-04
-9.051285852526194230e-04
-1.677480830060916125e-03
-2.421024063903169134e-03
-3.104370723410886275e-03
-3.757619095751102596e-03
-4.266700446811217372e-03
-4.705343763186217200e-03
-5.003111010191528367e-03
-5.134654238717764087e-03
-5.183085458004619943e-03
-5.017964781738285841e-03
-4.811007580718638064e-03
-4.520377330192186863e-03
-4.187991225753187260e-03
-3.834727194357759068e-03
-3.411269358593844916e-03
-2.951587487419802744e-03
-2.419457545425994591e-03
-1.815217115486662813e-03
-1.174921441574643382e-03
-4.762842348346764398e-04
2.272404860287076769e-04
9.405402351381759833e-04
1.663443373202392293e-03
2.391148205743597564e-03
3.134840401806975995e-03
3.860122206154021924e-03
4.548583227069195184e-03
5.098567805201585992e-03
5.579314161942415355e-03
5.708245503478768038e-03
5.711272705714271619e-03
5.462491629348213175e-03
5.039226256335248982e-03
4.528718734998697475e-03
3.928091559355722205e-03
3.334697953995612724e-03
2.755771489200596874e-03
2.197196936349438742e-03
1.648798339469896351e-03
1.088585254109539820e-03
5.193343766484949300e-04
-6.799208501331952675e-05
-6.485247232727559636e-04
-1.225660449830875617e-03
-1.736912275071219453e-03
-2.213778209594167122e-03
-2.621872362681814186e-03
-2.947509738154497228e-03
-3.231918724819524569e-03
-3.371262913744090244e-03
-3.457718178378229971e-03
-3.438395594431666123e-03
-3.328196227552564310e-03
-3.172558469207249245e-03
-2.938647919372227614e-03
-2.695093561612078858e-03
-2.432251588001426486e-03
-2.150144067223466911e-03
-1.858403772861713437e-03
-1.502629128010121934e-03
-1.120207263592998791e-03
-6.844909600444330040e-04
-2.205726051307823851e-04
2.574467754656310412e-04
7.018615118866609014e-04
1.109573690892763555e-03
1.443880755068577357e-03
1.670494247790507529e-03
1.843260954785374455e-03
1.840514841749901461e-03
1.789782402241563370e-03
1.643077309787548644e-03
1.446417023481012028e-03
1.224779140248319527e-03
1.000388318036990899e-03
7.887215038317762529e-04
6.025027056385508315e-04
4.494140328337927360e-04
3.128904227233167672e-04
2.354884864539485805e-04
1.815040166226470546e-04
1.743544796673963428e-04
2.024220110728208906e-04
2.480980766585792058e-04
2.901646658041899204e-04
3.150071360896524743e-04
3.054013686548634303e-04
2.713644726123114409e-04
2.251120122658810147e-04
2.021465873988073007e-04
1.953005049695227704e-04
2.206931074158238987e-04
2.473081405317245065e-04
2.745343889824015168e-04
2.488775924776518420e-04
2.122701917565353454e-04
1.537615826027243448e-04
1.264638272946294205e-04
1.147714989094071033e-04
1.849910476909070686e-04
2.592031044981206109e-04
3.414001773568361986e-04
3.590194355078905192e-04
3.443497863051194104e-04
1.995469598364598416e-04
3.400128015049857231e-05
-1.730301059702204071e-04
-3.650590628880960868e-04
-5.495868052046604547e-04
-6.924748293519029062e-04
-8.327223782546317593e-04
-9.676889766684859629e-04
-1.107119884920477765e-03
-1.248782948091600384e-03
-1.362002890732635614e-03
-1.451267529389367855e-03
-1.492621560077399354e-03
-1.484443872027023511e-03
-1.451500324607421771e-03
-1.376949368893341363e-03
-1.296056942654309719e-03
-1.202481575365461040e-03
-1.088997482931202158e-03
-9.655590279242985642e-04
-7.913303219511482779e-04
-6.015620926714130082e-04
-3.807148167783224813e-04
-1.507080415591042968e-04
8.387848332309435497e-05
2.995193838817144377e-04
5.065216402533687795e-04
6.962466082513216799e-04
8.775199221948788361e-04
1.054567409111339168e-03
1.225786324872885080e-03
1.390033881659209335e-03
1.540338720495271988e-03
1.659412706628943810e-03
1.762871266411477570e-03
1.802666347750814116e-03
1.819699445231266061e-03
1.791208574993930153e-03
1.714277373860877531e-03
1.613126007279943892e-03
1.434350476268634374e-03
1.234223718343549795e-03
9.913945065911278134e-04
7.342313014128146404e-04
4.699010995216930235e-04
2.301197746252413756e-04
1.994781864675225242e-06
-2.028175466243754767e-04
-4.014752932795652256e-04
-5.970557490177551361e-04
-7.983768517404394097e-04
-9.910608293375710448e-04
-1.166470556683811425e-03
-1.291055990838639806e-03
-1.390229278397855537e-03
-1.405175308762638981e-03
-1.407544060977994728e-03
-1.384758256894511345e-03
-1.364342715264241441e-03
-1.345112304860560061e-03
-1.308268689545313661e-03
-1.245309951665245739e-03
-1.130120968655601559e-03
-9.489640791517907565e-04
-7.348232364009028763e-04
-4.801970257736116218e-04
-2.414373687590610465e-04
-3.441081897024623765e-05
1.144740138137974387e-04
2.342879880953762869e-04
2.948980336350031837e-04
3.512199164745263141e-04
3.989654739139065847e-04
4.475144527053184751e-04
4.964651421727288554e-04
5.290070645471039480e-04
5.510424756923332484e-04
5.520648643793059840e-04
5.361603122978151476e-04
5.117922898320929588e-04
4.766490684665678065e-04
4.391959091459047984e-04
3.971228739149285656e-04
3.453428232199362308e-04
2.887092647929068970e-04
2.137706640517083234e-04
1.369787509991945019e-04
5.648021332413209620e-05
-9.930528882954089010e-06
-6.929737335602148443e-05
-8.258629188942027955e-05
-7.857369827788871202e-05
-3.995808037650070180e-05
2.023522736391677519e-05
9.121738002381690334e-05
1.598436428295649768e-04
2.176410274907599656e-04
2.537806558629219144e-04
2.624805608700905455e-04
2.574606041947643067e-04
2.303585689014447577e-04
2.092738037874070220e-04
2.002235790319040730e-04
2.293311771679652387e-04
2.775176867498035829e-04
3.885952521208519079e-04
5.049251312044080505e-04
6.317596377130980066e-04
7.176356837844544015e-04
7.830324996371721509e-04
7.376125777069160623e-04
6.613125322196765875e-04
5.232522396185516553e-04
3.644613747641575925e-04
1.953052237831570453e-04
3.571459520929651330e-05
-1.241216192600248639e-04
-2.844490055200977119e-04
-4.610179677083484930e-04
-6.457077178605942405e-04
-8.392640559197670196e-04
-1.018894046720798243e-03
-1.170671343005753005e-03
-1.273696962817313450e-03
-1.352346744392148980e-03
-1.376124937049906473e-03
-1.392795318238840936e-03
-1.395250076490155361e-03
-1.382306509028924076e-03
-1.361663778711421453e-03
-1.282213288546238047e-03
-1.175996260307668765e-03
-1.016246155922243596e-03
-8.170287651466728255e-04
-5.980777311759370978e-04
-3.590194322911932114e-04
-1.198481992919234808e-04
1.195489019361431775e-04
3.595126955399025113e-04
5.997598353314641034e-04
8.356675618266878273e-04
1.063175881533799487e-03
1.273885387664444374e-03
1.452857024349633744e-03
1.615959726311999838e-03
1.714927596427567695e-03
1.785707747268132015e-03
1.800112459558794644e-03
1.743951242578732587e-03
1.652507060963340820e-03
1.464419751279042239e-03
1.264090413047583164e-03
1.039277017721601873e-03
8.401139656846220820e-04
6.537760852920233455e-04
5.301915234063354779e-04
4.118646227135625308e-04
3.040530444064876939e-04
1.646943605421248612e-04
9.562123899039910371e-06
-2.038583226909576260e-04
-4.215551335313670600e-04
-6.478046728723683718e-04
-8.503692742608689147e-04
-1.041091406673061177e-03
-1.181675886243689416e-03
-1.305477894650378069e-03
-1.395714960729056145e-03
-1.441397857047681166e-03
-1.464803668486255265e-03
-1.403308138881871094e-03
-1.321169515342699797e-03
-1.197744703933888329e-03
-1.077108621252048084e-03
-9.578669029337356271e-04
-8.941084201835939856e-04
-8.432310842692469126e-04
-8.181160420264208888e-04
-7.742614128886911654e-04
-7.210369903034962022e-04
-5.928795866741348774e-04
-4.439163596181322936e-04
-2.533414857087106908e-04
-4.931078164513807397e-05
1.614478374956104334e-04
3.689694789513169992e-04
5.743406655375787222e-04
7.754109423847321304e-04
9.580626816852984631e-04
1.131505152212507670e-03
1.226957175798308076e-03
1.284790800898079474e-03
1.267387629025730619e-03
1.193282341866288036e-03
1.090825997063338054e-03
9.770923472931353736e-04
8.765574675047706037e-04
8.024201276799605492e-04
7.453619844461063879e-04
6.968434395077475205e-04
6.268541718186481076e-04
5.436025262705405101e-04
4.338261250043420588e-04
3.155662073511379759e-04
1.930645315043725305e-04
8.972509004323458623e-05
-7.620863322632270175e-06
-9.297984049806711946e-05
-1.806194747206271744e-04
-2.693994374667970813e-04
-3.632887892113134025e-04
-4.493650735493725568e-04
-5.198152230744257623e-04
-5.560755859164107171e-04
-5.752410554168317040e-04
-5.456879574960116176e-04
-5.087072843719082438e-04
-4.568714608412773807e-04
-4.059005890552643643e-04
-3.553621931415874846e-04
-3.162846786183570475e-04
-2.832377401982605803e-04
-2.622519539843904735e-04
-2.582479308501569064e-04
-2.627347892557400097e-04
-2.887561263590114006e-04
-3.145144865349691642e-04
-3.397468928563274291e-04
-3.478394017154321470e-04
-3.473619618434236169e-04
-3.158466285085351449e-04
-2.787863499615592946e-04
-2.306361809903750772e-04
-1.805810104390773347e-04
-1.295733390976968767e-04
-7.777813042725750846e-05
-2.665310446417688242e-05
2.313155608413179165e-05
6.031745426150858882e-05
9.120397125339718073e-05
8.430639856871172838e-05
6.696683354600554310e-05
2.874328384727636409e-05
-5.046628392469782012e-06
-3.661972190270641221e-05
-2.157464563688233985e-05
1.078685930811249296e-05
7.778122161146488946e-05
1.564690444706284150e-04
2.410035976076674768e-04
2.996948221524247335e-04
3.438037591168431714e-04
3.587481209206467474e-04
3.541148663722766998e-04
3.396928036478278094e-04
3.217211175200255222e-04
3.071511346972896454e-04
2.993845584846675616e-04
2.963325243234752704e-04
2.956377611879936200e-04
2.946420488966970913e-04
2.936726838183667076e-04
2.927560131659696441e-04
2.951451691732050338e-04
2.991872385102569212e-04
3.035739651430311575e-04
3.015508700614684401e-04
2.867081315512339293e-04
2.460423512371194945e-04
1.924650500210867816e-04
1.035083894533599005e-04
1.270642170572025358e-05
-8.178616040183969802e-05
-1.589413009455693088e-04
-2.274277207073593953e-04
-2.655947471987271180e-04
-3.013571657250342086e-04
-3.323103683212606384e-04
-3.722367589312768369e-04
-4.166497435482043998e-04
-4.677328991302338087e-04
-5.127754220387568430e-04
-5.457366796003214468e-04
-5.587392011895919415e-04
-5.617623547927271454e-04
-5.485513803440176606e-04
-5.357608824506002567e-04
-5.238113376677804587e-04
-5.090036842572994271e-04
-4.927669765329797556e-04
-4.481042474670106465e-04
-3.901471168486494393e-04
-3.056011831255657269e-04
-2.071515468474328513e-04
-1.017500592918278696e-04
-5.882520652512635310e-06
8.337609967197599087e-05
1.594168833669136411e-04
2.309643250160763961e-04
3.002650956423270922e-04
3.716846951033873393e-04
4.388297956688634333e-04
4.974258984432474405e-04
5.328519047593745011e-04
5.566928628464042593e-04
5.485348381022246006e-04
5.396181547034880396e-04
5.291841539956288918e-04
5.318354142197730984e-04
5.410293049099147537e-04
5.540217562213585641e-04
5.551267259069636324e-04
5.324567323408901324e-04
4.731564318701144529e-04
3.955409779469806091e-04
2.866143075092252002e-04
1.817960865540686191e-04
8.519476456422142054e-05
1.318432949803087116e-05
-4.653066210629295933e-05
-7.562636738413384063e-05
-1.001508997263584748e-04
-1.155330861973816094e-04
-1.271508652180736469e-04
-1.368864405135966460e-04
-1.438947932136806264e-04
-1.534556996783826286e-04
-1.681217136723281284e-04
-1.976377246253302445e-04
-2.345787340578684885e-04
-2.952047332830947009e-04
-3.572701013964230230e-04
-4.222142072860201288e-04
-4.724312311004685589e-04
-5.152847138773643081e-04
-5.216642859599691625e-04
-5.165929237698894299e-04
-4.886196930344458358e-04
-4.442415228784657899e-04
-3.916608830122174909e-04
-3.248223707118824168e-04
-2.569727452600433534e-04
-1.871008935052686823e-04
-1.227268991084853400e-04
-6.110183339073196375e-05
-1.276715461687862816e-05
3.265042421804836511e-05
7.223380317517419369e-05
1.107862482174494626e-04
1.488232263022859329e-04
1.852282210748386207e-04
2.185372868247210769e-04
2.456544945293019384e-04
2.627139374978552022e-04
2.747444980984091413e-04
2.742403642568971367e-04
2.718675508094734621e-04
2.657573781502259595e-04
2.583740753601033199e-04
2.503542075045388834e-04
2.395422992337388935e-04
2.274183858187226294e-04
2.126704621152867734e-04
1.958075138893503346e-04
1.778870534021652035e-04
1.570272557981749182e-04
1.344702953864247979e-04
1.085190093591791038e-04
7.765241531209041744e-05
4.432816725509669444e-05
4.461046689678555130e-06
-3.614430196268460487e-05
-7.822610678898026632e-05
-1.174995529707533826e-04
-1.553688198302518024e-04
-1.812654760998286220e-04
-2.006681231257699527e-04
-2.070827516644678447e-04
-1.988148685212755805e-04
-1.832057295371416670e-04
-1.527125662467098647e-04
-1.222347920905486238e-04
-9.178779620289603401e-05
-7.023163663742669461e-05
-5.312089523303839588e-05
-5.190660974927664440e-05
-5.317527732461724824e-05
-5.940985101816121424e-05
-6.316984683721750104e-05
-6.569255371902570290e-05
-5.936924859090647957e-05
-5.103367578786713744e-05
-3.867356763499644817e-05
-2.612680238347320189e-05
-1.348670858263035343e-05
-3.230436961607128813e-06
6.739773191406274364e-06
1.613786040841097325e-05
2.576523731256879455e-05
3.550725906029971905e-05
4.202406000653378883e-05
4.537378481608757980e-05
4.238935735228777237e-05
3.215910053212707182e-05
1.830592903378432213e-05
1.195502212753454238e-06
-1.348191802026545608e-05
-2.329332507727866923e-05
-2.601469195141917909e-05
-2.519103873412675593e-05
-1.931137446942446845e-05
-1.351475717009342692e-05
-7.884233801511064048e-06
-7.338759744479764142e-07
7.176399081857185451e-06
2.272144709197076380e-05
3.995152080323235852e-05
6.055164591677161725e-05
7.732168362843676475e-05
9.217667763915590859e-05
9.492617101180381742e-05
9.607820360616885517e-05
9.403531464397107812e-05
9.783104430842664374e-05
1.045460832862065022e-04
1.244066517627994122e-04
1.456670744435025096e-04
1.697272055324471778e-04
1.889276921577100015e-04
2.056983565511447099e-04
2.113473340574802399e-04
2.137470001440768604e-04
2.096480433912017061e-04
1.982105683882916345e-04
1.831038342603567317e-04
1.534504922885602477e-04
1.195520958467106239e-04
7.716359046479082410e-05
3.234094357757758226e-05
-1.369877406227325978e-05
-5.524962512268638873e-05
-9.533586433914726017e-05
-1.324928798676608854e-04
-1.698549476350733208e-04
-2.073195415219152525e-04
-2.453124890706278260e-04
-2.812595948492445266e-04
-3.131150170876646570e-04
-3.356875306154572121e-04
-3.536185897879239449e-04
-3.535547235910824616e-04
-3.471435233744120667e-04
-3.280376551180837403e-04
-2.969952018245844818e-04
-2.599844560124894843e-04
-2.113248941850614290e-04
-1.629089585748992185e-04
-1.149802753992167781e-04
-7.524653904393678345e-05
-3.961027609883733055e-05
-1.770780970551191712e-05
2.559222557565687116e-06
1.955538656012607021e-05
3.923505964566163253e-05
6.025648727268333052e-05
8.571072227670151937e-05
1.106770087027987196e-04
1.346673979730273797e-04
1.549874877802339139e-04
1.734724278559185635e-04
1.872848272899196387e-04
2.000005127293763541e-04
2.105227701797442142e-04
2.174975051945375788e-04
2.226984789915399687e-04
2.190792408692680338e-04
2.123754508961766499e-04
1.995025572214424649e-04
1.830476507346103865e-04
1.648017378417224903e-04
1.467042381838338182e-04
1.299621190073908426e-04
1.159307607938198526e-04
1.049277598300351472e-04
9.543893749113649600e-05
8.712552364707119683e-05
7.733470638929659986e-05
6.458908230411382920e-05
4.618483284576976319e-05
2.495127070084455484e-05
-4.051104700386187475e-06
-3.407222816613395780e-05
-6.613084776088378326e-05
-9.696164745990048118e-05
-1.271785372110341558e-04
-1.526092378196399325e-04
-1.756882085815038102e-04
-1.940637196498848111e-04
-2.059400673651265218e-04
-2.145668334037922312e-04
-2.122076484069645779e-04
-2.069139710839654667e-04
-1.957513091086209999e-04
-1.812743145901542870e-04
-1.651401538001204879e-04
-1.462764660611268728e-04
-1.269371339919127609e-04
-1.066465132622375432e-04
-8.812157099146960648e-05
-7.047946795014770733e-05
-6.189263729122735464e-05
-5.691139817123041383e-05
-5.914134212908559579e-05
-6.319153104170358362e-05
-6.815184243169901705e-05
-6.307552413265879866e-05
-5.264034474338434967e-05
-3.148744317365256612e-05
-3.267019954279068114e-06
2.848716408990025398e-05
6.052304790083498079e-05
9.056719350146702182e-05
1.166278626814907843e-04
1.379566352365596213e-04
1.569194594791395979e-04
1.683196817278221420e-04
1.769636792641685735e-04
1.800952273758550312e-04
1.796022858032221320e-04
1.772970993884312755e-04
1.761542822108630305e-04
1.765488023476721930e-04
1.800179971132349779e-04
1.829671815720464861e-04
1.856563608774804586e-04
1.778009433245845820e-04
1.651944469677357091e-04
1.430857930029943688e-04
1.155179444239641756e-04
8.522049853779367591e-05
5.547851980572010057e-05
2.700092129258748581e-05
1.052083217367170205e-06
-2.351658800941503375e-05
-4.739517581196508675e-05
-6.954599542302726219e-05
-9.009149359407245001e-05
-1.074263488850826461e-04
-1.203180470979536658e-04
-1.309881667717482262e-04
-1.379837324201378277e-04
-1.452560439537756436e-04
-1.530818472578937062e-04
-1.616227642715368097e-04
-1.705212381399420405e-04
-1.760638638134740766e-04
-1.791135493822682521e-04
-1.771773547416052191e-04
-1.699589963103333623e-04
-1.600995559837619590e-04
-1.437768291045140754e-04
-1.255113696103391050e-04
-1.033604448862900793e-04
-7.780635122873346852e-05
-5.055067310441702078e-05
-2.148108462063462646e-05
6.568496370887237415e-06
3.257806237793366838e-05
5.497857480807646338e-05
7.557456044978399904e-05
9.242171355479598103e-05
1.086752446209709934e-04
1.237415316094815263e-04
1.364316693430470617e-04
1.479337324491467119e-04
1.517831207881360377e-04
1.527512269285167916e-04
1.479567686716845218e-04
1.402288636535133158e-04
1.310342352546742001e-04
1.225508994166632959e-04
1.144119667770727034e-04
1.069618405343091547e-04
9.722736013554117624e-05
8.635070265878011726e-05
6.833945061149925633e-05
4.842058715745437144e-05
2.468650088986049318e-05
5.522780209631756535e-07
-2.378201314859407095e-05
-4.443073189302552115e-05
-6.340904893933212193e-05
-7.904656258942547339e-05
-9.133846824097786366e-05
-1.019575698932690907e-04
-1.069573134831895066e-04
-1.098828069244825711e-04
-1.086598000685156203e-04
-1.040064084582037089e-04
-9.763782447072072651e-05
-8.882090918907129950e-05
-7.998569473015930647e-05
-7.111388191674101946e-05
-6.259454982327271680e-05
-5.425145808977920980e-05
-4.541179416418228139e-05
-3.589856351248773794e-05
-2.503819940858826418e-05
-1.226833179746838970e-05
1.456287567249095067e-06
1.686051691548708992e-05
3.147239101430907916e-05
4.449955461430662410e-05
5.241214831896053299e-05
5.776745707594997610e-05
5.320775684620842032e-05
4.662099187419681452e-05
3.598009741764725673e-05
2.617301409485968047e-05
1.678283633894596974e-05
1.279175950052382647e-05
9.699034654211667966e-06
8.403013792120473397e-06
5.063643743896605620e-06
7.025991026070317499e-07
-8.616958469307692183e-06
-1.832263351540691404e-05
-2.880054350985362453e-05
-3.706451258541732468e-05
-4.422151120154070212e-05
-4.787559081696304603e-05
-5.127134619069398163e-05
-5.415045308104840256e-05
-5.675311268951331660e-05
-5.921754865703056001e-05
-5.761358868758321717e-05
-5.349951297445350719e-05
-4.436520577394719768e-05
-3.088183147498937611e-05
-1.522392362680486679e-05
2.682450348388405297e-06
2.036006814536658237e-05
3.758017358594099345e-05
5.444248176715789681e-05
7.112589131870808434e-05
8.766054257064472802e-05
1.034094630143679068e-04
1.175869218416725312e-04
1.277835965165239403e-04
1.359898791151558772e-04
1.365558432699305103e-04
1.350180785143473543e-04
1.292728559380564263e-04
1.208503876447517982e-04
1.110892964929417634e-04
9.863553583270971183e-05
8.548052308401234503e-05
7.092300615836967038e-05
5.548847123504041772e-05
3.961542731288386805e-05
2.311242044971714124e-05
6.326084044815918480e-06
-1.102691144356722699e-05
-2.936773732082770272e-05
-4.820247839253248058e-05
-6.811373990581302709e-05
-8.776340843359416253e-05
-1.068898909904058712e-04
-1.239904905550318277e-04
-1.400781486235774169e-04
-1.513780531261802939e-04
-1.606115303203932963e-04
-1.657121528978256820e-04
-1.659787598950141299e-04
-1.638283591020849863e-04
-1.548836498013157835e-04
-1.445596384230717556e-04
-1.314770228899030146e-04
-1.177396189623328772e-04
-1.036748208375623737e-04
-8.946749838151818609e-05
-7.459064884785062712e-05
-5.837474515891901891e-05
-3.974724500806405957e-05
-1.991394662626598823e-05
2.086702799148220131e-06
2.361117654762411329e-05
4.418329894223698616e-05
6.226123753351391434e-05
7.909208422313150145e-05
9.273836240280556502e-05
1.058182033492241058e-04
1.177651698291534477e-04
1.285100943927087655e-04
1.386539979980849183e-04
1.454005247669677649e-04
1.506236263585043267e-04
1.527998775953466387e-04
1.518977933608197338e-04
1.494565413906106329e-04
1.423928934242923397e-04
1.336287165249782955e-04
1.214634817596950021e-04
1.061089248124436204e-04
8.915970677420988178e-05
6.959524555934874768e-05
5.009549999472815676e-05
3.072518573056057137e-05
1.237378390653161807e-05
-5.468161697407919082e-06
-2.202574094225118461e-05
-3.814029655852081360e-05
-5.336880491765302561e-05
-6.701238969683669122e-05
-7.986351268605234829e-05
-9.005354105102540685e-05
-9.994476436762483569e-05
-1.092383775874927531e-04
-1.189991807887616368e-04
-1.289935789807378544e-04
-1.375351024919640433e-04
-1.437335795645763718e-04
-1.452459637599571034e-04
-1.395984436732352772e-04
-1.303709714454665632e-04
-1.131017164132362978e-04
-9.554296254098253443e-05
-7.740521098871980363e-05
-6.204988375487715559e-05
-4.808576868024306493e-05
-3.740090374887757453e-05
-2.650507869042320405e-05
-1.518733337777679073e-05
-2.435973088591885288e-06
1.103219468884943875e-05
2.443590002947455201e-05
3.697178577895748826e-05
4.777203234616188450e-05
5.690180107374956695e-05
6.519633088153361556e-05
7.258738198438112552e-05
7.973370951984376064e-05
8.639058992054820640e-05
9.139980517213096485e-05
9.558518784915676244e-05
9.593937895859511276e-05
9.522559009675376595e-05
9.237584129234871521e-05
8.845726656009884697e-05
8.400427886392610919e-05
7.875785456317393215e-05
7.320630379244068341e-05
6.704450008175777311e-05
6.020626980646875124e-05
5.302982624887703949e-05
4.484040063044444593e-05
3.610550554588072564e-05
2.627967152904542774e-05
1.479881855386435683e-05
2.490456099521754731e-06
-1.154903166904696997e-05
-2.512653542710707998e-05
-3.778007116415797522e-05
-4.725292648042354258e-05
-5.513544158630263273e-05
-5.766881946476795173e-05
-5.933082787991801724e-05
-5.925009736844487378e-05
-5.966265004263383512e-05
-6.032184430965404536e-05
-6.289014610230556296e-05
-6.572037407968667503e-05
-6.907445442652988983e-05
-7.189610305945295715e-05
-7.445153583541742795e-05
-7.525222398145151319e-05
-7.519884672343253237e-05
-7.343733865730933035e-05
-6.924897516114193871e-05
-6.384718394994696349e-05
-5.429741318427941919e-05
-4.373294037896322374e-05
-3.113906349435405604e-05
-1.808787359290884263e-05
-4.808027183059271547e-06
7.019463287462462840e-06
1.802092993527386309e-05
2.737034893766947312e-05
3.488355359911016846e-05
4.147865109007770431e-05
4.525597207966745189e-05
4.823193725202195746e-05
4.960519078991474750e-05
5.025833547593895173e-05
5.055142573602945595e-05
5.143858476164083382e-05
5.275891197803699826e-05
5.494557557600520916e-05
5.742390771819743691e-05
6.004807413250229988e-05
6.151667662343147653e-05
6.224358664366958947e-05
6.148711172252560207e-05
5.910242559084344832e-05
5.590363385388914515e-05
5.035218891701359910e-05
4.405284185056575051e-05
3.625769052497647491e-05
2.735282797700706026e-05
1.789310981785647163e-05
8.205371794041803826e-06
-9.646245024621102498e-07
-9.099137344349189958e-06
-1.547536012643806647e-05
-2.097243787863167113e-05
-2.393686448110370871e-05
-2.635024503812658298e-05
-2.766153350425769344e-05
-2.855561920670678656e-05
-2.924110352731558251e-05
-3.026610554384885925e-05
-3.168128362912521522e-05
-3.387681385189011491e-05
-3.699180620766799962e-05
-4.056652962995265806e-05
-4.448161931967448617e-05
-4.781235926465605865e-05
-4.997439972015127869e-05
-4.974006263315363600e-05
-4.830753677490711231e-05
-4.307848443322211650e-05
-3.711503233143736551e-05
-2.968278070945622128e-05
-2.226179505205750367e-05
-1.484644237695791744e-05
-8.980687712052617418e-06
-3.775151452799538485e-06
1.099479951504501324e-07
2.870393907281071473e-06
5.068513051503989538e-06
6.174751231708857692e-06
7.155696069149970551e-06
7.886054221065675159e-06
8.774200435262294534e-06
9.741240680599970569e-06
1.110211218453685723e-05
1.247182225493487387e-05
1.385920945825615337e-05
1.495926970628260839e-05
1.591566647666229663e-05
1.634791230310654155e-05
1.666062127462148340e-05
1.673425653627740574e-05
1.655267024207155669e-05
1.624347316993430187e-05
1.531641099871822030e-05
1.422198432758137457e-05
1.279282865660371206e-05
1.154768787485793622e-05
1.039455453772952673e-05
1.032757889973830931e-05
1.057016149666868943e-05
1.143186056344353352e-05
1.209698701101812732e-05
1.266382714899300679e-05
1.176625826797534555e-05
1.039627892710586069e-05
8.081478666533465532e-06
5.602581326130750300e-06
3.041635445811142002e-06
1.320762370213301952e-06
-1.034571516843217460e-07
-9.343695661814713386e-07
-1.647163863048695260e-06
-2.300899101101314760e-06
-3.223140490086632226e-06
-4.107245998088263827e-06
-4.915079744120720791e-06
-5.162681824700442735e-06
-5.130168072553386781e-06
-4.134067521863511305e-06
-3.101878991112721476e-06
-1.997514500240257947e-06
-1.628863988992086283e-06
-1.628070467556846282e-06
-3.236143146129650935e-06
-5.151801454570974681e-06
-7.682631022751790890e-06
-9.983217379503462008e-06
-1.216868213054158549e-05
-1.329864489514452409e-05
-1.419148228576708193e-05
-1.461006892843149387e-05
-1.502619302005821393e-05
-1.544108583616638451e-05
-1.585291820784563360e-05
-1.599100169382029209e-05
-1.558158740838489864e-05
-1.426440740602052968e-05
-1.249334454519201263e-05
-1.009787422818505089e-05
-8.005585386419194262e-06
-6.519659495139357828e-06
-6.089203269753251125e-06
-6.186481877313790329e-06
-6.671211776702048981e-06
-6.568726212602495489e-06
-5.291809721529819846e-06
-2.124182495461673671e-06
1.988800098101840524e-06
7.861141630004573586e-06
1.355577483248123675e-05
1.889499137610917788e-05
2.282000045190324300e-05
2.603790579378302216e-05
2.724832439862372060e-05
2.816292657308500135e-05
2.848589588679043504e-05
2.870529433932397841e-05
2.887290736127175449e-05
2.865426802460808948e-05
2.812861159841276198e-05
2.698892099315263225e-05
2.527975421971301014e-05
2.328584936218353342e-05
2.108794846033590464e-05
1.892143691899871971e-05
1.681770409868697271e-05
1.429613850918035877e-05
1.156565653507332474e-05
7.042875929241985641e-06
1.834932090382893771e-06
-4.743338214528783077e-06
-1.184111482833335068e-05
-1.919864459657707833e-05
-2.538229716049190076e-05
-3.079119569935710721e-05
-3.465058618812417947e-05
-3.709466083540432298e-05
-3.883107756194312309e-05
-3.921865887733441545e-05
-3.927876177600939122e-05
-3.868390784125367860e-05
-3.737846113026288081e-05
-3.571771803115373066e-05
-3.311441513459439283e-05
-3.038831197457306829e-05
-2.741660828762538168e-05
-2.451718008757969151e-05
-2.165388963098390180e-05
-1.874937710458411769e-05
-1.565714499681701552e-05
-1.218947372632226186e-05
-8.188214651764136911e-06
-3.920161675171143179e-06
9.629624737932544672e-07
6.005017181306007235e-06
1.136493300591478754e-05
1.712200991181481413e-05
2.307766735835453802e-05
2.945257979774534596e-05
3.560498088652469366e-05
4.131235927408470550e-05
4.546498291911947278e-05
4.884022919289447397e-05
4.881189953536412153e-05
4.775684876769694238e-05
4.464835577976043984e-05
4.036492666216110983e-05
3.549402947972752682e-05
3.009894021371703119e-05
2.471857797955561361e-05
1.936766980908858455e-05
1.416020112948922139e-05
9.024452195321711658e-06
4.340437462379466240e-06
-1.012808856642832581e-07
-4.058406463902092011e-06
-7.550025781843559217e-06
-1.080889196963917356e-05
-1.371959139476438267e-05
-1.659039447120475366e-05
-1.938140485027561782e-05
-2.193494923936467335e-05
-2.436976063345997853e-05
-2.597137901859842367e-05
-2.722833031924808687e-05
-2.779594745091985416e-05
-2.782744780048312252e-05
-2.759088975899263440e-05
-2.684009475168199876e-05
-2.591173388014767140e-05
-2.462824128016564214e-05
-2.285082028711538646e-05
-2.082643509752984021e-05
-1.805732045353045128e-05
-1.513671961221606185e-05
-1.191314637626905240e-05
-8.571780871917906305e-06
-5.171519233363606838e-06
-1.698392824525151034e-06
1.715352634989120226e-06
5.010336195847870900e-06
7.715749462721744646e-06
1.012637758260404750e-05
