4.705232135277598871e-01
4.711903599779383445e-01
4.710907634022212243e-01
4.725180633651117068e-01
4.735495463707722341e-01
4.769530120322840738e-01
4.793449144714939103e-01
4.910915286773376853e-01
5.039080457382063560e-01
5.396462137845996487e-01
5.902654312220604327e-01
6.624171306238705315e-01
6.845920754389542839e-01
7.802439025000768025e-01
9.100233107946498201e-01
9.045770764181478851e-01
9.310983327959883038e-01
9.859204605986563452e-01
1.123379042284346374e+00
1.146342350335395777e+00
1.292598736115104563e+00
1.240347315767752923e+00
1.233187352653094093e+00
1.816811191518326707e+00
1.844164209491985451e+00
2.065019176762637798e+00
1.729511945150950414e+00
1.752138152766537615e+00
1.917280797939756587e+00
1.800870350604563574e+00
1.713772455266771910e+00
1.656501459798627840e+00
1.883671900873160165e+00
2.083901810850056435e+00
1.913809378027385044e+00
1.257813186368037295e+00
9.749063741164998298e-01
8.520365935211863251e-01
8.101856350772080884e-01
9.042565247475043977e-01
9.587866892101480909e-01
9.894041881617590128e-01
9.998240640649278532e-01
9.809643528886855535e-01
9.559078933513386334e-01
1.109699944394539894e+00
1.232841267963632914e+00
1.179922456355603000e+00
1.138749252466827677e+00
1.254738356050564052e+00
1.376917521604580141e+00
1.355482495906526808e+00
1.379314328406815005e+00
1.581415523251984201e+00
1.767128833282735956e+00
1.756943046860240276e+00
1.730519152161841712e+00
1.752431310850976365e+00
1.782264711215235220e+00
1.923958165503734996e+00
2.196064156890562113e+00
2.503368042468593568e+00
2.702166375771323015e+00
2.665303894186378475e+00
2.575824028849807323e+00
2.552108756557495806e+00
2.401983801454314005e+00
2.513728489145599543e+00
2.554407306633403874e+00
2.524587243378938695e+00
2.569274918048525702e+00
2.966251987944981128e+00
3.099397452798641872e+00
2.955446257373395724e+00
2.792538584416036862e+00
2.844195063807001933e+00
2.801724706028358547e+00
2.686792141269727985e+00
2.530664166660413716e+00
2.354872752720389872e+00
2.186144013819264931e+00
2.043091363064044597e+00
1.936480434772169357e+00
1.878054379679150010e+00
1.865294373614241996e+00
1.892110127702120836e+00
2.047861081653028048e+00
2.241010720737292683e+00
2.432849022899608471e+00
2.608355816905686186e+00
2.756558730792295187e+00
2.863297243152203464e+00
2.934066201357681258e+00
2.956449149282759148e+00
2.917555150981439915e+00
2.849594541045799456e+00
2.778040163564595488e+00
2.652339368963491761e+00
2.479392362789035964e+00
2.311861643467035599e+00
2.146497246590389096e+00
1.956046675635052523e+00
1.749377939752698508e+00
1.535359281350144878e+00
1.368324216293808515e+00
1.269315345885264845e+00
1.166966727156727890e+00
1.095478701524529308e+00
1.028130911246045942e+00
9.596665119341849515e-01
8.906026306317487151e-01
8.220099395474195214e-01
7.643342524424795448e-01
7.137717137061946326e-01
6.637112113727146046e-01
6.267276029717867569e-01
6.356025028357888962e-01
6.360201668477263315e-01
6.280497347066592573e-01
6.240060067850928816e-01
6.253127074575189903e-01
6.205408359980892907e-01
6.102666277495163438e-01
5.952051317233222338e-01
5.761499108533003621e-01
5.540917491853036836e-01
5.299641407896716894e-01
5.042942591585792833e-01
4.880841264968506787e-01
4.859559191812657386e-01
4.775831281913958115e-01
4.783004987334005809e-01
4.772298863727933993e-01
4.733265159347441742e-01
4.672007278811062814e-01
4.598497729768183939e-01
4.516042566782713097e-01
4.430010234189567520e-01
4.344034251696318183e-01
4.260093069106909991e-01
4.178702780771643144e-01
4.099156052344710144e-01
4.019805125276825764e-01
3.938684158241094191e-01
3.852694863126591152e-01
3.758577921853041848e-01
3.654873855161707152e-01
3.643173758928365813e-01
3.630310385489326497e-01
3.575027851588227223e-01
3.480416048296601228e-01
3.342599245037544131e-01
3.165732482752263710e-01
3.026728775081188316e-01
2.921253991936579308e-01
2.809755490735538208e-01
2.771343736368581112e-01
2.722364429996215751e-01
2.666785343181826695e-01
2.601016863742426355e-01
2.529084675695190132e-01
2.447808693541265179e-01
2.361334801979281528e-01
2.266970424201964207e-01
2.180216407395051681e-01
2.172305175825270940e-01
2.158209514401963069e-01
2.137606453748976953e-01
2.111714572207189222e-01
2.100020087991185391e-01
2.101356951834479903e-01
2.096813803725855740e-01
2.087066553603778574e-01
2.073288231926792013e-01
2.053941489823259137e-01
2.029252620623575865e-01
2.000706727488867354e-01
1.968322882025017595e-01
1.931441480713657066e-01
1.890439806322426752e-01
1.846872760572252636e-01
1.800580278170243465e-01
1.751271202769292823e-01
1.699378048270740460e-01
1.645335198304142543e-01
1.654367774792394330e-01
1.658757146536168625e-01
1.647507046447193313e-01
1.622504177582109741e-01
1.584057967256869981e-01
1.533714387111110855e-01
1.473541514155881360e-01
1.406499873757859065e-01
1.372755069327292188e-01
1.364483910493524133e-01
1.354035428600762481e-01
1.341033143287029272e-01
1.325628596644122803e-01
1.308229658197726242e-01
1.289596834486842758e-01
1.268997888126193463e-01
1.246602149548421135e-01
1.222580506108899151e-01
1.197165947531056429e-01
1.171262323568120073e-01
1.144176425533601632e-01
1.116072416770213654e-01
1.087110641425095142e-01
1.077248009223126524e-01
1.067050918181209201e-01
1.056273040179793316e-01
1.044954240741305107e-01
1.033656492252071207e-01
1.021876281378826246e-01
1.009649461096541884e-01
9.970132082398068529e-02
9.840038431127272334e-02
9.706567552085745842e-02
9.750239768062914092e-02
9.816057576851767996e-02
9.842421925501294855e-02
9.826189367573250066e-02
9.765030245177037937e-02
9.789959136405231022e-02
9.876977559414418240e-02
9.920357972583289385e-02
9.927884068070653989e-02
9.888514282383839560e-02
9.806994686073693124e-02
9.682411012419565866e-02
9.513143210246925718e-02
9.307300926840657296e-02
9.058554690544133592e-02
8.778872243344917892e-02
8.465103116618075130e-02
8.120831592487967598e-02
7.913916018082531312e-02
7.897460971871858582e-02
7.870287560402569604e-02
7.832761064240773008e-02
7.786390177121149669e-02
7.733962624707231559e-02
7.672340146008096995e-02
7.601986098163494854e-02
7.523381533168391200e-02
7.440163072542874123e-02
7.350598357685286799e-02
7.254121235726757044e-02
7.151239966894039346e-02
7.042464117952243474e-02
7.024390996561412359e-02
7.056578513134841024e-02
7.083451456607224583e-02
7.105036270186064484e-02
7.121378289161381381e-02
7.132540140672598283e-02
7.138600197463422503e-02
7.139651088981946447e-02
7.135798272008710141e-02
7.127158663215364676e-02
7.113859334715164073e-02
7.096036273482811407e-02
7.073833205021963499e-02
7.047400481417895324e-02
7.017973549086188589e-02
6.985721761949111042e-02
6.949675060269754068e-02
6.909997033153340851e-02
6.866853646163764702e-02
6.820412479318896382e-02
6.770842021119659326e-02
6.718311016439039440e-02
6.662987866731748254e-02
6.605040080235743960e-02
6.544633770339731982e-02
6.481933199863068595e-02
6.417100369127747006e-02
6.350294645803530869e-02
6.281738206380831080e-02
6.213007963418252372e-02
6.142696375484799076e-02
6.070949582585760673e-02
5.997909949370647947e-02
5.923715888497801257e-02
5.848501711792340740e-02
5.772397507483454510e-02
5.695529041670070736e-02
5.618017682139897495e-02
5.539980343137215074e-02
5.461529449306992690e-02
5.382772917227365839e-02
5.303814153255549668e-02
5.224752066158120517e-02
5.145681093165451608e-02
5.066691238370850392e-02
4.987868122061598491e-02
4.909293039977122991e-02
4.831043031420213102e-02
4.753190955297154074e-02
4.675805572859060427e-02
4.598951636716267638e-02
4.522689984902659305e-02
4.447077639398871324e-02
4.372167908473062470e-02
4.298010492012195594e-02
4.224651589353058817e-02
4.178801543347003544e-02
4.146581063209901774e-02
4.114769069071991942e-02
4.083359771015161038e-02
4.052347440315565152e-02
4.021726410095195076e-02
3.991491075890710866e-02
3.961635896150587227e-02
3.951088072359919268e-02
3.949366659703130999e-02
3.946631791309033327e-02
3.942906661491531184e-02
3.938214897142679194e-02
3.932580485930714520e-02
3.926027708907833813e-02
3.918581077204777441e-02
3.910265272736092312e-02
3.901105092752343156e-02
3.891125398039378680e-02
3.880351064682575207e-02
3.868806939140150003e-02
3.856517796600330422e-02
3.843508302369386120e-02
3.829802976226103634e-02
3.815426159544846318e-02
3.800401985094410684e-02
3.784754349334266271e-02
3.768690611027793874e-02
3.752390579305263374e-02
3.735526527253386908e-02
3.718121071995923038e-02
3.700196508150815911e-02
3.681774791744374387e-02
3.662877525906531317e-02
3.643525948202049752e-02
3.623740919576748376e-02
3.603542914659770002e-02
3.582952013515222633e-02
3.561987894704485291e-02
3.540669829462576856e-02
3.519016677080754468e-02
3.497046881326307949e-02
3.474778467829880979e-02
3.452229042402888554e-02
3.429415790200197878e-02
3.406355475669503585e-02
3.383064443247257858e-02
3.359558618710036665e-02
3.335853511157353679e-02
3.311964215555974339e-02
3.287905415860844366e-02
3.263691388521706982e-02
3.239336006510989269e-02
3.214852743744398694e-02
3.190254679757200534e-02
3.165554504892344884e-02
3.140764525599792911e-02
3.115896670070977120e-02
3.090962494126047594e-02
3.065973187283681928e-02
3.040939578963656326e-02
3.015872144895620499e-02
2.990781013637134472e-02
2.965675973198675722e-02
2.940566477762223546e-02
2.915680889954756078e-02
2.890811487644797187e-02
2.865955831327978223e-02
2.841122260938152774e-02
2.816318816566202796e-02
2.791553245154302504e-02
2.766833007242469611e-02
2.742165283676404469e-02
2.717556982305422211e-02
2.693014744583845793e-02
2.668544952247058413e-02
2.644153733764855255e-02
2.619846970863526359e-02
2.595630304939516506e-02
2.571509143373093553e-02
2.547488665803325503e-02
2.523573830258809061e-02
2.499769379287747686e-02
2.476079845909712890e-02
2.462419772859691242e-02
2.449996491078507144e-02
2.437691804699528703e-02
2.425504061757677993e-02
2.413431637144483957e-02
2.401472932167952185e-02
2.389626374115154384e-02
2.377890415813934191e-02
2.366263535220002739e-02
2.354744234993436103e-02
