6.213406191203671991e-01
6.213911944197708648e-01
6.227126473167231557e-01
6.225775012428536037e-01
6.285220920694937208e-01
6.335935292327137258e-01
6.376494730860076121e-01
6.485385491359192400e-01
6.572047567485390651e-01
6.667320977296758988e-01
7.605048675119968626e-01
8.748421119214320196e-01
7.744320858597765200e-01
9.292277696157047462e-01
9.212437944117961575e-01
8.119945860492983059e-01
9.088233180022353697e-01
1.013409562655411822e+00
1.166712420023332308e+00
1.089729987365192221e+00
1.650415814148863181e+00
1.953846658716978046e+00
1.903399451067935955e+00
2.122133602467354940e+00
2.076613371002768105e+00
1.781257874762755877e+00
1.932990396074630413e+00
1.821277764917292208e+00
1.995864169834695945e+00
1.664222748626031478e+00
1.690861733844608361e+00
1.948078146038882297e+00
1.888200348111704896e+00
1.393647157916679591e+00
1.159768002415545896e+00
9.957981904941938245e-01
8.164655646758449681e-01
8.660163902080487697e-01
9.116921335737204757e-01
9.941182305249004481e-01
1.013127496062085520e+00
1.255880926019721899e+00
1.300849542186906627e+00
1.165428601063668301e+00
1.165089415721431543e+00
1.232254350351211558e+00
1.297102215688635818e+00
1.371642160512930309e+00
1.433383990504137673e+00
1.601014770260863251e+00
1.805697984002796908e+00
2.000079115713691458e+00
2.073201922432128530e+00
2.051714518829678369e+00
1.839869938157349782e+00
1.719630560411505860e+00
2.063027509003068527e+00
2.399120934838485653e+00
2.593378595376202078e+00
2.536445529065390225e+00
2.024738402444796748e+00
2.058640157004126170e+00
2.143467718871405747e+00
2.223727489147057756e+00
2.320011669316081715e+00
2.423009943348370498e+00
2.497564135912977434e+00
2.594967459016859657e+00
2.589420894526376582e+00
2.648954911709092919e+00
2.876154842157962577e+00
2.958102446063394009e+00
2.941078625901295762e+00
2.874839474486508895e+00
2.786326215269714801e+00
2.686998677819904646e+00
2.518857476069710444e+00
2.294505381518952891e+00
2.412328484765609016e+00
2.519637311496395693e+00
2.610209585652317976e+00
2.689626007366270333e+00
2.754931226103652264e+00
2.805963573904149744e+00
2.839327202405359962e+00
2.848988575708473192e+00
2.828159624639408509e+00
3.190329622598925940e+00
3.443188998400938949e+00
3.556534355600077468e+00
3.513090073926971701e+00
3.317337759880091497e+00
3.023610614718241774e+00
2.685488750966316118e+00
2.420039812387430267e+00
2.183531091893031295e+00
1.933976950731547406e+00
1.692400314726865140e+00
1.471912137430057443e+00
1.283013447230808124e+00
1.175364828608339351e+00
1.083108084335110188e+00
1.001077520122378273e+00
9.277841130964773475e-01
8.739728538053788132e-01
8.317387361474335439e-01
7.949717490393840569e-01
7.633237642006235335e-01
7.367037672812741800e-01
7.140552788348654145e-01
6.940412634227084432e-01
6.757543216806903841e-01
6.657893568432027287e-01
6.647227023126957013e-01
6.619750685577933114e-01
6.557351541065237210e-01
6.451171976154757015e-01
6.287205173793730673e-01
6.060670025251191362e-01
5.773042285923410954e-01
5.424050830054008010e-01
5.181020542508453230e-01
5.299135073751375380e-01
5.310256067636632826e-01
5.199762577151940679e-01
4.982614863114607773e-01
4.731478581030663100e-01
4.528670200595028561e-01
4.237216737551497414e-01
4.084174662330690153e-01
3.917018768375101767e-01
3.713058229192755522e-01
3.571109263707216153e-01
3.582901610752929344e-01
3.571800411245129592e-01
3.538353837371676081e-01
3.486982334928893645e-01
3.419547103443905112e-01
3.336267169349593220e-01
3.241940408965099385e-01
3.137905353486685756e-01
3.118845971986388133e-01
3.194227203724729347e-01
3.222855708780798523e-01
3.197195095500932061e-01
3.116143778513353890e-01
2.983541588838539704e-01
3.055444714033296871e-01
3.098787136628691208e-01
3.066159368960222342e-01
2.966185600219162222e-01
2.855541342916438352e-01
2.843328107530104232e-01
2.811569011636738114e-01
2.764444030742306269e-01
2.702383309728720318e-01
2.627539815625333786e-01
2.543546396778744167e-01
2.452036545692490577e-01
2.353276754568238982e-01
2.252102654051688635e-01
2.146553415809787924e-01
2.127176457603273951e-01
2.103664957713364536e-01
2.076529220129082476e-01
2.046019498505294854e-01
2.012119982241674099e-01
1.974821262202084704e-01
1.935313662544660140e-01
1.892020067057227917e-01
1.846921150788900789e-01
1.798200284882148225e-01
1.748576530450419719e-01
1.696138600506903460e-01
1.641672395072501234e-01
1.586719102969760542e-01
1.542607914752825715e-01
1.517404576576833475e-01
1.492793145272681143e-01
1.468551443879516361e-01
1.444621671919362194e-01
1.420954866444780473e-01
1.397510344009204597e-01
1.374255070726070616e-01
1.351162990100477634e-01
1.328214333095396327e-01
1.305394930033819956e-01
1.282695539761616044e-01
1.260111207662243105e-01
1.237640660976352808e-01
1.215285747056413235e-01
1.193050917983153603e-01
1.170942763038719803e-01
1.148969589085285514e-01
1.127141047713691863e-01
1.105467807163038885e-01
1.093815284586335118e-01
1.086901960679150653e-01
1.079939836675822551e-01
1.072919096578719006e-01
1.065831278368703089e-01
1.058669171826858019e-01
1.051426719871523113e-01
1.044098924455252875e-01
1.036681757738371484e-01
1.029172078976274551e-01
1.021567557318858177e-01
1.013866600548146701e-01
1.006068289637443852e-01
9.981723188990930529e-02
9.901789414251664645e-02
9.820889194559927204e-02
9.739034792958284337e-02
9.656242703684883577e-02
9.572533280071363060e-02
9.488717156563657162e-02
9.405414216677726591e-02
9.321222366942401305e-02
9.236173340442950519e-02
9.150301407217754923e-02
9.063643147391722832e-02
8.976237239085048392e-02
8.888124258887541984e-02
8.799346493079798770e-02
8.709947758194526435e-02
8.619973229436540818e-02
8.529469276097145780e-02
8.438483302956689691e-02
8.347063597109639910e-02
8.255259179641551148e-02
8.163119661859447040e-02
8.070695105786290791e-02
7.978035888792639474e-02
7.885192572308075132e-02
7.792215774680369411e-02
7.699156048134556118e-02
7.606063760031124554e-02
7.512988978508713944e-02
7.419981362680462544e-02
7.327307796041343524e-02
7.235785953902340584e-02
7.144420685669138071e-02
7.053259930004465716e-02
6.989765375310080797e-02
6.978504937877461067e-02
6.961130448443797469e-02
6.937746122808829963e-02
6.908490318046710266e-02
6.873532440864262016e-02
6.833069859971717397e-02
6.787324845134141971e-02
6.736541553747867062e-02
6.680983083440936166e-02
6.620928607193092563e-02
6.557728238158282152e-02
6.491666853873261089e-02
6.421916324993237613e-02
6.348789948418821771e-02
6.272605189000730885e-02
6.193681513022145091e-02
6.112338363716102174e-02
6.028893281691038303e-02
5.943660171800619479e-02
5.856947716472237636e-02
5.769057934843827701e-02
5.721968002111398055e-02
5.763035009930696229e-02
5.793189278255433949e-02
5.811870325090098127e-02
5.818459017576258635e-02
5.813812187360745815e-02
5.799395159807381461e-02
5.778531679333031440e-02
5.749043860228012642e-02
5.711875653725664165e-02
5.667965341118565148e-02
5.618857313866378739e-02
5.566957086250042680e-02
5.510809053289805054e-02
5.451235018507947366e-02
5.389010203659626991e-02
5.324858017279458788e-02
5.259707872872092238e-02
5.195503421961360224e-02
5.131048668606102980e-02
5.066838459870843386e-02
5.003305685570986344e-02
4.940821636633047770e-02
4.879697084588942996e-02
4.820184001937898727e-02
4.762477843092013940e-02
4.706908472991658959e-02
4.654208171714736136e-02
4.603534266842313621e-02
4.554896326317473682e-02
4.508263940457390290e-02
4.463570726879866057e-02
4.420718411707620643e-02
4.379580932295713824e-02
4.340008511843414241e-02
4.301831661393582668e-02
4.264865069931484537e-02
4.228911348515692475e-02
4.193764599230924428e-02
4.159793273419852555e-02
4.126492571549741917e-02
4.093369548548732306e-02
4.060216310216751417e-02
4.026830456780120665e-02
3.993017285673423900e-02
3.958591738829226464e-02
3.923380096092422831e-02
3.887221418907033793e-02
3.849968750648177090e-02
3.811924557977882516e-02
3.773085940002797456e-02
3.732799384432015921e-02
3.690978709583284806e-02
3.647554316013922049e-02
3.602473190057794289e-02
3.555698746851610609e-02
3.507210527322281168e-02
3.457003763945721425e-02
3.405956497315859588e-02
3.353261426001964002e-02
3.316820960567309212e-02
3.294277547732574196e-02
3.271818436834005028e-02
3.277344789364249056e-02
3.290066498196139028e-02
3.300814820173120223e-02
3.309508137910186637e-02
3.315503840750273074e-02
3.318756792953209828e-02
3.319234961383946830e-02
3.316919288653089049e-02
3.311803470193515342e-02
3.303893643896925469e-02
3.293208001501346516e-02
3.279776330396989154e-02
3.264800101543893079e-02
3.247191830707091970e-02
3.226967319782891169e-02
3.204194694378880576e-02
3.178950780269463455e-02
3.151320408694890940e-02
3.130379145864087276e-02
3.126391433392674418e-02
3.122044812223210425e-02
3.117333683974014488e-02
3.112253751303289614e-02
3.106801951513003465e-02
3.100976390926797263e-02
3.094776280145783778e-02
3.088201870362160956e-02
3.081254390800400658e-02
3.073935987444690460e-02
3.066249663247180846e-02
3.058199219665244661e-02
3.049789199895795028e-02
3.041024833672126976e-02
3.031911983734571561e-02
3.022457094065613900e-02
3.012667139917096781e-02
3.002549579563878676e-02
2.992112307883393676e-02
2.981363611862993673e-02
2.970312127819095885e-02
2.958966800474603295e-02
2.947336843908741552e-02
2.935431704313332807e-02
2.923261024456599508e-02
2.910834610004931627e-02
2.898162397561683534e-02
2.885254424440133331e-02
2.872120800055668124e-02
2.858771679019959586e-02
2.845217235844080608e-02
2.831467641163344304e-02
2.817533039517104709e-02
2.803423528606916251e-02
2.789149139978235742e-02
2.774719821099501729e-02
2.760145418750762497e-02
2.745435663792678005e-02
2.730600157050943819e-02
2.715648356500807020e-02
2.700589565572737022e-02
2.685432922527423993e-02
2.670304889335007106e-02
2.655136420791469679e-02
2.639891909466606651e-02
2.624579773367694338e-02
2.609208232072698225e-02
2.593785301449988423e-02
2.578318789124040000e-02
2.562816290768451383e-02
2.547285186996191275e-02
2.531732641045885898e-02
2.516165596982549574e-02
