7.453517336656941827e-01
7.438873246478020507e-01
7.457695187757055200e-01
7.437075230621197353e-01
7.489767269754693535e-01
7.544521163388677731e-01
7.642869609568702094e-01
7.739025068649705297e-01
7.890507365178546229e-01
8.057067632643040156e-01
8.647291079757224441e-01
1.016877186265727095e+00
9.941124210419939322e-01
9.888590630346760779e-01
1.002880044939826076e+00
9.867684589534473361e-01
1.241852104645979171e+00
1.900068035482727957e+00
1.937945821911434940e+00
1.297303371642130720e+00
1.402349843214641956e+00
1.467390351644443314e+00
1.577663244824017319e+00
1.602307471824290008e+00
1.587516498543076304e+00
1.790708186302291338e+00
1.428438808639761914e+00
1.568885569407896030e+00
1.730711231630861269e+00
1.742707475372170078e+00
1.605607369638143878e+00
1.660951450919499806e+00
1.762820896445498775e+00
1.681274521376231901e+00
1.831734142790922615e+00
1.654952749202278195e+00
2.040568202707870427e+00
2.312751299288294593e+00
2.430339046106630541e+00
2.795088936651483280e+00
3.011785609413181408e+00
3.016607778803493289e+00
3.007979964380360194e+00
3.052516642387525181e+00
2.849075020729084251e+00
2.811698518965604077e+00
3.238731785274461927e+00
3.528853795952818562e+00
3.651826578365538367e+00
3.744245695559090592e+00
3.956245202065971522e+00
3.914916708584341265e+00
3.753185877220029276e+00
3.533616620126405650e+00
3.417463277533995925e+00
3.428301309480729309e+00
3.461270533134403138e+00
3.406078932941011050e+00
3.285901021188548210e+00
3.210823250259138284e+00
3.294353734235925923e+00
3.533755223595664852e+00
3.825106105396328893e+00
4.027206729436717758e+00
4.066118370871804721e+00
4.122710161972564791e+00
4.703558724312532746e+00
4.973188977904372088e+00
5.013759204496366806e+00
4.908580974652033468e+00
4.753785736881428470e+00
4.465050848101206782e+00
4.073317852473770095e+00
3.588286251802576210e+00
3.113021038606075042e+00
2.601664357544165807e+00
2.190018710125524848e+00
2.012764980064613685e+00
1.823432583247264871e+00
1.638713489555713831e+00
1.472519332053171315e+00
1.331905874375234333e+00
1.219729604854441707e+00
1.130687091072335448e+00
1.059106278548404223e+00
9.987098958123377113e-01
9.445092078377042011e-01
9.085864018445976020e-01
8.777539715326017067e-01
8.480682509049355389e-01
8.184574741152991217e-01
7.902790192489947962e-01
7.610253232878755325e-01
7.310524463018510666e-01
7.093618549090987546e-01
7.022124643632334795e-01
6.939131601774332081e-01
6.840515543421845646e-01
6.734103747600699297e-01
6.597616259554728302e-01
6.438305305037148596e-01
6.251435499438628973e-01
6.031668522151574230e-01
5.788612924013394334e-01
5.511109198718592284e-01
5.619692309000554609e-01
5.793329344921196444e-01
5.831522002029875251e-01
5.735828365892539082e-01
5.518923573886783673e-01
5.197543661505256152e-01
5.149134735246962968e-01
5.031913395369556063e-01
4.820504275080636503e-01
4.528131592314344478e-01
4.172652497982951014e-01
3.789858134818627211e-01
3.609511362115270239e-01
3.514151862969698836e-01
3.590559875126874689e-01
3.632763219796080745e-01
3.642343107093490850e-01
3.618025733527083232e-01
3.568917346887998665e-01
3.489727067549147077e-01
3.391851860305880595e-01
3.273818003206151461e-01
3.138092349548170512e-01
2.994285509006225365e-01
2.842418634736414429e-01
2.833258202105286006e-01
2.945148113401521717e-01
3.027819556434366288e-01
3.078272068170940234e-01
3.102406716590775382e-01
3.095594549609623769e-01
3.060351000244292408e-01
3.006963980403376535e-01
2.933602967518055271e-01
2.845561077013885609e-01
2.749905533097080634e-01
2.651494658864090304e-01
2.552746862058365984e-01
2.457691543956915525e-01
2.369551809169474776e-01
2.290677595380062603e-01
2.222538407310269415e-01
2.165765904972738742e-01
2.120235536078519667e-01
2.085176194038835529e-01
2.059297355765878634e-01
2.040924132807895308e-01
2.028131989264299329e-01
2.018874391298338955e-01
2.011098229501184498e-01
2.002843395193224241e-01
1.992324318511975723e-01
1.978686302375430861e-01
1.961192555830847950e-01
1.937775518591829949e-01
1.907733955941485482e-01
1.870677814158769880e-01
1.826514277468733738e-01
1.777476091193858077e-01
1.721890631019192264e-01
1.660244828741365142e-01
1.593300815227758349e-01
1.521955019047897817e-01
1.482978896922584611e-01
1.500303775047499844e-01
1.511951194408554522e-01
1.517659557180519592e-01
1.519328438897553923e-01
1.514902210215709755e-01
1.504475240682945913e-01
1.489346362228974874e-01
1.469622001760029495e-01
1.444689829337275910e-01
1.414983477944184165e-01
1.382334922654644971e-01
1.346184328517611439e-01
1.306674621595583508e-01
1.264953579435129372e-01
1.253720200020657372e-01
1.240871889409025514e-01
1.226518364296302344e-01
1.210774059060375774e-01
1.193756462067516316e-01
1.175584618204723181e-01
1.156377794763937261e-01
1.136903007388098824e-01
1.116646741331079051e-01
1.095657883778647923e-01
1.074046414142328931e-01
1.051918402991361967e-01
1.029375476671876566e-01
1.006514391017641757e-01
9.834267046322787975e-02
9.601985423089856586e-02
9.371505308538286005e-02
9.142286540504283854e-02
8.913530212094872285e-02
8.685888140459410711e-02
8.459956954628765347e-02
8.236279142538821540e-02
8.015344458311469966e-02
7.797591628610357761e-02
7.588270626780399541e-02
7.602919714961960118e-02
7.611709820970882778e-02
7.614867110197126587e-02
7.612627229785980110e-02
7.605232882142663742e-02
7.592931623448960499e-02
7.575973877862676731e-02
7.554611156931426152e-02
7.529674312233008981e-02
7.502969360109819352e-02
7.472528235543898778e-02
7.438589959556742015e-02
7.401389025400587074e-02
7.361154564161070946e-02
7.318109639389594467e-02
7.272470660280791477e-02
7.224446903275352772e-02
7.174240132401768499e-02
7.122044309067625256e-02
7.068045382528892473e-02
7.012421152712737527e-02
6.955341197579170687e-02
6.896966857769419590e-02
6.837451271639817529e-02
6.776939454399528995e-02
6.715568415546756265e-02
6.653467309090706217e-02
6.590757611748998546e-02
6.527553324521351286e-02
6.463961193535025518e-02
6.400080946465606935e-02
6.336005541144150432e-02
6.271821423308132637e-02
6.207608790856631448e-02
6.143441862114702029e-02
6.079389146077419231e-02
6.015513712641558375e-02
5.952342841839203258e-02
5.890020030091649983e-02
5.827982340697016039e-02
5.792811719474109944e-02
5.769229061373148254e-02
5.742265868439356408e-02
5.712079254501792325e-02
5.678827969689293625e-02
5.642671413370759642e-02
5.603768757721493826e-02
5.562278174527780783e-02
5.518356158010712109e-02
5.472156936568222524e-02
5.423831966473456612e-02
5.373529500730583192e-02
5.321394226729875276e-02
5.267566966476618789e-02
5.212184433488302460e-02
5.155379040885044173e-02
5.098398211686670095e-02
5.040491462307141596e-02
4.981473918400981110e-02
4.921460306468618956e-02
4.860560802385617551e-02
4.798881035255215394e-02
4.736522113664729666e-02
4.673580671379123919e-02
4.610148929491997977e-02
4.546314772841542062e-02
4.482161837964115242e-02
4.417769610954731807e-02
4.353213533031422694e-02
4.288565112439568505e-02
4.223892041047910828e-02
4.159258314380262500e-02
4.094724354006160777e-02
4.045728721256042909e-02
4.003981469353305039e-02
3.962796555015669908e-02
3.922166311829273361e-02
3.882083009515712585e-02
3.842538876511075036e-02
3.803526120337136912e-02
3.765036945897026061e-02
3.727063571920283952e-02
3.689598245627143114e-02
3.652633255787889055e-02
3.616160944276499561e-02
3.580173716256255384e-02
3.544664049102517339e-02
3.509624500159687355e-02
3.490783609548320232e-02
3.472851695830233426e-02
3.454825123170732204e-02
3.436712999285538445e-02
3.418524021020944575e-02
3.400266493446496563e-02
3.381948348135552923e-02
3.363577160641818831e-02
3.345160167176008253e-02
3.326704280557724741e-02
3.308216105395370837e-02
3.289701952545307645e-02
3.271167852912056778e-02
3.252619570514039132e-02
3.234062614942698893e-02
3.215502253194886528e-02
3.196943520886470075e-02
3.178391232876895400e-02
3.159849993404758445e-02
3.141324205616756460e-02
3.122818080662283571e-02
3.104335646253553876e-02
3.085880754831019090e-02
3.067457091230150687e-02
3.049068179977268769e-02
3.030717392201347921e-02
3.012407952132301059e-02
2.994142943323534201e-02
2.975925314449907877e-02
2.957757884890076239e-02
2.939643349933519431e-02
2.921584285776734902e-02
2.903583154188837251e-02
2.885642307016251379e-02
2.867763990364301935e-02
2.849950348638924033e-02
2.832203428318504773e-02
2.814525181601231635e-02
2.796917469810697790e-02
2.779382066668972112e-02
2.761920661389476866e-02
2.744534861660565678e-02
2.727226196428379421e-02
2.709996118600688925e-02
2.692846007606908287e-02
2.675777171850645536e-02
2.658790851044631059e-02
2.641888218458642024e-02
2.625070383068104848e-02
2.608338391613109625e-02
2.591693230561841962e-02
2.575135828032684357e-02
2.558667055618921507e-02
2.542287730129213011e-02
2.525998615299010833e-02
2.509800423438938305e-02
2.493693816980323968e-02
2.477679410031436227e-02
2.461757769842749105e-02
2.445929418247259901e-02
2.430194833031856447e-02
2.414554449288425567e-02
2.399008660719895158e-02
2.383557820918911010e-02
2.372257027904256174e-02
2.372870561556450833e-02
2.373216038269425690e-02
2.373297470104786255e-02
2.373118960368215957e-02
2.372684694424229482e-02
2.371998930978413966e-02
2.371065993743779257e-02
2.369890263369900732e-02
2.368476169863449263e-02
2.366828185231234852e-02
2.364950816588097873e-02
2.362848599488918261e-02
2.360526091653293926e-02
2.357987866982408712e-02
2.355238509813942921e-02
2.352282609606100652e-02
2.349124755765772538e-02
2.345769532828658605e-02
2.342221515919418878e-02
2.338485266380769395e-02
2.334565327762977080e-02
2.330466221957533043e-02
2.326192445627704719e-02
2.321748466855055523e-02
2.317138721936656473e-02
2.312367612511713119e-02
2.307439502717486060e-02
2.302358716718897955e-02
2.297129536323528828e-02
2.291756198761514540e-02
2.286242894677946447e-02
2.280593766300249847e-02
2.274812905673754757e-02
2.268904353193027315e-02
2.262872096123356991e-02
2.256720067374821947e-02
2.250452144313635702e-02
2.244072147814859738e-02
2.237583841318769445e-02
