6.098409726469148362e-01
6.099192340825881908e-01
6.097493561092793835e-01
6.184112088800375329e-01
6.188555044763293100e-01
6.252753435910092250e-01
6.394054918893732342e-01
6.473462017517724876e-01
6.749777609455190897e-01
7.425056766363042904e-01
1.078638970973421429e+00
1.031807966696276058e+00
7.948409372498386194e-01
9.157093345271050122e-01
1.049521407001284823e+00
1.139642259838283600e+00
1.169619086241537209e+00
1.373860387830316832e+00
1.694928287514640530e+00
1.643201766691632981e+00
1.490360196627085188e+00
1.653562742654467455e+00
1.440243428225627120e+00
1.400836574855452543e+00
1.555934940697165203e+00
1.410195645606326709e+00
1.381713316526888002e+00
1.228894727362985329e+00
1.467053693547438087e+00
1.144611529192716581e+00
1.162033454844686675e+00
1.146095965029693797e+00
1.298141210826785352e+00
1.363838013774347324e+00
1.424722417560923438e+00
1.587013598156609140e+00
1.880425387936128567e+00
1.912595216535619258e+00
1.822204181324398320e+00
1.939363555859130672e+00
2.083998420787394945e+00
2.028518749918547304e+00
2.299169755939569182e+00
2.450487477113157730e+00
2.250684203504039971e+00
2.695514749777913721e+00
3.015589343880781925e+00
3.092770341839662152e+00
3.111548962551499375e+00
2.803229725632244929e+00
2.675287164243271398e+00
2.852664892797078355e+00
2.947543867950348506e+00
3.140878075432896210e+00
3.430683656846660767e+00
4.015241932298693861e+00
3.967823655852438236e+00
3.581311950148822199e+00
3.356777321709434769e+00
3.006574905370652306e+00
3.151449683734637741e+00
3.748724975905775469e+00
4.065614467305326940e+00
4.076566787387633894e+00
3.884789088280286240e+00
3.676339188411834602e+00
3.570248452837128106e+00
3.643209724838659458e+00
3.610578504401581679e+00
3.454332314032760198e+00
3.433119014801952584e+00
3.551259893181502036e+00
3.739549336427118842e+00
3.884912625753370374e+00
3.976534646156441255e+00
3.965778190611994436e+00
3.905628657450143315e+00
4.042961622501143104e+00
3.782892252050168658e+00
3.266195781491227024e+00
2.825890717177496292e+00
2.447272042577032014e+00
2.068916665764340301e+00
1.740756142301448151e+00
1.499247486249998706e+00
1.311021759115185814e+00
1.151374793781886563e+00
1.032614773334950442e+00
9.401011630369893179e-01
8.915686342200280778e-01
8.548977160547550636e-01
8.145597270437507920e-01
7.723002788939943297e-01
7.344422572509393676e-01
7.075760475543177996e-01
6.949550352060620551e-01
6.949704613154115140e-01
7.019237176595920502e-01
7.083708677982729629e-01
7.108343613606974420e-01
7.351627413689157953e-01
7.417234109473623827e-01
7.258251839283075268e-01
6.888024958100752437e-01
6.828148506929668793e-01
6.759437976400238801e-01
6.544762014803843231e-01
6.226762955852552794e-01
6.105335106259995870e-01
5.912150821756695374e-01
6.019542178913714903e-01
6.005289748973716701e-01
5.870929525479999800e-01
5.614409615691765554e-01
5.246105737624165988e-01
4.789453912514916589e-01
4.543738126800881405e-01
4.703484619788291798e-01
4.832145153302442875e-01
4.922797657693637197e-01
4.976213917562780642e-01
4.990088921195761085e-01
4.959133612427141236e-01
4.891681802575165716e-01
4.777446258464735362e-01
4.622425464973060061e-01
4.427984313849888109e-01
4.191782915821334332e-01
3.928196306281853678e-01
3.692056763578488998e-01
3.775532090136219932e-01
3.767068192075501143e-01
3.754327341746570568e-01
3.761375063368583294e-01
3.669894597816538706e-01
3.663139811145775249e-01
3.639135963417960418e-01
3.556749300269543834e-01
3.468677540128607406e-01
3.422894568767012591e-01
3.323426599132190407e-01
3.189019592428622429e-01
3.042710493827575635e-01
2.899782377642540765e-01
2.778880158728200267e-01
2.685437836486635477e-01
2.622531832117628303e-01
2.586848503450144277e-01
2.570904077701795520e-01
2.566270089928341380e-01
2.558902485097992452e-01
2.539627045444997622e-01
2.502503980525850880e-01
2.439752040341953976e-01
2.350992435830077942e-01
2.267191065134911143e-01
2.202360327806306695e-01
2.213136953117290640e-01
2.251374634181969314e-01
2.266763737923493116e-01
2.259923736490457857e-01
2.233471825915514519e-01
2.188321768514561727e-01
2.127642971539699390e-01
2.057284301320358166e-01
1.977920679188791553e-01
1.896077560741736001e-01
1.813020209088436752e-01
1.731450492357698989e-01
1.655070210629974448e-01
1.584481242322740013e-01
1.520246991236024470e-01
1.462713103231837730e-01
1.429484911501041344e-01
1.406455948878024831e-01
1.385652860422898758e-01
1.366468721878897064e-01
1.348422929333782661e-01
1.331874580903865402e-01
1.315148116039988324e-01
1.297007240369284775e-01
1.276583923367093920e-01
1.254467909183807628e-01
1.228928357060893872e-01
1.199368777024600180e-01
1.179815533423714535e-01
1.179464275977278043e-01
1.179520249558503875e-01
1.179650492890258889e-01
1.179563974973054374e-01
1.179010228061255494e-01
1.177776839593081132e-01
1.175686184752376962e-01
1.172591733784302120e-01
1.168374215964034929e-01
1.162937868197203156e-01
1.156206943326926195e-01
1.148122603327542401e-01
1.138640277074127322e-01
1.128053592479486278e-01
1.116387825009140106e-01
1.103253329817637934e-01
1.088641881649554666e-01
1.072553755551068633e-01
1.054997705804902042e-01
1.035991187783361356e-01
1.015560745950555982e-01
9.938846726088351735e-02
9.713536334828895558e-02
9.475032373233689686e-02
9.223977923993376127e-02
9.027775842030531794e-02
9.063779955580918146e-02
9.096666045351503582e-02
9.123248574132093724e-02
9.142425163183733050e-02
9.153636195646312756e-02
9.156359583713689909e-02
9.150117495553394820e-02
9.134482617767410162e-02
9.109083818967812773e-02
9.077430381190802755e-02
9.036668672566351701e-02
8.985404858913839665e-02
8.923510338156130650e-02
8.850929171704603748e-02
8.767678878775476969e-02
8.673850335590907457e-02
8.574352512870199450e-02
8.464794303218164950e-02
8.345196810556336497e-02
8.215907826085520893e-02
8.077337411548120294e-02
7.929953612087350945e-02
7.774277688876737868e-02
7.613082644889382355e-02
7.446362019291173640e-02
7.272916381203733960e-02
7.093416950079911576e-02
6.908561739037627492e-02
6.967687633475797004e-02
7.048086284323050454e-02
7.087869533916729692e-02
7.081979007324164244e-02
7.040475599200726742e-02
6.957788740509071590e-02
6.844977730031480412e-02
6.698222431839730151e-02
6.528764940449148513e-02
6.335934566029655102e-02
6.124201956971113414e-02
5.903875830709699735e-02
5.698485322301615613e-02
5.735582217753471684e-02
5.768575860215998524e-02
5.797989780170384466e-02
5.822417192459435759e-02
5.841846291194059682e-02
5.856284667406981559e-02
5.865758381016572542e-02
5.870310980329083994e-02
5.870002479530159190e-02
5.864908303827674058e-02
5.855444975336866059e-02
5.843447324234512380e-02
5.826937586040669553e-02
5.806036836401047563e-02
5.780876477744790326e-02
5.751597164743852547e-02
5.718347747711097911e-02
5.681284239324950469e-02
5.640568809110597243e-02
5.597598255777161413e-02
5.552170325348580737e-02
5.503536935045962031e-02
5.451873474373847284e-02
5.397357313505187631e-02
5.340167018264308646e-02
5.280481609518699465e-02
5.218479867765074554e-02
5.154339683307074260e-02
5.088453930814505755e-02
5.022147899853904307e-02
4.954149552256689043e-02
4.884627887085872533e-02
4.813748642701645014e-02
4.741673900473404590e-02
4.668561729752081224e-02
4.657463437762923014e-02
4.668003675860271651e-02
4.667222241002146055e-02
4.652892366004199309e-02
4.624919039932351428e-02
4.583371306312419846e-02
4.533422436240788778e-02
4.597311615237877069e-02
4.654084777021763597e-02
4.704511688968483069e-02
4.748168964128424846e-02
4.783871221469644663e-02
4.811446691939568615e-02
4.830793322999038519e-02
4.841875308240752018e-02
4.844719271558623613e-02
4.841338004481567092e-02
4.830473786421000254e-02
4.811754434191256591e-02
4.785401504501060610e-02
4.751677847887393613e-02
4.711377304485594997e-02
4.666146328561333184e-02
4.614456456010548879e-02
4.556682912942738167e-02
4.493220974925592887e-02
4.424653569992106211e-02
4.353000142575304959e-02
4.276817772772443377e-02
4.196539758819332888e-02
4.112601843251895151e-02
4.025439148349106711e-02
3.936926464277464704e-02
3.845955946737438652e-02
3.752919678025069816e-02
3.702348296743906281e-02
3.674863576268474347e-02
3.643608484969202560e-02
3.609766193839989562e-02
3.573091831994315570e-02
3.533861699222184960e-02
3.492495791443604031e-02
3.448399465117311935e-02
3.402863320211366172e-02
3.355192597319784503e-02
3.305415790729302611e-02
3.300646545639269319e-02
3.302550534813310928e-02
3.303154518781135918e-02
3.302497332313399786e-02
3.300618729928402051e-02
3.297559213071894757e-02
3.293359867216713588e-02
3.288062208887696652e-02
3.281708042422493837e-02
3.274595400059195083e-02
3.266777342438311610e-02
3.258018062398770204e-02
3.248358863818254227e-02
3.237840807507576246e-02
3.226504618046879824e-02
3.214390598271305022e-02
3.201538551392572179e-02
3.187987710008197834e-02
3.173776672168302643e-02
3.158943343727693004e-02
3.143524887084210573e-02
3.127557675646124025e-02
3.111077253970647577e-02
3.094118303104161083e-02
3.076714610922146390e-02
3.058899047177012637e-02
3.040703542864384851e-02
3.022159073823136449e-02
3.003295648067514159e-02
2.984142296807591396e-02
2.964727068744893099e-02
2.945077027532156874e-02
2.925218252020685139e-02
2.905175839201418544e-02
2.884973909619951982e-02
2.864635614879420047e-02
2.844183147322521324e-02
2.823637751446189323e-02
2.803019737046777080e-02
2.782348493822290811e-02
2.761835407093007552e-02
2.741337724688339833e-02
2.720829783620778985e-02
2.700327714176096669e-02
2.679846818235319048e-02
2.659401589110841485e-02
2.639005732163151111e-02
2.618672185786787704e-02
2.598413142852804697e-02
2.578240072460534493e-02
2.558163741876066932e-02
2.538194238670108197e-02
2.518340992881709650e-02
2.498612799265766474e-02
2.479017839349019481e-02
2.459563703578491675e-02
2.440257413067776354e-02
2.421105441386281476e-02
2.402113735896571622e-02
2.383287738916604198e-02
2.364632408551265927e-02
2.346152239136823497e-02
2.327851281314714804e-02
2.309733161766548692e-02
2.291801102434829623e-02
2.274057939360713335e-02
