8.159821393979855841e-01
8.164969461568173381e-01
8.393824806717256060e-01
8.199370394589317046e-01
8.343831914920581960e-01
8.373920466355194714e-01
8.408396568181253361e-01
8.934632627129487359e-01
9.015940527188621711e-01
1.001468825876906665e+00
1.213658891573502929e+00
1.214859197840777894e+00
1.897391955986047263e+00
1.779264878076695533e+00
1.320944882337816262e+00
1.697670138303116527e+00
1.346999874003644848e+00
1.241704377273698423e+00
1.367820853051324725e+00
1.485190692326333828e+00
1.929135863331023160e+00
2.039882831281492503e+00
2.212614734142196227e+00
2.376708676120256492e+00
2.573125922962823164e+00
2.519951354812264732e+00
3.275622989280029707e+00
3.752780445594783298e+00
3.709050275811318187e+00
4.305982249206142143e+00
4.319618802367422461e+00
3.877256605870868178e+00
3.850207448634122898e+00
4.801061075933411360e+00
4.763068559786583833e+00
4.711120801171181149e+00
4.720815266111473285e+00
5.186593628921476906e+00
5.234542280677340287e+00
4.867307346336589013e+00
3.460849372633621801e+00
3.200785035227792452e+00
4.007356748202822061e+00
4.378278183549158875e+00
4.297392738533004852e+00
4.279779128256816279e+00
5.194147948296735429e+00
5.171595775280285245e+00
4.155746293549237969e+00
3.122704886957914816e+00
2.275896123649181479e+00
1.755997802315880429e+00
1.468555898970086648e+00
1.268302935190508407e+00
1.129520405938864158e+00
1.044652837612660701e+00
9.852589541638265835e-01
9.220145819420211275e-01
8.511617201823046264e-01
7.932807890183066757e-01
7.644917932449480924e-01
7.585226841006484921e-01
7.589343237896177818e-01
7.403945389029287227e-01
7.353380618399990576e-01
7.499154823299793993e-01
7.272239908721312984e-01
6.692387036898678199e-01
6.662756455473771711e-01
6.477245776793763010e-01
6.473289777889573715e-01
6.272662652835740982e-01
5.921213150157255134e-01
5.449418720091018242e-01
5.064909224242759578e-01
5.015731589507166355e-01
4.821295117864066171e-01
4.505184187842610766e-01
4.229700934816977842e-01
4.068844385668895502e-01
3.803023699330401186e-01
3.521810677337876005e-01
3.291725940484970248e-01
3.129015329147031288e-01
3.024970151177709954e-01
2.954284639350552299e-01
2.889925555737389296e-01
2.814403903539876017e-01
2.723328452485568318e-01
2.622639348750098742e-01
2.522730637724907576e-01
2.432649101556067506e-01
2.356421828488334813e-01
2.292144579478704869e-01
2.233345358785592538e-01
2.171569385213494296e-01
2.103841900725210157e-01
2.020850596886404893e-01
2.004740551336581245e-01
2.037152370975763294e-01
2.058322076303940595e-01
2.064426723754010096e-01
2.054005907619091964e-01
2.030952533020491946e-01
1.995901256460321793e-01
1.949984672573079891e-01
1.896659434296031066e-01
1.839211906221710491e-01
1.780404897140378251e-01
1.722321639803215121e-01
1.666377431517761520e-01
1.613445616615223066e-01
1.564037424370655349e-01
1.518481263994720387e-01
1.477061658630802465e-01
1.440096153417535774e-01
1.408038481148937426e-01
1.381146074970264204e-01
1.359663530402228648e-01
1.343749163705611205e-01
1.333296359139569676e-01
1.327865560998665040e-01
1.326652154222216495e-01
1.328495680463780415e-01
1.331929370526611922e-01
1.335263690451537200e-01
1.336693962359619126e-01
1.334420269913401957e-01
1.326767669212137735e-01
1.312295898874883404e-01
1.289889923279184947e-01
1.258825333086598663e-01
1.220883386560645961e-01
1.174735935635178724e-01
1.120085632480592036e-01
1.057793073426351871e-01
9.890489035958406616e-02
1.052959215649585667e-01
1.114818865366002526e-01
1.160058100825316768e-01
1.188279878752205310e-01
1.196056359725627960e-01
1.184741131777796580e-01
1.152425858829179972e-01
1.196919296712710690e-01
1.286755499989730711e-01
1.355966316714484199e-01
1.400667613998856365e-01
1.420497593587836116e-01
1.417657586154711935e-01
1.391447227605140391e-01
1.348975017040565938e-01
1.289881123252940021e-01
1.221933293960921346e-01
1.147539552113742006e-01
1.070951458325624522e-01
9.967497195309342473e-02
9.288406789515300799e-02
8.707000535080362813e-02
8.424810252619789608e-02
8.165873226004891072e-02
7.947569050275418712e-02
7.789845101029500840e-02
7.692063808712110151e-02
7.652770788063945062e-02
7.669159954748928920e-02
7.722134660295505715e-02
7.790184732121181732e-02
7.878591419168098908e-02
8.095461702112928537e-02
8.312377782383584268e-02
8.518303984190457590e-02
8.686579198096336385e-02
8.801082013682780258e-02
8.851363639177968479e-02
8.842262836667426351e-02
8.750619204542910146e-02
8.574981008003135230e-02
8.334132642495770127e-02
8.012420186835460256e-02
7.617538360484145399e-02
7.174325808610255983e-02
6.784620309577965580e-02
6.897252462379319105e-02
6.971643050666216646e-02
7.105762492078689097e-02
7.273223039409641710e-02
7.414999056174169378e-02
7.529337019941631515e-02
7.614992042498028302e-02
7.671203391622827272e-02
7.699102465005801255e-02
7.706054229489159302e-02
7.683783310891485752e-02
7.633030523197968653e-02
7.554849984315580025e-02
7.450569144692101298e-02
7.321748934518237939e-02
7.170817814501216636e-02
7.006909435772365469e-02
6.823572491004757656e-02
6.622887799049466395e-02
6.406998846699295258e-02
6.178081653759657371e-02
6.147324303731131062e-02
6.124320488633066412e-02
6.084638380469835350e-02
6.029134363723391565e-02
5.960885225289295347e-02
5.882848362098501427e-02
5.791644382342567982e-02
5.688329844936534929e-02
5.573988394288998532e-02
5.449719519311106708e-02
5.316628179264199644e-02
5.175815310744816267e-02
5.062043743799633094e-02
5.058125773424362870e-02
5.044804112579174410e-02
5.022505450371379104e-02
4.991680732483711608e-02
4.952800500819639490e-02
4.906350496226901531e-02
4.852827532414076550e-02
4.792735646102205815e-02
4.726582525903093995e-02
4.654876219973523577e-02
4.580867168146258994e-02
4.502531316545724249e-02
4.419953283070569144e-02
4.333614813513796821e-02
4.243986533137217992e-02
4.151526143516067607e-02
4.056676851867862393e-02
3.959866022361407945e-02
3.861504037808222850e-02
3.761983360409432153e-02
3.661677779081633916e-02
3.560941831487213910e-02
3.460110388344478372e-02
3.359498387737899772e-02
3.259400707415876369e-02
3.160092163271899929e-02
3.113667068285966982e-02
3.084667949749056101e-02
3.055862155826489721e-02
3.027255285343764118e-02
2.998852637559018194e-02
2.970659216997219298e-02
2.942679738480996621e-02
2.914918632319458622e-02
2.887380049690817241e-02
2.860067868174432509e-02
2.832985697447145540e-02
2.806136885120444693e-02
2.779524522719081445e-02
2.753151451768897154e-02
2.727020269999564164e-02
2.701133337640379203e-02
2.675492783796210375e-02
2.650100512880193548e-02
2.624958211111348347e-02
2.600067353049239846e-02
2.575429208130787864e-02
2.551044847257056408e-02
2.526915149333423122e-02
2.503040807835122880e-02
2.479422337327098422e-02
2.456060079939937149e-02
2.432954211829826269e-02
2.410104749537351002e-02
2.387511556315634678e-02
2.365174348372775862e-02
2.343092701018113094e-02
2.321266054736860485e-02
2.299693721159913606e-02
2.278374888920644409e-02
2.257308629423366436e-02
2.236493902477215343e-02
2.215929561828134872e-02
2.195614360558628686e-02
2.175546956359861520e-02
2.155725916693864222e-02
2.136149723805368106e-02
2.116816779614470734e-02
2.097725410458838730e-02
2.078873871734524675e-02
2.060260352358701808e-02
2.041882979133002873e-02
2.023739820950286317e-02
2.005828892875475764e-02
1.988148160094296846e-02
1.970695541715098559e-02
1.953468914452355029e-02
1.936466116179901345e-02
1.919684949336707483e-02
1.903123184227666076e-02
1.886778562179666080e-02
1.870648798596052237e-02
1.854731585858816409e-02
1.839024596148793045e-02
1.823525484105480848e-02
1.812160127822474986e-02
1.801052966259695381e-02
1.788276919782713983e-02
1.797422700230817336e-02
1.808909899319151651e-02
1.818801506339078403e-02
1.827081356096951770e-02
1.833740926813460029e-02
1.838778884165712113e-02
1.842200622145483829e-02
1.844017803997067065e-02
1.844857538208360959e-02
1.844184201863962452e-02
1.841969858218155814e-02
1.838245042652634012e-02
1.833044458539735341e-02
1.826406566576011317e-02
1.818373187324908227e-02
1.808989117961178061e-02
1.798301764118348522e-02
1.786360787490435392e-02
1.773217769754199813e-02
1.758925893111148997e-02
1.743539637760539024e-02
1.727114496369066415e-02
1.709706705465397977e-02
1.691531299942503411e-02
1.672852690388280938e-02
1.653342422644107565e-02
1.633057054338607136e-02
1.612052863437236916e-02
1.590385673050336707e-02
1.568110691001332185e-02
1.545282363682567300e-02
1.521954243518673297e-02
1.498178869724866094e-02
1.474007661516242226e-02
1.449490823438993707e-02
1.424677262010609451e-02
1.399614513251836757e-02
1.374348680378424843e-02
1.348924381160596445e-02
1.323384704313794284e-02
1.311861478377215028e-02
1.303346780087708857e-02
1.294940385534634406e-02
1.292788137853130223e-02
1.293540985962584287e-02
1.294086651322176595e-02
1.294428284494295034e-02
1.294569147645712771e-02
1.294512601215568222e-02
1.294262091371477762e-02
1.293821138209109295e-02
1.293193324701621960e-02
1.292382286335066501e-02
1.291391701418914510e-02
1.290225282025034628e-02
1.288886765551578578e-02
1.287379906843589931e-02
1.285708470903442965e-02
1.283876226107486321e-02
1.281886937938690740e-02
1.279744363141526592e-02
1.277452244453199971e-02
1.275014305620591169e-02
1.272434246923214406e-02
1.269715741061891792e-02
1.266862429361773415e-02
1.263877918395784478e-02
1.260765776885119406e-02
1.257529532913257211e-02
1.254172671416753371e-02
1.250698632001724479e-02
1.247110806924506959e-02
1.243412539401725532e-02
1.239607122066178901e-02
1.235697795709516690e-02
1.231687748141914278e-02
1.227580113290595472e-02
1.223425191663055946e-02
1.219237591270306773e-02
1.214959961050422407e-02
1.210595204305977245e-02
1.206146169791874438e-02
1.201615651539499584e-02
1.197006388815361790e-02
1.192321066185609429e-02
1.187562313639331166e-02
1.182732706831499982e-02
1.177834767401416717e-02
1.172870963341992798e-02
1.167843709454375462e-02
1.162755367852755586e-02
1.157608248522931128e-02
1.152404609934468832e-02
1.147146659681387917e-02
1.141836555172393367e-02
