0.000000000000000000e+00
4.449219280173851017e-15
1.376978507580370979e-13
5.285453066312790898e-13
3.793639184024817059e-12
8.495856272178502663e-12
3.519866956664696585e-11
8.883018645900926464e-11
1.963191105471588986e-10
4.626018649457625117e-10
8.082815344995934052e-10
1.721807511704684148e-09
3.010007499706842703e-09
5.047555509303142051e-09
8.388118976472735385e-09
1.238019017242896186e-08
1.952444269620125294e-08
2.824862887457265941e-08
4.013268236214223047e-08
5.618066961319048593e-08
7.431062374597804388e-08
9.881508533234951586e-08
1.245346012183406671e-07
1.526842257035709917e-07
1.796714169598717333e-07
2.060773916017077627e-07
2.261083667545066213e-07
2.444289094152948926e-07
2.593285870920620420e-07
2.764116674487595744e-07
2.945864491454224570e-07
3.231770151522684502e-07
3.514030575555350901e-07
3.789000527516431290e-07
3.755692221598502620e-07
3.568244786741065981e-07
2.166694275482893831e-07
1.063182286319055238e-08
-3.271708889404688101e-07
-8.215543970846020313e-07
-1.394228303398970726e-06
-2.178605143073705745e-06
-3.012098874831118334e-06
-3.943826390753900463e-06
-4.936517737926950875e-06
-5.959691000725135853e-06
-7.065496434660020705e-06
-8.207814519019920781e-06
-9.423157904229845377e-06
-1.071564883580136745e-05
-1.204671354055368404e-05
-1.343347359011312328e-05
-1.480523640010273329e-05
-1.614700473095268988e-05
-1.742622462045706667e-05
-1.867417028928865271e-05
-1.990103757680697979e-05
-2.116468862575848637e-05
-2.250190719757632485e-05
-2.389776695615793026e-05
-2.532294730812141066e-05
-2.642968445478039360e-05
-2.715191376752013719e-05
-2.710512741242139192e-05
-2.560916239496433274e-05
-2.338860804632812845e-05
-1.820427723059538043e-05
-1.195161222679737155e-05
-3.562278846868918898e-06
6.741985505022662613e-06
1.800371534289581618e-05
3.143812959364470033e-05
4.529855963465887153e-05
6.001102125620333221e-05
7.481884366764891305e-05
8.967434647404504719e-05
1.031940503854343383e-04
1.157489008740395279e-04
1.263740445170765823e-04
1.345606777866107306e-04
1.415280558693934258e-04
1.459665277030783423e-04
1.506811843888771082e-04
1.559482107789035457e-04
1.646326399077498951e-04
1.750257704060063631e-04
1.930330106215447203e-04
2.128989326915199849e-04
2.364822184703691996e-04
2.589643189715232219e-04
2.808958268338296749e-04
2.911759504794924919e-04
2.948027865850287067e-04
2.851230476103121508e-04
2.602675203938371873e-04
2.278240990564829658e-04
1.759787759663184912e-04
1.198985014881760687e-04
5.534832423407875330e-05
-1.368974800809244778e-05
-8.497176774430054429e-05
-1.598496727520912252e-04
-2.353931044174665632e-04
-3.122675893980112697e-04
-3.883613499010007421e-04
-4.640647481652125975e-04
-5.323837775663013737e-04
-5.959351475613761150e-04
-6.499511987444233285e-04
-6.925398125998646123e-04
-7.294147077915034191e-04
-7.533517841023829346e-04
-7.758749966311139726e-04
-7.955704815955481641e-04
-8.161693961295295131e-04
-8.372200254482844951e-04
-8.545759800110485456e-04
-8.650519619929962576e-04
-8.617679988133093412e-04
-8.305360290401694575e-04
-7.853300559703027105e-04
-6.852975577164002654e-04
-5.688961012693806267e-04
-4.197567284361277936e-04
-2.550407647717792140e-04
-8.253650569188263921e-05
7.594266019190702808e-05
2.179086752449323986e-04
3.268483886364303547e-04
3.884691240997857967e-04
4.264303705990715536e-04
3.927811472682924830e-04
3.422661291660398218e-04
2.580195215208409549e-04
1.660713929210973542e-04
7.027250384408164393e-05
1.262309900486392245e-05
-1.609706859487640361e-05
1.304123828433614686e-05
1.212422199311376486e-04
2.689745389617336445e-04
5.342391759645093944e-04
8.243961048736232668e-04
1.164337617595404819e-03
1.501450046999989714e-03
1.837147934745975847e-03
2.076542736594336972e-03
2.260160162767355790e-03
2.332222837589693031e-03
2.280629840327316575e-03
2.167209007022581537e-03
1.916967221641930176e-03
1.655057244072801175e-03
1.369810882126717760e-03
1.138660512945730268e-03
9.345581401472892197e-04
8.933135858195404098e-04
9.097766298006929866e-04
1.041654870399644651e-03
1.242964569934959084e-03
1.478989998938452137e-03
1.696329489484151671e-03
1.864177137074157211e-03
1.933041098752778233e-03
1.843613136093034217e-03
1.675039211264107248e-03
1.250954490527049837e-03
7.606128602559907113e-04
1.377574109168915126e-04
-5.429947787094131263e-04
-1.252695338479321028e-03
-1.916571497853591412e-03
-2.527132814191234041e-03
-3.031064444455623327e-03
-3.387484526950082162e-03
-3.670148835559573601e-03
-3.741831953962123855e-03
-3.768703919463266792e-03
-3.705953579161598132e-03
-3.628377842315862363e-03
-3.543389407198093040e-03
-3.539138225189037822e-03
-3.579856189569232891e-03
-3.710512446727925063e-03
-3.922766877863047286e-03
-4.175820395986382799e-03
-4.478660602788051871e-03
-4.760809839921345543e-03
-5.001577137717889282e-03
-5.116398124347910741e-03
-5.168245955394669758e-03
-4.916871157670919465e-03
-4.543276093612288666e-03
-3.925240496883862160e-03
-3.085935750521745166e-03
-2.135996429342778592e-03
-1.019121892819782951e-03
6.183925497906255127e-05
1.070973625329610379e-03
1.812858538864696662e-03
2.421118723992047618e-03
2.449696019904752664e-03
2.297889647064773732e-03
1.785315936719430530e-03
1.085376717938212662e-03
2.917547449390586528e-04
-4.097250322503386824e-04
-9.727186361285614135e-04
-1.258739893384527419e-03
-1.168484413990703713e-03
-8.900905662719662322e-04
-9.633066772107672093e-05
8.095411666697080845e-04
1.939636872740163132e-03
3.151557288720970452e-03
4.404390059656872539e-03
5.592865327851637147e-03
6.711334789420663610e-03
7.689792637738372509e-03
8.461006755413381236e-03
9.128599007767104062e-03
9.454910783418936024e-03
9.693468175838869730e-03
9.756516801794979168e-03
9.769381571157555871e-03
9.757154412223367074e-03
9.894306434311267787e-03
1.012539245908175393e-02
1.054434648921742310e-02
1.110476664165797184e-02
1.173591985525098552e-02
1.229351852299201062e-02
1.269288156273466750e-02
1.277577334648061919e-02
1.230720073267059511e-02
1.156289592008253285e-02
9.834132308711229092e-03
7.814877482010026966e-03
5.214640224649300451e-03
2.286661666538391483e-03
-8.051875419474159405e-04
-3.808935533175804560e-03
-6.566086968739363525e-03
-8.830045292973664334e-03
-1.024739552621840334e-02
-1.124144171396851237e-02
-1.078500396609031325e-02
-9.955966012866166587e-03
-8.381727648950228898e-03
-6.605980748665826394e-03
-4.729479580197311177e-03
-3.564150710247460108e-03
-2.891816313317321918e-03
-3.205470862426454664e-03
-4.608107339499339407e-03
-6.555234780554170838e-03
-9.616664204217213047e-03
-1.275272606516475449e-02
-1.603805280068142797e-02
-1.895097161660135032e-02
-2.167768647272308100e-02
-2.351426791119811191e-02
-2.509145010244224344e-02
-2.614983379922436110e-02
-2.685230593458639778e-02
-2.737682228923835059e-02
-2.740305750097701137e-02
-2.717595069347671782e-02
-2.644215984749852255e-02
-2.498015857029076484e-02
-2.315405207746817559e-02
-2.016683589888703873e-02
-1.690339906317072857e-02
-1.308752091318449856e-02
-9.077113171839682609e-03
-4.969440634815838233e-03
-9.329823655459604237e-04
3.095503838529512636e-03
7.108045912216717430e-03
1.132579268911929407e-02
1.564614181762984460e-02
2.048028576760384245e-02
2.538948501769496685e-02
3.044879486802055599e-02
3.512560756047964500e-02
3.961117167400577538e-02
4.259382100912281061e-02
4.489264541828941885e-02
4.582381997555489556e-02
4.546181258895643645e-02
4.445321423042603720e-02
4.214796975154747050e-02
3.966654230803368097e-02
3.683274893524914051e-02
3.399446563624466261e-02
3.115393737413002864e-02
2.848295676714552097e-02
2.586578901362949698e-02
2.335624696705079426e-02
2.096299288874963959e-02
1.862788279458741508e-02
1.653490976547886127e-02
1.450655753578111197e-02
1.260744690490469763e-02
1.059120598949611115e-02
8.516399931821272071e-03
5.561301420113488533e-03
2.059215026579228058e-03
-2.536847130607299775e-03
-8.460103642248214748e-03
-1.504695733111665809e-02
-2.315783558942763679e-02
-3.131724864118853868e-02
-3.957373127984821493e-02
-4.662230527255507850e-02
-5.306692494228507084e-02
-5.584464508956309831e-02
-5.707391716486755889e-02
-5.520629309622527431e-02
-5.052333175862899761e-02
-4.443270178655561037e-02
-3.593357118767320085e-02
-2.749799256930404029e-02
-1.918951791196248785e-02
-1.261532617783047046e-02
-6.908275905303656872e-03
-5.143178908154940124e-03
-4.665946762863768492e-03
-6.764444321287452905e-03
-1.066489044115600214e-02
-1.546631084174717938e-02
-2.149240875334844716e-02
-2.755526277389309248e-02
-3.369162901232367058e-02
-3.952359363442891488e-02
-4.520335744837172820e-02
-5.007750315655520867e-02
-5.448945860889029685e-02
-5.797703354952801758e-02
-5.994238893334031398e-02
-6.114663453873976640e-02
-5.930106529063795817e-02
-5.644001847880148609e-02
-5.154801653949542956e-02
-4.529439624926895336e-02
-3.835996678358190998e-02
-3.084157388503289826e-02
-2.340647869613422805e-02
-1.613797892653723309e-02
-8.617522370050003516e-03
-9.710874201181521077e-04
8.973739032682779768e-03
2.032151477541804113e-02
3.447518909802328724e-02
5.156203295943257575e-02
7.011546159024492630e-02
9.058685906258985565e-02
1.101795452343183046e-01
1.280148088048115584e-01
1.409883944881006879e-01
1.515311412277881020e-01
1.522475007149847182e-01
1.499350136890396923e-01
1.415648336368116877e-01
1.294279100677983019e-01
1.154076147403930719e-01
1.000025814541505853e-01
8.517707303324029144e-02
7.151061434299228747e-02
5.967595269086781867e-02
4.875718955780430214e-02
3.982310156977382498e-02
3.107339970795394354e-02
2.269247009855640193e-02
1.393217466940739266e-02
4.982196330383231557e-03
-5.036895281838290987e-03
-1.545024471833113255e-02
-2.665210980336794183e-02
-3.863263620354438765e-02
-5.100249326129144278e-02
-6.426860489922125996e-02
-7.750714992335282216e-02
-9.069056171988611192e-02
-1.024884802999765920e-01
-1.135936522718461322e-01
-1.199022934089768594e-01
-1.237901462864093860e-01
-1.228364226444449980e-01
-1.164030851249502618e-01
-1.072299406666907540e-01
-9.127173259334621369e-02
-7.431505881172964512e-02
-5.536145361356686889e-02
-3.777484713641508784e-02
-2.087174001976782600e-02
-1.051198093033255121e-02
-3.050449290347006636e-03
-1.385372549261915630e-03
-4.753704389210505060e-03
-1.063874051967570941e-02
-2.002522034758499880e-02
-2.880866123922319610e-02
-3.638602425831703041e-02
-3.981504653794520204e-02
-4.116989844784082336e-02
-3.443414467468074863e-02
-2.535640289172318845e-02
-1.159468508917071289e-02
4.786765525600140785e-03
2.247808254648000700e-02
4.047955986782496296e-02
5.760981444153045333e-02
7.299762351996069709e-02
8.544576634338019172e-02
9.642407603929548099e-02
1.021479609046504339e-01
1.060832313275916761e-01
1.064412728657050528e-01
1.037162012214715850e-01
9.944957298606484086e-02
9.241491232988893745e-02
8.538784976339772181e-02
7.837598337627527112e-02
7.318761602225766494e-02
6.891099818479207162e-02
6.847824432758786717e-02
6.880330591802219509e-02
7.064399840373326855e-02
7.138649229337626356e-02
7.157988688498528873e-02
6.575328558192251871e-02
5.716451310705273486e-02
4.305139828856936746e-02
2.444972794296474197e-02
3.603779833797786120e-03
-1.886644447195404486e-02
-3.973331083490048987e-02
-5.739346131223703462e-02
-6.866279730421274985e-02
-7.673672605350921605e-02
-7.419180856685052283e-02
-6.905345645108099117e-02
-5.872823507708907487e-02
-4.657703900114743695e-02
-3.351285557423244743e-02
-2.267039827655503020e-02
-1.367495017724423660e-02
-8.373520474666721475e-03
-7.725041677022865053e-03
-9.403038331845295014e-03
-1.826438052193947448e-02
-2.936060745161270941e-02
-4.492660386044050602e-02
-6.405398041507058549e-02
-8.496204704260156004e-02
-1.082368466730160572e-01
-1.306614620434835283e-01
-1.513857088940614992e-01
-1.664467860253018849e-01
-1.786762782968737695e-01
-1.775897422873950193e-01
-1.716224534825424863e-01
-1.558936590869449690e-01
-1.326401442771335815e-01
-1.056242692602133160e-01
-7.448652708679237566e-02
-4.474378700336031217e-02
-1.779105109990641864e-02
2.209186179921676652e-03
1.873317414793374686e-02
2.286597027848718405e-02
2.373638352529532439e-02
1.808203100461149709e-02
9.631553070294455315e-03
-2.169875708392526587e-04
-8.181758113342315480e-03
-1.406496969744242161e-02
-1.578506336473559785e-02
-1.226224113422300609e-02
-6.117960954807881609e-03
7.062080316519698565e-03
2.184637791844450810e-02
3.983918818156526737e-02
5.928650662105344749e-02
7.946107914872699296e-02
9.915485467038630263e-02
1.177426377089191845e-01
1.341184357811998074e-01
1.462335835258790351e-01
1.562184061067587171e-01
1.570944631856348861e-01
1.545499294932576040e-01
1.451642142583725592e-01
1.299254118134651192e-01
1.117600657635481748e-01
8.889389198667793646e-02
6.617784962413249261e-02
4.376207009023470873e-02
2.423376451662936915e-02
6.149195923169073832e-03
-6.774992505600393664e-03
-1.873878469924245699e-02
-2.878178442262677161e-02
-3.931243709726318925e-02
-5.008691624752564103e-02
-6.398252380403079975e-02
-7.869481726708715819e-02
-9.504048254324792833e-02
-1.104431083470946151e-01
-1.253742144147850512e-01
-1.333510640820242676e-01
-1.373645452500327213e-01
-1.334512894195817589e-01
-1.200304450751413787e-01
-1.018558064737053320e-01
-7.055997535556482458e-02
-3.637323705314311761e-02
3.595315617841758626e-03
4.489882428035382039e-02
8.686981093862407299e-02
1.234937586375381563e-01
1.561871609361480673e-01
1.810194724341508132e-01
1.951791082373434960e-01
2.040024061931329513e-01
1.957370041025709995e-01
1.826072849345367344e-01
1.597489316115626168e-01
1.310926728539607011e-01
9.953746137904526115e-02
6.748244648949722202e-02
3.800256938324758638e-02
1.367296784358770084e-02
-2.069950166183034436e-03
-1.351952641100969202e-02
-1.263401458472989541e-02
-9.836136605508648961e-03
-3.213526320405521094e-03
7.725022648788527901e-04
3.440240000254262982e-03
-5.347887135756781637e-03
-1.818579023434026623e-02
-3.912324525806970543e-02
-6.360537311734175414e-02
-8.985983739438208051e-02
-1.112223605594486325e-01
-1.285957215635079587e-01
-1.379907582455526249e-01
-1.396478927347621635e-01
-1.374360761275550402e-01
-1.302237506883194840e-01
-1.236523064188554399e-01
-1.183626244889360302e-01
-1.151130877112803569e-01
-1.128836235097564061e-01
-1.077784894836086999e-01
-9.900975096500683192e-02
-8.291380346149766767e-02
-5.758464942779144280e-02
-2.763889212898396411e-02
9.791537600141512337e-03
4.555335056443670511e-02
7.797792999907222911e-02
1.001527130625069761e-01
1.172025979403435170e-01
1.178068172547443032e-01
1.157934651490880595e-01
1.085449702033170760e-01
1.035175609271504760e-01
9.960069448578688645e-02
1.035027200717882623e-01
1.078381230362890769e-01
1.130402807577893382e-01
1.102866223439675636e-01
1.035550558624855205e-01
7.498817242071761924e-02
3.980218092021887977e-02
-8.622026697730406086e-03
-6.051847239010536839e-02
-1.141510371196929330e-01
-1.532909348667080840e-01
-1.829389101178192090e-01
-1.936030403771342168e-01
-1.843128328538575500e-01
-1.650454564392828671e-01
-1.259680072350851110e-01
-8.522743346899627759e-02
-4.116061057912621252e-02
-1.855033685814872629e-03
3.506992020922069381e-02
5.875021385363329851e-02
7.757111860804838388e-02
8.667324558246711219e-02
8.644444794271304022e-02
8.155018799587197831e-02
6.400501210233121296e-02
4.333041335603608074e-02
1.639696890422900205e-02
-1.252844306013151110e-02
-4.244983878076979272e-02
-6.702915234032318093e-02
-8.762299661669965822e-02
-1.002459023267178589e-01
-1.038555358255023459e-01
-1.029585332186705726e-01
-9.204709988475168192e-02
-7.945219614195227209e-02
-6.349035158139075541e-02
-4.560567647392899104e-02
-2.675958609301512525e-02
-3.299804401385122987e-03
2.248985188026856458e-02
5.293925734196837374e-02
8.682147170806769898e-02
1.224200905263618244e-01
1.551465659457699209e-01
1.832977730341932565e-01
2.022984434606457382e-01
2.074827529204705256e-01
2.057588818969798561e-01
1.851702008713221326e-01
1.616061094783157459e-01
1.320911973506086190e-01
1.043876712394647965e-01
7.758983813660118301e-02
5.937574178128537938e-02
4.299887207741746181e-02
3.029645567644919518e-02
1.556081446915523817e-02
-1.914391413014292513e-04
-2.549855618749518466e-02
-5.340619259570674598e-02
-8.651486772795702329e-02
-1.178906583950613263e-01
-1.484000068295940611e-01
-1.631237900099084259e-01
-1.700399384789865187e-01
-1.613408175255962307e-01
-1.392372647809977382e-01
-1.104314961407998896e-01
-7.475388489238359024e-02
-4.219785488954364006e-02
-1.588498737785722786e-02
-2.913565719103603825e-03
3.387133013181011908e-03
-1.030441750818631222e-02
-2.754107633734328986e-02
-5.186795178208268575e-02
-7.515490239449988674e-02
-9.792189059075712132e-02
-1.112103771209533160e-01
-1.211128004096264643e-01
-1.242430972152518270e-01
-1.231016843194077948e-01
-1.198244165728293564e-01
-1.124880463128214991e-01
-1.028585642187737070e-01
-8.864285845664594821e-02
-6.569895558864255469e-02
-3.839095416769803398e-02
5.342086266068420131e-03
5.277933458712040504e-02
1.076249986827414601e-01
1.604920070500616136e-01
2.123696875532227746e-01
2.450241209750909921e-01
2.681855521864270897e-01
2.723609789766964218e-01
2.596225393132148285e-01
2.384271664228583831e-01
2.050574299383640109e-01
1.726209132839192362e-01
1.420508362895711585e-01
1.187821234188805725e-01
9.916409261001690734e-02
8.849778856238510460e-02
7.790161284477051251e-02
6.744569378719308950e-02
5.146736507447530889e-02
3.272783153418770685e-02
3.044582022763579754e-03
-2.887558202204986574e-02
-6.526957513364602115e-02
-1.007599893082326142e-01
-1.357986140143168097e-01
-1.619577495014824231e-01
-1.838232138235166291e-01
-1.971013358152903794e-01
-2.019060872081440694e-01
-2.024741533015374240e-01
-1.937112569085886471e-01
-1.835532709906834425e-01
-1.706051060228649940e-01
-1.585774483776375698e-01
-1.470100443937073231e-01
-1.415335601219852579e-01
-1.389505410312428246e-01
-1.421544523024606543e-01
-1.508198119778845769e-01
-1.622158958554113239e-01
-1.780936846142137653e-01
-1.934722817950962626e-01
-2.078524958201348471e-01
-2.169661685760047587e-01
-2.234465706972907084e-01
-2.172963310792260516e-01
-2.064239649764474660e-01
-1.861073459042424383e-01
-1.576476439776303140e-01
-1.251164006238116577e-01
-8.471250698281647395e-02
-4.328829888844898388e-02
1.765381126625775732e-04
4.323990445837774116e-02
8.610253547638875571e-02
1.261644430877879863e-01
1.647067595624497061e-01
2.002098937636360154e-01
2.309880760382424236e-01
2.594037823495544681e-01
2.775395562775599401e-01
2.915849023223886505e-01
2.974493926008632827e-01
2.961177838469312151e-01
2.911881255767965193e-01
2.808017823854299655e-01
2.707728851446778995e-01
2.614588798051574736e-01
2.550871355771650584e-01
2.501865219049363986e-01
2.470059165883295715e-01
2.419255992011846434e-01
2.330458576729640130e-01
2.156574545046613389e-01
1.940147205163150201e-01
1.582801693970498080e-01
1.198707095306961595e-01
7.611143217016708151e-02
3.370290080247209663e-02
-8.030257568799480453e-03
-3.969785099040197551e-02
-6.738687455215014444e-02
-8.711875839418863066e-02
-1.013902362150029268e-01
-1.129315110252028659e-01
-1.212307856249932175e-01
-1.289872193784513399e-01
-1.356579714392455172e-01
-1.393365053242124896e-01
-1.415189301212663175e-01
-1.347463843477795242e-01
-1.244058158098255568e-01
-1.069292017429409880e-01
-8.450686254036973710e-02
-5.961166076995546431e-02
-3.425497734065199168e-02
-1.099762174881881160e-02
8.061078168079407330e-03
2.090679062636285543e-02
3.064600935533950965e-02
3.270950370281394681e-02
3.366581938697393861e-02
3.240777774450562948e-02
3.147012316109225327e-02
3.069266210720653434e-02
3.116543896611657927e-02
3.116152402705378230e-02
3.020422549204518706e-02
2.528069283958177260e-02
1.837404312839133538e-02
1.771263409857969096e-03
-1.830385760326203037e-02
-4.532366120555861994e-02
-7.721971398522332886e-02
-1.115538913535729648e-01
-1.473611184894383641e-01
-1.816305822182464336e-01
-2.128245191329311559e-01
-2.384594201447031714e-01
-2.613148032050191527e-01
-2.756300902904090799e-01
-2.878228419024885798e-01
-2.957705225679510552e-01
-3.005949057880672459e-01
-3.038576402855102110e-01
-3.010302917594319116e-01
-2.946237345799918583e-01
-2.810587600938303510e-01
-2.570794498315194243e-01
-2.278929716811369244e-01
-1.824726740140493186e-01
-1.337710317954124151e-01
-7.850670047367110105e-02
-2.445704418149597520e-02
2.898527459589859967e-02
6.968320680450593163e-02
1.050149195374877747e-01
1.296141933192193618e-01
1.481696253038853606e-01
1.637031363900200986e-01
1.836744319914279666e-01
2.088134111046523189e-01
2.442877572415068366e-01
2.903105970300564054e-01
3.416076836444412179e-01
3.964406683365464534e-01
4.463078555467144271e-01
4.862434477930105969e-01
5.071738611338809655e-01
5.186016850220357410e-01
5.010314662079151660e-01
4.780059082268836579e-01
4.440696719120424407e-01
4.108383400541332775e-01
3.779594604246899747e-01
3.573358399492356230e-01
3.403331584280914757e-01
3.305723548155656277e-01
3.201584244876606311e-01
3.094179308020659214e-01
2.838874077678081864e-01
2.510203672871257341e-01
2.034802919135888233e-01
1.428746892501387422e-01
7.573632294173560098e-02
-2.425007861500086404e-03
-8.139935876583345720e-02
-1.619997498723617646e-01
-2.409392321171009155e-01
-3.190482599309244494e-01
-3.922014880182607133e-01
-4.623896334306146771e-01
-5.266476134930055952e-01
-5.798863331629083850e-01
-6.276154226365655564e-01
-6.499028748428363755e-01
-6.622538211198073510e-01
-6.547317555381719778e-01
-6.305995099158817618e-01
-5.981621742732684543e-01
-5.543433137113333853e-01
-5.119703893769657066e-01
-4.724893374977323646e-01
-4.422244773294835007e-01
-4.165677130167280695e-01
-4.030975490364159253e-01
-3.900211322906578792e-01
-3.777322100140030892e-01
-3.572799792156712284e-01
-3.327460941565029695e-01
-2.874570647387207356e-01
-2.351319817429097236e-01
-1.687347915910448193e-01
-9.224569449251092401e-02
-1.071064392066294058e-02
7.779148810557996729e-02
1.660277373933178036e-01
2.537322212040455383e-01
3.357512970593305446e-01
4.149276689368934234e-01
4.765072697171140459e-01
5.290622610654609481e-01
5.635680335500322657e-01
5.763634748274388819e-01
5.783037505012690316e-01
5.513724079076192108e-01
5.195600446133639139e-01
4.779856399178999959e-01
4.397144921318340005e-01
4.030949728004645238e-01
3.868399325091932406e-01
3.784337790647372413e-01
3.857253993139075354e-01
4.019595267426706031e-01
4.226649077612276706e-01
4.399559927646535806e-01
4.515067384440338283e-01
4.515768054753260263e-01
4.371692633681375506e-01
4.155229166917125960e-01
3.762693464607317351e-01
3.334180632136722333e-01
2.833713539344574484e-01
2.286484355295557991e-01
1.715874125618100654e-01
1.071520727696209513e-01
4.000255305752367652e-02
-3.257532649435410099e-02
-1.082414280947079643e-01
-1.854516407192990102e-01
-2.584249836041052628e-01
-3.265924954163477167e-01
-3.851483450834650157e-01
-4.307437064110778979e-01
-4.698588235689409864e-01
-4.936808981030698096e-01
-5.162129139941351585e-01
-5.361648125990741143e-01
-5.611183628439506688e-01
-5.885727389087944683e-01
-6.263317155049886731e-01
-6.641628275810909088e-01
-7.021382106170092063e-01
-7.270186964436695654e-01
-7.453517336656942938e-01
-7.239701842464215664e-01
-6.862821463144067602e-01
-6.159811313569161229e-01
-5.184500196115678916e-01
-4.073038594722870331e-01
-2.784987492081156812e-01
-1.532671046672032245e-01
-3.518239157287528229e-02
6.162192663721337976e-02
1.477860474051880812e-01
1.961324935090572319e-01
2.349525166314306024e-01
2.547196937908174363e-01
2.667120214180562776e-01
2.748169242792221079e-01
2.862046743432724583e-01
3.009283590228868932e-01
3.223239129336275544e-01
3.491655857542646513e-01
3.787303180298484673e-01
4.099980825124008854e-01
4.396176520072061500e-01
4.659408315265179956e-01
4.858464942597632841e-01
5.025433985999699926e-01
5.065893887648410532e-01
5.056235256404156830e-01
4.946339559374003381e-01
4.723906027513855577e-01
4.445203578238696163e-01
3.994670608855012128e-01
3.494928047757302481e-01
2.896766303231808615e-01
2.237648511108016880e-01
1.548052695185091754e-01
8.506382882309633520e-02
1.831408021175879100e-02
-4.245228423142975022e-02
-9.138419779552020561e-02
-1.343988859200637154e-01
-1.551865819099153554e-01
-1.695132911536685327e-01
-1.709180269052283097e-01
-1.663581765251267164e-01
-1.588160330791960340e-01
-1.559915622803068058e-01
-1.577243115504516069e-01
-1.685715009586620516e-01
-1.867460603460098789e-01
-2.085843047229214986e-01
-2.266400613283668097e-01
-2.371175709242068497e-01
-2.324385865008403718e-01
-2.053039350792885687e-01
-1.669414501586411193e-01
-1.004321398457861531e-01
-3.143172286771590135e-02
4.255090744074819381e-02
1.047161249592506310e-01
1.609726360827753722e-01
1.825190511595433107e-01
1.917407334719151979e-01
1.763129502555015049e-01
1.425266460217745612e-01
9.956108127937819685e-02
4.158991335521950578e-02
-1.842328559560698145e-02
-8.252054659976797157e-02
-1.474001626412937971e-01
-2.126709562015018651e-01
-2.736288519589767931e-01
-3.300648242574064639e-01
-3.774569496377481181e-01
-4.087662238287592120e-01
-4.320340724250967268e-01
-4.262296811297178745e-01
-4.127527049682713223e-01
-3.839305590746932562e-01
-3.500442518119317725e-01
-3.136258638645779140e-01
-2.856378863171049054e-01
-2.626234269343029615e-01
-2.495560038808554426e-01
-2.415400766484374073e-01
-2.360498973265327816e-01
-2.216735281310849293e-01
-1.993208109178925824e-01
-1.610153976692154654e-01
-1.039306074315446277e-01
-3.745612869935922851e-02
4.807900643716749023e-02
1.341438454097997335e-01
2.212680920546427066e-01
2.978701975853453865e-01
3.692112325589808064e-01
4.140655942825086644e-01
4.493130538973306720e-01
4.653467092947461969e-01
4.645941850736263756e-01
4.554485710432391032e-01
4.272995471621989227e-01
3.950951877630730635e-01
3.547801573277780673e-01
3.114175468150179316e-01
2.665311462635248096e-01
2.258910090780718305e-01
1.896577546234464728e-01
1.622382656304956483e-01
1.476717441778506723e-01
1.395317064953551511e-01
1.502187951793098608e-01
1.643167246817596738e-01
1.852363358211979449e-01
2.032210333287768622e-01
2.197382740204251728e-01
2.167224811042873789e-01
2.041735229819712227e-01
1.725582344473033658e-01
1.227358944386273965e-01
6.381002869295221425e-02
-1.101808494016552620e-02
-8.552588030169017141e-02
-1.593930391200288066e-01
-2.222051643588769665e-01
-2.794897728079631105e-01
-3.112563324780878160e-01
-3.343927786894657084e-01
-3.402689979833546374e-01
-3.330785697636226006e-01
-3.193548177870782490e-01
-2.949897882575597263e-01
-2.696966589828986849e-01
-2.425473302179661506e-01
-2.167329116931733524e-01
-1.915859482884500475e-01
-1.701917236449111415e-01
-1.500134762366498731e-01
-1.322671832989432417e-01
-1.164770123873485053e-01
-1.016649024888077457e-01
-8.915564606476415743e-02
-7.728050933141923651e-02
-6.667361197947128948e-02
-5.719794993283249668e-02
-4.828790553884797915e-02
-4.113238942330217640e-02
-3.471696341661784091e-02
-2.978171762765606523e-02
-2.686346775881081825e-02
-2.495371585002461104e-02
-2.666910504866836992e-02
-2.941505134229355570e-02
-3.422211182588104361e-02
-3.948174666024706347e-02
-4.496766867000241696e-02
-4.702999272729621594e-02
-4.651635844296261174e-02
-4.085080747537447182e-02
-2.854241297512905701e-02
-1.291259670855678283e-02
1.110530289425872182e-02
3.615381249548131615e-02
6.326354209351753299e-02
8.791647516947501129e-02
1.113410099843954448e-01
1.260911282347264295e-01
1.376763605028056281e-01
1.429318208063828644e-01
1.441507006574631045e-01
1.433512902822959290e-01
1.421005637438762514e-01
1.423476941367146920e-01
1.455905383920685636e-01
1.534239867852992267e-01
1.635527372474661900e-01
1.801072524847364409e-01
1.979522803999983205e-01
2.183783336712427081e-01
2.388887209942243961e-01
2.594412753430747065e-01
2.758894652342222531e-01
2.896754715778205314e-01
2.981371108263128900e-01
2.997069284081553819e-01
2.978308351566746892e-01
2.857392430400907957e-01
2.709910805297693903e-01
2.509297772319744602e-01
2.271767164280592832e-01
2.015777768710780293e-01
1.708223436466407841e-01
1.376602486507161327e-01
9.968483011181789033e-02
5.553949225290037706e-02
8.309194733974850297e-03
-4.639373534086613932e-02
-1.011457776692603755e-01
-1.559960445047610667e-01
-2.042094015291897324e-01
-2.491043036480695416e-01
-2.773450301645853933e-01
-3.006613834903318350e-01
-3.141289904345420658e-01
-3.244946126861477653e-01
-3.333092425914507273e-01
-3.492830028639563600e-01
-3.693272492808163943e-01
-3.975124679863746846e-01
-4.300163844431161841e-01
-4.646796497754481781e-01
-4.930602515621300141e-01
-5.157368115440879031e-01
-5.270052879166010618e-01
-5.258331723117420919e-01
-5.184407607181923394e-01
-5.000998399934709626e-01
-4.812867847598013560e-01
-4.615294605082355117e-01
-4.423958352545104833e-01
-4.235740594997056130e-01
-3.975513948191461422e-01
-3.646911894708032564e-01
-3.181559027868972600e-01
-2.524193452146207828e-01
-1.770821521981766900e-01
-7.721527311879494704e-02
2.545045233719854527e-02
1.337138705464140653e-01
2.345168850764960955e-01
3.315896977670103607e-01
4.044916228515114676e-01
4.688240350735728423e-01
5.160174215707205025e-01
5.506426062210654226e-01
5.789836899480120813e-01
5.959536651143284569e-01
6.097360560378060068e-01
6.171432784756074597e-01
6.153309063121334965e-01
6.089087368480158302e-01
5.833858384876450254e-01
5.514188756440181471e-01
5.065637838338826748e-01
4.534763712021926962e-01
3.962727981597276572e-01
3.377024735869491034e-01
2.816895111186188960e-01
2.307912728591839380e-01
1.869666116645722354e-01
1.466787390023838455e-01
1.142510638263301709e-01
8.298804640411511224e-02
5.405434448957665422e-02
2.622054456393518168e-02
-1.063304367257652833e-03
-2.506973388050541887e-02
-4.714981623560829394e-02
-6.537720427440958659e-02
-7.984856882425728219e-02
-9.244192162962917847e-02
-1.033665859125066505e-01
-1.155560008944724049e-01
-1.302749172746140716e-01
-1.495364843039801439e-01
-1.710693766579637898e-01
-1.976848243657951532e-01
-2.242253564620109163e-01
-2.506160573349954235e-01
-2.733225297188355829e-01
-2.941868878581044844e-01
-3.072115114546197234e-01
-3.178738550569416565e-01
-3.238116386708781436e-01
-3.259260108128858024e-01
-3.261286772189285199e-01
-3.201515815455506231e-01
-3.114177380483860169e-01
-2.971703989036496019e-01
-2.767521158366629264e-01
-2.532483608085503435e-01
-2.234613634297034079e-01
-1.939144355141367848e-01
-1.648476465251466627e-01
-1.413339053210883323e-01
-1.205966880094944682e-01
-1.117071843817505350e-01
-1.057315587279974989e-01
-1.055836890222246749e-01
-1.058094355845691781e-01
-1.062219902809709987e-01
-9.850311003236389418e-02
-8.649607507235428094e-02
-6.591273068954192627e-02
-3.734584171679462827e-02
-4.787180449081978456e-03
3.480784462716142447e-02
7.476831263335073641e-02
1.154596664994389232e-01
1.537866263097813768e-01
1.909313890922552104e-01
2.217616735643106185e-01
2.500178079404266063e-01
2.731256421246650024e-01
2.907621515853774929e-01
3.056629986843262814e-01
3.128972657902231447e-01
3.181322316933176686e-01
3.193685951908047937e-01
3.180565001773079659e-01
3.154701759083198831e-01
3.104439335702545710e-01
3.044574816937404838e-01
2.965506107403294567e-01
2.853674459035064337e-01
2.725461341249735825e-01
2.527159462925863131e-01
2.304107567395256850e-01
2.031555637451195884e-01
1.721706215636977788e-01
1.393208047887691259e-01
1.038651014615405432e-01
6.830091915042579842e-02
3.251977887153242180e-02
-3.143433064821114786e-03
-3.874768082990793366e-02
-7.474149680567601650e-02
-1.107420794218485494e-01
-1.467561953188299961e-01
-1.808314297357294931e-01
-2.139372234125877514e-01
-2.390094154052228026e-01
-2.598191374915539975e-01
-2.721039197652663777e-01
-2.751103415305459765e-01
-2.734775830416115716e-01
-2.620387755870000057e-01
-2.499485603077379881e-01
-2.365555293791754277e-01
-2.268536820579630242e-01
-2.189974265404262543e-01
-2.194676451120052274e-01
-2.214626296329477162e-01
-2.265071460526163483e-01
-2.290515702414607779e-01
-2.303459483148938003e-01
-2.197311135568305318e-01
-2.040547971936094163e-01
-1.782555176200706915e-01
-1.446814581171654845e-01
-1.072200086495768284e-01
-6.646996705483443346e-02
-2.752071053035309162e-02
7.826975853607143208e-03
3.649162660791296919e-02
6.181475954739069911e-02
7.829899434228378141e-02
9.359264624382027109e-02
1.065051323586354293e-01
1.206245817159310174e-01
1.353475126944665152e-01
1.536199161275144942e-01
1.720012037898118462e-01
1.906002599106079443e-01
2.052224894386888154e-01
2.178563056704117540e-01
2.191629444087135614e-01
2.164559956116588468e-01
2.057218717438933364e-01
1.903102333959077463e-01
1.725598378078133932e-01
1.560979594966770689e-01
1.423247508439372255e-01
1.339288815079873463e-01
1.315014086850973540e-01
1.320581341187349877e-01
1.354471384833750569e-01
1.364568727092456413e-01
1.327080666575785051e-01
1.188837709024042344e-01
1.000217302954750642e-01
6.520066548052666500e-02
2.758043642213054217e-02
-1.563812112314098834e-02
-5.611345836636412454e-02
-9.521718545856379390e-02
-1.189278995956762480e-01
-1.359203358819165708e-01
-1.394762164664162252e-01
-1.317170451564636247e-01
-1.183003478992794150e-01
-9.614850608386307784e-02
-7.383655084662517354e-02
-5.120436876574427365e-02
-3.114583610655655144e-02
-1.237412815821473284e-02
2.718113854275080662e-03
1.728965359341654018e-02
3.081978878586397186e-02
4.362687124718655357e-02
5.607242734294737296e-02
6.441138264456812423e-02
6.963112422138600932e-02
6.861243834859979962e-02
5.877895466333139807e-02
4.453807207182072792e-02
1.808444780186370393e-02
-1.021393992854381823e-02
-4.220185457983725852e-02
-7.154567195692557169e-02
-9.956744069691200738e-02
-1.163717743321533715e-01
-1.291857042108384146e-01
-1.340188265764129527e-01
-1.351099771972336383e-01
-1.343301419456774948e-01
-1.376760226468861370e-01
-1.447480396169373573e-01
-1.592723291246717632e-01
-1.809633859918126086e-01
-2.062378265386547449e-01
-2.337896068701189600e-01
-2.579544846262019631e-01
-2.753455572315272604e-01
-2.792355450998740829e-01
-2.763749905997326395e-01
-2.503913234494831164e-01
-2.184246583364649330e-01
-1.744919972979126765e-01
-1.252525982112333014e-01
-7.335983010048963138e-02
-2.336596474174891525e-02
2.397765973080461313e-02
6.602080243095853618e-02
1.017410993731043545e-01
1.342999734362477771e-01
1.585272948080795330e-01
1.804296402878832195e-01
1.976820339836319884e-01
2.104743453581913448e-01
2.210366155721560366e-01
2.246345071583348008e-01
2.261056580988125564e-01
2.233233277478894607e-01
2.177908349026076995e-01
2.108832608101473549e-01
2.030319325120283069e-01
1.955730256739190709e-01
1.888989617558280987e-01
1.824824861237447082e-01
1.761948046346638319e-01
1.663757812946768944e-01
1.536922933031639460e-01
1.352798760086006413e-01
1.092031920416183521e-01
7.929437473842559925e-02
3.987390660113510760e-02
-3.039364161910220602e-04
-4.199652919356700043e-02
-7.855062718326163984e-02
-1.125354777791169741e-01
-1.303065124251510110e-01
-1.415493695301190680e-01
-1.397358715529587181e-01
-1.267995487288632317e-01
-1.083018134812937239e-01
-8.041794791186698821e-02
-5.210161824167416911e-02
-2.292036036994943293e-02
3.321461884592730174e-03
2.809356633054439778e-02
4.622013968198539213e-02
6.216590172863057512e-02
7.375004116568738277e-02
8.124144580392916870e-02
8.668648304276438399e-02
8.545922454268996271e-02
8.166340844851197045e-02
7.273047716612815461e-02
5.869044932869454945e-02
4.209687321373534880e-02
2.023702391420391031e-02
-1.886492882263451562e-03
-2.453734467259088836e-02
-4.459196812982428593e-02
-6.334847742051136210e-02
-7.560615045318008764e-02
-8.589986802188599724e-02
-9.226567466266731576e-02
-9.667970848208787271e-02
-1.001178558908284305e-01
-1.036619579678999536e-01
-1.075529641320810553e-01
-1.121377784704811614e-01
-1.162419528411830494e-01
-1.201058072280359740e-01
-1.200857606024535590e-01
-1.179796723191897795e-01
-1.117015007205632987e-01
-1.012248748792298758e-01
-8.864902191654280839e-02
-7.203423856291239769e-02
-5.514664902110209127e-02
-3.771344710293211833e-02
-2.152576274109709725e-02
-5.960837157429729055e-03
6.239327509097284535e-03
1.713046054445254221e-02
2.540353031745848367e-02
3.103357342550579906e-02
3.534210320107450398e-02
3.635260155823254180e-02
3.694601127241842892e-02
3.670524370066025749e-02
3.807837417689800136e-02
4.025845367713547923e-02
4.906661004419318739e-02
6.089141652187816944e-02
7.874952322081611722e-02
1.015725270683500298e-01
1.268779794901806202e-01
1.535022593366725807e-01
1.776666098498982382e-01
1.969111016965960914e-01
2.060775903282129895e-01
2.102050773522904370e-01
1.955865903844801745e-01
1.752315443297684516e-01
1.434033801012569165e-01
1.036699502847217153e-01
5.998388767417363321e-02
1.102231702048984963e-02
-3.779481102003407617e-02
-8.632305383421229328e-02
-1.317313776385730939e-01
-1.755797419380260016e-01
-2.112850587075858211e-01
-2.431160481418708497e-01
-2.671983829056083781e-01
-2.812932587451850708e-01
-2.903944051226787226e-01
-2.825086382994011491e-01
-2.692363127753768515e-01
-2.451908698498619366e-01
-2.131689651105585503e-01
-1.771588294643630657e-01
-1.356735801288800336e-01
-9.452679082759631035e-02
-5.405692159470389807e-02
-1.707779984453650438e-02
1.815594816427178182e-02
4.713187843927765797e-02
7.443630256061034567e-02
9.839771437459754466e-02
1.199314533054676168e-01
1.402513557947788203e-01
1.565559508096218133e-01
1.707114690997840467e-01
1.805688339405773224e-01
1.841397312197031733e-01
1.845673947179970187e-01
1.743478270258076446e-01
1.612664453752090110e-01
1.424614358077933574e-01
1.212362102702592009e-01
9.880087674766187267e-02
7.847063966781354927e-02
6.016962009176259757e-02
4.592703552330528599e-02
3.626595595651570941e-02
2.889562889055876868e-02
2.631333956054069875e-02
2.421030320962906310e-02
2.306577281692983455e-02
2.093414014476307691e-02
1.830895633286215921e-02
1.257182820264078973e-02
5.652160986680732600e-03
-3.632584400756066687e-03
-1.507296134330285073e-02
-2.759115406340491294e-02
-4.244059824428204897e-02
-5.749026730557021264e-02
-7.294038612767242413e-02
-8.694345489157648266e-02
-1.002229986263818429e-01
-1.078525051215318276e-01
-1.125279154621898758e-01
-1.112951334938656195e-01
-1.029778518479236016e-01
-9.111832036316785954e-02
-6.905869978834648648e-02
-4.444819239987598397e-02
-1.473591138410856871e-02
1.747625787134736777e-02
5.093837124664689353e-02
8.388931477684369309e-02
1.153896697412654659e-01
1.439888475741430418e-01
1.676663591092667216e-01
1.888830374955156322e-01
2.006134799935555268e-01
2.088076068859139323e-01
2.099291025669112742e-01
2.039428429183449409e-01
1.944027056049958402e-01
1.752723255111587608e-01
1.536378609739416923e-01
1.269952275499761085e-01
9.717264173835304941e-02
6.576007973290211306e-02
3.251843456554202177e-02
-4.175906885632470200e-04
-3.274237611615903043e-02
-6.287024019150640186e-02
-9.189964359073347910e-02
-1.155909711256176975e-01
-1.369170222423669314e-01
-1.535125205228474732e-01
-1.644988599251198946e-01
-1.726806198882897825e-01
-1.720128609952376597e-01
-1.687279050985095175e-01
-1.602085551944292530e-01
-1.482572448587883840e-01
-1.345899543073671434e-01
-1.197940985663686342e-01
-1.060165480908868002e-01
-9.427560814643776155e-02
-8.642556584101925010e-02
-8.052097235511651574e-02
-8.055928152820267252e-02
-8.163797137763004197e-02
-8.479742257973921227e-02
-8.691829432864761618e-02
-8.851987635095590057e-02
-8.403729284618441375e-02
-7.673252550504856828e-02
-6.378339049118553206e-02
-4.566659860544683425e-02
-2.496597828376515352e-02
2.106479344810355259e-04
2.546530965735490162e-02
5.087604238948406632e-02
7.403450025724081507e-02
9.606682069281198555e-02
1.123891185550551230e-01
1.263111375092349498e-01
1.354325986472910137e-01
1.387999035410769910e-01
1.392901303127285217e-01
1.296815972953974383e-01
1.165325081338435126e-01
9.630230668384570647e-02
7.020672618133860787e-02
4.117845615257607200e-02
8.087790853278944980e-03
-2.417111157058977888e-02
-5.476648824361386031e-02
-7.968662791877800800e-02
-1.017691490950136946e-01
-1.120962605944690604e-01
-1.185945783192445535e-01
-1.174353084946623549e-01
-1.104385882236921246e-01
-1.005231427295243812e-01
-8.517385348458822447e-02
-6.888022699684492878e-02
-5.069792602348781319e-02
-3.180878900717053204e-02
-1.256623396937336067e-02
6.180604751280570006e-03
2.420794288423871662e-02
4.079627984180862060e-02
5.506263601878910730e-02
6.816800180547630261e-02
7.751940033159269994e-02
8.590282403276655598e-02
9.235029808405581520e-02
9.757581095969825036e-02
1.021903432475171070e-01
1.051192273712355796e-01
1.071453865987608556e-01
1.073660960339012371e-01
1.050336764126725275e-01
1.014246922632599385e-01
9.429442220415194809e-02
8.673940889205583593e-02
7.833490907398373004e-02
7.103414754597245362e-02
6.428525516299110620e-02
6.058889722464378541e-02
5.740856945765736991e-02
5.526030203339248048e-02
5.171903429668962132e-02
4.748126640376814506e-02
3.787944566515657335e-02
2.630392498069035467e-02
1.078100440450462105e-02
-6.985714068876743357e-03
-2.587433149086419693e-02
-4.427748147024482273e-02
-6.163765005107154499e-02
-7.691185583477738730e-02
-8.992272814115218060e-02
-1.018019337088695853e-01
-1.114001832871142489e-01
-1.203524978836520709e-01
-1.280129425167666479e-01
-1.332010667012610838e-01
-1.371530306614426598e-01
-1.342204223504828708e-01
-1.282189589628838222e-01
-1.160797854220104730e-01
-9.816558051369604632e-02
-7.736385992167062187e-02
-5.147329294319376303e-02
-2.548659554609689071e-02
6.923626882676323091e-04
2.462248811501199786e-02
4.742819713793818004e-02
6.551793509133536919e-02
8.212647407925836862e-02
9.577261513625226486e-02
1.065501297124682722e-01
1.158933310483026280e-01
1.197769854233763920e-01
1.211824600285865416e-01
1.176315750940667010e-01
1.084464477198647941e-01
9.644419912581997378e-02
7.754297603661701455e-02
5.772847932522163356e-02
3.608743536946255187e-02
1.595136918553662769e-02
-3.432208112461991503e-03
-1.714896282171868638e-02
-2.883909689183004540e-02
-3.647598968364801353e-02
-4.141290343175658278e-02
-4.499982765800783491e-02
-4.698627293286922885e-02
-4.874739474394157446e-02
-5.005786962743795365e-02
-5.022759151097502123e-02
-4.982693689453257524e-02
-4.602979908346358645e-02
-4.096481312241559425e-02
-3.336413086140556372e-02
-2.443781208115184539e-02
-1.484867504127223431e-02
-6.437320547978731683e-03
7.702643815538889579e-04
5.570310183558769071e-03
7.969690064636610061e-03
9.168736985253488417e-03
9.207500177877277550e-03
9.881123983688273535e-03
1.182446901587296505e-02
1.595594730739756384e-02
2.118149222858991404e-02
2.824613069987562744e-02
3.479146013865181547e-02
4.029817151240697864e-02
4.268599286351563299e-02
4.351436920329975616e-02
3.881440961389616418e-02
3.287235781363369302e-02
2.444612159164846754e-02
1.557085876512497719e-02
6.471082636335583581e-03
-1.088358719401664315e-03
-8.099829566505187609e-03
-1.401535939634931949e-02
-1.992917086470188601e-02
-2.584212315231182444e-02
-3.354174899047683567e-02
-4.195782255419781837e-02
-5.180679156902528310e-02
-6.210772839888188679e-02
-7.263464913625831965e-02
-8.150972625183487696e-02
-8.928649308781821947e-02
-9.486663936460683344e-02
-9.822648497638486464e-02
-1.004761802556558142e-01
-1.005886159825444964e-01
-1.003467206601219297e-01
-9.939616323907719819e-02
-9.754432684231083284e-02
-9.524185095768464282e-02
-8.979700853737185295e-02
-8.258928320326539008e-02
-7.185579204156576638e-02
-5.702349299072545508e-02
-4.014178999532078823e-02
-1.850507865915840267e-02
3.635376940572155810e-03
2.678332106746212499e-02
4.852686332335420794e-02
6.956820464375967905e-02
8.602365234992294385e-02
1.006915446734397979e-01
1.117843262316521452e-01
1.195299948509994659e-01
1.256021070009201990e-01
1.270651109548895652e-01
1.269671641375315074e-01
1.237473157775187960e-01
1.172819790497697801e-01
1.091938981381516544e-01
9.680935516563178578e-02
8.358907645346226600e-02
6.869732626200754366e-02
5.379082251064851161e-02
3.887694197934526974e-02
2.590149591453942343e-02
1.372486250092330717e-02
3.145854389672818330e-03
-6.472060974082854273e-03
-1.560942996408787656e-02
-2.451493124119131714e-02
-3.338100494270793139e-02
-4.216822349306037498e-02
-4.991060480893919071e-02
-5.713056750758587626e-02
-6.060941199820434749e-02
-6.238972177004802749e-02
-6.077296210433966173e-02
-5.612301208366516497e-02
-4.995646688550674924e-02
-4.146667275262860830e-02
-3.304868382817344186e-02
-2.477430532057322762e-02
-1.755117964781759132e-02
-1.085368039248616606e-02
-5.414377099615842216e-03
3.090859424869892361e-06
5.376888150800585367e-03
1.114984961249912421e-02
1.712239315935600026e-02
2.301206385617064754e-02
2.835388857472801588e-02
3.260002133677709912e-02
3.504553136852862905e-02
3.659073003513083761e-02
3.600337915282261075e-02
3.537518611637141541e-02
3.466530877163364471e-02
3.515976081512302981e-02
3.625637755272561463e-02
3.924535191829557623e-02
4.208883519018300629e-02
4.464133627470324300e-02
4.457326222818423778e-02
4.319490061614696813e-02
3.555135277323327042e-02
2.601577372497349688e-02
1.269613226603171635e-02
-2.144180718838605698e-03
-1.774482946667013672e-02
-3.139536506782242969e-02
-4.351556802751290615e-02
-5.257510570426680158e-02
-5.864188157868992918e-02
-6.321227655194443240e-02
-6.525875498817861053e-02
-6.702898482293789817e-02
-6.824671745474955586e-02
-6.873460695151455135e-02
-6.885757488075618105e-02
-6.571366079843662944e-02
-6.069922664057950806e-02
-5.194375233164393035e-02
-3.914904656711499370e-02
-2.433472507478472505e-02
-5.761331565974012192e-03
1.270741870991246719e-02
3.096688251993728880e-02
4.649406335734569684e-02
6.065510270845562296e-02
6.892906844714224990e-02
7.540892753252720349e-02
7.830057331130187148e-02
7.875001807831454037e-02
7.797836233944489825e-02
7.498063034351011569e-02
7.135041593959606798e-02
6.645523671972733415e-02
5.996243895356936915e-02
5.267083191427025107e-02
4.263645096041084742e-02
3.190505229222637129e-02
1.977961819538106431e-02
7.420363330960149176e-03
-5.055801917244137807e-03
-1.574481135651518982e-02
-2.532193607850952849e-02
-3.267529136596183936e-02
-3.761492446248523164e-02
-4.134769646354808509e-02
-4.245121435172607982e-02
-4.323802537904320592e-02
-4.339142268463781066e-02
-4.393624669853667120e-02
-4.467678406658773943e-02
-4.674760643226943957e-02
-4.917398343358766327e-02
-5.231146970617634590e-02
-5.547350437689033825e-02
-5.864781324666597240e-02
-6.056746182385806115e-02
-6.172095503888324480e-02
-6.134213752957338311e-02
-5.911391983695273022e-02
-5.596100205267786482e-02
-5.019631880254474265e-02
-4.378284272218214285e-02
-3.607178098135443295e-02
-2.767245477518502639e-02
-1.892899633634787318e-02
-1.002165858973528244e-02
-1.250028714961848655e-03
7.250185416142767951e-03
1.537007201430864306e-02
2.329979484600967765e-02
3.078822155768904875e-02
3.816322825371294691e-02
4.531139491842058054e-02
5.204667806017561349e-02
5.857551944045816250e-02
6.369778894026847937e-02
6.800089462245438587e-02
7.066567266938683645e-02
7.115191767637812914e-02
7.054889616339715674e-02
6.653607430317177995e-02
6.157433739243012294e-02
5.471477038066119292e-02
4.655173437574135903e-02
3.773696387425042736e-02
2.771820768876007146e-02
1.745360100604435860e-02
6.697293328867249401e-03
-4.211403921437747999e-03
-1.519629595830278637e-02
-2.534940804264598779e-02
-3.463349345538916518e-02
-4.217952552494311919e-02
-4.666785466399219623e-02
-4.962733233779284547e-02
-4.681601790979584427e-02
-4.223990822071275325e-02
-3.413420800945947409e-02
-2.399445621725213723e-02
-1.283767863456344686e-02
-1.821132040324979079e-03
8.208009901083165166e-03
1.626234253681997297e-02
2.143086845526409948e-02
2.515649101505906121e-02
2.494881630777429776e-02
2.397572984003082039e-02
2.147181985137094906e-02
1.873121378981766963e-02
1.587225969181914678e-02
1.408865092581139053e-02
1.284998811130715415e-02
1.270121719980805454e-02
1.349696067375620763e-02
1.476496134042753344e-02
1.677815851774961536e-02
1.877058549509305618e-02
2.072147207248134851e-02
2.213248734742920623e-02
2.327356697115788575e-02
2.300419903487343348e-02
2.212845006988093527e-02
2.003993904747253599e-02
1.663195448746220689e-02
1.256423315864980440e-02
6.685777098451661273e-03
3.935762539125321410e-04
-6.726114159301863418e-03
-1.402645121242088525e-02
-2.141711158549061689e-02
-2.785723041353460952e-02
-3.360039871302061137e-02
-3.794966595538452198e-02
-4.049272165110705951e-02
-4.213267157350755049e-02
-4.131473400727234818e-02
-4.005471712283587005e-02
-3.791054160199597289e-02
-3.592001590798096083e-02
-3.400631512737907480e-02
-3.351359732865701047e-02
-3.352140915991950326e-02
-3.453028025115058297e-02
-3.569091422764792548e-02
-3.692742964677894757e-02
-3.625742387590524113e-02
-3.430994159207088195e-02
-2.980750628231570304e-02
-2.234769506827505303e-02
-1.340919590208926662e-02
-1.300628335762330987e-03
1.093751580225937013e-02
2.343481308365755883e-02
3.406016161521408653e-02
4.374953577184573922e-02
4.829728611673976546e-02
5.091061950487972554e-02
4.965511897950877079e-02
4.519735314706078977e-02
3.913845466107666177e-02
3.023608792643105170e-02
2.105756804529579709e-02
1.132674187117177836e-02
2.026581437917691214e-03
-7.058246124898197478e-03
-1.462701786238846703e-02
-2.150063255449390781e-02
-2.698393315583776098e-02
-3.070523303081024169e-02
-3.354553254259996092e-02
-3.322728300273307400e-02
-3.181745050900901262e-02
-2.822445210757081047e-02
-2.290375527955890861e-02
-1.671920923825824523e-02
-9.496852644424423617e-03
-2.586486252527322657e-03
3.699899735488970491e-03
8.319975644028171358e-03
1.210689651282668804e-02
1.302531090061386301e-02
1.334923802385291729e-02
1.248419061799538321e-02
1.178513859272632344e-02
1.116908425775186946e-02
1.268726909692855474e-02
1.512023083294274962e-02
1.938274636263358219e-02
2.469031228947634118e-02
3.052040341489299646e-02
3.541821647584714877e-02
3.914689336829027533e-02
4.053729792371658230e-02
3.872221709768010334e-02
3.530439358091297386e-02
2.772064333515655496e-02
1.947785346986583704e-02
9.916984365511897007e-03
7.404115430351748336e-04
-8.244013138508032856e-03
-1.493338065161598990e-02
-2.072671813370882687e-02
-2.472799555376524461e-02
-2.729222357457903800e-02
-2.913792689577026848e-02
-2.946148542691468322e-02
-2.934743613084685177e-02
-2.835817118035465281e-02
-2.646542687609936342e-02
-2.412094289496354016e-02
-2.075258657897457309e-02
-1.741326090266736432e-02
-1.413199650572008817e-02
-1.194489559066140572e-02
-1.030487641654760297e-02
-1.132463721701325483e-02
-1.308283955594984234e-02
-1.631792497182938534e-02
-1.968347116429171317e-02
-2.311424774504714993e-02
-2.407418188433221862e-02
-2.358852064358753567e-02
-2.021166864278267986e-02
-1.393899320520528354e-02
-6.218406049239818927e-03
3.973398752496242782e-03
1.406123373030681266e-02
2.394112906025564966e-02
3.201503029369552611e-02
3.918593447887778330e-02
4.249288371905895340e-02
4.456066885557365131e-02
4.415012578475319832e-02
4.187589768761143527e-02
3.866982707731023150e-02
3.376518413519453976e-02
2.862046315050527021e-02
2.299558608066362350e-02
1.747915863455065319e-02
1.201695600030396049e-02
7.577168948383478098e-03
3.715265232080110051e-03
1.009128187006236646e-03
-3.764847409220162949e-04
-1.101835610278901209e-03
-3.195880296220695443e-04
5.924777500296780127e-04
1.764179927670701158e-03
2.331687686350033487e-03
2.597098235549144801e-03
1.123196283870390218e-03
-9.029519187187951944e-04
-4.033592623126683839e-03
-7.605555986617572317e-03
-1.139818067964912772e-02
-1.441615483505044593e-02
-1.677928858777970669e-02
-1.783274153516233029e-02
-1.731440251893293092e-02
-1.601016752089779241e-02
-1.289897784284031734e-02
-9.586360679702046750e-03
-5.870888546398871782e-03
-2.628173899911714299e-03
3.781620031663668292e-04
1.751171548326020590e-03
2.480651646190363754e-03
1.923072849465549180e-03
2.551752238702808834e-04
-1.967881816160511020e-03
-5.264723084861252372e-03
-8.687131487246136513e-03
-1.236067415699696262e-02
-1.581868815812555173e-02
-1.916893782494497739e-02
-2.151347541970676652e-02
-2.332070448064799129e-02
-2.405331647394616523e-02
-2.347483390756993291e-02
-2.224080406135571161e-02
-1.917436774914178452e-02
-1.574843350007374201e-02
-1.160350337730113243e-02
-7.563156164499356543e-03
-3.575100406685154195e-03
-1.034196370878336102e-03
7.569650172004197593e-04
1.048641109825757325e-03
-1.152372449327429462e-04
-2.006892823382490365e-03
-5.153130857826723407e-03
-8.257072529304422190e-03
-1.127642147485240567e-02
-1.339448503872279692e-02
-1.506190591175599926e-02
-1.479962615120159440e-02
-1.396069165729411400e-02
-1.196844769668067160e-02
-9.304103913186183988e-03
-6.303710218250110388e-03
-3.095748612745907995e-03
4.240056736939772086e-06
2.888282854173776677e-03
5.430880502394965816e-03
7.802755576007635446e-03
9.656465879575498734e-03
1.133273239685076567e-02
1.265411134153905832e-02
1.358924869885418628e-02
1.433126526248223315e-02
1.457048887563326851e-02
1.475991826507562499e-02
1.484975920710088042e-02
1.520964226238275506e-02
1.570454637429276323e-02
1.700473757197613206e-02
1.851557277497770104e-02
2.044769598861705812e-02
2.221194115962788623e-02
2.389224730932548030e-02
2.407530564407917018e-02
2.345505534736733524e-02
2.122818778772432927e-02
1.741606431311338785e-02
1.281131288101729389e-02
6.910533949256639392e-03
1.119688923322001515e-03
-4.451288290954432715e-03
-8.894495326150601844e-03
-1.277381727180487182e-02
-1.446499960351237991e-02
-1.556548219177368748e-02
-1.548456529314142481e-02
-1.480115994578589181e-02
-1.381651037406909054e-02
-1.265655701270670952e-02
-1.152730964982721408e-02
-1.045947428391224773e-02
-9.384309066732609422e-03
-8.305478923921017637e-03
-7.060580933633191052e-03
-5.768690750131474226e-03
-4.382816180200650724e-03
-3.018654623378157209e-03
-1.665349573109090996e-03
-4.538612132821099199e-04
7.472630669308901559e-04
1.927659187915068024e-03
3.259915123916935688e-03
4.668100967428276925e-03
6.455578947595306052e-03
8.309078769700333975e-03
1.029462227567938190e-02
1.207331392609167948e-02
1.374857964871993403e-02
1.453824521952038970e-02
1.493341793094170485e-02
1.453960492360431914e-02
1.347399141648405498e-02
1.207247765947292058e-02
1.023354906344109243e-02
8.471180321943209968e-03
6.861931289511260385e-03
5.695406186361774183e-03
4.750243047853854039e-03
4.495358598266593897e-03
4.360880509574273541e-03
4.467215142671563874e-03
4.504684483957641442e-03
4.507721179338169439e-03
4.054104089186871644e-03
3.415791938165406091e-03
2.408089665403928981e-03
1.130992978789783533e-03
-2.808009147512323844e-04
-1.821909300944539716e-03
-3.320663444133271566e-03
-4.734709101311253797e-03
-5.956145121886285282e-03
-7.081276324159457153e-03
-7.829721585596092007e-03
-8.423647122736950196e-03
-8.708533211285616679e-03
-8.599552792857014308e-03
-8.293639120939834755e-03
-7.281856317535854127e-03
-6.044372522594121735e-03
-4.355486744575805952e-03
-2.408372829014458847e-03
-3.321448446823343690e-04
1.590790772832402803e-03
3.259667793944242328e-03
4.420427622252335806e-03
4.809526120265821339e-03
4.812793953132620678e-03
3.695987869936954474e-03
2.364877347180845742e-03
6.051579453046468902e-04
-1.129161132006822194e-03
-2.850780047036864228e-03
-4.005175327211048762e-03
-4.933818355478989531e-03
-5.410956879933453978e-03
-5.653575120350410287e-03
-5.778933218748587806e-03
-6.069918235033739534e-03
-6.535352899996503886e-03
-7.349686862313999959e-03
-8.482199379426605748e-03
-9.773801173936162712e-03
-1.109772334099362774e-02
-1.222998100372798581e-02
-1.297890965781753857e-02
-1.304020632258359041e-02
-1.275768699268798982e-02
-1.134404713085870875e-02
-9.639878662869133877e-03
-7.354652982557465662e-03
-4.793110200524783142e-03
-2.093408867630373090e-03
5.629172500944473398e-04
3.089453710281493161e-03
5.356410855391102385e-03
7.205376931846491778e-03
8.845347473975978189e-03
9.671353293437949875e-03
1.017435941586472374e-02
1.003136614422056073e-02
9.204203015662456785e-03
8.034954958647092665e-03
5.990336336723293964e-03
3.793090733838612102e-03
1.290591169034504063e-03
-1.109980506050423999e-03
-3.459588236274483905e-03
-5.056250999912139180e-03
-6.286165733678905632e-03
-6.782584407705597070e-03
-6.581243234754773422e-03
-6.031022138315388255e-03
-4.853933897782066083e-03
-3.661505294859437442e-03
-2.438395967156941659e-03
-1.501919730023106199e-03
-7.087600381729491873e-04
-5.297217484816460530e-04
-5.117517628055300721e-04
-8.159183851599155751e-04
-1.226547037721009183e-03
-1.690406705385619039e-03
-1.968895994900702641e-03
-2.102672487421571729e-03
-1.947023385953869541e-03
-1.418910373917112557e-03
-7.045654065956494976e-04
5.910474994859668367e-04
2.056674964831936223e-03
3.862331548705047642e-03
5.880472444370856387e-03
8.004855495931937834e-03
1.012110526465958941e-02
1.210063743732917030e-02
1.380673441788486493e-02
1.501911860162349378e-02
1.598464638695324541e-02
1.610812170743491575e-02
1.601120033351591948e-02
1.547348557079573049e-02
1.473077550759990632e-02
1.388556779416597921e-02
1.304406001715804550e-02
1.223367380033505217e-02
1.148553070388253459e-02
1.069818166032947791e-02
9.891229643225751822e-03
8.777486043498929427e-03
7.513350566441090450e-03
5.948431334722562719e-03
4.128138663466802277e-03
2.180159272442652729e-03
8.452430051268796860e-05
-1.973162195855156405e-03
-3.954951741096567747e-03
-5.746565132304065626e-03
-7.443090446493652243e-03
-8.784709190767715781e-03
-9.995040708318031139e-03
-1.094279777242228475e-02
-1.158059190032149910e-02
-1.206340456011802120e-02
-1.199541725891987119e-02
-1.173903581281763447e-02
-1.110586607690715322e-02
-1.018405276787848028e-02
-9.117917672290374101e-03
-7.887186345654160699e-03
-6.703003808125785820e-03
-5.611918848813960553e-03
-4.757727364568786407e-03
-4.021982617856356690e-03
-3.697176113722694391e-03
-3.477719190944712074e-03
-3.468961430878323478e-03
-3.547595727829881175e-03
-3.669926053290384262e-03
-3.711292256630304397e-03
-3.660975237498954871e-03
-3.427291773425121535e-03
-2.919959226634535540e-03
-2.275802138485843833e-03
-1.194784585390095940e-03
-9.680982670909083366e-06
1.383594719296307989e-03
2.807626645868317727e-03
4.247036684742213491e-03
5.409783121681190771e-03
6.396561102389019399e-03
7.031402170635792787e-03
7.258177404238762460e-03
7.280919720520168982e-03
6.774733240092643480e-03
6.146192328577002387e-03
5.272942554885488332e-03
4.246874729192940713e-03
3.144397877499410104e-03
1.892483630353921980e-03
6.156505478562208141e-04
-7.110202053445442445e-04
-1.991648895991046490e-03
-3.249256555360080252e-03
-4.223102264181436555e-03
-5.042318505598475040e-03
-5.552275812206005322e-03
-5.752609661881431281e-03
-5.798131783090698828e-03
-5.617391209085907666e-03
-5.484514208833151522e-03
-5.447364356084271990e-03
-5.686895062921410240e-03
-6.064766049551422941e-03
-6.828024796740046580e-03
-7.601579334524764461e-03
-8.395725453502487015e-03
-8.883897109796829589e-03
-9.219081534749906312e-03
-8.755777748784207559e-03
-8.027711118293322928e-03
-6.770118798752397873e-03
-5.200479377456180066e-03
-3.474816405281644111e-03
-1.723177485508597300e-03
-7.042673562943161649e-05
1.384547674460210199e-03
2.577102705936619442e-03
3.638448048106036371e-03
4.367551027756367416e-03
5.009108425719596691e-03
5.475574660307939816e-03
5.756919878972343793e-03
5.945704589674628143e-03
5.792951702967229742e-03
5.527049991831219609e-03
5.034850631837823817e-03
4.411359096110511156e-03
3.722221472516485958e-03
3.071874809616857108e-03
2.496734605342925978e-03
2.072007318319696832e-03
1.805774053739493765e-03
1.618787800380577357e-03
1.499687840824177410e-03
1.326447806915115801e-03
1.044927624300815436e-03
5.700832248201483749e-04
-1.423283093852173769e-06
-7.960654192518428667e-04
-1.589191644811318270e-03
-2.379286049172917895e-03
-2.988360789989054443e-03
-3.506925699032156524e-03
-3.569011189876976093e-03
-3.462378744175987656e-03
-3.018310425383495532e-03
-2.280576882487032973e-03
-1.396010727538977893e-03
-2.026626159286591417e-04
1.039073552946213723e-03
2.377585836351467016e-03
3.689878554706028674e-03
4.989061490534783296e-03
6.056574846821964446e-03
6.993213005721961827e-03
7.668100769848730514e-03
8.033650435310419474e-03
8.244531051439928093e-03
8.048743084399069894e-03
7.773428674728802105e-03
7.339061379799852181e-03
6.879011917445006230e-03
6.406121371376981982e-03
6.027332406945077291e-03
5.681589129262813904e-03
5.401937225080200022e-03
5.118237337067562537e-03
4.832513457139912816e-03
4.408341643679209408e-03
3.915841399190319455e-03
3.286684292645583334e-03
2.547917222741601876e-03
1.754345171158391099e-03
9.102822641130541232e-04
8.638961673148248203e-05
-6.971625113234576187e-04
-1.405222033085262636e-03
-2.075535251700262075e-03
-2.628914642024924100e-03
-3.138325099797605912e-03
-3.559797692466917969e-03
-3.843013439926023719e-03
-4.057100764780251397e-03
-3.948556594900474136e-03
-3.711296030739121097e-03
-3.216602678014692830e-03
-2.520079540090717964e-03
-1.722641509566706121e-03
-8.661451168845686697e-04
-9.117733536121713366e-05
5.207332238437366268e-04
8.322796305804035450e-04
9.936439610826576854e-04
7.031982531956145789e-04
3.231144556226232855e-04
-2.362455213218591071e-04
-8.180983767652472149e-04
-1.411197671457778370e-03
-1.895563817903146318e-03
-2.345404395707670342e-03
-2.726193836231022814e-03
-3.097868678510764650e-03
-3.464986221668570412e-03
-3.877634848034980809e-03
-4.292299444222936501e-03
-4.710995980054422973e-03
-5.062156147140317239e-03
-5.379548129853638748e-03
-5.513949276564479411e-03
-5.591621059355798666e-03
-5.555834114308218219e-03
-5.466361052784435119e-03
-5.350044933022530744e-03
-5.231218358187461615e-03
-5.106381465181370101e-03
-4.969523935833367392e-03
-4.746330087703627340e-03
-4.479968080182953998e-03
-3.961598084244045970e-03
-3.351064640832780890e-03
-2.556204302477453096e-03
-1.658776311442135797e-03
-7.100644940673027459e-04
1.742750186820111189e-04
9.726658381598230667e-04
1.599159271095573678e-03
2.014166408609098773e-03
2.323430398411401119e-03
2.417224613105124764e-03
2.503147043420209539e-03
2.573325904978117622e-03
2.734347536124181327e-03
2.940790552064359922e-03
3.315077667424810338e-03
3.708507314103549370e-03
4.140222023419265485e-03
4.489729201533832620e-03
4.798132614048055550e-03
4.838998844541230956e-03
4.779266120662971698e-03
4.518335488041908161e-03
4.105800395236125673e-03
3.617463072337991515e-03
3.020768429517197914e-03
2.418386601791934227e-03
1.804630404258372647e-03
1.204335088974086082e-03
6.107702148147566490e-04
5.323888484891033720e-05
-4.764156241422942695e-04
-9.503164911848097172e-04
-1.304593349260007576e-03
-1.599058202851442231e-03
-1.616810478161252772e-03
-1.535930542186384785e-03
-1.257786183642178174e-03
-8.526617740233743666e-04
-3.840473388671239137e-04
7.909314135238755495e-05
4.787435839948254871e-04
7.514139514836099291e-04
8.480267985332390866e-04
8.566108853634359392e-04
6.663969014223021254e-04
4.566726332602303673e-04
2.079277966565062832e-04
-6.462297676323037598e-06
-2.036750208736377832e-04
-3.362000602240775016e-04
-4.688485869860198568e-04
-6.017440885708263227e-04
-7.752620813181990058e-04
-9.690913196467623421e-04
-1.203811236395866150e-03
-1.416373086911120729e-03
-1.584618804958926866e-03
-1.624573529821650344e-03
-1.600382758091840841e-03
-1.329667068278326224e-03
-9.967507588093484951e-04
-5.394332100291554955e-04
-4.812619157813389711e-05
4.601755617085455667e-04
8.975771133691086857e-04
1.299754014683421549e-03
1.631481615305700652e-03
1.929946031548255636e-03
2.211778855601125287e-03
2.522652258298923710e-03
2.848439738007886492e-03
3.204055371738830614e-03
3.531562008459304680e-03
3.845014146674412096e-03
3.966555638640329937e-03
3.984646447937032626e-03
3.795835891895284631e-03
3.398471982577700324e-03
2.896831396622408846e-03
2.213094561809620178e-03
1.535911859280615242e-03
8.718374213184490766e-04
3.354314911035633276e-04
-1.371401852375141617e-04
-3.526009725148461656e-04
-4.990856271020383981e-04
-5.076180163091807218e-04
-4.540724353275618934e-04
-3.694878692515669882e-04
-2.981869050340987511e-04
-2.496678206264996624e-04
-2.467124958385628138e-04
-2.921109713151593193e-04
-3.616863469240209840e-04
-4.847606106429579523e-04
-6.196238935902379646e-04
-7.780652149940600832e-04
-9.508033806567335209e-04
-1.130689968448804917e-03
-1.311455522844197624e-03
-1.481332913632239442e-03
-1.629433977205398858e-03
-1.730684535080860608e-03
-1.808509840107419423e-03
-1.792262134598068130e-03
-1.745311770788581223e-03
-1.636956090378805960e-03
-1.484097658699881292e-03
-1.308987851386443938e-03
-1.103776694845912685e-03
-9.007447595701822312e-04
-7.020712668238345867e-04
-5.284786489091887300e-04
-3.674264684102879490e-04
-2.661578899535578351e-04
-1.873050823258991054e-04
-1.532838163562752661e-04
-1.557435474293105576e-04
-1.764437770236572541e-04
-2.234552347443801649e-04
-2.702921995884042280e-04
-3.167801786789806954e-04
-3.602847653951038996e-04
-4.022976559239998216e-04
-4.658397367273938903e-04
-5.492617966919168633e-04
-6.724438149786085778e-04
-8.463968040866476535e-04
-1.045735278605267656e-03
-1.291119689378722587e-03
-1.527787576995531284e-03
-1.747022418299308370e-03
-1.895148563424324051e-03
-2.007720360459919022e-03
-1.965695157369681031e-03
-1.874192359484185694e-03
-1.683734372008130996e-03
-1.428711213510576667e-03
-1.141405469502170715e-03
-8.262836798146493741e-04
-5.219366695130652932e-04
-2.391392179830194678e-04
-4.542339989221222786e-06
2.059542512366040309e-04
3.225671715615728401e-04
4.055039962304765144e-04
4.210886295871615025e-04
3.748262459969396482e-04
2.976403539332381893e-04
1.545599741523720721e-04
4.003013562187467350e-06
-1.615071086464735695e-04
-3.088459230470020885e-04
-4.470990835433858151e-04
-5.158924873249083999e-04
-5.529290417731826416e-04
-5.264518975550335975e-04
-4.305744206087977650e-04
-2.999967772985647797e-04
-6.942299352584435906e-05
1.896018124193739785e-04
5.055286627098339383e-04
8.605150336049001772e-04
1.235031164802437905e-03
1.627284682984989420e-03
2.008183265120183809e-03
2.366371975161082886e-03
2.666744146569030756e-03
2.938208048660648306e-03
3.082860483600021340e-03
3.179594770361272599e-03
3.180492760766178394e-03
3.091810041293853711e-03
2.958336966882877360e-03
2.721182816573726980e-03
2.463137260470447953e-03
2.163308892779187888e-03
1.847195016043204135e-03
1.522938384785027565e-03
1.199303347795405410e-03
8.787514049391601011e-04
5.643656503493241390e-04
2.549622122274157790e-04
-5.195006766041966167e-05
-3.514154869040612820e-04
-6.444057768224647738e-04
-9.244458080907114010e-04
-1.175450433792967885e-03
-1.411937356712378647e-03
-1.580356444454008094e-03
-1.723178355431011785e-03
-1.814805912878943508e-03
-1.865463395866058180e-03
-1.895635841622802815e-03
-1.896251116778138648e-03
-1.896583467642453920e-03
-1.896349969924727638e-03
-1.900100507612004566e-03
-1.905843063001778437e-03
-1.898412004134393928e-03
-1.876182113836761308e-03
-1.824354560678656534e-03
-1.728781884736154545e-03
-1.611336647401505340e-03
-1.431234102694889029e-03
-1.237935134135667321e-03
-1.018243317871042912e-03
-7.883389472497068142e-04
-5.533282994500984646e-04
-3.099479802669346607e-04
-5.960129786098217707e-05
2.046781109908071155e-04
4.918716201080136109e-04
7.905221793580695117e-04
1.110824610815562465e-03
1.420576001558175030e-03
1.709225310871368341e-03
1.923351091435459908e-03
2.100215107625090158e-03
2.096906959206485451e-03
2.028275800795995443e-03
1.828998622401808560e-03
1.533908555390497107e-03
1.190912044070642668e-03
8.016682926124052899e-04
4.285210948110478057e-04
8.756700432384801214e-05
-1.882611180910467126e-04
-4.315262564696419664e-04
-5.817033726838811893e-04
-7.113159636389677909e-04
-7.997995040759091779e-04
-8.600274452709654686e-04
-9.061275868450627312e-04
-8.989421270455265648e-04
-8.658846265611289681e-04
-7.810830447070009211e-04
-6.431235185684014378e-04
-4.785850202875209709e-04
-2.757283228797252758e-04
-8.339611463482276513e-05
8.788711528450932260e-05
2.010214239765947299e-04
2.850812720551153777e-04
2.773006013669760913e-04
2.544207882834334761e-04
2.013426904091085434e-04
1.577888332974297170e-04
1.189970965670977419e-04
1.207138585735032486e-04
1.277538186321953517e-04
1.454401747954531395e-04
1.404868797055316694e-04
1.242137589890231859e-04
4.548977184321194105e-05
-4.661550876031168432e-05
-1.654833762793439067e-04
-2.708845971148980442e-04
-3.695524946086781669e-04
-3.950551571048057861e-04
-3.951674023566367029e-04
-3.444988131199013199e-04
-2.789145490133169655e-04
-2.058724474717811017e-04
-1.872237281768488219e-04
-2.035541330078422580e-04
-2.898427860906671767e-04
-4.423777600762464996e-04
-6.280358945132649869e-04
-8.587212100912741371e-04
-1.081657103997857175e-03
-1.289094154561350441e-03
-1.449961644931207876e-03
-1.587544355204181367e-03
-1.644270126362034094e-03
-1.678537324294389213e-03
-1.667887375775712906e-03
-1.622990395621714795e-03
-1.560969899650079635e-03
-1.451569939383712737e-03
-1.324248530163863640e-03
-1.161084223036933268e-03
-9.595900300215693974e-04
-7.389308940620670577e-04
-4.719188351356287192e-04
-1.986392475992663869e-04
8.717539715722831973e-05
3.632077517268364258e-04
6.343489612031536027e-04
8.670046242909322043e-04
1.085645986302546028e-03
1.276258746162078038e-03
1.448953235385087726e-03
1.612688589289935567e-03
1.769815429665710016e-03
1.927157398392551459e-03
2.084929623821359275e-03
2.231779567144260949e-03
2.373168369414162173e-03
2.460968208538989906e-03
2.518184569425714614e-03
2.514233973836172125e-03
2.439096735371772996e-03
2.328366175469985012e-03
2.133080957245782946e-03
1.927471075918652703e-03
1.701211868385458592e-03
1.494883825975746802e-03
1.298521366127846103e-03
1.171290895203000015e-03
1.067202686276569161e-03
1.009399001346833686e-03
9.744370988494027112e-04
9.508960875680933043e-04
9.117404319954709388e-04
8.541967885985410607e-04
7.598771695529547409e-04
6.199086107359498381e-04
4.571155820331657669e-04
2.397122434747352713e-04
1.428825803278813904e-05
-2.271770211759520071e-04
-4.621324883221670176e-04
-6.938330494370632037e-04
-8.879978849944933405e-04
-1.063548243682028212e-03
-1.201869648629585096e-03
-1.297003817808162684e-03
-1.370544369102199558e-03
-1.379422754059486016e-03
-1.370063911981916124e-03
-1.324230615834643071e-03
-1.255588780472709004e-03
-1.175542675503472943e-03
-1.090742492814245155e-03
-1.015330482077537446e-03
-9.586948152457792569e-04
-9.389211112900909713e-04
-9.375783887724073885e-04
-1.002184126339985279e-03
-1.084182325574954090e-03
-1.200965448144773913e-03
-1.326731454838699521e-03
-1.456988903594726159e-03
-1.546923881730874473e-03
-1.606679229796967659e-03
-1.606075317722887273e-03
-1.527830633129749136e-03
-1.410765562277044608e-03
-1.188620058864289135e-03
-9.469034943500862812e-04
-6.660448076332467059e-04
-3.881678861430277972e-04
-1.117818472662674594e-04
1.061927274450805885e-04
2.968853182023972531e-04
4.330139410518835498e-04
5.232711466541447318e-04
5.905926436327695039e-04
6.270205922104969470e-04
6.667208136000303239e-04
7.129655806132142743e-04
7.811063053048344180e-04
8.601950088356972697e-04
9.685703429977596214e-04
1.078407047595494796e-03
1.191166493064691086e-03
1.285407389898550424e-03
1.370389012414782379e-03
1.402226398054840515e-03
1.412616769881364174e-03
1.380113114080807604e-03
1.306517703105361354e-03
1.212376414542458555e-03
1.069136264406748060e-03
9.158992643202026277e-04
7.426685643321507104e-04
5.658582656028352193e-04
3.872581675029822127e-04
2.320287378832571086e-04
9.375750763633897405e-05
-1.059732386513067073e-05
-7.012821572015995959e-05
-1.072471377519559042e-04
-8.207980696390484857e-05
-4.607389008694097834e-05
1.160919896787535510e-05
5.974445342694186987e-05
1.031057905881642124e-04
8.559877018914842264e-05
3.879827270423597332e-05
-6.658917895248844332e-05
-2.276767219288172435e-04
-4.166143105650217714e-04
-6.544054450216038165e-04
-8.909151476750549548e-04
-1.124861986721992745e-03
-1.320659753592101334e-03
-1.497382984373719699e-03
-1.578037265429797949e-03
-1.621574169348536255e-03
-1.590876318992548921e-03
-1.492958964601509304e-03
-1.361431858192995803e-03
-1.161846540639737638e-03
-9.550742507182562527e-04
-7.339280160601159217e-04
-5.302178664719683215e-04
-3.352257594188861505e-04
-2.015203214100197828e-04
-9.235141012642290523e-05
-3.225555229322253040e-05
-1.305095830366447713e-05
-1.429199623589555239e-05
-4.799290526411725274e-05
-8.194967696820184395e-05
-1.164181740240481243e-04
-1.366241615043157110e-04
-1.496988941968020823e-04
-1.338821524245851233e-04
-1.099324862000472676e-04
-6.971697107089307047e-05
-2.004560023393992565e-05
3.435369845690665872e-05
9.190617276722202111e-05
1.472103838515457315e-04
1.980180684838271979e-04
2.393164951057824054e-04
2.758602927225524740e-04
2.962284794588645890e-04
3.139064563102765375e-04
3.262040133919098372e-04
3.458543535912341860e-04
3.691810853493957922e-04
4.268690609008648855e-04
5.007220266762904028e-04
6.069049728996901878e-04
7.403655238764942585e-04
8.874648772300570672e-04
1.043972466344692679e-03
1.189104382814540773e-03
1.311484953994980149e-03
1.387599598188439315e-03
1.440581278888445563e-03
1.413685954662425096e-03
1.365810940454272255e-03
1.275976546281905842e-03
1.165697264452727555e-03
1.045195538795158944e-03
9.238673965161576726e-04
8.075575609799215664e-04
7.012843389293398240e-04
6.067247389543067079e-04
5.180219500170981034e-04
4.447110835547161837e-04
3.765442032880774305e-04
3.186652954128466227e-04
2.713862651327131272e-04
2.294071736501431685e-04
1.957212482018118511e-04
1.575968504332962402e-04
1.105955080243761009e-04
3.442453642716440800e-05
-5.633124976421812369e-05
-2.139403000764111221e-04
-3.932917139781906828e-04
-6.161278550593112836e-04
-8.608523315406893832e-04
-1.116520975722308040e-03
-1.352894687324903474e-03
-1.566329070573715260e-03
-1.733884797114731849e-03
-1.837805636066584467e-03
-1.909909031223792648e-03
-1.889611888435783517e-03
-1.846590607223852530e-03
-1.758121049164123369e-03
-1.643913036609008244e-03
-1.516835796806260744e-03
-1.373758921124219531e-03
-1.229554159764651485e-03
-1.083093627049877116e-03
-9.387073526808025273e-04
-7.953582074846284608e-04
-6.597093288892798193e-04
-5.276184911919783562e-04
-4.026437352906267800e-04
-2.841480331911707497e-04
-1.688918579925958682e-04
-5.804919618172628610e-05
5.324280991939283995e-05
1.654335046011292862e-04
2.788816529254907754e-04
3.929585280712227097e-04
5.019671637405629652e-04
6.057527360706408369e-04
6.990921817220835692e-04
7.772616117058730317e-04
8.478460338558113565e-04
8.964769693450750200e-04
9.399250168998041308e-04
9.730072885854181659e-04
9.991821804657575069e-04
1.021903382443445406e-03
1.033276348342229700e-03
1.039058296667344592e-03
1.033658209845133690e-03
1.015153083212627736e-03
9.900954366749833632e-04
9.504271316927750653e-04
9.094412081749240042e-04
8.658200475857448074e-04
8.241014697073933580e-04
7.833341831844323633e-04
7.394323038231023553e-04
6.883201596568437044e-04
6.227874858806809301e-04
5.299320357741372275e-04
4.234151975023519947e-04
2.715554258471352626e-04
1.109511167561685104e-04
-6.714226720612700484e-05
-2.383751025568632640e-04
-4.061776636017716481e-04
-5.272664981273542280e-04
-6.265801928450146505e-04
-6.823436079467250486e-04
-6.985013600456424152e-04
-6.948562806431546465e-04
-6.549572910250146991e-04
-6.115969963945068911e-04
-5.613140917392209694e-04
-5.158080440493127868e-04
-4.726904248421086524e-04
-4.446495258896942908e-04
-4.230287095053001495e-04
-4.142480582569164709e-04
-4.219514484218931500e-04
-4.378968592935452916e-04
-4.832144948981986874e-04
-5.369573917390624285e-04
-6.075508110523954869e-04
-6.824511436017363392e-04
-7.595049327691104704e-04
-8.129388006471553740e-04
-8.491339015871475666e-04
-8.508514686509956312e-04
-8.107814932701175705e-04
-7.498177466668583951e-04
-6.389203834295645356e-04
-5.212117902541764901e-04
-3.898807372027250813e-04
-2.650801265259186516e-04
-1.435447370365010918e-04
-4.829172011728531677e-05
3.865861198851455407e-05
1.090035744675841250e-04
1.709038677193443212e-04
2.285818263574293963e-04
2.855917586569424135e-04
3.440709458062686217e-04
4.054886426552820359e-04
4.693176792978925871e-04
5.343523858373343954e-04
6.014259576828675201e-04
6.692726162168395436e-04
7.386654481277610306e-04
8.092087041988227977e-04
8.803271723499900498e-04
9.467664027009956322e-04
1.007215682261561156e-03
1.055685060241182485e-03
1.082558753640558554e-03
1.098634604749789984e-03
1.075947947899727735e-03
1.042701695541769407e-03
9.883362521680538314e-04
9.243513557458999828e-04
8.555567327995609872e-04
7.896048892710755707e-04
7.271261950907095687e-04
6.715937996065117054e-04
6.199657214433133921e-04
5.702898019406325804e-04
5.155365698824468206e-04
4.561830496395000091e-04
3.876289530269725475e-04
3.085209929004992398e-04
2.241361010170165799e-04
1.263839515607958022e-04
2.473001495295268294e-05
-8.472749595823946022e-05
-2.028746352631515947e-04
-3.253665887649867983e-04
-4.612357186344411236e-04
-5.989776550040873133e-04
-7.404652043739707017e-04
-8.727983958918293433e-04
-1.000554408483636309e-03
-1.088595918987374190e-03
-1.156518650317019895e-03
-1.184203823298408606e-03
-1.169343909859746344e-03
-1.133211453211066186e-03
-1.050783442412794129e-03
-9.633305168406353742e-04
-8.658277617206147549e-04
-7.785985600653090458e-04
-6.965061351423898484e-04
-6.462285981934396545e-04
-6.056315150005241350e-04
-5.843953393196244048e-04
-5.711763265123795874e-04
-5.619658951419508964e-04
-5.444035898089934732e-04
-5.194953336347115725e-04
-4.798951757777616890e-04
-4.237400397179367628e-04
-3.593074145566464510e-04
-2.758944166869102890e-04
-1.892004264057032181e-04
-9.594445130164689305e-05
-1.618228995118654347e-06
9.324311691262719107e-05
1.832176634041014600e-04
2.695046806349285181e-04
3.484166393443693228e-04
4.154745751904530878e-04
4.766054996048225815e-04
5.143570667576493304e-04
5.439852749547236790e-04
5.573667652403333428e-04
5.585605905149885163e-04
5.536605832841682336e-04
5.424354807317746663e-04
5.333357470828476408e-04
5.284867512408417730e-04
5.325851679558069474e-04
5.411572909492552578e-04
5.606175490270445469e-04
5.799690612110309845e-04
5.991030816074322104e-04
6.082129894351849444e-04
6.123108409786141371e-04
5.898101071100901854e-04
5.572678746053287687e-04
5.046426448281273337e-04
4.358073401228420240e-04
3.588669979535200625e-04
2.705116669769512885e-04
1.835176712204189661e-04
9.924634590405215109e-05
2.637649284761531162e-05
-4.079262407881773580e-05
-8.442453849279781420e-05
-1.208532042038555561e-04
-1.428753725091150967e-04
-1.564370340474428639e-04
-1.657684422023014172e-04
-1.740939127315212784e-04
-1.851285980216459365e-04
-2.015817128335890514e-04
-2.253195460501736399e-04
-2.526997384690876929e-04
-2.871942720634072864e-04
-3.216265415923331961e-04
-3.559342829905084386e-04
-3.857581274590434167e-04
-4.133400234627729536e-04
-4.308863920313424009e-04
-4.448202255370217978e-04
-4.515289889169060776e-04
-4.503309928513529780e-04
-4.451796170630746563e-04
-4.250523924321483911e-04
-3.986039948910304314e-04
-3.595132515295573804e-04
-3.071956894131817233e-04
-2.482647179193826813e-04
-1.755380712689426370e-04
-1.025839291037248678e-04
-2.917479590897848287e-05
3.446966913456129541e-05
9.323180010246383145e-05
1.274578621315351442e-04
1.539643822781981155e-04
1.650318186600809413e-04
1.690287667526556932e-04
1.694904707005823305e-04
1.764370947869130105e-04
1.895559098443740738e-04
2.150191068441033033e-04
2.529100687623090141e-04
2.970149131397689440e-04
3.480209490598894792e-04
3.956961079993776302e-04
4.367095129775502176e-04
4.623248456692382095e-04
4.802411422176671254e-04
4.713307286312928357e-04
4.551465031113007442e-04
4.244146537240901253e-04
3.848310161573386800e-04
3.408214845008378821e-04
2.904679116033263364e-04
2.393310829384322073e-04
1.866277427387940530e-04
1.347251348412260570e-04
8.322289309472080091e-05
3.886525753966816140e-05
-5.179208480202626962e-07
-2.995218490102750686e-05
-4.600276755298641080e-05
-5.536150950443683084e-05
-4.707239832204293756e-05
-3.652801594767392002e-05
-2.147309118934583464e-05
-1.148860805077244807e-05
-4.039345722074599954e-06
-1.409130454327745511e-05
-2.994386908503877221e-05
-5.739764506790010981e-05
-9.023856014127862855e-05
-1.257730447599094054e-04
-1.571765781149251544e-04
-1.845826932388565671e-04
-2.039939719005899523e-04
-2.152546057975132101e-04
-2.224399173120253869e-04
-2.226427639480322218e-04
-2.224453374907473869e-04
-2.214473648468809472e-04
-2.214918452600214379e-04
-2.220575522016654210e-04
-2.239950896028042879e-04
-2.261718348439931440e-04
-2.288269957652840384e-04
-2.324518972096677541e-04
-2.365616689155992491e-04
-2.434497200703730042e-04
-2.510085109329803247e-04
-2.599087812112621217e-04
-2.670492509154782793e-04
-2.733098203326627556e-04
-2.696699828004715891e-04
-2.607769679373024650e-04
-2.413775984121870207e-04
-2.112102761075141364e-04
-1.756589774130624373e-04
-1.302237506779737241e-04
-8.492625096688642564e-05
-3.990420530385035264e-05
-1.504334090246435698e-06
3.358444989862092365e-05
5.402567668468809974e-05
6.997936900957092146e-05
7.695799241209691998e-05
7.841770423868516752e-05
7.711796027730377385e-05
7.357231033860396955e-05
7.079587047824352530e-05
6.955785077455802000e-05
7.155030023312102948e-05
7.515798427280763905e-05
8.483555849619050777e-05
9.671422094516923362e-05
1.129950598453500143e-04
1.333553939637192995e-04
1.557554756911928319e-04
1.817777255169891694e-04
2.073286313113063232e-04
2.319368490426378148e-04
2.511757906199328237e-04
2.677300941202002266e-04
2.703309287520182670e-04
2.674191797786150317e-04
2.534822635947723353e-04
2.298769047165788676e-04
2.014373244912226045e-04
1.644108877520866654e-04
1.270123221026287993e-04
8.886949863254179727e-05
5.424448488602353572e-05
2.137837600130812330e-05
-2.639570235390180456e-06
-2.359890958714801949e-05
-3.844103516898677534e-05
-4.870561386264313995e-05
-5.668141911221075179e-05
-6.159360926683792698e-05
-6.678110365237805888e-05
-7.251920649974993177e-05
-8.044436691076765553e-05
-8.946305610360102023e-05
-1.015348842503711879e-04
-1.135661628631757348e-04
-1.255163424080574426e-04
-1.341330205042685420e-04
-1.410829478761503749e-04
-1.388717217089455278e-04
-1.332263623833840034e-04
-1.207127367411206037e-04
-1.030530265725531356e-04
-8.282027414082200514e-05
-5.977864096423106855e-05
-3.737180739922043064e-05
-1.623457305735674609e-05
1.880595500768903925e-06
1.848473116703466091e-05
3.011988197191449166e-05
4.025953382340704347e-05
4.740818776810660931e-05
5.174272037747845401e-05
5.467019231918793568e-05
5.364082633079633147e-05
5.180980302471808303e-05
4.837546508326849765e-05
4.574218187731879181e-05
4.350942603912225462e-05
4.694367363375289917e-05
5.305700151120430568e-05
6.452848995431112065e-05
7.973425439911964192e-05
9.680715684478111019e-05
1.121107478631591322e-04
1.237864575819262584e-04
1.282064047015087809e-04
1.213580494379115952e-04
1.088755429827216822e-04
8.002804232207863533e-05
4.804308771609269751e-05
9.783225219387116812e-06
-2.821639240206646660e-05
-6.608588758590778177e-05
-9.550069575265209606e-05
-1.209122926720065678e-04
-1.383174670965356553e-04
-1.481312672097337727e-04
-1.541493801672704303e-04
-1.511381905605009882e-04
-1.457207346866971204e-04
-1.354907462788303911e-04
-1.210093203806485309e-04
-1.044021757373222715e-04
-8.262106410510502074e-05
-6.011455825872038665e-05
-3.615726398398239869e-05
-1.382691146623063564e-05
7.689970173037384828e-06
2.261428972085946954e-05
3.496804848349801328e-05
4.218068567580163182e-05
4.619470784164141910e-05
4.860942249425271276e-05
5.154844735166984261e-05
5.610502302507511133e-05
6.389670033046567020e-05
7.516991869681614261e-05
8.818390759364747305e-05
1.023094530715950245e-04
1.147005274935459775e-04
1.236226598034809924e-04
1.257626231865802949e-04
1.245115021062653392e-04
1.120073141890814359e-04
9.672743865405089201e-05
7.589618788332111736e-05
5.280060880998042525e-05
2.857286558535769995e-05
5.381959355897150552e-06
-1.661548167863528087e-05
-3.622599232332287064e-05
-5.288284102459526190e-05
-6.806285875416859200e-05
-7.863723042988197563e-05
-8.761834704262564852e-05
-9.341295352945176017e-05
-9.605325872562996039e-05
-9.711641327648665113e-05
-9.441260200279998950e-05
-9.116958871946141251e-05
-8.684817141681477643e-05
-8.321238706084426123e-05
-7.991941917820988880e-05
-7.944456614823695449e-05
-7.983841558201394163e-05
-8.196966994328812892e-05
-8.426154741087014445e-05
-8.663373643160598601e-05
-8.573357884579772424e-05
-8.273845681321799646e-05
-7.555340588710298029e-05
-6.348401706485285790e-05
-4.897245929454543489e-05
-2.868454192539920738e-05
-7.697644437800075923e-06
1.468721328672226148e-05
3.546580795744500752e-05
5.544127110127675600e-05
6.923529677315636672e-05
8.034043897578244792e-05
8.606781423993257313e-05
8.661353669406247500e-05
8.456843274318357980e-05
7.665755575008421203e-05
6.763999720679049834e-05
5.640907556309773872e-05
4.456917782276969241e-05
3.242479203412033679e-05
2.137144375172858900e-05
1.124033339255008923e-05
2.953698879817718033e-06
-2.625556869393524769e-06
-6.851123236845645871e-06
-6.531815609026291115e-06
-4.980944999486409835e-06
-9.669484265102697146e-07
4.055984691067164051e-06
9.583386080940427563e-06
1.400287609588514986e-05
1.750484345651248942e-05
1.917176550850428594e-05
1.922668351413826901e-05
1.847559949659479040e-05
1.740884611470916338e-05
1.706522866766970958e-05
1.816788309031800117e-05
2.154429775324848508e-05
2.605759253632206247e-05
3.323984400389696158e-05
4.060167433582454523e-05
4.832266239646337299e-05
5.496867622313139775e-05
6.107720293281734478e-05
6.447804257865804895e-05
6.699707938146060189e-05
6.775251049818334229e-05
6.710433125869714902e-05
6.575434684110723429e-05
6.264415560750845129e-05
5.898083941121046338e-05
5.421127328951198533e-05
4.855681176541799473e-05
4.245990254013179763e-05
3.594557163197869269e-05
2.968203044369633917e-05
2.392006869515193098e-05
1.904634266716408040e-05
1.461673449945198446e-05
1.084876298345640198e-05
6.727229006135791367e-06
1.898570106161272215e-06
-4.777123606403432312e-06
-1.237633472526764638e-05
-2.322569368752685270e-05
-3.474073697774212780e-05
-4.758714892388009451e-05
-6.014420177271101231e-05
-7.255657507289311515e-05
-8.210952956217538404e-05
-9.023260568998885893e-05
-9.549592509485046142e-05
-9.776068828540695316e-05
-9.852617336881249550e-05
-9.534449543153271345e-05
-9.108400581290935528e-05
-8.466589283159896685e-05
-7.652463739394621837e-05
-6.752181072813007580e-05
-5.674122973416351407e-05
-4.577308557053298330e-05
-3.442981506756604413e-05
-2.369540250817318727e-05
-1.326541892056301443e-05
-4.885434399383099246e-06
2.756708299416463168e-06
8.923167353470366729e-06
1.422565815716137985e-05
1.909616483567486909e-05
2.403080724822616922e-05
2.924387849740715508e-05
3.501380741985218799e-05
4.098777329980479121e-05
4.706375765851311080e-05
5.177796445905937824e-05
5.543444110659283974e-05
5.697545744809516673e-05
5.588802701184578093e-05
5.348637318672193802e-05
4.798557497405948224e-05
4.212531147235681157e-05
3.554611739256744308e-05
2.961958633002641672e-05
2.401938677611622927e-05
2.041871315022535598e-05
1.736975798650700170e-05
1.542423974713347877e-05
1.379363635950235981e-05
1.232049039774158394e-05
1.018733113009522590e-05
7.666104090699766505e-06
4.368741507804727989e-06
3.382136639118641165e-07
-4.058896810482646445e-06
-9.382416024967648585e-06
-1.502482587929804896e-05
-2.130501701332439068e-05
-2.824816443313443097e-05
-3.552278999583819926e-05
-4.327877627010851111e-05
-5.071244134279409620e-05
-5.750146401229506250e-05
-6.223111900344064089e-05
-6.593109015540870828e-05
-6.464921026742711065e-05
-6.149570641504852042e-05
-5.459895463388394099e-05
-4.471182305806117846e-05
-3.332950158491826566e-05
-2.000420563255806675e-05
-7.022859528273666039e-06
5.270586879867134240e-06
1.529916075129109687e-05
2.419529835436221330e-05
2.853175122130442631e-05
3.136456543426340281e-05
3.119010233926849322e-05
2.861196361213685550e-05
2.483198706893545102e-05
1.881169369079429372e-05
1.255760601316126528e-05
5.835929736539222632e-06
-3.709847483021350331e-07
-6.320518337255813065e-06
-1.039506535934142800e-05
-1.371283486354146683e-05
-1.551704933196489182e-05
-1.612253738808090594e-05
-1.612866223804337642e-05
-1.545496127518444700e-05
-1.494789878784622785e-05
-1.477411325154871263e-05
-1.532763984299271066e-05
-1.624482249830726117e-05
-1.793315602206060989e-05
-1.953776934074910970e-05
-2.097494224930876211e-05
-2.148811345650415214e-05
-2.153928381301841049e-05
-1.953261009678777216e-05
-1.684136364013712325e-05
-1.278097170264652432e-05
-7.673446432592810368e-06
-2.042354496254094450e-06
4.543988235707828823e-06
1.125603234214090997e-05
1.821947919752152373e-05
2.500137288935291315e-05
3.169248999941226200e-05
3.721630073228411801e-05
4.200112525598242514e-05
4.530797736132500153e-05
4.665351683574605051e-05
4.701839999470570897e-05
4.464886164427465780e-05
4.182823769768099614e-05
3.810544255876403797e-05
3.486852489698996009e-05
3.187454597379103913e-05
3.133351287421872746e-05
3.171525173087426109e-05
3.394253449998903608e-05
3.704950877900099580e-05
4.059632881296187316e-05
4.288657766970620071e-05
4.395630430555357867e-05
4.258498649961552779e-05
3.808385286349863594e-05
3.201781131228969104e-05
2.201379878654092083e-05
1.137069912366950218e-05
-5.505748134570592712e-07
-1.224898579296600389e-05
-2.383596529367048791e-05
-3.345504415341052579e-05
-4.215200831534394999e-05
-4.900474308164757208e-05
-5.381543997778878615e-05
-5.760511793885026327e-05
-5.813204367929139695e-05
-5.752916501834681051e-05
-5.466667755463559499e-05
-4.977514092331019533e-05
-4.386907970818183035e-05
-3.615623671112610734e-05
-2.852457421538331437e-05
-2.105527272226123149e-05
-1.515737715969983447e-05
-1.004518456241528722e-05
-8.407928821679947910e-06
-7.743255278993353466e-06
-9.023746132397775723e-06
-1.090909609879047858e-05
-1.309687562167855417e-05
-1.380288637722066272e-05
-1.352741934671160079e-05
-1.128899674409651335e-05
-7.228674682994492265e-06
-2.257402892649180543e-06
3.790333245365753643e-06
9.493111975056545094e-06
1.450597588808762418e-05
1.783678218366259693e-05
2.032655967051014671e-05
1.995394997370746943e-05
1.882730830767837926e-05
1.619260270319967186e-05
1.267029897645743436e-05
8.704196188586711523e-06
4.191043901672379931e-06
-3.068232692348377574e-07
-4.774120208130969284e-06
-8.775289382533345617e-06
-1.254339467469067998e-05
-1.475040090501459909e-05
-1.616138274979921112e-05
-1.598031582351173117e-05
-1.403834039062777010e-05
-1.121591070444450121e-05
-6.482793149667709751e-06
-1.640854903567477588e-06
3.418724725183462880e-06
7.551728017019860737e-06
1.122144314040127597e-05
1.256997572843516993e-05
1.327149096477633508e-05
1.267897149773193082e-05
1.176532588262343436e-05
1.069111719348313829e-05
1.079955214405580079e-05
1.159765554112509017e-05
1.377509583118469242e-05
1.707464177053196345e-05
2.093524053452014660e-05
2.508616392490873893e-05
2.880281954749815324e-05
3.165093963449031609e-05
3.297491954585372035e-05
3.353682936940457322e-05
3.176702868678589345e-05
2.942765225849667613e-05
2.594912433886629221e-05
2.181348089170568756e-05
1.734927968077715023e-05
1.232086121643614826e-05
7.158820074992408941e-06
1.729533579339058887e-06
-3.778048422137370717e-06
-9.324778176527226861e-06
-1.427228588853677343e-05
-1.867475628732848938e-05
-2.198715205967631769e-05
-2.367891166068314895e-05
-2.456035317601929532e-05
-2.308708254782474741e-05
-2.121302846921962871e-05
-1.853740748979506930e-05
-1.623245010649372965e-05
-1.411282452125665619e-05
-1.399121068826584700e-05
-1.464031682047293308e-05
-1.683086288307901484e-05
-1.989931889171303088e-05
-2.340672987336132999e-05
-2.648804667263118462e-05
-2.891008548407261936e-05
-3.001356831986440733e-05
-2.938054300647210620e-05
-2.787926361848761992e-05
-2.420073641014037873e-05
-2.014199146610727226e-05
-1.532281105069821023e-05
-1.041577501010309498e-05
-5.464811156913289546e-06
-9.648883597484904934e-07
3.326440275569802152e-06
7.200580587186377026e-06
1.062463998771819266e-05
1.382365893270954678e-05
1.618744691379177044e-05
1.818976282769276182e-05
1.946913460723282685e-05
1.996192094842326958e-05
2.006141457043795925e-05
1.927384143992537258e-05
1.841661439536816352e-05
1.742007952272085587e-05
1.679730501228738818e-05
1.636141068296028311e-05
1.692419858940378438e-05
1.775997585865753017e-05
1.914173185353139911e-05
2.056892967974965412e-05
2.201884842164110673e-05
2.259407509688949269e-05
2.266899943642673964e-05
2.174331910453997725e-05
1.984270400085320600e-05
1.745462151126662514e-05
1.428729097651638588e-05
1.117492650350094930e-05
8.172494153961638587e-06
5.735173045645895767e-06
3.580407557940762062e-06
2.349183087570147245e-06
1.262001379547370449e-06
4.629051962196551758e-07
-4.969730556919974897e-07
-1.537242341894681133e-06
-3.209033241681473463e-06
-5.049923923350631183e-06
-7.229014168786428895e-06
-9.413982412676014596e-06
-1.160188965579326679e-05
-1.330495589355130629e-05
-1.478916255933005319e-05
-1.583565008115356404e-05
-1.655749587562073099e-05
-1.711702080641029096e-05
-1.743385906806744947e-05
-1.767351547891171057e-05
-1.775880818813008199e-05
-1.749403708572025613e-05
-1.705423407749654847e-05
-1.573711349291680462e-05
-1.411661717214908003e-05
-1.188936937900949527e-05
-9.381424526478022945e-06
-6.733131144249182973e-06
-4.515545999178688274e-06
-2.700347417947403133e-06
-1.689921964392825252e-06
-1.666292194551446498e-06
-2.136060266567218832e-06
-3.713921816025681691e-06
-5.392898239643010379e-06
-7.274104411579624183e-06
-8.798228715221769294e-06
-1.014381208471753895e-05
-1.040768090055759677e-05
-1.025994381322747008e-05
-9.288994919559103805e-06
-7.590339671030364016e-06
-5.527831245070360894e-06
-2.666145551643511619e-06
3.411718554018102843e-07
