7.945214434117612301e-01
7.936192788587469460e-01
7.929124300359344790e-01
7.956625657892096859e-01
7.970093436924132746e-01
7.989522084022189219e-01
8.028589478783433320e-01
8.069142724564856151e-01
8.115116906382240369e-01
8.179292715038019024e-01
8.256734362449721365e-01
8.354991109175916586e-01
8.498729484610831886e-01
8.711462654257616789e-01
9.809774500699209865e-01
9.209083917172757872e-01
1.095796275220682903e+00
1.111126648914352089e+00
1.021495025055953132e+00
9.528092336311400068e-01
1.029930125209652880e+00
1.145626891656480240e+00
1.050040597687183164e+00
1.217197866978591891e+00
1.436820941168901911e+00
1.612706856878013850e+00
1.629365832682329041e+00
1.504901612332714134e+00
1.617304699052616979e+00
2.003877470616389100e+00
2.291528582565187211e+00
2.411517229912997440e+00
2.097696832193019834e+00
2.148742591389154022e+00
2.350045529032733782e+00
2.435058229154941412e+00
2.187062851393993590e+00
1.963634112402241838e+00
1.925590985700399438e+00
1.854245567618372226e+00
1.796908576602529894e+00
1.772528277192105817e+00
1.733513280306299364e+00
1.974660652605878308e+00
2.196289665456747642e+00
1.875545592982293286e+00
1.697395645254343943e+00
1.814186554561046272e+00
1.618187290655425992e+00
1.405730592719327543e+00
1.283378864585136947e+00
1.188244670902602218e+00
1.293506310165883022e+00
1.390403167335405366e+00
1.476016340322675813e+00
1.487613678153008268e+00
1.431455746404121543e+00
1.406306948077251207e+00
1.664100405979233033e+00
1.862541498466133705e+00
1.827109261888707481e+00
1.731148366319104959e+00
1.665129011972197093e+00
1.652987793965708718e+00
1.575700993772624514e+00
1.675523966247539187e+00
1.770165039747189306e+00
1.852006855381029604e+00
1.918311103938892037e+00
1.962015941660814722e+00
1.981602665215204118e+00
2.019054344220596153e+00
2.361839512213450121e+00
2.578293656985019222e+00
2.658852747935934957e+00
2.680520931563903364e+00
2.756283621859568989e+00
2.762827926449618943e+00
2.717462801389820104e+00
2.639963697865975956e+00
2.536547182049877502e+00
2.425359980250485492e+00
2.340938797028365936e+00
2.335499055723536443e+00
2.456591994298834347e+00
2.700467628724530833e+00
3.034473584757617193e+00
3.391515292605984389e+00
3.694557672958165728e+00
3.885479930346493305e+00
3.931787670415684666e+00
3.878448915276942355e+00
3.826534929032158416e+00
3.744329598766741984e+00
3.486052974052304965e+00
3.349274383777406605e+00
3.332177149641733838e+00
3.331516978785197924e+00
3.315933879901061587e+00
3.285990593557688744e+00
3.240537817171197599e+00
3.179935359351622637e+00
3.104643545642813418e+00
3.483571413491374447e+00
3.766184410099449931e+00
3.919244964574138734e+00
3.952476083825962050e+00
3.967779395049840119e+00
3.915392627241638390e+00
3.983573893568591373e+00
4.174943740412421889e+00
4.236363271441365264e+00
4.341511086159166588e+00
4.589638154974479356e+00
4.684722609921419867e+00
4.675799206505388383e+00
4.574363540632377934e+00
4.392240691510712836e+00
4.143010084402747317e+00
3.775723435624726676e+00
3.603107732586636747e+00
3.740782066786539239e+00
3.869099152968327182e+00
3.980892968899777173e+00
4.066667667683575793e+00
4.119482491318994910e+00
4.133282623810249135e+00
4.104558111285077082e+00
4.062764132145441742e+00
3.983376420458458522e+00
3.875122276872341232e+00
3.778321445618710417e+00
3.713096583864580857e+00
3.680450072568917541e+00
3.614549267289462353e+00
3.549868856371424908e+00
3.491214389659176298e+00
3.410913858522349074e+00
3.310968020331261474e+00
3.202683931627284153e+00
3.110239870090331760e+00
3.002988296784989686e+00
2.883128645646285904e+00
2.754543325091571848e+00
2.617864679343101297e+00
2.475245431626558634e+00
2.330378142950393805e+00
2.183286567905197373e+00
2.040734026081416630e+00
1.932143088831325128e+00
1.822777322148204426e+00
1.713913754136747736e+00
1.606608472433190382e+00
1.501794996840917218e+00
1.401098908007772925e+00
1.304083064388363855e+00
1.260580518477443901e+00
1.290550599495417838e+00
1.301127259143937787e+00
1.295141528137315978e+00
1.275516771270636784e+00
1.245190328736702989e+00
1.206644472281658276e+00
1.162366435571285272e+00
1.130751319342039540e+00
1.108853281161680027e+00
1.083503202341115967e+00
1.056827438563320065e+00
1.029442793662874500e+00
1.002468881637114784e+00
9.767683672362146297e-01
9.529557509169074292e-01
9.314074088105468441e-01
9.122734287587002111e-01
8.954926048664653138e-01
8.808108138700888601e-01
8.678043597130871145e-01
8.559092359462303623e-01
8.444549708590649573e-01
8.327024784749672559e-01
8.198856012953910088e-01
8.078238272270792386e-01
8.120348329474786908e-01
8.148011033316334695e-01
8.157790695085532784e-01
8.142257289404016829e-01
8.098866300758296166e-01
8.021666960157926018e-01
7.908159691233981325e-01
7.754624240581576844e-01
7.561826546872638666e-01
7.326806984540249479e-01
7.055862504108727506e-01
6.746898300917201219e-01
6.672258109616052701e-01
6.723254924323142090e-01
6.749981185456099819e-01
6.753446639814281172e-01
6.731851330442797376e-01
6.685998296241437711e-01
6.617337035929083955e-01
6.528857741529816572e-01
6.419989983244155374e-01
6.292460662329046883e-01
6.148238742627580855e-01
5.991737860038450769e-01
5.822377083954816124e-01
5.642482428735117184e-01
5.456933193622484080e-01
5.264578185957327072e-01
5.071245163732279737e-01
4.876166371969878344e-01
4.683705284318951945e-01
4.495505495834937193e-01
4.313162250326917913e-01
4.138906062952330545e-01
3.974649422909831142e-01
3.821974335239795018e-01
3.682128279432582696e-01
3.564519907617656469e-01
3.516001147380805603e-01
3.463233467687795719e-01
3.405595259179742818e-01
3.343375715264452763e-01
3.278408299624417377e-01
3.209317823300709138e-01
3.137645211500996734e-01
3.072404300915333453e-01
3.069539719006946221e-01
3.075209580919882613e-01
3.088126773450468043e-01
3.106995458148150702e-01
3.130901504781806177e-01
3.158232459582872576e-01
3.187569030105833479e-01
3.217793622682589283e-01
3.247872356840547647e-01
3.276864308502308587e-01
3.304536582553647683e-01
3.329751501536196701e-01
3.351813452898675938e-01
3.370178398701287326e-01
3.384406379799642095e-01
3.395275716892812712e-01
3.401688496383491467e-01
3.403284738924390318e-01
3.400727503253392348e-01
3.394042406235190379e-01
3.382526344003393692e-01
3.367164325145849957e-01
3.347932726353963773e-01
3.324353480255324289e-01
3.297846897222061480e-01
3.267827669711476646e-01
3.234308108202660903e-01
3.198912515213869767e-01
3.160582673260712294e-01
3.119970898401149828e-01
3.078039278606766738e-01
3.034159764426195838e-01
2.989027068220240224e-01
2.943304180209170839e-01
2.896572350458707645e-01
2.849304329164797367e-01
2.802301716010509591e-01
2.755102671580529350e-01
2.707965327031053304e-01
2.661534197928090428e-01
2.615788658009863266e-01
2.570679018808280092e-01
2.526373269117705989e-01
2.483160954014160260e-01
2.441277266370301957e-01
2.411174695359630804e-01
2.417936096128654455e-01
2.422727497614051984e-01
2.425545226382908037e-01
2.426553405250378714e-01
2.426071472299023979e-01
2.424174518101000764e-01
2.420918193102662708e-01
2.416849319222055537e-01
2.411373569852829357e-01
2.405561639495728543e-01
2.398738563143247293e-01
2.391032389951927850e-01
2.383199086129083599e-01
2.374443082210493938e-01
2.365091854412805228e-01
2.355580569258282631e-01
2.345223057676855682e-01
2.334312561402531183e-01
2.323193810978825269e-01
2.311188480122839950e-01
2.298565808664682075e-01
2.285618681762571491e-01
2.271675083029853215e-01
2.257054174569789184e-01
2.241901212248482433e-01
2.225617460731456609e-01
2.208678365269632071e-01
2.190908514654482386e-01
2.171887131189058628e-01
2.152358276447914609e-01
2.131626211710395957e-01
2.109888347977598722e-01
2.125442577871391181e-01
2.138025969363251955e-01
2.147728141640561084e-01
2.154835400476503293e-01
2.158776585950245019e-01
2.159846582912300916e-01
2.158136575899922416e-01
2.153161300263378708e-01
2.145683594735099120e-01
2.135101638957969117e-01
2.121687592263993005e-01
2.105679574255119035e-01
2.086629485829447905e-01
2.065482980175611660e-01
2.041429096050072500e-01
2.015292068256492597e-01
1.986717951255518866e-01
1.956054469657988737e-01
1.923469295773568843e-01
1.888854147544108408e-01
1.852822926316957108e-01
1.814915592072854911e-01
1.776000621620573983e-01
1.735589609946625589e-01
1.694265918588981623e-01
1.651969512142372476e-01
1.608886000632081537e-01
1.565309094684731450e-01
1.540249425074474154e-01
1.531208174177416115e-01
1.520699472801708418e-01
1.508142378069997069e-01
1.493378440095585735e-01
1.476072819081873100e-01
1.456257593076689116e-01
1.434062660374914866e-01
1.409704332628230750e-01
1.383459972916171454e-01
1.355636509823344993e-01
1.326546903710392467e-01
1.296503937216876290e-01
1.266023277984806295e-01
1.240206602436549621e-01
1.225043781741362581e-01
1.225008599428057954e-01
1.225134846155649382e-01
1.223801106390013521e-01
1.221385359397487991e-01
1.217775772613007707e-01
1.213188532394997993e-01
1.207616739382186555e-01
1.201263404667889667e-01
1.194023415027732210e-01
1.186281737680509180e-01
1.177756217098832742e-01
1.168858376579953035e-01
1.159465519431050751e-01
1.149556576040078881e-01
1.139569723179591348e-01
1.129224251130352269e-01
1.118580601623195003e-01
1.107951310672828649e-01
1.097206433230081546e-01
1.086330083242971339e-01
1.075382379616671019e-01
1.064646597859428695e-01
1.053897120801369353e-01
1.043167638637190059e-01
1.032486621330077070e-01
1.021994070825811146e-01
1.011681122367621838e-01
1.001463346243457037e-01
9.913520401911495028e-02
9.813548032425517542e-02
9.714874449920078703e-02
9.618970718904476525e-02
9.524177807589649658e-02
9.430463359866733675e-02
9.337774585832250840e-02
9.246041499940779729e-02
9.155180051429724630e-02
9.065740380013800892e-02
8.977697972035363072e-02
8.890176882675504544e-02
8.803067570663174191e-02
8.723144028704893360e-02
8.712441379345457759e-02
8.701723276572925769e-02
8.690985989802921252e-02
8.680226024745257840e-02
8.669440114330144442e-02
8.658625209766354636e-02
8.647778472073980316e-02
8.636897263645612610e-02
