7.232217937705147648e-01
7.240442175718267981e-01
7.251194456112997067e-01
7.245519626392230572e-01
7.326877011083348101e-01
7.365663104079588352e-01
7.462627344774986904e-01
7.549977577322860567e-01
7.664166047944278581e-01
7.732597533745655394e-01
8.155106776662716106e-01
9.183604061212237157e-01
1.112621683766114478e+00
1.159022338598319601e+00
1.229466247202960494e+00
1.172375851887606180e+00
1.260402412773706349e+00
1.204640185126194973e+00
1.341846093638458193e+00
1.332083872129845137e+00
1.800413988563037915e+00
2.353988547454103575e+00
2.546252373817817549e+00
2.716290386156974268e+00
2.358178194074560974e+00
2.255638469598071350e+00
2.481753427155385605e+00
2.201651947565619771e+00
1.973509763773095393e+00
2.231132005118309003e+00
2.360028287739038166e+00
2.456434750833157210e+00
2.459852485454999016e+00
2.337672262998864881e+00
2.435471168562865607e+00
2.397760189224128258e+00
1.744448053026500967e+00
1.533844357040462958e+00
1.471237034762847617e+00
1.559215987840640638e+00
1.704769665835720538e+00
1.631645873150398440e+00
1.930319450577828055e+00
2.057728183884408590e+00
2.233389868145187585e+00
2.287034441825729125e+00
2.007201831664853664e+00
1.750360205651349865e+00
1.819672903357924865e+00
1.971597973750273347e+00
2.314918323363083008e+00
2.513655233499197283e+00
2.515496512380886340e+00
2.683314398407990353e+00
3.031968935564669287e+00
3.322137966772030104e+00
3.299037427835608494e+00
3.152714277083300320e+00
3.136980770925946072e+00
3.453948123223682387e+00
3.625400958751562985e+00
3.690665428291707961e+00
4.180890527378472221e+00
4.328350628311016024e+00
4.026241210191915165e+00
3.742081304813525744e+00
3.553720281769653155e+00
3.281252550031130255e+00
3.271719060715973182e+00
3.454165521501718850e+00
3.700818808527551074e+00
3.864422357981494027e+00
3.812788664251641535e+00
3.731731854466531662e+00
3.859301162272892771e+00
4.009444824404044816e+00
4.043517556753011277e+00
3.976891840438966153e+00
3.913278064541080070e+00
4.086757227988568886e+00
4.306393147594049786e+00
4.333880028640519910e+00
4.195691382206500286e+00
3.935352010843693016e+00
3.586709859752497120e+00
3.186127250713576053e+00
3.630323670387238355e+00
4.092381712905524438e+00
4.258277556971744815e+00
4.280561531555039601e+00
4.217864876337276137e+00
3.974868651732649916e+00
3.494199596476802228e+00
3.700908021800798142e+00
4.051244526894932640e+00
4.363472312375357376e+00
4.507682500731509556e+00
4.487788798237447807e+00
4.772515881780051039e+00
4.752374976980122234e+00
4.470055786689742128e+00
3.959451230916893660e+00
3.391735798241784838e+00
2.811178008541444395e+00
2.353864441318437972e+00
2.066194649709722331e+00
1.796227728760054765e+00
1.570815074080976759e+00
1.411561701653596623e+00
1.266226033736171486e+00
1.137733717365547070e+00
1.088149518149267303e+00
1.027785018107868931e+00
9.779726069253175114e-01
9.574406433676909689e-01
9.914670357803875289e-01
1.001575224535816488e+00
9.916030533711378547e-01
1.006904397423303177e+00
1.000709061992039128e+00
9.884689883873160055e-01
9.751140310522030674e-01
9.380015507807420994e-01
8.819092301330542227e-01
8.870968712254660993e-01
9.073208358939717222e-01
8.949946530576531334e-01
8.623410885528454140e-01
8.414305140075695189e-01
8.470423707278139647e-01
8.492501510237537854e-01
8.363446291304571512e-01
8.081868113831170986e-01
7.689638062774464267e-01
7.263599099211097698e-01
6.902604992625548386e-01
6.806065426159064735e-01
6.925728974268718918e-01
7.079735828314858148e-01
7.120658195698145176e-01
6.923401007443908961e-01
6.899797589610128234e-01
6.898796126489282754e-01
6.760894514835973368e-01
6.468880291695342510e-01
6.106453464926072661e-01
6.015507640980296555e-01
5.819611256434727986e-01
5.515001916286049743e-01
5.404374187954218423e-01
5.255461227775256594e-01
5.029206096522379488e-01
4.755976456655596762e-01
4.463717181005022461e-01
4.178419962426542233e-01
3.921020372642300966e-01
3.707535563493577491e-01
3.558088563989904030e-01
3.431537354727453026e-01
3.360879222576740877e-01
3.322190744737816281e-01
3.303546869418781395e-01
3.293562739174552556e-01
3.282760724025054477e-01
3.264370012062284832e-01
3.234589496483757376e-01
3.194609477528728148e-01
3.143566965791968482e-01
3.084002080712864302e-01
3.019552723238002057e-01
2.955549317299147605e-01
2.893681705438009844e-01
2.836661520420089011e-01
2.786173412887846257e-01
2.742746570751599111e-01
2.705798083957416389e-01
2.673794336544340067e-01
2.645672714668139136e-01
2.617914994989414823e-01
2.587635478925355836e-01
2.552158868546423043e-01
2.511349294251685182e-01
2.477315477592577919e-01
2.538265726480638529e-01
2.585567800375215830e-01
2.615889759913744839e-01
2.628327333772773611e-01
2.620206275499814552e-01
2.590978377494059792e-01
2.541259206089818146e-01
2.472822635411045245e-01
2.389204022120932080e-01
2.292296133528818614e-01
2.186556871270835534e-01
2.076812325061259124e-01
1.967429346334133022e-01
1.862620584540021218e-01
1.773744406747811975e-01
1.683752964330658408e-01
1.615719926271332874e-01
1.564038957595633161e-01
1.562557709621166246e-01
1.567479639702033523e-01
1.571018104828994510e-01
1.572481113067779879e-01
1.571712291034627895e-01
1.568672942697369455e-01
1.563347263099907070e-01
1.557188217918644701e-01
1.561874031940208019e-01
1.558506795094311559e-01
1.544886003819060105e-01
1.520442680803918700e-01
1.521603139779464930e-01
1.557093873938242834e-01
1.586005501773537774e-01
1.607413702026851965e-01
1.620675158312908370e-01
1.625426139911806955e-01
1.621891311297156968e-01
1.634482578472847836e-01
1.631774023119608730e-01
1.613118246506878295e-01
1.580310279063890100e-01
1.534588169320097173e-01
1.477836853261187133e-01
1.454604658942414419e-01
1.450884633272639668e-01
1.443376697855433266e-01
1.431546671961467510e-01
1.415881053533462330e-01
1.396949633426328441e-01
1.375364704020138606e-01
1.351863176056058158e-01
1.327411428198683463e-01
1.302096094759858935e-01
1.276504313594336304e-01
1.251178954965371792e-01
1.226607294558030997e-01
1.203212297339982667e-01
1.181346493106990442e-01
1.161288351420315390e-01
1.143241002022250125e-01
1.127333097212880469e-01
1.113621575073440173e-01
1.102096056248444422e-01
1.092684591796363180e-01
1.085260474237034617e-01
1.079649827294682646e-01
1.075639700741900656e-01
1.072986413890002905e-01
1.071423913259556410e-01
1.070671935656820062e-01
1.070443795993543945e-01
1.070453648683658832e-01
1.070423101246580216e-01
1.070087088133120645e-01
1.069198940909668744e-01
1.067534617270104041e-01
1.064896075456049640e-01
1.061113802175427806e-01
1.056320468849770294e-01
1.050254731847778261e-01
1.042729271942487435e-01
1.033693192306155972e-01
1.023125579225924731e-01
1.011034058444673228e-01
9.974529146194520413e-02
9.824408538041208561e-02
9.662890314957620075e-02
9.490319012814076027e-02
9.306145982747128509e-02
9.111640777894129684e-02
8.908182915344396713e-02
8.697233284980600276e-02
8.480306465398324001e-02
8.258944361135658885e-02
8.034691506919865167e-02
7.864529203814386860e-02
7.853146417419444580e-02
7.832574634895109189e-02
7.804981225642518283e-02
7.768124843015722369e-02
7.722297684689589936e-02
7.667860574056536982e-02
7.605234283873378576e-02
7.534890880334413343e-02
7.457345196825793110e-02
7.373146531897610545e-02
7.282870654286785483e-02
7.187112184228597322e-02
7.086477408411132051e-02
6.981577574023350996e-02
6.873022696448109758e-02
6.761415905187946607e-02
6.647348342608910832e-02
6.531394622328176580e-02
6.415089065221094011e-02
6.298165900948590745e-02
6.188590184860697646e-02
6.161528381563136786e-02
6.132828455602604839e-02
6.102575374989805540e-02
6.070855992403372675e-02
6.037758492788908304e-02
6.003371878578112053e-02
5.967785492440930151e-02
5.931088576688462594e-02
5.893369868714239124e-02
5.854717231386151466e-02
5.815217317414943937e-02
5.774955266605058535e-02
5.734014434628095097e-02
5.692476152090740482e-02
5.650419512551120571e-02
5.607921188016634639e-02
5.565055270641687535e-02
5.521893138947293889e-02
5.478503347508190124e-02
5.434951538225621381e-02
5.391300372066597235e-02
5.347609479838821844e-02
5.303935430465798323e-02
5.260331715614835479e-02
5.216848749219465953e-02
5.173533880720573158e-02
5.130431420720345942e-02
5.087582678072800207e-02
5.045026006953896164e-02
5.002796863046291009e-02
4.960927867975224725e-02
4.919448880577374089e-02
4.878387074485292935e-02
4.837767020930325290e-02
4.797610776111093517e-02
4.757937972149076794e-02
4.718765911182765116e-02
4.680109661623199635e-02
4.641982156305671930e-02
4.604394291614451878e-02
4.567355027323051486e-02
4.530871486533082776e-02
4.494949055300183349e-02
4.459591481543050823e-02
4.424800972943859073e-02
4.390578293339332527e-02
4.356922857533302579e-02
4.323832824109875156e-02
4.303395863900068979e-02
4.283550920776452164e-02
4.263419242451449431e-02
4.243052591437426052e-02
4.222498596126649656e-02
4.201800740966722680e-02
4.180998401540152870e-02
4.160126919602438744e-02
4.139217712841984642e-02
4.118298414614038339e-02
4.097393038982657248e-02
4.076522166568851552e-02
4.055703147211055931e-02
4.034950315477456306e-02
4.014275215374421557e-02
3.993686831241458762e-02
3.973191821388676048e-02
3.952794751986291738e-02
3.932498329015802346e-02
3.912311023830341433e-02
3.892320610979706219e-02
3.872427660201246263e-02
3.852629815667776153e-02
3.832923897236469035e-02
3.813306083197008645e-02
3.793772081056349249e-02
3.774317286005545585e-02
3.754936926461720920e-02
3.735626196773730867e-02
3.716380376597553520e-02
3.697194937374532336e-02
3.678065635742908124e-02
3.658988594557510687e-02
3.639960371471159806e-02
3.620978015693935431e-02
3.602039113742555587e-02
3.583141824092600514e-02
3.564284901981630560e-02
3.545467714759789613e-02
3.526690248262661503e-02
3.507953105332570209e-02
3.489257496862629288e-02
3.470605226133244292e-02
3.451998667184856540e-02
3.433440738014391369e-02
3.414934868970414400e-02
3.396484967402310651e-02
3.378095378816163563e-02
3.359770845443018489e-02
3.341516462589969039e-02
3.323337633441105637e-02
3.305240022852424381e-02
