1.225290377796734331e+00
1.225834577527392222e+00
1.224447082295760714e+00
1.229076336402574965e+00
1.238639836849202203e+00
1.242700061722709082e+00
1.247558033642319097e+00
1.257017719710829651e+00
1.269134169376207044e+00
1.283042955559031029e+00
1.305396809936354430e+00
1.362690314052217078e+00
1.410318157619168344e+00
1.346649901907855940e+00
1.656999191235564384e+00
1.395455022096417474e+00
1.584357379480775041e+00
1.813320664175810615e+00
2.169299893471107410e+00
2.099012615545489346e+00
2.158899682267323428e+00
2.112826890418810333e+00
2.517771283143180217e+00
2.011673370406771522e+00
1.841875583973363151e+00
2.210355546836165974e+00
2.867178085621749695e+00
2.765073074641144935e+00
2.453440810881812428e+00
2.199567497077001388e+00
2.291836352492794937e+00
2.972856622263871262e+00
2.841068762516876234e+00
3.275361216754439919e+00
3.980442384655688670e+00
3.547386364363120936e+00
3.299011144889222091e+00
3.389028296939554430e+00
3.476680493541222994e+00
3.882630367528134396e+00
3.556478706985023663e+00
3.993909093492689522e+00
4.562248671997868321e+00
4.080524831807544217e+00
4.306939403459668192e+00
4.341110683884425114e+00
4.782321420721545202e+00
5.705268677980901870e+00
6.790837026676806332e+00
7.272550009574206165e+00
7.369021934255155948e+00
7.952249973905329838e+00
8.197757207245530253e+00
7.145097219430969204e+00
5.799672049673024965e+00
5.829324188174952681e+00
5.451893770395823680e+00
6.065113284363310875e+00
5.599352346619923537e+00
5.039105933099521373e+00
5.143488291939450896e+00
5.669566507765876118e+00
5.718768804828771479e+00
5.412840413697739272e+00
5.823168289804391051e+00
6.735055846117166567e+00
6.852080093472225464e+00
5.820152286931119079e+00
6.030062848341385617e+00
6.164085832725872294e+00
6.243131632977166667e+00
6.258658103493344171e+00
6.206128055179062741e+00
6.089042915926650146e+00
5.940328642170699780e+00
6.130894455687130318e+00
7.643879640492713179e+00
8.601747919165839917e+00
8.689892503253737743e+00
8.159471954732007148e+00
7.026239796967885809e+00
5.747928182029863109e+00
4.548062998660632239e+00
3.611136578964018184e+00
2.978254678315245929e+00
2.646736701965869631e+00
2.361579595482551586e+00
2.172414240514585426e+00
1.995241887025026806e+00
1.832298264362195672e+00
1.730064013304374759e+00
1.632616542705227491e+00
1.540882529680394963e+00
1.454784638347903503e+00
1.432308883762686502e+00
1.383540941305308358e+00
1.375489502003751197e+00
1.329144602000666309e+00
1.249922018212489716e+00
1.159912504818052525e+00
1.078691638299696276e+00
1.024605643662347410e+00
9.996079297252705720e-01
9.926235849501062747e-01
1.035498391942690111e+00
1.077537646880694977e+00
1.077440024538567354e+00
1.032815256761784317e+00
1.012001168319885069e+00
9.770952320721929540e-01
9.938099446561345918e-01
1.015412734657764604e+00
1.007311522364732204e+00
9.762618522409201027e-01
9.321022038049204816e-01
8.798797189949181252e-01
8.262893530514600071e-01
7.729515062218739185e-01
7.228797978099952282e-01
6.795396316476417509e-01
6.674853456988153466e-01
6.513367019523105261e-01
6.330347455756002439e-01
6.123122851668627575e-01
5.910673167585850374e-01
5.716041778459394207e-01
5.560794279318743705e-01
5.460876766684095163e-01
5.418559292089217827e-01
5.426566552339096017e-01
5.466158966137153463e-01
5.510297594565888302e-01
5.528277384643262016e-01
5.505994492586282485e-01
5.406812149674020684e-01
5.232361423315884386e-01
4.964232515197055662e-01
4.928698305357209763e-01
4.914992261722921918e-01
4.950637052664273452e-01
4.900133794433098600e-01
4.765684860611972828e-01
4.555795451395168172e-01
4.555373178736686346e-01
4.519503703912740589e-01
4.443619732587534843e-01
4.331140322879050153e-01
4.186354397448590059e-01
4.014131713626173936e-01
3.846417901505042591e-01
3.804538443454176799e-01
3.735494389536759274e-01
3.645910968633758187e-01
3.537538497124168013e-01
3.441893357262901243e-01
3.324973650596790842e-01
3.177844864967508953e-01
3.008243646798914872e-01
2.944778121726574494e-01
2.885997903239256868e-01
2.902428946259841269e-01
2.920644925820425342e-01
2.916419363197675363e-01
2.896319754284815140e-01
2.864951261275585082e-01
2.824515874621568168e-01
2.779012020867853150e-01
2.731811420995417516e-01
2.685557206102637817e-01
2.642122728954026667e-01
2.603475245382493308e-01
2.569638390374377468e-01
2.539881879258505948e-01
2.513548813514209224e-01
2.489576307402421862e-01
2.466620022944753243e-01
2.443177749108538244e-01
2.417706053982614789e-01
2.388725309900596450e-01
2.354909641541904630e-01
2.316840457981311774e-01
2.272476318598656009e-01
2.220812474373173306e-01
2.161628046481019472e-01
2.095035728765946847e-01
2.021469442427505925e-01
1.941658800282698993e-01
1.902102372696757859e-01
1.927884022830337607e-01
1.947328802768742706e-01
1.960474000770598690e-01
1.965292500097233497e-01
1.961351374857910612e-01
1.948452459280858584e-01
1.927443880258199460e-01
1.899176755735404454e-01
1.862587784996513618e-01
1.818298635729823642e-01
1.767099902661432576e-01
1.710131056576628117e-01
1.690362519424389587e-01
1.672629931246396029e-01
1.654571474256558983e-01
1.636206891769027283e-01
1.617556195731933155e-01
1.598639610606183981e-01
1.579477515494833451e-01
1.572724767758482967e-01
1.578692139806910644e-01
1.582380281780302600e-01
1.583720470466847274e-01
1.582665906589302285e-01
1.579190824440758201e-01
1.573289467143468290e-01
1.565657171587524210e-01
1.556039908142332895e-01
1.544070491995785943e-01
1.529805772645345119e-01
1.513316596024839589e-01
1.494686416314428556e-01
1.474202706930849149e-01
1.452569059280229835e-01
1.429064617874051535e-01
1.403806547533606175e-01
1.376918245051774181e-01
1.348528084688156714e-01
1.318768217481990634e-01
1.287773430560928967e-01
1.256316159314305458e-01
1.223928867431022943e-01
1.190661588937349802e-01
1.176943449533812552e-01
1.204264594168648200e-01
1.229009366882288651e-01
1.250806142659839637e-01
1.269340774497606517e-01
1.284357294763665280e-01
1.296051859311436460e-01
1.304476958182970159e-01
1.308985631920425163e-01
1.309532495280446296e-01
1.306122473935803774e-01
1.298807530565951884e-01
1.287683014080787391e-01
1.273878036861244289e-01
1.256568069081401562e-01
1.235910084130851516e-01
1.212124632717078571e-01
1.185455558479418942e-01
1.156165741536894498e-01
1.124631122710579856e-01
1.091649820521669034e-01
1.056836136897899708e-01
1.028393436274328138e-01
1.023783033493377709e-01
1.034019872315506544e-01
1.040994725330296466e-01
1.044713209949456323e-01
1.045213079398005784e-01
1.042561753856835888e-01
1.037646900939077355e-01
1.029808968087664867e-01
1.019146242171361239e-01
1.005812459404356041e-01
9.899778987344941272e-02
9.718266410435329183e-02
9.515538953448714199e-02
9.293634169009670765e-02
9.054650382777515438e-02
8.800723311123923032e-02
8.835559471618519012e-02
8.863159338173449975e-02
8.879303314568028072e-02
8.884256695803526005e-02
8.878318316646456598e-02
8.861816902048218203e-02
8.835107535826734748e-02
8.798568258991099067e-02
8.756350377916996552e-02
8.705518088659439102e-02
8.645978483248102642e-02
8.578162607385556027e-02
8.502510605626420470e-02
8.419469202007150155e-02
8.329489340652684870e-02
8.233217526197011971e-02
8.134180281682304448e-02
8.029408531980340713e-02
7.919347490039176096e-02
7.867748552889053393e-02
7.838362287362254932e-02
7.795241341843725524e-02
7.739001976233722546e-02
7.670304780606630735e-02
7.589847530053775437e-02
7.498358325461317031e-02
7.396589048497534402e-02
7.285309153713862007e-02
7.165299815518445803e-02
7.037348442736612864e-02
6.902243570387410487e-02
6.762136695983314572e-02
6.617663655545014123e-02
6.468151996161029815e-02
6.314351209685044319e-02
6.156993171771565909e-02
6.008634823252926443e-02
5.934898268194997717e-02
5.859396594287628879e-02
5.782299856445451830e-02
5.736300508884675103e-02
5.761952646592297805e-02
5.772959879990435805e-02
5.790422332177730391e-02
5.859404251007372527e-02
5.922253935408072073e-02
5.978901110740552499e-02
6.029306046523257023e-02
6.073457771186906856e-02
6.112812538216981506e-02
6.146306457033436088e-02
6.173688640433932368e-02
6.195037219565567577e-02
6.210450564285078384e-02
6.220045562082577445e-02
6.223955933302328242e-02
6.222330588649880451e-02
6.215332034390897570e-02
6.203134829556535695e-02
6.185924099050677666e-02
6.163894105692772907e-02
6.137246883840936917e-02
6.106190936258471674e-02
6.070939995912804504e-02
6.031711853290859515e-02
5.988727249904272909e-02
5.942208838157220924e-02
5.892380206763755957e-02
5.840914471313208428e-02
5.786538166901607910e-02
5.729457104865026684e-02
5.669889317936738921e-02
5.608050118561527103e-02
5.544151482728727071e-02
5.478401490193134105e-02
5.411003819407710774e-02
5.342157294946957291e-02
5.272055485459283680e-02
5.200886349457584101e-02
5.128831927590093293e-02
5.056068078100879604e-02
4.982764253982268493e-02
4.909083319314459792e-02
4.862402512844113400e-02
4.848722129227717864e-02
4.832697825933665592e-02
4.813925483644640457e-02
4.792532394718206079e-02
4.768647888109366073e-02
4.742402763553151684e-02
4.713928757934161135e-02
4.683358044869111170e-02
4.650822765662646074e-02
4.616454592257095840e-02
4.580384320878885113e-02
4.542741496173716143e-02
4.503654064562904319e-02
4.463248056419966137e-02
4.435214580091786235e-02
4.417117520947106551e-02
4.398990362336850646e-02
4.380837157004566912e-02
4.362661837207338494e-02
4.344468217157539114e-02
4.326259995484005305e-02
4.308040757656323577e-02
4.289813978426575830e-02
4.271583024179238797e-02
4.253351155394926447e-02
4.235121528939348595e-02
4.216897200492370629e-02
4.198681126757681376e-02
4.180476167842742813e-02
4.162285089503930946e-02
4.144110565354349601e-02
4.125955179090731034e-02
4.107821426685372146e-02
4.089711718488638764e-02
4.071628381379460010e-02
4.053573660829758174e-02
4.035549722926466687e-02
4.017558656450952864e-02
3.999602474791025264e-02
3.981683117885623235e-02
3.963802454164143396e-02
3.945962282413403854e-02
3.928164333605316250e-02
3.910410272673814358e-02
3.892701700342833526e-02
3.875040154787330604e-02
