3.822742143819839455e-01
3.816293065214597102e-01
3.814604319138367727e-01
3.827939692416706396e-01
3.838060761770591411e-01
3.875582285554791673e-01
3.884420543034032836e-01
3.929647923283515754e-01
3.978509453177824784e-01
4.038960529438181957e-01
4.132883537712679356e-01
4.276184231360993793e-01
4.641434861639015530e-01
4.692379341546041860e-01
4.658684249875185146e-01
4.922433547329368997e-01
6.980776112335891348e-01
6.938574260049877873e-01
5.322380107076133404e-01
6.481774048130194421e-01
6.035408226861431746e-01
5.842441159025927311e-01
7.437701855543745744e-01
7.793258917285171838e-01
6.815748688126985755e-01
7.721321498790352233e-01
7.096411769042765272e-01
9.311962064405542305e-01
1.230477435645765283e+00
1.286586813583411981e+00
1.520750288182141086e+00
1.628581666249013349e+00
1.364044548683178704e+00
1.243588322412417568e+00
1.156293809151495822e+00
1.171871473914808615e+00
1.261266014445006078e+00
1.463561929217886970e+00
1.398783331782232908e+00
1.085843484221595823e+00
1.178879639595613149e+00
1.311052866685423313e+00
1.388967781438539939e+00
1.011774894027296368e+00
7.134468189362187518e-01
6.276347207625276869e-01
6.122916667455075013e-01
5.875869665192252622e-01
5.676422536286732656e-01
6.519809632322843829e-01
7.310552645441786845e-01
8.153504100236546037e-01
7.341598605396068011e-01
6.476459451466114459e-01
5.991923929324703968e-01
6.704540913064375163e-01
7.032470823626700840e-01
7.160488073574403645e-01
7.302256511559779284e-01
7.394293047698061727e-01
7.373917138318413222e-01
7.392819903964754635e-01
8.642507459890245158e-01
8.987348554330727435e-01
8.993253151636042553e-01
9.009960316667938729e-01
8.548375929328458911e-01
9.006989499567965574e-01
9.634133082630519374e-01
9.542147160220775248e-01
9.045487325646337506e-01
9.767328909841824780e-01
9.950799149077087513e-01
1.026867998845403918e+00
9.933691286477079885e-01
1.071764203365397128e+00
1.156463205828620389e+00
1.252389724327389375e+00
1.351474381739757202e+00
1.425944500241977941e+00
1.467342728876373403e+00
1.491442710272403493e+00
1.569956871629951456e+00
1.412854085758321387e+00
1.443071108526814195e+00
1.535667402649079971e+00
1.623662957036529297e+00
1.701502719741311953e+00
1.765131122320733770e+00
1.806215956208769846e+00
1.825634083091274062e+00
1.824777545114724120e+00
1.800561349664505872e+00
1.963093310661167434e+00
2.077620380962947877e+00
2.126612360506449306e+00
2.142208752596727717e+00
2.130989364340728276e+00
2.076622002887012375e+00
1.984830464016938301e+00
1.862096519131811290e+00
1.713109113651001270e+00
1.748382691628652674e+00
1.751741327224388023e+00
1.771898988080617743e+00
1.695203430311575499e+00
1.634290405307548877e+00
1.665062321597698292e+00
1.750825868919309913e+00
1.870588847275632016e+00
2.005641631918565260e+00
2.140103594913638219e+00
2.262176710611759400e+00
2.320117146557852728e+00
2.316406900352301790e+00
2.215991482183300665e+00
2.006334549997485173e+00
1.749284428619222176e+00
1.585945588120954097e+00
1.433948743042163132e+00
1.265737731986538828e+00
1.112860027045455613e+00
9.762608660387763759e-01
8.714563927577533287e-01
8.041114678681133832e-01
7.678701530298175371e-01
7.473339548515008923e-01
7.269770115848644965e-01
7.083604505804420581e-01
7.271008302099617460e-01
7.556631121581763866e-01
7.672751603405602028e-01
7.542197275941406875e-01
7.189664197681286950e-01
6.568414839158491780e-01
5.802641999567906828e-01
5.880136411611601721e-01
5.931180663991657553e-01
6.046781885606694606e-01
6.105141765144881383e-01
6.110880239884811660e-01
6.066771306646221440e-01
5.977218199468796733e-01
5.845796745020382934e-01
5.675009689109460354e-01
5.467556374942782460e-01
5.336830015931945947e-01
5.215149065299208297e-01
5.054035485378653991e-01
4.894165328984310670e-01
4.708803397408453106e-01
4.500592188183699660e-01
4.419955851644101763e-01
4.268084712157010352e-01
4.111507090547535936e-01
3.986636806335045469e-01
3.805370009914951779e-01
3.752682623592466515e-01
3.679875091791094399e-01
3.588592451931564842e-01
3.493400803068850147e-01
3.521046137135098175e-01
3.529188302792994336e-01
3.513394561411775641e-01
3.475105240775109294e-01
3.416145166138677691e-01
3.338660927727630234e-01
3.245407373296786413e-01
3.138738546209746128e-01
3.020939567425443562e-01
2.894652758982911855e-01
2.762459784050214084e-01
2.626805221565538528e-01
2.599565131824323472e-01
2.580032382229683896e-01
2.552462299131923462e-01
2.664918700368834048e-01
2.724247234799345718e-01
2.722202162583630125e-01
2.662417699224773338e-01
2.655397899827828812e-01
2.744401501157835987e-01
2.787311564201796488e-01
2.784974255739734450e-01
2.741132250812719495e-01
2.658112056107396204e-01
2.541371866356778586e-01
2.478143753881804634e-01
2.465280007843520249e-01
2.444266174229601518e-01
2.414365470595254970e-01
2.375761732178893748e-01
2.328517574793526890e-01
2.272562249705743220e-01
2.207767913220940736e-01
2.134017436464940853e-01
2.051273484781476752e-01
1.959639715813586702e-01
1.947612094340478439e-01
1.940681570830969926e-01
1.925206882568652467e-01
1.902146005537825868e-01
1.888094540963969059e-01
1.883832422382769323e-01
1.875693200298821917e-01
1.863378075957759783e-01
1.846756079711459331e-01
1.825753374051962141e-01
1.800346337229789262e-01
1.770553940991881070e-01
1.736431814506700089e-01
1.698075817178576474e-01
1.655753305391076680e-01
1.610294339864033197e-01
1.561363636809813549e-01
1.586469938219830234e-01
1.644109370474723664e-01
1.685794367562351848e-01
1.711980210212047659e-01
1.723716002905715527e-01
1.722428285860809483e-01
1.709380772843662188e-01
1.686358532971996560e-01
1.655250960139708349e-01
1.618489839922661877e-01
1.577662242504961898e-01
1.534350377444047286e-01
1.490894277937198920e-01
1.448041353797219766e-01
1.407462486078465413e-01
1.369151085820476954e-01
1.334310510444405296e-01
1.302347715346728607e-01
1.273383976367117587e-01
1.280654299078550773e-01
1.288787804350636779e-01
1.297059405108977048e-01
1.305722086125349346e-01
1.313610107497763801e-01
1.319936418605272554e-01
1.324351839551075050e-01
1.325656679926013604e-01
1.323062270220685399e-01
1.315935695276336248e-01
1.303756239375140624e-01
1.286134875487303375e-01
1.262828405307348245e-01
1.233744107404847468e-01
1.198961454492311757e-01
1.158864425414457971e-01
1.132373059721855230e-01
1.112981998964270303e-01
1.088883807778108365e-01
1.060303848894023487e-01
1.027545530543976654e-01
9.909792562514579961e-02
9.653002572953041371e-02
9.588241906087353883e-02
9.460266633304884043e-02
9.272275883287257880e-02
9.056389991667336548e-02
9.007761500703775903e-02
8.944347170441706296e-02
8.870085900261658052e-02
8.784056944504579911e-02
8.685477947795472442e-02
8.577335391135883225e-02
8.460814388744963832e-02
8.334449037329046128e-02
8.199507539376076071e-02
8.060314283211679476e-02
7.914115126062734595e-02
7.761923371419940376e-02
7.605698227890148044e-02
7.447404163778560682e-02
7.285744348984148078e-02
7.121604747244884848e-02
6.955824369200354351e-02
6.861746713241327622e-02
6.803576043987667743e-02
6.742574331062538284e-02
6.679137871959799078e-02
6.613960528953574669e-02
6.548207023903432344e-02
6.481001994605514738e-02
6.412670535470756106e-02
6.343517725015351827e-02
6.273828224528418818e-02
6.203866075323184737e-02
6.133874675945688582e-02
6.064076921144280485e-02
5.994675485141767735e-02
5.926296448829113106e-02
5.858890831872182181e-02
5.792307140658185804e-02
5.726676445941725202e-02
5.662112576918942181e-02
5.598712914665170820e-02
5.536559231115565499e-02
5.475718562336084894e-02
5.416244106086073179e-02
5.358176134125880452e-02
5.301542910956130034e-02
5.246361611403674990e-02
5.192639230192927502e-02
5.140373477619607223e-02
5.089553655940958626e-02
5.040161512088761619e-02
4.992172062685651390e-02
4.945554388222123121e-02
4.900272393646947638e-02
4.856285533196647020e-02
4.813549497944154959e-02
4.772016864726203594e-02
4.731637705722682719e-02
4.692360158293890776e-02
4.654130954993020153e-02
4.616895913858794220e-02
4.580600389661547422e-02
4.545189686683187569e-02
4.510609433959354014e-02
4.476805924063757131e-02
4.443726416768312842e-02
4.411319408725852820e-02
4.379534870844238592e-02
4.348324454704174252e-02
4.317641669700221507e-02
4.287442032419176013e-02
4.257683190108454974e-02
4.228325019586836458e-02
4.199329703503647260e-02
4.170661785429943813e-02
4.142288205503261850e-02
4.114178318066428336e-02
4.086303892980144847e-02
4.058639102004193977e-02
4.031160491705060994e-02
4.003846944353202375e-02
3.976679627986429849e-02
3.949641937033139538e-02
3.922719424696885504e-02
3.895899728061433948e-02
3.869172487252635351e-02
3.842547779838940969e-02
3.816047108465654703e-02
3.789616209885029313e-02
3.763251569428605753e-02
3.736951224293617868e-02
3.710714666321279775e-02
3.684542744182940643e-02
3.658437565709651146e-02
3.632402400601752318e-02
3.606441584313946347e-02
3.580560423322727559e-02
3.554765102240062952e-02
3.529062593164367101e-02
3.503460567405537046e-02
3.477967310021080893e-02
3.452591637295510801e-02
3.437417408372466648e-02
3.430303277847782800e-02
3.422801196331502066e-02
3.414909887051217202e-02
3.406629130503086023e-02
3.397959743708633268e-02
3.388903555038123849e-02
3.379463375273129844e-02
3.369642965102409571e-02
3.359446999606932605e-02
3.348881030197763814e-02
3.337951444269932760e-02
3.326706816048211751e-02
3.315359008422262554e-02
3.303665291312977287e-02
3.291634796858741024e-02
3.279277280904260850e-02
3.266603076772112146e-02
3.253623048732506851e-02
3.240348545583928569e-02
3.226791354593527839e-02
3.212963655845578470e-02
3.198877977303858644e-02
3.184547150621427208e-02
3.169984267967491942e-02
3.155202639913841367e-02
3.140215754486137822e-02
3.125037237573278365e-02
3.109680814587176961e-02
3.094160273687465712e-02
3.078489430446914449e-02
3.062682094016735967e-02
3.046844977145190397e-02
3.030979832095673232e-02
3.015011880836365732e-02
2.998954649987118151e-02
2.982821523390299587e-02
2.966625717676101698e-02
2.950380259396922708e-02
2.934097963857675365e-02
2.917791415437162583e-02
