3.631824798031588197e-01
3.624828906669010364e-01
3.665852186953813541e-01
3.675882961174204433e-01
3.690278918733881364e-01
3.715666883078086458e-01
3.769264113976520392e-01
3.834634301683689239e-01
3.886677834387330943e-01
3.990100579856769580e-01
4.237288807033415261e-01
4.523004997966570406e-01
4.444111826358830286e-01
5.492979867192002708e-01
6.219984236364268781e-01
8.059197673173024157e-01
6.535356653775323821e-01
6.545604048619150239e-01
7.787837568486069006e-01
7.732114680970102460e-01
9.335954399021276773e-01
8.900292837632516330e-01
1.013063371284116831e+00
1.000890906583535189e+00
9.903667395498247927e-01
1.135468627606669889e+00
1.208316694776359945e+00
1.334596563180818984e+00
1.700924659987664844e+00
1.488523948119176543e+00
1.487245182118090314e+00
1.297804850134887777e+00
1.587173213697441909e+00
1.552494969320525664e+00
1.246540193589886769e+00
1.660979411382545567e+00
1.783141176157876817e+00
1.410351381143079008e+00
1.070630255990584478e+00
8.696545526150009087e-01
7.359070767514331868e-01
6.596598947873041352e-01
6.127909435038307873e-01
6.254460377729803566e-01
6.575003270662865829e-01
6.908864150390825465e-01
7.791765212375159066e-01
8.340124212136376114e-01
8.495462641397663051e-01
9.320670106882669170e-01
1.067531197639805418e+00
1.189744633049237832e+00
1.226560907140698653e+00
1.162254870293665254e+00
1.016492049734809333e+00
9.274867292450784673e-01
8.926581673766212921e-01
9.634643777294753519e-01
1.097425611688848335e+00
1.223494308947661535e+00
1.303655788512646962e+00
1.316159950686505598e+00
1.251997203755481403e+00
1.155351315232680864e+00
1.208914642392701300e+00
1.238474769742449633e+00
1.251198702441415955e+00
1.263463986313834164e+00
1.285216945602417837e+00
1.321937443660387457e+00
1.370538432922356442e+00
1.421903591407757350e+00
1.465136502535837604e+00
1.502362164891459351e+00
1.659020751525198678e+00
1.844591035510235288e+00
1.966032260995219882e+00
2.024175042626003673e+00
2.072703933602882742e+00
2.108510175121935060e+00
2.092224233032249359e+00
2.024552212471196544e+00
2.074457688799624666e+00
2.252492496312580528e+00
2.304198700946758827e+00
2.355870660219075319e+00
2.202484446693838915e+00
2.048587588997265119e+00
1.984606138620446325e+00
1.907734103166742079e+00
1.832182288154830196e+00
1.843315744842242587e+00
1.752761026308648828e+00
1.632967394222074597e+00
1.568446461010689630e+00
1.597031454507519932e+00
1.680252564654605818e+00
1.763386882283691559e+00
1.820882064769411057e+00
1.860757240204711005e+00
1.908486122143683961e+00
1.981501510184320969e+00
2.069092203201691405e+00
2.149139936197363099e+00
2.206924214124279970e+00
2.197174463051986049e+00
2.110707470330544844e+00
1.993131182561999948e+00
1.842666633988207625e+00
1.712574784394817362e+00
1.553351926566127306e+00
1.376747063569524920e+00
1.220701861362728513e+00
1.065599242272796232e+00
9.239965268146054234e-01
8.070658738543922128e-01
7.190424551501424233e-01
6.596074902587633071e-01
6.246568210473064653e-01
6.070150321158350737e-01
6.016260409097553552e-01
6.043350517114187692e-01
6.122948400541275982e-01
6.239510868561890522e-01
6.369203906041356333e-01
6.489133814905084785e-01
6.570988710806888733e-01
6.588321917792321347e-01
6.516578813916352741e-01
6.345377374506836476e-01
6.254511703682685830e-01
6.218376604705715405e-01
6.075998359798265858e-01
5.829687812470701891e-01
5.754270434945090162e-01
5.662317920204930077e-01
5.487914401326368097e-01
5.364743962688983681e-01
5.193476032346391325e-01
5.091170770324562334e-01
4.943644142538002884e-01
4.880633576125985029e-01
4.766934970239775082e-01
4.532348860001225721e-01
4.221468327203285464e-01
3.983405876570895732e-01
3.739770599509767424e-01
3.498890661102704303e-01
3.271919300907035755e-01
3.061781150414189523e-01
2.888777102353144444e-01
2.853938767521154718e-01
2.838084674504058325e-01
2.827865345017681054e-01
2.814907336618838740e-01
2.797054644740677443e-01
2.777284139817557396e-01
2.763001561139095119e-01
2.756905232705098574e-01
2.761340578182435168e-01
2.777715421629994297e-01
2.799798800967103207e-01
2.822855335365582752e-01
2.837407300171949087e-01
2.835943123986665038e-01
2.811329813233198194e-01
2.757668725385303277e-01
2.754661473440722652e-01
2.833559355777339195e-01
2.885293639787079312e-01
2.905794981859309289e-01
2.892687768531192471e-01
2.847643379049784040e-01
2.769287950986542568e-01
2.659999071784348579e-01
2.548299038724704535e-01
2.543945882365325484e-01
2.525230439029912399e-01
2.492757536252299400e-01
2.447819128393381449e-01
2.391816863004019578e-01
2.326693053301173431e-01
2.253668783507539464e-01
2.191735424893946627e-01
2.193875266656465650e-01
2.186511811410243866e-01
2.168812100321229619e-01
2.142994983181681079e-01
2.109284910323065421e-01
2.068589609430886989e-01
2.022359974002419791e-01
1.970987637654431635e-01
1.915770815963859508e-01
1.857950179844234939e-01
1.797655276348271158e-01
1.737098588131545662e-01
1.676668964683551422e-01
1.617110995979364474e-01
1.559479171409418607e-01
1.504714692714463065e-01
1.453628661920885468e-01
1.406888307661008364e-01
1.365006881334661082e-01
1.328337686597333978e-01
1.297072509730176904e-01
1.271244512088257061e-01
1.250735443556025839e-01
1.235286850896944455e-01
1.224514796473054751e-01
1.217927477934191843e-01
1.214945051722786107e-01
1.214920913749258369e-01
1.217163678074059674e-01
1.220959115644347365e-01
1.225591365779549607e-01
1.230362807449521395e-01
1.234612069769355641e-01
1.237729765469289395e-01
1.239300479292050339e-01
1.239290104487939526e-01
1.236805575941229834e-01
1.231534474279844388e-01
1.223473465701962887e-01
1.212911492164750887e-01
1.199155928089995493e-01
1.182301328800339363e-01
1.163150514891019144e-01
1.141045827633798693e-01
1.116264643881681728e-01
1.089695268276461015e-01
1.089519263748918443e-01
1.090967035263661206e-01
1.087847509621596848e-01
1.079450980786461345e-01
1.067214382883391321e-01
1.050473640025542943e-01
1.030703639537070837e-01
1.007604374702567446e-01
9.821805688183206373e-02
9.549257665136878792e-02
9.260513109204286664e-02
8.965615149672252759e-02
8.668041658894311274e-02
8.542203188201016872e-02
8.412785347712559147e-02
8.272149477468748735e-02
8.122385606742149600e-02
7.967105345531842742e-02
7.808819132647520922e-02
7.646940820307035480e-02
7.483265514657352901e-02
7.319452315813579357e-02
7.157007306001512970e-02
6.997270952835654700e-02
6.841409728036521032e-02
6.690411678318658462e-02
6.545085636174272081e-02
6.406063719323333572e-02
6.273806743380939965e-02
6.148612155817129860e-02
6.030624094735113211e-02
5.920046508120541118e-02
5.816581547971452770e-02
5.719903485989229902e-02
5.629694529202313585e-02
5.545550057396853028e-02
5.466993637951039764e-02
5.393491860472809929e-02
5.324468759428379466e-02
5.259319624892455636e-02
5.268171267179774103e-02
5.264153480521278211e-02
5.243279597778410100e-02
5.234840427692226406e-02
5.256448234188770829e-02
5.272353950347691970e-02
5.280930808192212805e-02
5.284930655043340586e-02
5.282801430016949989e-02
5.276239749021845171e-02
5.266074652562589831e-02
5.251991391101753365e-02
5.237091523450974201e-02
5.220184477933247774e-02
5.202776067636486618e-02
5.186447634066640444e-02
5.170591497247329499e-02
5.156751342180074943e-02
5.145425400228924306e-02
5.136053597316934255e-02
5.129987679603309481e-02
5.126631444904243551e-02
5.125378135410169067e-02
5.127470020022394104e-02
5.130737552298703097e-02
5.136215046500110931e-02
5.141864574447911618e-02
5.148579402512316189e-02
5.154352493937609803e-02
5.158807785955351471e-02
5.161931116652690443e-02
5.162344143581903966e-02
5.159432526403113367e-02
5.152498381681193396e-02
5.140771846496170611e-02
5.123432575311814841e-02
5.099627917065360089e-02
5.068518060587245272e-02
5.029398026812808425e-02
4.982427111330482716e-02
4.926295392495984998e-02
4.860512168927438870e-02
4.784950710532154261e-02
4.700487373455658480e-02
4.605847943686780521e-02
4.501065973704446166e-02
4.561345427476646425e-02
4.624145955396048724e-02
4.684369179457258114e-02
4.741572431998613418e-02
4.795555856938313322e-02
4.846791445437786255e-02
4.893964104951984556e-02
4.936770420069092752e-02
4.974947267025579822e-02
5.008272449020707145e-02
5.037149835509158180e-02
5.061891751366672659e-02
5.081385664078545694e-02
5.095562626986584187e-02
5.104392012830374220e-02
5.108089717144734254e-02
5.107991955497932779e-02
5.102654642813569952e-02
5.092176334082539058e-02
5.076684873515598800e-02
5.056335068202772592e-02
5.032536631579818259e-02
5.004621285139444764e-02
4.972399410681851289e-02
4.936104502612153472e-02
4.895985104880001826e-02
4.852302348654950748e-02
4.806306189136521495e-02
4.757619491247411236e-02
4.706135238787237385e-02
4.652139888625735770e-02
4.595921719399741895e-02
4.537768878074806278e-02
4.477967549088957694e-02
4.416800251500703489e-02
4.355272228163874215e-02
4.292990395566777945e-02
4.230081712242492187e-02
4.166801031737482619e-02
4.103393333280350858e-02
4.040092802498228969e-02
3.977122042307545957e-02
3.914691410174692826e-02
3.852998477148925766e-02
3.792227603583060713e-02
3.732549626184223507e-02
3.674121649989254418e-02
3.617086939145323921e-02
3.561574900031231478e-02
3.507701149713382538e-02
3.455567663022357516e-02
3.405262991451932925e-02
3.356862547096737398e-02
3.310428944781272642e-02
3.266012395981029298e-02
3.223651147944660289e-02
3.183371962039555775e-02
3.145190625202263363e-02
3.109112488958946235e-02
3.075133030622106620e-02
3.043238431379561432e-02
3.013406166821644763e-02
2.985605605295604467e-02
2.959798609786189541e-02
2.935940139962879558e-02
2.913978850406078944e-02
2.893857682254436306e-02
2.875514445225196836e-02
2.858882387385008883e-02
2.843890750731199041e-02
2.830465310142998847e-02
2.818528894470420307e-02
2.808001887962340015e-02
2.798802710967003213e-02
2.790848278921143413e-02
2.784054438806679924e-02
2.778336382567280632e-02
2.773609037021147403e-02
2.769787430077148491e-02
2.766787033217405975e-02
2.764524080321867014e-02
2.762915862893566485e-02
2.761881002249023942e-02
2.761339698836775755e-02
