5.047094520028141407e-01
5.040111637470302552e-01
5.102698450090286109e-01
5.072104938805270802e-01
5.136658191355961689e-01
5.206920560390005948e-01
5.244075978917617231e-01
5.400411801267231970e-01
6.010294415217447561e-01
6.351554227764369953e-01
7.378384821805598071e-01
7.509492965991045876e-01
8.810502148628968078e-01
1.128000184402736528e+00
1.026935622067047804e+00
1.140572256890131975e+00
1.318961138585723392e+00
1.421895946546612111e+00
1.039419986588088429e+00
1.230289076564203166e+00
1.190597839371581923e+00
1.319542316990989894e+00
1.394924411034495826e+00
1.202492888671612414e+00
1.242072856629140354e+00
1.375821935518600547e+00
1.431019491326574578e+00
1.793887961335417502e+00
1.677607201850131347e+00
1.877313527731538478e+00
2.002214471053079592e+00
2.072185765488742337e+00
1.836650435469283860e+00
2.323504184880853085e+00
2.545516279395266146e+00
2.225905066549288325e+00
2.629184087802745484e+00
2.520987470115950035e+00
3.081860166047124761e+00
3.028860151875316653e+00
2.749535278124005888e+00
3.034923860983226085e+00
3.211152914697030791e+00
3.046835025132324848e+00
2.984637492161019701e+00
2.956171499460382712e+00
2.863598891801531821e+00
2.823152713140527847e+00
2.670192234529339181e+00
2.517611873740561279e+00
2.586817620044796318e+00
2.878961405350931368e+00
3.321192844986299519e+00
3.739804275650460585e+00
4.191215891757004819e+00
4.104621309587733968e+00
3.748343267750572583e+00
3.828217184459416167e+00
4.536303760656136497e+00
4.667398338305758898e+00
4.027115876760171354e+00
2.902596821774292568e+00
2.155074335168557287e+00
1.790959311804649623e+00
1.437107197830312488e+00
1.176476745903517473e+00
9.921520583708405283e-01
9.091898175791298664e-01
9.210195372244439627e-01
9.674475544843003094e-01
9.840943176076720755e-01
9.749345337223057628e-01
9.140604068379934999e-01
9.455706287413522260e-01
8.666617308140290854e-01
8.168129172655183012e-01
7.538251050103407236e-01
7.431229224052736670e-01
7.188910112736068836e-01
6.848616062862901144e-01
6.463753972232306744e-01
6.040871911851496412e-01
5.587946960565753907e-01
5.128154339466944878e-01
5.327666082631948852e-01
5.298004100951551054e-01
5.052749434116993177e-01
4.612318443896363251e-01
4.508378211236941935e-01
4.375200970327030037e-01
4.208044219836933331e-01
4.028773992904316481e-01
3.855586510465647820e-01
3.794995567689921634e-01
3.841485404989694041e-01
3.863850110107313607e-01
3.867970131908164411e-01
3.836723579794582561e-01
3.762030185300206941e-01
3.644077132035364874e-01
3.477070796896392646e-01
3.263236175564295793e-01
3.012408947453262820e-01
2.878306803945515080e-01
2.830538900616262898e-01
2.756541079343478584e-01
2.665581647291537237e-01
2.565275192874127419e-01
2.462333710310764812e-01
2.403844097936857216e-01
2.392495515170577902e-01
2.428900433852247687e-01
2.350623022023896336e-01
2.418989704645894134e-01
2.476719281394021699e-01
2.489911088371363213e-01
2.457565203824802758e-01
2.380125390839698818e-01
2.260313872524695733e-01
2.103505020494252642e-01
2.107313304480347704e-01
2.144648464247803643e-01
2.132838688828611884e-01
2.079460519330076085e-01
1.994323330320673382e-01
1.891641858538382626e-01
1.780233099543320208e-01
1.672430741969392898e-01
1.574555788645542742e-01
1.548478917428137980e-01
1.575237859153067743e-01
1.592083609860767968e-01
1.604942692901329127e-01
1.611726188836803408e-01
1.610775364409781640e-01
1.594427586898246596e-01
1.560244068077999424e-01
1.502621513775594941e-01
1.491218286874839705e-01
1.502277295216348507e-01
1.506025230396716708e-01
1.486628529534554932e-01
1.499619185254294496e-01
1.500539422245589782e-01
1.474767880162048961e-01
1.424409781452273538e-01
1.355832805010947495e-01
1.271052782764444666e-01
1.176992645495964357e-01
1.076735041042621438e-01
9.850961043968096964e-02
9.470792093465682515e-02
9.066886135872749553e-02
8.881783967512360545e-02
8.815126195222557082e-02
8.737973333808270182e-02
8.654076833943298575e-02
8.566626319004165546e-02
8.478167312197236460e-02
8.390561989701568468e-02
8.311355921702902327e-02
8.234571273995779095e-02
8.160126107554406538e-02
8.087501388421289295e-02
8.015730751916033681e-02
7.943494719597089804e-02
7.869218563788055176e-02
7.791169414262200110e-02
7.712442280403614125e-02
7.628708967745215230e-02
7.536017217484534958e-02
7.432808545604197015e-02
7.317727534792932420e-02
7.189664566143388891e-02
7.083556378573385715e-02
6.909095842119761244e-02
6.733919756247139232e-02
6.582324313904104607e-02
6.490544247386827170e-02
6.394166066647144486e-02
6.293308124442122120e-02
6.188140506809308716e-02
6.078878384582233479e-02
5.965775582409373057e-02
5.991806144733810569e-02
6.057672085469749390e-02
6.116572087227219873e-02
6.167848445052401263e-02
6.210941693484774845e-02
6.245391475068969717e-02
6.270835945610080120e-02
6.287009902048622256e-02
6.295158848141754748e-02
6.297097972227157225e-02
6.289501153263787891e-02
6.272424919222600870e-02
6.246001423544843278e-02
6.210432538085274706e-02
6.165983687463690716e-02
6.112977528401860455e-02
6.051787565563591931e-02
5.986953594826205372e-02
5.914892445487286016e-02
5.835815710431897091e-02
5.750226797530956502e-02
5.658651395712341325e-02
5.561631983933017914e-02
5.459722622617516063e-02
5.353484049578090959e-02
5.243479097054381394e-02
5.131583708605021166e-02
5.018345095178051996e-02
4.902765243910810894e-02
4.785379125249446253e-02
4.666707105230829405e-02
4.547252290334109770e-02
4.427498197896116011e-02
4.307906742916033094e-02
4.188916530819005585e-02
4.070941443443213542e-02
4.013687998066745033e-02
4.057359437827950943e-02
4.148876623738743247e-02
4.221610580675278640e-02
4.275063084414221920e-02
4.309136627125026431e-02
4.327618357674280214e-02
4.328791567945128316e-02
4.312234225430045670e-02
4.279015524450612007e-02
4.233281008143102014e-02
4.174945853200096729e-02
4.103938266367433696e-02
4.021857011168113172e-02
3.930395876128699867e-02
3.858104101046864326e-02
3.844619347287720618e-02
3.824859745974841518e-02
3.796843260431622541e-02
3.761590546716346573e-02
3.720134540117678301e-02
3.673501908320269543e-02
3.624249910371145356e-02
3.572204926305121153e-02
3.517682199550996314e-02
3.461543673368687457e-02
3.404584645329696013e-02
3.347526948220595766e-02
3.291014011028371711e-02
3.235607688000649573e-02
3.181786725163984753e-02
3.130039031020302037e-02
3.081269122565804749e-02
3.034943297346931815e-02
2.991234101466630838e-02
2.950242140852219613e-02
2.912000960148042675e-02
2.876482500481970100e-02
2.843602992583903893e-02
2.813229150289578775e-02
2.785184539769956433e-02
2.759256010613816631e-02
2.735200086569654701e-02
2.712749225412240672e-02
2.691617869338499766e-02
2.671508219102355919e-02
2.652115676323861526e-02
2.633133909413588880e-02
2.614259509025482556e-02
2.595196208218983336e-02
2.575658651832253565e-02
2.555375707318632492e-02
2.546236152759966814e-02
2.539979994285858356e-02
2.529014358485157446e-02
2.557482602307795116e-02
2.594372008360283297e-02
2.630342466184919237e-02
2.665074561153539176e-02
2.698246408533588880e-02
2.729538655374196335e-02
2.758639131601192326e-02
2.785247109040061772e-02
2.809077137391916695e-02
2.829862435827021697e-02
2.847357828057182905e-02
2.861342216529059665e-02
2.872876466349489830e-02
2.880813451343892245e-02
2.884757066928770111e-02
2.884591515388427313e-02
2.880230765990129255e-02
2.871618596584418065e-02
2.858728297563611909e-02
2.841562068470397662e-02
2.820150138730802628e-02
2.794549644567831045e-02
2.765397454309408837e-02
2.733228414547620930e-02
2.697144254776140740e-02
2.657289639528154571e-02
2.613828364878429192e-02
2.566941441995337220e-02
2.516825136977995925e-02
2.463688990744009044e-02
2.407753840424028263e-02
2.349249861606582737e-02
2.288414649161521139e-02
2.225491351653482650e-02
2.184526401427940370e-02
2.199716372530534023e-02
2.212753799072685393e-02
2.223632834599962096e-02
2.232355676737104305e-02
2.238932151960607367e-02
2.243379283818091458e-02
2.245720848726755897e-02
2.246469854703117552e-02
2.245636127264929657e-02
2.242792706037539940e-02
2.237984003225637966e-02
2.231259025366549159e-02
2.222670930784761273e-02
2.212276595987855768e-02
2.200136192853695272e-02
2.186312778490435288e-02
2.170871899064244839e-02
2.153881208918599979e-02
2.135410105909177000e-02
2.115529383809702443e-02
2.094966384152167904e-02
2.073236527465628642e-02
2.050288028753943087e-02
2.026193705809031451e-02
2.001026393902459802e-02
1.974858703205242816e-02
1.947762794195077515e-02
1.919810170659233886e-02
1.891071489872774708e-02
1.861616389625856544e-02
1.831513331403861536e-02
1.804541881885462010e-02
1.789480334412645382e-02
1.774107411229476280e-02
1.758237587677626348e-02
1.741761039642332129e-02
1.724712680360010117e-02
1.707126957124012120e-02
1.689037796536740910e-02
1.670478555649259830e-02
1.651481978419577432e-02
1.632080157509730942e-02
1.612304500822363956e-02
1.592185702742516390e-02
1.571753719673802882e-02
1.551281100099710999e-02
1.543215154340761910e-02
1.535017445803949984e-02
1.526694520308332151e-02
1.518252732002560793e-02
1.509698244058479445e-02
1.501037029826292335e-02
1.492274874479235583e-02
1.483417376961980623e-02
1.474469952402690000e-02
1.465437834760415121e-02
1.456326079770076110e-02
1.447139568181321848e-02
1.437883009167824876e-02
1.428560943944780053e-02
1.419177749557100181e-02
1.409737642774472853e-02
1.400244684141438954e-02
1.390702782098189247e-02
1.381115697145303585e-02
1.371487046138255249e-02
1.361820306502729838e-02
1.352118820599794262e-02
1.342385799974320747e-02
1.332624329677275198e-02
1.322837372520536611e-02
1.313027773322920054e-02
1.303198263113925295e-02
1.293351463256474897e-02
1.283489889559199376e-02
1.273615956254455124e-02
1.263731979974839874e-02
1.259380918208755258e-02
1.259152023032918295e-02
1.258759069555508148e-02
1.258204913135726154e-02
1.257492378077148913e-02
1.256624256498732953e-02
1.255603307452254902e-02
1.254432256251532610e-02
1.253113793868844590e-02
1.251650576568238971e-02
1.250045225632522364e-02
1.248300327199019545e-02
1.246418432225695518e-02
