5.509323182684371378e-01
5.502531630154280373e-01
5.498468135738463491e-01
5.540085049018206309e-01
5.539088590242712273e-01
5.550049717775599190e-01
5.632290518576125171e-01
5.687960931614495230e-01
5.833563464975920487e-01
6.038704260410131530e-01
6.569112780011386876e-01
6.704644315148858835e-01
7.625898320972989142e-01
8.970832944940072551e-01
1.076781955476931563e+00
1.004614159159054276e+00
9.712353526298651563e-01
1.316232800124720326e+00
1.291597345012812648e+00
1.357118718885071296e+00
1.636675609266808662e+00
1.382964285980017527e+00
1.494699533341790287e+00
1.525854425332498154e+00
1.266407547437098602e+00
1.258109433384527298e+00
1.447609914309190282e+00
1.310551790612594081e+00
1.260707306328850530e+00
1.403153625655894521e+00
1.530467044705115631e+00
1.706230956490321526e+00
1.765689199014906396e+00
1.584135775057373463e+00
1.319613824379115785e+00
1.434113785671006003e+00
1.866856312879008772e+00
2.028557893214605556e+00
1.990987149329723982e+00
2.484295551641203303e+00
2.854193906235244604e+00
2.537036871833582730e+00
2.551219514168250768e+00
2.509851232426968171e+00
2.226211437287933581e+00
2.479647493701389482e+00
2.753680995004968324e+00
2.931333432580611298e+00
3.648890081349079217e+00
4.075139542435329609e+00
3.954857106232271935e+00
3.502341356106601022e+00
3.903424886525804993e+00
3.964951329285214321e+00
3.859688614535133677e+00
4.046257916368372953e+00
4.387945250142478493e+00
4.382371038113888950e+00
4.183472688493386826e+00
3.825201731365089675e+00
3.192218276860454562e+00
3.259388583200050427e+00
3.501664595424738735e+00
3.718577400863582127e+00
3.897424149986769226e+00
3.873155652348824862e+00
3.736082253073189641e+00
3.634074065069331727e+00
3.292907722852585817e+00
2.746866292286735067e+00
2.067357007497304888e+00
1.519432071864541545e+00
1.237822033446777992e+00
1.133327288477864236e+00
1.150581863796900972e+00
1.187948476628778893e+00
1.257583743183580349e+00
1.273695933099326272e+00
1.303193979218850274e+00
1.192541027776627738e+00
1.058994693958607236e+00
1.066782894419253669e+00
1.074785233927933348e+00
1.049959594454924483e+00
9.825971209879619250e-01
9.375958852810621913e-01
8.793259203245915590e-01
8.188611953179970593e-01
7.607308501956449032e-01
7.071844478616718943e-01
6.583182800710084548e-01
6.301378694879269382e-01
6.072358663218261343e-01
5.853354701478163946e-01
5.665973243173572094e-01
5.651061824257306299e-01
5.543002343761790351e-01
5.345596329700912364e-01
5.479495771919309366e-01
5.790914278415183469e-01
5.646547289670559300e-01
5.115150537668953223e-01
4.982437445185103897e-01
4.605060345994161919e-01
4.135333198162684520e-01
3.918798265763984157e-01
3.750940435392506878e-01
3.604188426738924034e-01
3.672837849825520418e-01
3.585109706543935792e-01
3.512217249739968405e-01
3.675502521139344947e-01
3.679980030632641896e-01
3.509202593445492901e-01
3.186057667922052028e-01
2.884607644192486720e-01
2.892376241594475927e-01
2.802301199940520626e-01
2.677699900882112294e-01
2.561158626009430450e-01
2.728623339552122551e-01
2.838448369253325221e-01
2.916154757363018102e-01
2.980146963996945231e-01
3.028432258776310171e-01
3.035333608074700096e-01
2.968383039261253131e-01
2.800035707055887890e-01
2.522401495088929524e-01
2.550270352814545949e-01
2.603362315188796350e-01
2.548960798047772980e-01
2.391392774298033708e-01
2.305806543873162029e-01
2.389033680594545017e-01
2.419853693410921880e-01
2.357118477463598094e-01
2.218236973298026715e-01
2.164466357499791604e-01
2.086882229661994326e-01
1.989371292759766763e-01
1.876321478240211282e-01
1.783404251623652015e-01
1.803404640312908369e-01
1.771629898747315579e-01
1.701458812160138445e-01
1.609961669440664600e-01
1.513360890360705702e-01
1.423636603586602156e-01
1.356657679930632632e-01
1.320716995766099411e-01
1.284584934933375444e-01
1.246901699702793881e-01
1.208025300185335826e-01
1.218157656211428796e-01
1.246313629768057568e-01
1.267341731011647765e-01
1.279697066800861427e-01
1.305184539292817969e-01
1.315417712436554587e-01
1.308047425161776856e-01
1.281013685253027390e-01
1.234702083921962873e-01
1.170620596065885116e-01
1.226292446090613136e-01
1.280360317042179008e-01
1.319213618562486978e-01
1.344251058504149221e-01
1.352977619425200229e-01
1.347691000143058926e-01
1.328513678727419600e-01
1.297480734991414419e-01
1.256961118746294792e-01
1.207758416585159172e-01
1.153755319524318729e-01
1.096039819745980443e-01
1.036249257827388526e-01
9.762289671577398242e-02
9.174770700398893197e-02
8.756200467077381033e-02
8.624000794087444133e-02
8.523999985787107658e-02
8.418947945363434993e-02
8.311557957337364910e-02
8.204123313316091792e-02
8.098499740924770818e-02
7.996106539429428950e-02
7.897943559701287031e-02
7.804620989756665128e-02
7.718118471099597033e-02
7.636777852666735977e-02
7.560108365831751109e-02
7.487649958960014562e-02
7.418785230895939831e-02
7.352788564097767487e-02
7.288871868354483696e-02
7.226225844908931717e-02
7.164056017020643818e-02
7.101613079354630875e-02
7.038217389062273455e-02
6.973277651958652290e-02
6.906304045973743477e-02
6.836916172614879161e-02
6.764846336323021569e-02
6.691562672275658263e-02
6.615806444578832546e-02
6.537141010360984772e-02
6.455695508876693745e-02
6.371680578235218440e-02
6.285376519844806942e-02
6.197120789260295026e-02
6.259836514763195137e-02
6.325651598072788706e-02
6.375579098850253645e-02
6.409720978864374974e-02
6.428527294009590831e-02
6.432738565994969293e-02
6.426381729210665916e-02
6.408319437172961541e-02
6.378883005004790108e-02
6.339341664648646957e-02
6.290973413552117255e-02
6.235021035744753998e-02
6.172655791229000183e-02
6.104949163737675294e-02
6.032852668569478605e-02
5.957185390929410629e-02
5.880060584845055172e-02
5.801666617156242545e-02
5.721200725721313496e-02
5.638969067855854889e-02
5.555171573944613084e-02
5.469917945896943245e-02
5.383245133455984155e-02
5.295135401826549237e-02
5.205534208459206696e-02
5.114367224853896832e-02
5.021555965038103364e-02
4.927031609402302698e-02
4.830746735578851647e-02
4.732684783849253757e-02
4.632867188592288549e-02
4.531358199436711504e-02
4.429149884780231305e-02
4.325787465450323110e-02
4.221082436806782023e-02
4.115273284419183886e-02
4.101067031663078316e-02
4.132307244554460357e-02
4.160920240092014222e-02
4.186635874325910639e-02
4.209204578966150440e-02
4.228402372622606931e-02
4.244034982914816206e-02
4.255941055213883356e-02
4.263994451741412450e-02
4.268105668903696137e-02
4.268222420600211592e-02
4.264329451054769959e-02
4.256447652940353876e-02
4.244632574760592164e-02
4.228972406434265696e-02
4.209585534151485953e-02
4.186617754974804317e-02
4.160239238910234949e-02
4.130641321575591329e-02
4.098033204675177732e-02
4.063521929427762330e-02
4.026809427568112110e-02
3.987723965645110363e-02
3.946511459270481831e-02
3.903420616347271638e-02
3.858700249332144838e-02
3.812596812663392176e-02
3.765352181639441270e-02
3.717201682598813423e-02
3.668372378336812872e-02
3.619081607729277700e-02
3.569535774029926334e-02
3.519929372550360813e-02
3.470444245566133706e-02
3.421249049834659828e-02
3.372498920283315688e-02
3.324335312402822151e-02
3.276886004905401467e-02
3.230265244244577560e-02
3.184574012458028097e-02
3.139900400318462043e-02
3.096320068562620140e-02
3.053896780712587328e-02
3.012682992286426498e-02
2.972720482120307095e-02
2.934041013314080820e-02
2.896667011753770865e-02
2.860612252560888746e-02
2.825882545244403146e-02
2.792476410104023296e-02
2.760385739388796639e-02
2.729596438083618792e-02
2.700089039936266061e-02
2.671839295745307916e-02
2.644818731336677498e-02
2.618995173707090382e-02
2.594333244605373165e-02
2.570794821030790087e-02
2.548339462976287328e-02
2.526924809062379776e-02
2.506506940973364864e-02
2.487040717972877762e-02
2.468480082945013684e-02
2.450778341438459434e-02
2.433888415610098097e-02
2.417763074547026048e-02
2.402355142893585968e-02
2.387617689309364313e-02
2.373504196622025150e-02
2.359968715055314747e-02
2.346966000139404790e-02
2.334451636721263101e-02
2.322382150238293946e-02
2.310715106570989524e-02
2.299409201419914950e-02
2.288424340265200058e-02
2.277721709601658595e-02
2.267263840396269506e-02
2.257014664116733030e-02
2.246939562195006748e-02
2.237005409176081802e-02
2.227180609972967407e-02
2.217435131628994055e-02
2.207740529805903712e-02
2.198069970224998324e-02
2.188398245229149566e-02
2.178701785638540236e-02
2.168958668036518461e-02
2.159148617516211052e-02
2.149253006064226132e-02
2.139254846629778939e-02
2.129138782973142435e-02
2.118891075328293433e-02
2.108499582059549307e-02
2.097953737306687896e-02
2.087244524814066068e-02
2.076364448021978532e-02
2.065307496438760840e-02
2.054069108769529181e-02
2.042646132479041324e-02
2.031036780379259776e-02
2.019240584211392381e-02
2.007258345424793589e-02
1.995092083440648187e-02
1.982744981565879791e-02
1.970221330729022766e-02
1.957526471420838882e-02
1.944666733852116330e-02
1.931649376869357115e-02
1.918482525518490009e-02
1.905175107808507878e-02
1.891736790773996743e-02
1.878177916049297499e-02
1.864509435321055203e-02
1.850742845780027623e-02
1.836890125835789062e-02
1.822963671339353220e-02
1.808976232508318835e-02
1.794940851766319012e-02
1.780870802673043679e-02
1.766779530141086504e-02
1.752680592159098008e-02
1.738587603078034158e-02
1.724514178717209342e-02
1.710473883358170147e-02
1.696480178752543880e-02
1.682546375371442304e-02
1.668685585717370398e-02
1.654910680179409385e-02
1.641234245125594918e-02
1.627668543497623119e-02
1.614225478016632562e-02
1.600916556733390783e-02
1.587752861373054047e-02
1.574745018074348926e-02
1.561903170876689090e-02
1.549236957619442093e-02
1.536755488574511816e-02
1.524467327482971826e-02
1.512380475182551441e-02
1.500502355620880052e-02
1.488839804338534627e-02
1.477399059333731404e-02
1.466185754073055965e-02
1.455204912946697279e-02
1.444460948640569065e-02
1.433957661788769732e-02
1.423698242475560441e-02
1.413685273682293783e-02
1.403920736628227681e-02
1.394406017691701000e-02
1.385141917123925391e-02
1.376128659177335879e-02
