6.931336240821837080e-01
6.930876174837682369e-01
6.966637428796502718e-01
6.954673624265664822e-01
7.045683133485521887e-01
7.102663137496065815e-01
7.195802245115228146e-01
7.312473554472821435e-01
7.608185744211457546e-01
7.634646582424571282e-01
8.034204506161757298e-01
8.630263068641341739e-01
8.393800650118571349e-01
1.012425015478254142e+00
9.098760071871971888e-01
1.105875981145718390e+00
1.023841757834125676e+00
1.235628007801876427e+00
1.690384296584870327e+00
1.406808293348045247e+00
1.621981676133976036e+00
1.942127370272709097e+00
1.597679218900963871e+00
1.480461721412750453e+00
1.703635103782559224e+00
1.529083389469384269e+00
1.488053655806400144e+00
1.682431950344440041e+00
1.474534363712266094e+00
1.377674867617479926e+00
1.279629865152414281e+00
1.278899303882783611e+00
1.413574479854377008e+00
1.467610701569150411e+00
1.558612082857175452e+00
1.439567245212155289e+00
1.477382499272519745e+00
1.642331246172659798e+00
1.646343874414460506e+00
1.527813348883153566e+00
1.829520936991829272e+00
2.348935810510607514e+00
2.437517385218139765e+00
1.839110400576987825e+00
2.097564118156253432e+00
2.322556476662974934e+00
2.666201972929539199e+00
2.585442075698265008e+00
2.661066969366725932e+00
3.095129559191074797e+00
3.112829492372547691e+00
2.878129095252363268e+00
3.069184331206674887e+00
3.333405390156846781e+00
3.604608024288933343e+00
3.654079727315822090e+00
3.499898623727485170e+00
3.256708972528396639e+00
3.439213751274889042e+00
3.517246439190219398e+00
3.246199700934407684e+00
3.454667647445273548e+00
3.599698497193327906e+00
3.581564917351271138e+00
3.429926245323849709e+00
3.504839782698784489e+00
3.550417407415420890e+00
3.404579692829196702e+00
3.081427085809155475e+00
2.838345336015709819e+00
2.952994343986598214e+00
3.233627253977577887e+00
3.274120545755834222e+00
3.259361977724647641e+00
3.405912911733782522e+00
3.468130780614436581e+00
3.496751258220905267e+00
3.649184148541886774e+00
4.175475719446189338e+00
4.446736704037030030e+00
4.320809998689568943e+00
3.888913742620455416e+00
3.296676967783632950e+00
2.896921089298340135e+00
2.416679849423847948e+00
1.970750007762424483e+00
1.764256793086091069e+00
1.572824706987314247e+00
1.399962744076598264e+00
1.251924457629903342e+00
1.126245692665695630e+00
1.022474552790267888e+00
9.548740563196194131e-01
9.042328918936555215e-01
8.463528089001375321e-01
8.286472890109186640e-01
7.992994995517760382e-01
7.829658449683801758e-01
7.442252803569848751e-01
7.350003926596305748e-01
7.053639536397493526e-01
6.916099316118137219e-01
6.832249525119951095e-01
6.570492848916009709e-01
6.347274518162808743e-01
6.087470307906978073e-01
5.801914942127219810e-01
5.502934893667287275e-01
5.369051907749364805e-01
5.288508470874919709e-01
5.418615271044853188e-01
5.469498390437890212e-01
5.449476988340274941e-01
5.380360737841192176e-01
5.253651094763657214e-01
5.073064566891705152e-01
4.847920853615513836e-01
4.606333613998014886e-01
4.689165699053124969e-01
4.716627517360146848e-01
4.688587635186911573e-01
4.602767958586323482e-01
4.457536302292217090e-01
4.256748449031765857e-01
4.011888487899763489e-01
3.952980028880547225e-01
3.857732426472791909e-01
3.696040445314279221e-01
3.483286538791661169e-01
3.262097921783634891e-01
3.265690636719796869e-01
3.253217541213393460e-01
3.223855392884362181e-01
3.177522453752427700e-01
3.116097213302894686e-01
3.038842419154885732e-01
2.948583164581355942e-01
2.845882633104609427e-01
2.731648600868658017e-01
2.610579828491855769e-01
2.525766228696915139e-01
2.608141803415510163e-01
2.669240007152998695e-01
2.698811811291469964e-01
2.696598191126461375e-01
2.659788855639318994e-01
2.589066048934732245e-01
2.498531203163639192e-01
2.586518682028838279e-01
2.612077079518270173e-01
2.575235462081967852e-01
2.481337342335763751e-01
2.339883102876715304e-01
2.252821623135313200e-01
2.191865002266935869e-01
2.207762598172537949e-01
2.207051555691422751e-01
2.172657999006541996e-01
2.113585640809149402e-01
2.040269856950319705e-01
1.959871153111634456e-01
1.881671868158646954e-01
1.811524729716460502e-01
1.751062394839559555e-01
1.701029891190763699e-01
1.659982582259096340e-01
1.624897065504807558e-01
1.591878051711858866e-01
1.556864575177693555e-01
1.517515507898385962e-01
1.470405970097517223e-01
1.413553660252146460e-01
1.346834277756786269e-01
1.300924146400249948e-01
1.299983372597579012e-01
1.294864501334918039e-01
1.295010782577555031e-01
1.305885497917210480e-01
1.315443513434286227e-01
1.339877207958265759e-01
1.361325035955111007e-01
1.379558352881562755e-01
1.393047882167627594e-01
1.401507327846930606e-01
1.405840103605795199e-01
1.406050191414105477e-01
1.410775758017815684e-01
1.409867085017912636e-01
1.402048395777100442e-01
1.388558787512994275e-01
1.369350154384240958e-01
1.344666434740118544e-01
1.315334461703651092e-01
1.353656964770794113e-01
1.377643524894403282e-01
1.386774326689996784e-01
1.382376265164417528e-01
1.362268687047314963e-01
1.329074949367014258e-01
1.282819160210705023e-01
1.224370146822202909e-01
1.157361513481314913e-01
1.081637701685481817e-01
1.082329399907240308e-01
1.093020721248395832e-01
1.098996844534600587e-01
1.100425459810283474e-01
1.097518287089687961e-01
1.091537225001282252e-01
1.082052405195872841e-01
1.068994418517843353e-01
1.052674121787077338e-01
1.033414603098918305e-01
1.011595145840730181e-01
9.955313858060052534e-02
9.773473467811576165e-02
9.561152875041510624e-02
9.327544584472723110e-02
9.261726005441950349e-02
9.239847464536958543e-02
9.210564319868945471e-02
9.171729512136601870e-02
9.123978957341284668e-02
9.067948705468857618e-02
9.004270438063281812e-02
8.933567500860545296e-02
8.856451443135597568e-02
8.773519034177029718e-02
8.685349726013431859e-02
8.595135168355096111e-02
8.501772640142381265e-02
8.404585161780196712e-02
8.304068167263294054e-02
8.200693439890943681e-02
8.094908504910926228e-02
7.987136264793039120e-02
7.877774850943587703e-02
7.767197667335692945e-02
7.655753602556196469e-02
7.543767388679498143e-02
7.431540086391848210e-02
7.319349677761037565e-02
7.207451749146165376e-02
7.096303956930517798e-02
6.987258451406128112e-02
6.879014880498333928e-02
6.771753855950771173e-02
6.665637766707806222e-02
6.560811690072926305e-02
6.457404312149025993e-02
6.355528850144562258e-02
6.255283969640719477e-02
6.156754691000310836e-02
6.060013280022388815e-02
5.965120118374241803e-02
5.872124550306657281e-02
5.781065702829162045e-02
5.691973276628015110e-02
5.604868306323514821e-02
5.519763888232913362e-02
5.436665874852109059e-02
5.355573535469321939e-02
5.276480182568618615e-02
5.199373763782049601e-02
5.124237420078334854e-02
5.051050010248288313e-02
4.979786602368421744e-02
4.910418933224184462e-02
4.842915836293548021e-02
4.777243639626109484e-02
4.713366534312458944e-02
4.651246915189535119e-02
4.590845694367819835e-02
4.532122589508928712e-02
4.475036387428337620e-02
4.419545184802606969e-02
4.365606606900750836e-02
4.313178005741222926e-02
4.262216638941616897e-02
4.212679830215003418e-02
4.164525112998148509e-02
4.117710358119473779e-02
4.072193886687979630e-02
4.027934569267002662e-02
3.984891912310219164e-02
3.943026132833202940e-02
3.902298222326568145e-02
3.862670000610408244e-02
3.824104160671316921e-02
3.786564305104699046e-02
3.750014975035918796e-02
3.714421672094565113e-02
3.679750874170930469e-02
3.645970045585084085e-02
3.613047642216136307e-02
3.580953112034217234e-02
3.549656891762335842e-02
3.524165598289790563e-02
3.512977659077182180e-02
3.501145422674053348e-02
3.488715915621221075e-02
3.475734337816484970e-02
3.462244006101731358e-02
3.448286317105702520e-02
3.433900727312647061e-02
3.419124747987727087e-02
3.403993953238581421e-02
3.388541999411785050e-02
3.372800654073768861e-02
3.356799833388887655e-02
3.340567646169641941e-02
3.324130443794547085e-02
3.307512874574414230e-02
3.290737941783758447e-02
3.273827064458401798e-02
3.256800140117063758e-02
3.239675608824699876e-02
3.222470517934235279e-02
3.205200587029737036e-02
3.187880272592888420e-02
3.170522832070342412e-02
3.153140386938995537e-02
3.135743984517310595e-02
3.118343658402588855e-02
3.100948487178498483e-02
3.083566651397743122e-02
3.066205488614205665e-02
3.048871546467264021e-02
3.031570633779358953e-02
3.014307869472982598e-02
2.997087729487903085e-02
2.980027080345498333e-02
2.963119427644864134e-02
2.946259609780993091e-02
2.929450132851786279e-02
2.912693056671804628e-02
2.895990029750377531e-02
2.879342322237193885e-02
2.862750857245075636e-02
2.846216240501479519e-02
2.829738788201918015e-02
2.813318553454466353e-02
2.796955351144706989e-02
2.780648781310562923e-02
2.764398251243809640e-02
2.748202996156321604e-02
2.732062098682973977e-02
2.715974507105722857e-02
2.699939052497427050e-02
2.683954464754951738e-02
2.668019387601718723e-02
2.652132392626526183e-02
2.636291992341369128e-02
2.620496652487990658e-02
2.604744803279304341e-02
2.589034850131010507e-02
2.573365183436929216e-02
2.557734187661054454e-02
2.542140249839186517e-02
2.526581767355138772e-02
2.511057155185185061e-02
2.495564852492595728e-02
2.480103328683170086e-02
2.464671089018543107e-02
2.449266679701091187e-02
2.433888692406372192e-02
2.418535768530601440e-02
2.403206602895248400e-02
2.387899947133002854e-02
2.372614612638899653e-02
2.357349473185644737e-02
2.342103467261315991e-02
2.326875599972697689e-02
2.311664944739484293e-02
2.296470644668388919e-02
2.281291913658703430e-02
2.266128037233170953e-02
2.250978373158200874e-02
2.239062597320642251e-02
2.229941392182028040e-02
2.220894594985674611e-02
2.211920815977106575e-02
2.203018705552678771e-02
2.194186953058768763e-02
2.185424285644113271e-02
2.176729467208602872e-02
2.168101297287398574e-02
2.159538610061497582e-02
2.151040273338364339e-02
2.142605187604513725e-02
2.134232285111728813e-02
2.125920528934997430e-02
2.117668912132256512e-02
2.109476456873348241e-02
2.101342213641703774e-02
2.093265260394144497e-02
2.085244701826576355e-02
2.077279668584534889e-02
2.069369316536259426e-02
2.061512826080605029e-02
