5.104621581409596320e-01
5.089911603263050921e-01
5.091709319505414166e-01
5.140558726145549873e-01
5.195187118055989428e-01
5.271626149512589343e-01
5.326866164264433268e-01
5.513213970295584021e-01
5.688640388890996435e-01
5.993526975476141105e-01
6.563778803305388987e-01
8.052427353611544270e-01
1.017960068111443794e+00
8.736444724188211497e-01
8.758264152271612035e-01
9.395677841636133065e-01
1.013379821778118250e+00
1.083717503223529555e+00
1.292297927251629730e+00
1.041626459029147078e+00
1.251891315304815233e+00
1.870470640355843983e+00
1.920530054324111502e+00
1.891052149678718930e+00
1.708400190811693475e+00
2.003120805670100868e+00
2.024120120436037062e+00
1.992579590690066516e+00
1.710372272933035287e+00
1.792821051134685373e+00
1.824606025206112925e+00
2.519822234975029218e+00
1.785920383300019676e+00
1.363707280235160857e+00
1.195603984569153067e+00
1.288556282056313895e+00
1.137249100007665881e+00
9.991054920947103346e-01
1.026925942130369585e+00
1.046156144949176303e+00
1.125509287503975386e+00
1.093942989003760635e+00
1.275033092342614749e+00
1.256620210807199989e+00
1.136181906585221668e+00
1.335185092342910274e+00
1.388686342576290755e+00
1.383742628204580605e+00
1.317920854134177588e+00
1.643569527330706936e+00
1.973293049236461982e+00
1.826196652073451387e+00
1.777214061090256703e+00
1.817237283740875675e+00
1.854484642735993782e+00
1.905829665683254737e+00
1.963617042551542680e+00
2.043908755741387306e+00
2.165981664291155795e+00
2.559174796600373725e+00
2.977306652654861718e+00
3.177688980367558980e+00
3.076124493054979592e+00
2.927836277002993981e+00
3.170160119946433319e+00
3.101617586092769052e+00
2.942370586354028372e+00
2.793334518965403745e+00
2.575968313777209140e+00
2.270287395199650948e+00
2.235092265440487669e+00
2.346233415275439604e+00
2.532371022172528185e+00
2.628006001321997687e+00
2.546995503406427108e+00
2.441690187813759572e+00
2.432816917350193009e+00
2.520613327695456096e+00
2.567690572978422736e+00
2.481509184921257827e+00
2.313151398349253540e+00
2.214231801828931534e+00
2.311378860177865313e+00
2.567410394869122925e+00
2.853429321254665751e+00
3.074811404040185714e+00
3.194804828983033751e+00
3.210139818000169232e+00
3.148599833969638162e+00
3.047571513117364628e+00
2.816310956706485236e+00
2.722250958640300311e+00
2.551685370555381471e+00
2.319912591860162188e+00
2.053633551601889540e+00
1.841260126175565670e+00
1.635909081894470818e+00
1.450204706037672375e+00
1.292951157613473789e+00
1.165943170784386584e+00
1.065111480963236934e+00
9.871703066230145263e-01
9.305488428835276826e-01
8.948547729423360630e-01
8.783827336104311767e-01
8.753301215396858126e-01
8.752455026570158392e-01
8.678241252985476883e-01
8.561742880293763402e-01
8.568331939081700321e-01
8.681727070935127966e-01
8.615999427993202842e-01
8.245878076695525305e-01
7.838126023373181983e-01
7.075300735213286840e-01
6.386470871411787931e-01
6.337874790301573080e-01
6.138987741830262967e-01
5.833061253285110048e-01
5.701996594440029709e-01
5.438117038201752962e-01
5.148878226061728292e-01
5.092541291282824956e-01
5.104818488528493070e-01
5.374161697863490961e-01
5.871420501434188033e-01
6.392195257711503764e-01
6.728996091081269615e-01
6.868543628515524357e-01
6.795897236788720486e-01
6.475131250303517438e-01
6.005322438449950395e-01
5.589953215821871213e-01
5.194631006786660787e-01
5.010563939362132624e-01
4.835568769960321700e-01
4.627477407339712911e-01
4.341543602266635937e-01
3.952082106374735226e-01
3.574041460243040369e-01
3.377452349526043340e-01
3.461720406299393371e-01
3.518677684930383021e-01
3.525255130761447142e-01
3.484488071727911973e-01
3.402902231275903300e-01
3.289143334143127539e-01
3.152734833532078174e-01
3.003040637717310224e-01
2.848893536694857009e-01
2.699396458592526749e-01
2.558077589805529128e-01
2.433436014038174999e-01
2.365594765603780958e-01
2.302019024885580412e-01
2.245956016191799354e-01
2.199118885603098539e-01
2.162770146300540541e-01
2.135466787611594863e-01
2.115763831532970485e-01
2.101860689787151681e-01
2.091693555282999328e-01
2.083170644997576204e-01
2.076021942603086257e-01
2.066708416527706094e-01
2.053514275191099803e-01
2.037084632959894059e-01
2.014581339035271257e-01
1.985552736250679740e-01
1.950098346248385905e-01
1.906087097755565229e-01
1.855475459807892080e-01
1.841198038409143367e-01
1.835663124019630832e-01
1.818249559963771023e-01
1.762951009376977907e-01
1.679438141140293383e-01
1.614281883910613224e-01
1.594726397624534053e-01
1.629764004964798507e-01
1.660965120634671777e-01
1.687866908960347356e-01
1.711131614213374230e-01
1.728508899135641763e-01
1.741301778804457134e-01
1.747776742975403752e-01
1.748912485225299074e-01
1.743432191838836520e-01
1.732531610683995249e-01
1.714784832058457442e-01
1.691941861971136274e-01
1.662353347153245064e-01
1.628109443748312346e-01
1.587765473038088848e-01
1.543052856928852634e-01
1.493574993478376245e-01
1.439627594440507918e-01
1.383015289484597621e-01
1.322827296906138594e-01
1.278689390437807438e-01
1.334583164610743944e-01
1.381062213538145622e-01
1.410447350315614246e-01
1.421748339452129084e-01
1.415248576314490914e-01
1.390498316846240645e-01
1.366861851602033662e-01
1.352580059318611305e-01
1.331176737134735222e-01
1.301533936039939443e-01
1.263967254610762481e-01
1.218743864473914307e-01
1.210936996480712763e-01
1.215950600859243419e-01
1.221969107903624757e-01
1.220359983656685438e-01
1.211444124298989011e-01
1.196182504010821490e-01
1.185206293476187001e-01
1.172142269753169569e-01
1.156440370877031415e-01
1.137936140327518025e-01
1.117456804064693443e-01
1.095577946273560976e-01
1.072177830344400173e-01
1.047672495883248400e-01
1.022634898247919422e-01
9.975653107526109842e-02
9.723717919209157179e-02
9.473416897021680327e-02
9.227253888406507232e-02
8.987363170176965177e-02
8.755516589984430054e-02
8.533136681302333493e-02
8.321314673612162371e-02
8.120832368760430575e-02
7.932186921780400024e-02
7.755617641925190153e-02
7.591134017182374349e-02
7.438544256205455174e-02
7.297483734769655284e-02
7.167442825843353682e-02
7.047793680802054428e-02
6.937815614158200639e-02
6.836718822165066545e-02
6.743666238036852278e-02
6.657793390542331158e-02
6.578226190450942035e-02
6.504096618883008218e-02
6.434556334027405344e-02
6.368788248220300097e-02
6.306016156251879889e-02
6.245512518477917135e-02
6.186604519572526384e-02
6.128678536044728647e-02
6.071183153378488517e-02
6.013630877819740178e-02
5.955904577568636726e-02
5.897638083372003931e-02
5.838269762802597573e-02
5.777554572240628517e-02
5.715305352517106169e-02
5.651389782474758317e-02
5.585726922328127647e-02
5.518283447079403575e-02
5.449069660681033628e-02
5.378135372634555017e-02
5.305565708906265221e-02
5.231476920252502161e-02
5.156012242687123270e-02
5.079337856042772520e-02
5.001638979697449472e-02
4.923116136895407807e-02
4.843981613125138141e-02
4.764456127777990518e-02
4.684765733368317225e-02
4.605138951613042819e-02
4.525804151872681036e-02
4.471175424713537405e-02
4.470473309866131867e-02
4.469100657573006619e-02
4.466934675134118238e-02
4.463863975689529029e-02
4.459788513212290667e-02
4.454619442093599169e-02
4.448278910577119216e-02
4.440699797070690041e-02
4.431825397365346531e-02
4.421609070439003197e-02
4.410013849754033932e-02
4.397012026536892271e-02
4.382584710705714204e-02
4.366721374921267440e-02
4.349419386384815317e-02
4.330683530797784647e-02
4.310525532269347121e-02
4.288963572616218828e-02
4.266021813121630146e-02
4.241729921319198349e-02
4.216122605297886738e-02
4.189239157345860110e-02
4.161462034570773127e-02
4.132826621246145360e-02
4.103037127156716757e-02
4.072145719579346734e-02
4.040207173808092744e-02
4.007278499555905898e-02
3.973418583815502975e-02
3.938687850430377946e-02
3.903147936763090575e-02
3.866861387522670807e-02
3.829891365737378428e-02
3.792301380905341995e-02
3.754155034120592455e-02
3.715515779935857354e-02
3.676446704694565082e-02
3.637010321037589117e-02
3.597268378160324576e-02
3.557281687335241138e-02
3.517109962434133291e-02
3.476811674723417900e-02
3.436443921594529299e-02
3.396062308729852486e-02
3.355720844912924578e-02
3.315471849376343955e-02
3.275365870621566727e-02
3.235451616621002474e-02
3.195775895543247896e-02
3.156383566555703152e-02
3.117317500221683871e-02
3.078618547807873695e-02
3.085036267188100492e-02
3.092235428454077895e-02
3.099114451232880957e-02
3.105615339468414948e-02
3.111684026159370134e-02
3.117270359628183940e-02
3.122328075674542930e-02
3.126814757059952210e-02
3.130691781065542134e-02
3.133924256294878113e-02
3.136480949631405973e-02
3.138334204358697588e-02
3.139459850238997263e-02
3.139837106663333904e-02
3.139504562071419175e-02
3.138596093162712708e-02
3.136903980989171059e-02
3.134418877164874689e-02
3.131134287650585990e-02
3.127046451666808113e-02
3.122154218329185535e-02
3.116458921751540448e-02
3.109964255186179610e-02
3.102676144749287601e-02
3.094602622967515190e-02
3.085753702918532515e-02
3.076141253178277246e-02
3.065778873997841020e-02
3.054681775047881492e-02
3.042866655075413679e-02
3.030351583728720793e-02
3.017155885836847809e-02
3.003300028312579084e-02
2.988805509969211585e-02
2.973694754340752353e-02
2.957991005747504301e-02
2.941718228604318225e-02
2.924901010301908175e-02
2.907564467515892648e-02
2.889734156143591512e-02
2.871435984920750126e-02
2.852696132721176114e-02
2.833540969586123559e-02
2.813996981448741927e-02
2.794090698672247255e-02
2.773848628130209243e-02
2.753297189158963876e-02
2.732462653038784245e-02
2.711371086073829581e-02
2.690190426574820548e-02
2.668841012042597396e-02
2.647301452165088873e-02
2.625596520766860717e-02
2.603750572384215187e-02
2.581787504551034604e-02
2.559730723242669218e-02
2.537603111143049012e-02
2.515426999052937374e-02
2.493224139946442763e-02
2.471015685769042958e-02
2.448822166929571359e-02
2.426663474197007092e-02
2.404558843124794329e-02
2.382526840707544641e-02
2.360585354285362619e-02
2.338751582562503817e-02
2.317042028673517440e-02
2.295472495087967288e-02
2.274058080426465123e-02
