7.016169054328910137e-01
7.004651310520768615e-01
7.010995484833875135e-01
7.059199339571462506e-01
7.035822825460886776e-01
7.081732606426203169e-01
7.155838457089882532e-01
7.207466668687932954e-01
7.301121022413230577e-01
8.689960679623802697e-01
8.658409476444755004e-01
9.032196467217812330e-01
9.593547556656801811e-01
1.230296620136891894e+00
1.457108906204644061e+00
1.404482041795251268e+00
1.212737703510044174e+00
1.512400450820368114e+00
2.032333516429269515e+00
1.833256081884329092e+00
1.560829219170573490e+00
1.582322698886728718e+00
1.752097313225808417e+00
1.948978937021469848e+00
1.666698676774431176e+00
1.733432269560972738e+00
1.652084656812509378e+00
1.522297117255479337e+00
1.707375041571161267e+00
1.691263524023273845e+00
1.861089959830018126e+00
1.816417428620834551e+00
2.077675147712529036e+00
2.403573783126841334e+00
2.439853371409552718e+00
2.139154265954250178e+00
2.566609572687704510e+00
2.797721243648191969e+00
2.672306784792592538e+00
2.912487871444993548e+00
2.532259192582106966e+00
2.699305238496400250e+00
2.998544762832052069e+00
3.303644695849826451e+00
3.714916202788280497e+00
4.490662827718436390e+00
4.359843212702532611e+00
3.900787892209906182e+00
3.698901737042842974e+00
3.411312830309583433e+00
3.539283697247823657e+00
3.646357978109294962e+00
3.347451396087218978e+00
3.474439252757848262e+00
3.917021524994319659e+00
3.716199128915119054e+00
3.889575240398296607e+00
3.895709675314502629e+00
3.743867275262357186e+00
4.611848977260571303e+00
4.611592586601090282e+00
3.914803614132425835e+00
3.418487094333956033e+00
3.570139176519809165e+00
4.069396909568031795e+00
4.243244728559763423e+00
4.096975301491478483e+00
4.327796266941891012e+00
4.451368711211723728e+00
4.612255418611367119e+00
5.033038192493198615e+00
5.076053441063321792e+00
4.448326397614043692e+00
3.410214497809311851e+00
2.725111231544182555e+00
2.460534260102930748e+00
2.190087436208342453e+00
1.931968569469388664e+00
1.697113631209201667e+00
1.490047926493210051e+00
1.331528768135761043e+00
1.206904790571863728e+00
1.138184635080021767e+00
1.137328298467011445e+00
1.102853228769311800e+00
1.056734848451288844e+00
1.034613449905259275e+00
1.018593668288783727e+00
1.016730069715124030e+00
1.024979832579523409e+00
1.023544859200359758e+00
1.030625300117280929e+00
1.037368445220660185e+00
9.939583222084101832e-01
9.647355731127029710e-01
9.492359188629752031e-01
9.362992508741085906e-01
8.858682407710742890e-01
8.104577917567075129e-01
8.115524405919820605e-01
7.960007570424036949e-01
7.708813556973144188e-01
7.416901760588411330e-01
7.105691790882193715e-01
6.769791692011630779e-01
6.389790855285314430e-01
5.945559004795895053e-01
5.862128116160997271e-01
5.873718825809046695e-01
5.880300629942234458e-01
5.716542501639251261e-01
5.403656445771812811e-01
5.081296066078854201e-01
5.058554094434007942e-01
4.928614706519274802e-01
4.720563359746255405e-01
4.464021296777272996e-01
4.189400871975160756e-01
3.925518314094835204e-01
3.692301428514732642e-01
3.501832801818149932e-01
3.360540662550485780e-01
3.267127362627281761e-01
3.214637418364547639e-01
3.192461148097239798e-01
3.188076669256386664e-01
3.190038460154333011e-01
3.188978435503487252e-01
3.170720711693631455e-01
3.130995685075076418e-01
3.063016921667759962e-01
2.964088640873898672e-01
3.006212282727943053e-01
3.064413795429974385e-01
3.102406551565506931e-01
3.125003704174901809e-01
3.079582788759306911e-01
3.025239431976643467e-01
2.938968831150073902e-01
2.824618860160564293e-01
2.687420502574139891e-01
2.528580518444138447e-01
2.357644369238213744e-01
2.261238276730749841e-01
2.234694712396770866e-01
2.206115126912883417e-01
2.175494750672387345e-01
2.142859987756652040e-01
2.109072475594676588e-01
2.074335074763806741e-01
2.037750849058926339e-01
1.999451680147045773e-01
1.959592912790453501e-01
1.918350429510554123e-01
1.875917404567032376e-01
1.838489093945322173e-01
1.827398989266129370e-01
1.809839850576504539e-01
1.783723837183476546e-01
1.750441890738966000e-01
1.712287972334764763e-01
1.692117481523550682e-01
1.722743298475219453e-01
1.740020904848475491e-01
1.742314938864142349e-01
1.729697784411362016e-01
1.729364614148792001e-01
1.730396126913480992e-01
1.714969977212693897e-01
1.685029511793484647e-01
1.639449542665859794e-01
1.663629519256236700e-01
1.699132852064731414e-01
1.724369947739665954e-01
1.740309667814309291e-01
1.748215252857558411e-01
1.746512583109074146e-01
1.735993039684943784e-01
1.719655924762495680e-01
1.695479413622695275e-01
1.664185389315817332e-01
1.628675266060922722e-01
1.587715630410151957e-01
1.541599442323386693e-01
1.491849297917739459e-01
1.439289280427831219e-01
1.383192338004212985e-01
1.324073906302093706e-01
1.263176992953618794e-01
1.212900670709074896e-01
1.203635950006471528e-01
1.192053049381310431e-01
1.178155372516517807e-01
1.162861653268919410e-01
1.145882267842217028e-01
1.126686993018615468e-01
1.106226517605734261e-01
1.090963721746602277e-01
1.095573728905229055e-01
1.105110104027522688e-01
1.110424321887958088e-01
1.113009227813318847e-01
1.111527100146655345e-01
1.105827714302882459e-01
1.096799014889326684e-01
1.084506013057451174e-01
1.068222778836518949e-01
1.048100689098512422e-01
1.025825788803957223e-01
1.000026939159288503e-01
9.709368917755346884e-02
9.389850617812513234e-02
9.053414023751936435e-02
8.897291848378192924e-02
8.728180435008377203e-02
8.808664548200403899e-02
9.055720177277976068e-02
9.253651694869216571e-02
9.401572917043116151e-02
9.508415184206628346e-02
9.569933412933087635e-02
9.582596653637319439e-02
9.559037362579157759e-02
9.492077664817104299e-02
9.383014040218243257e-02
9.328238774588103188e-02
9.326567409515043594e-02
9.291691742450326752e-02
9.225290906746676234e-02
9.138755051273027286e-02
9.025096046086954205e-02
8.885524395038889300e-02
8.832431800939007094e-02
8.756659521316585704e-02
8.734770212374225185e-02
8.701430255479704334e-02
8.622763132191156588e-02
8.501302204316220357e-02
8.347257033170644991e-02
8.155485012371872788e-02
7.936179319341361837e-02
7.849904229235588060e-02
7.772914211643429383e-02
7.691437897458237860e-02
7.606014069381482334e-02
7.517264854710506428e-02
7.428734970168454632e-02
7.337571737639854430e-02
7.244238056778605495e-02
7.149173388253832195e-02
7.052792670414353982e-02
6.955485513527735753e-02
6.870700179953755093e-02
6.894494105411386187e-02
6.907901533705998465e-02
6.911624235333586885e-02
6.906363036201332295e-02
6.892810850692655811e-02
6.871646565927864991e-02
6.843529760092920133e-02
6.809096227564195858e-02
6.768954276529320913e-02
6.723681758401364728e-02
6.675857545587714215e-02
6.624828009398109341e-02
6.570061528741098777e-02
6.512000808886739267e-02
6.451053057507213917e-02
6.387590242080144753e-02
6.321949728939021962e-02
6.254435252749289409e-02
6.185318167136897444e-02
6.114838929619850066e-02
6.043208776326063764e-02
5.970611544817439054e-02
5.897205606922785448e-02
5.823125875579102800e-02
5.748588347275550986e-02
5.675133196186370188e-02
5.601212339435814036e-02
5.526891100583435773e-02
5.452221212557962354e-02
5.377242700289872057e-02
5.301985682381001735e-02
5.226472079572516000e-02
5.150717220827220194e-02
5.074731339610498437e-02
4.998520955112417674e-02
4.922090135270919958e-02
4.845441639863291156e-02
4.768577943514389073e-02
4.691502139998762755e-02
4.614218730164063031e-02
4.536734296815798234e-02
4.459058071003491053e-02
4.381202394408552359e-02
4.303183083632843714e-02
4.225019702151608381e-02
4.146735746476826190e-02
4.068358752643223136e-02
3.989920330316396035e-02
3.911456130557131039e-02
3.833005754441463214e-02
3.759170432568098574e-02
3.734792430714194145e-02
3.704758506382004740e-02
3.669689867919297827e-02
3.685106719694972860e-02
3.728065306050790118e-02
3.766528728142008037e-02
3.800371732197374564e-02
3.829489825342875797e-02
3.853799613377390659e-02
3.874740230653866274e-02
3.890929297634180412e-02
3.902198368773882736e-02
3.908542628127303215e-02
3.909978179093048095e-02
3.906541613734185875e-02
3.898289461358908636e-02
3.885297523567483174e-02
3.868251693719292755e-02
3.847748501772745022e-02
3.822805161532546320e-02
3.793561194876861331e-02
3.760170982868752537e-02
3.722802624137730443e-02
3.681636745520185106e-02
3.636865275607457232e-02
3.588690191189258805e-02
3.538581221621595746e-02
3.485540853242505288e-02
3.429684284959045454e-02
3.371239122611153355e-02
3.310437020470883424e-02
3.247512454829379336e-02
3.182701528862302842e-02
3.116240815612186799e-02
3.108823771054885360e-02
3.115910208051708014e-02
3.119903261711534995e-02
3.120901674828571032e-02
3.119906216440302207e-02
3.115984626059770807e-02
3.109210954055707105e-02
3.099666685791567511e-02
3.087440136647858976e-02
3.072625842351239117e-02
3.055323948125621483e-02
3.035639599995722943e-02
3.013682341403498000e-02
2.989565517704650954e-02
2.963405691609801232e-02
2.935322071568686325e-02
2.905435955621391703e-02
2.873870192413132893e-02
2.840828774251982075e-02
2.806981878156781726e-02
2.771790848625783205e-02
2.735379401167707322e-02
2.697870554186908298e-02
2.659386216983909007e-02
2.620046802459737381e-02
2.579970865107846650e-02
2.539274764431662459e-02
2.498072354009566592e-02
2.456474696108520289e-02
2.414589801440434128e-02
2.372522394262377085e-02
2.330373701995102492e-02
2.288241269034530304e-02
2.246218794196837634e-02
2.228567624854215640e-02
2.224027876929194833e-02
2.219524037320350779e-02
2.215053247035938047e-02
2.210612772087684058e-02
2.206199999981447654e-02
2.201812436319138325e-02
2.197447701383333299e-02
2.193103526833664954e-02
2.188777752347942709e-02
2.184468322438674198e-02
2.180173283227792788e-02
2.175890779301121666e-02
2.171619050642610571e-02
2.167356429560412731e-02
2.163101337764841703e-02
2.158852283404733355e-02
2.154607858214593191e-02
2.150366734729209847e-02
2.146127663507729419e-02
2.141889470483797353e-02
2.137651054282824897e-02
2.133411383716848561e-02
2.129169495220333691e-02
2.124924490428557050e-02
2.120675533763786980e-02
2.116421850114969319e-02
2.112162722557158964e-02
