5.959319514408173424e-01
5.949365562739754587e-01
5.994706863265856223e-01
6.000422617732654729e-01
6.016538861614032507e-01
6.043007593806217770e-01
6.106607515671095276e-01
6.168455162080901388e-01
6.264849803612742019e-01
6.722337811425920240e-01
6.989103077941786202e-01
7.455576838649317084e-01
7.979271207715930014e-01
8.690208191087588352e-01
9.679083464385422886e-01
1.029998806746796003e+00
1.030239242866263005e+00
1.129297317212834662e+00
1.031883649683040360e+00
1.401257758343591453e+00
1.384782603233551734e+00
1.585536410847637523e+00
1.693961500991880920e+00
1.679323268442334038e+00
1.581946908855734968e+00
1.857490570524632290e+00
1.695007091268816213e+00
1.729011262894007528e+00
1.771976427131536358e+00
1.854661943633262089e+00
1.909090103176610764e+00
1.310806490845247918e+00
9.842718765145608284e-01
9.476204816619872018e-01
9.411057862150135067e-01
9.560187513672134818e-01
9.647958099567085499e-01
1.110687929643320970e+00
1.191116753974257314e+00
1.073343053853855089e+00
1.049253645985759986e+00
1.110346948782454213e+00
1.262297364587177118e+00
1.489328637460918481e+00
1.714073427960924878e+00
2.125367782018921403e+00
2.112768863521818474e+00
1.767986135915979196e+00
1.822162265169930517e+00
1.873801840589458978e+00
1.800489515476248581e+00
1.965096306211461030e+00
1.958354099461096398e+00
1.886103912521726489e+00
1.970159831505424730e+00
2.049678279098240186e+00
2.248624251740012348e+00
2.483641822379712316e+00
2.566906880128557500e+00
2.487138983932226655e+00
2.635673449219720244e+00
3.075681418304859083e+00
3.096150849209041933e+00
2.795497120555940906e+00
2.550791012719409778e+00
2.712022296610230754e+00
3.099224563514701547e+00
3.297553440338333086e+00
3.060526861933360987e+00
3.233171648072821203e+00
3.455614972874866186e+00
3.556413364553777878e+00
3.500099983203362353e+00
3.281193264872371618e+00
2.916921334488178807e+00
3.138259303475471995e+00
3.199381885133398384e+00
3.042996768016158704e+00
2.815144893198875842e+00
2.712970070004712575e+00
2.711314687641125598e+00
2.852199687234509007e+00
2.983785151355326182e+00
3.042793162602463131e+00
2.966632587557588518e+00
2.745409968367434228e+00
2.498222254240253015e+00
2.167847210042794348e+00
1.807016213311545716e+00
1.480484251826560627e+00
1.213972929806218515e+00
1.103625789743554853e+00
1.003196678706052225e+00
9.105241642160957216e-01
8.348800130603902803e-01
7.780924293391165980e-01
7.402941157357255664e-01
7.175731341900903892e-01
7.186909564260778316e-01
7.422484613895270478e-01
7.755385289565456253e-01
8.066290938591713644e-01
8.229957042149217417e-01
8.149923156145499892e-01
7.778815780611114672e-01
7.478948063655818101e-01
7.204915882378778447e-01
7.134674359234433050e-01
7.237228869812364351e-01
7.248470258979751168e-01
7.161302225942858257e-01
6.981003145473204663e-01
6.715349202231941650e-01
6.367214830915093327e-01
5.948104120627761837e-01
5.906211210493703678e-01
5.951716679922867126e-01
6.069246359091753362e-01
6.049669038564584600e-01
6.197771154009967809e-01
6.151107957326608089e-01
5.926537019297808406e-01
5.565930009838898629e-01
5.103648498060586736e-01
4.726388066541488686e-01
4.535861251686961193e-01
4.262869720034656584e-01
3.945237664575366177e-01
3.809103209514997368e-01
3.699356716775052956e-01
3.579167976228271875e-01
3.456163821273492975e-01
3.325353927837833568e-01
3.194245523627972649e-01
3.057724889682928993e-01
2.921954690121785769e-01
2.795504079388256291e-01
2.816812031607723310e-01
2.890601796246130006e-01
2.945706212651425515e-01
2.968288857881163367e-01
2.953209803663949251e-01
2.900359666589805152e-01
2.806381908027855698e-01
2.679095438050064781e-01
2.518184005201776765e-01
2.335179726275712075e-01
2.256748232232271001e-01
2.195262170721795636e-01
2.135015112774916179e-01
2.114064051724156568e-01
2.098723394880018245e-01
2.069135031285264936e-01
2.026588633141898910e-01
1.972320219315362999e-01
1.996541559694304802e-01
2.050691145950446215e-01
2.091825240491566595e-01
2.122462064391075764e-01
2.141558625871281540e-01
2.148990975850604002e-01
2.147713510414938909e-01
2.135227524901416318e-01
2.115111021387086898e-01
2.086468039698510246e-01
2.049658664257034413e-01
2.008169321623591297e-01
1.959992619806443515e-01
1.987738429210805791e-01
2.047138899881767171e-01
2.092227984503536309e-01
2.122020960171721038e-01
2.140193963167544844e-01
2.144196916540045961e-01
2.135642135365210248e-01
2.117302330915297737e-01
2.087799435581351726e-01
2.049612632453153560e-01
2.005024259249973406e-01
1.953450262943798865e-01
1.896377674444711114e-01
1.836757505645062460e-01
1.774710863748272249e-01
1.710864994670461270e-01
1.646325652717088583e-01
1.582059724051231298e-01
1.518889430604866975e-01
1.457743197907661603e-01
1.399214786557862189e-01
1.343235701702011897e-01
1.290106203996679579e-01
1.240012476983360784e-01
1.193039264715830688e-01
1.162897309452684130e-01
1.151463778878410033e-01
1.139331490891919846e-01
1.126615744191572649e-01
1.113642283499418212e-01
1.100686700283512731e-01
1.087975381513154594e-01
1.075863906838855771e-01
1.064565456909600527e-01
1.053879547925441057e-01
1.043869756134540167e-01
1.034566055786904359e-01
1.025968965835677704e-01
1.018053741142849050e-01
1.010774505922109323e-01
1.004068245673211540e-01
9.978585912456834628e-02
9.920801255123085083e-02
9.869303214181725237e-02
9.820068816438604076e-02
9.772134355953336626e-02
9.724542506208683212e-02
9.676362026909979264e-02
9.626704311654912805e-02
9.574736921637039266e-02
9.519694289681542021e-02
9.461869436907913156e-02
9.402879455443725887e-02
9.339008511139104685e-02
9.269801776870063847e-02
9.194889515479638675e-02
9.113986032110343860e-02
9.026887398635907722e-02
8.933987810433142995e-02
8.838536545107326947e-02
8.736642126663908547e-02
8.628372926320655723e-02
8.513857044009158492e-02
8.393276686174330758e-02
8.266862433892097073e-02
8.134960826890637320e-02
8.001510949640305848e-02
7.862980695145047050e-02
7.719730659062550016e-02
7.572143675195154577e-02
7.420620004061739827e-02
7.265572817897070212e-02
7.107424001114903689e-02
6.946600277732223327e-02
6.784118203014315174e-02
6.621626060201146746e-02
6.457535225632729525e-02
6.292261536931462174e-02
6.288536882049337862e-02
6.338895370358600678e-02
6.381625192188795925e-02
6.416713082636490983e-02
6.444182970481165951e-02
6.464093494409839380e-02
6.476535468875371793e-02
6.484211434136055718e-02
6.485250566248619564e-02
6.479226163389578685e-02
6.466322637303860421e-02
6.446744766728230991e-02
6.420715351070391264e-02
6.388472944450394875e-02
6.350269678701622733e-02
6.306369182522006400e-02
6.259342561631529855e-02
6.207646693973559865e-02
6.150997268811056462e-02
6.089681383442029777e-02
6.023989386335280860e-02
5.954213408792603801e-02
5.880646001804377271e-02
5.803578876260499786e-02
5.723301743806764180e-02
5.640101255938585051e-02
5.554284931787657059e-02
5.468007891451684421e-02
5.379526804913196264e-02
5.289108061792131832e-02
5.197011361605916036e-02
5.103489141417981434e-02
5.008786076420510686e-02
4.961229736000060536e-02
4.932766335112371420e-02
4.903898177985989426e-02
4.874648534330663224e-02
4.845040353217754808e-02
4.815096243497890560e-02
4.784838456427794456e-02
4.754288870379053816e-02
4.723468977389263385e-02
4.692399871343808093e-02
4.661102237692502787e-02
4.629596344517258183e-02
4.598076138764303766e-02
4.566794912886926183e-02
4.535346285272009309e-02
4.503748982064179757e-02
4.472021294024691035e-02
4.440181072748227570e-02
4.408245727585262397e-02
4.376232223324068304e-02
4.344157078483602136e-02
4.312036364287374218e-02
4.279885704168076566e-02
4.247720273843216127e-02
4.215554801897031245e-02
4.183403570844720920e-02
4.151280418694773544e-02
4.119198740866181901e-02
4.087171492634696784e-02
4.055211191864379477e-02
4.023329922212367377e-02
3.991539336600390120e-02
3.959850661132338634e-02
3.928274699249256763e-02
3.906447591312853240e-02
3.886550892014532105e-02
3.865403094189898137e-02
3.843069794222987029e-02
3.819615935469421880e-02
3.795105679822997902e-02
3.769602289729534483e-02
3.743168020400840235e-02
3.715864021756671437e-02
3.687750249820776621e-02
3.658885387155639407e-02
3.629326772015465524e-02
3.599497230399321263e-02
3.569320520308904426e-02
3.538589915682198439e-02
3.507357059686520145e-02
3.475672049022696802e-02
3.443583404399497977e-02
3.411138047229672621e-02
3.378381282181944917e-02
3.345356785177207304e-02
3.312106596610536052e-02
3.278671119307476067e-02
3.245089121034876872e-02
3.211397741184743304e-02
3.177632501262048215e-02
3.148140165995652606e-02
3.122683741848020222e-02
3.097490365842205107e-02
3.072561339669215366e-02
3.047897752181317685e-02
3.023500486757331462e-02
2.999370228694500998e-02
2.975507472372950629e-02
2.951912528485615278e-02
2.928585531043348053e-02
2.905526444388682045e-02
2.882735069992825236e-02
2.860211053252376817e-02
2.837953890089925033e-02
2.815962933483512690e-02
2.794237399841218925e-02
2.772776375269213681e-02
2.751578821723495508e-02
2.730643582964821861e-02
2.709969390475214235e-02
2.689554869158404873e-02
2.669398542941864641e-02
2.649498840249777873e-02
2.629854099275967527e-02
2.610462573200212841e-02
2.591322435200728302e-02
2.572431783350427603e-02
2.553788645365317328e-02
2.535390983214993316e-02
2.517236697604501028e-02
2.499323632278568214e-02
2.481649578257640390e-02
2.464212277835455336e-02
2.447009428558013719e-02
2.430038686947389934e-02
2.413297672204672492e-02
2.396783969715815532e-02
2.380495134404292390e-02
2.364428694056797120e-02
2.348582152404705969e-02
2.332952992183037755e-02
2.317538677991916318e-02
2.302336659087160509e-02
2.287344372026921951e-02
2.272559243240670004e-02
2.257978691433484147e-02
2.243600129922598829e-02
2.229420968881916029e-02
2.215438617398977905e-02
2.201650485544283734e-02
2.188053986264970954e-02
2.174646537196089219e-02
2.161425562401647973e-02
2.148388494021732237e-02
2.135532773788052091e-02
2.122855854516688193e-02
2.110355201480171999e-02
2.098028293699573041e-02
2.085872625197299560e-02
2.073885706113677563e-02
2.062065063796290204e-02
