7.368751722864156362e-01
7.364511408460097108e-01
7.407210554723526741e-01
7.429142937068156094e-01
7.466112778921295545e-01
7.549103481848454811e-01
7.652840913290542835e-01
7.798496853103806803e-01
8.081501675827494902e-01
8.841134250452897803e-01
9.290137748156679365e-01
1.184194579913128820e+00
9.572433086614982045e-01
9.576729879809746659e-01
1.076963760981075824e+00
1.197886765795546982e+00
1.677053511552853760e+00
1.703743211755267772e+00
1.350868444519337519e+00
1.870788879709410768e+00
2.072518064097895518e+00
1.862876854959726991e+00
2.070012049781753571e+00
1.890814569341467077e+00
2.054096163194221614e+00
1.837128776044846701e+00
2.339249570854987859e+00
2.064489465324869322e+00
2.218508977614586541e+00
1.920032109575173118e+00
2.245678877665111539e+00
1.918945649118200647e+00
2.078461175533961924e+00
2.100255599565450826e+00
1.685506147300447788e+00
1.513231276502782885e+00
1.603936649138976822e+00
1.499458821488711679e+00
1.425551279127836857e+00
1.581639870637083334e+00
1.833060672241641376e+00
1.963025885347293054e+00
2.335293768924092905e+00
2.057457492392812171e+00
2.081799971208400546e+00
2.298896704827109616e+00
2.316967943213627201e+00
2.248599131521606065e+00
2.100326070093492703e+00
2.376804173852455904e+00
2.645632455336529798e+00
2.958226333597466340e+00
3.225412976072764337e+00
2.859617033367978234e+00
3.039495815966374082e+00
3.401457606823479196e+00
3.651807050950722111e+00
3.689191457855016232e+00
3.518155462477014606e+00
4.175455888880490463e+00
4.565986648499647416e+00
4.886547702446995878e+00
4.903442795523300646e+00
4.754520505778913275e+00
4.438413764576211840e+00
4.115356830676416777e+00
3.651879521053261968e+00
3.288222152789875175e+00
3.461723322753689658e+00
3.753988429787011860e+00
3.947086098317906799e+00
4.042108800500600729e+00
4.061468503962036181e+00
3.873570074150765041e+00
3.721068334579311188e+00
3.988568872768016416e+00
4.129019208700308141e+00
4.127465361928405407e+00
4.224913681824394196e+00
4.365117772505438865e+00
4.553725693995381185e+00
4.494320250274575379e+00
4.995925638284528958e+00
4.835373901371168515e+00
4.195893544451663182e+00
3.481559947991451853e+00
3.572842480736048820e+00
3.817828335997368594e+00
4.056895119472479827e+00
4.229710160299444688e+00
4.300621745356071557e+00
4.264627696039515747e+00
4.155841210093320193e+00
4.036638332385189543e+00
3.822840346498434627e+00
3.532514105792826431e+00
3.271926665238897858e+00
3.002102335563058055e+00
2.705597576148070615e+00
2.437991566763212159e+00
2.200217510357555639e+00
2.004179800234003661e+00
1.831191062415589821e+00
1.684205338464198398e+00
1.542508529751170476e+00
1.408758334385870059e+00
1.284816690695354868e+00
1.174325086658260631e+00
1.077300023426045916e+00
9.939874124469256778e-01
9.240701292378137310e-01
8.664794867510142717e-01
8.196938264084665526e-01
7.819840689156246638e-01
7.516010601888027942e-01
7.270325424074945975e-01
7.067506451800694700e-01
6.893590157754736492e-01
6.738960722726631269e-01
6.596314165557632947e-01
6.501467177046320600e-01
6.333054084879939927e-01
6.218919365513128072e-01
6.075515583640527240e-01
5.944931694874595607e-01
5.812262138380306364e-01
5.677199604485598794e-01
5.544512461232815603e-01
5.409114420627364472e-01
5.270723136686147337e-01
5.129189039014624418e-01
4.984490114554961382e-01
4.841155154185520781e-01
4.774411353113539591e-01
4.722639326845821661e-01
4.668885262705167460e-01
4.612491431975584977e-01
4.552860153878188765e-01
4.489472353642240954e-01
4.425421166105538706e-01
4.357398004572541894e-01
4.284588044640976756e-01
4.206875019494460965e-01
4.124261744463272872e-01
4.038237428285389452e-01
3.950056572072578320e-01
3.857415401044008152e-01
3.760704663489277122e-01
3.660391666444839931e-01
3.557005973732209614e-01
3.452640673348574829e-01
3.507464091480222423e-01
3.630383114594221694e-01
3.793185481216820865e-01
3.922572966382724124e-01
4.006681213951544529e-01
4.041040060828117730e-01
4.023537541744661716e-01
3.954336871559255284e-01
3.837984392246721610e-01
3.805005307377765655e-01
3.855362716279668867e-01
3.876914053100486424e-01
3.870404108756865802e-01
3.837720696938936582e-01
3.781275983424882137e-01
3.703922132931617983e-01
3.608787656954580148e-01
3.499099717413415855e-01
3.378025704094941295e-01
3.248489927870445992e-01
3.113088723861418550e-01
2.975481803305318751e-01
2.836234867402431803e-01
2.696692206042176632e-01
2.611905677911903201e-01
2.532450359114207239e-01
2.449327340024160526e-01
2.363946624008704811e-01
2.339519914688290292e-01
2.311843909203382119e-01
2.283512326823277649e-01
2.253394742273372442e-01
2.223916430076993411e-01
2.194838949283849372e-01
2.165775358359588176e-01
2.137608449049593629e-01
2.111043088512030153e-01
2.084673839802678730e-01
2.058341803060113884e-01
2.032466284525219491e-01
2.007149326667675981e-01
2.009450155505964897e-01
2.005596492025519817e-01
1.980666946714076948e-01
1.934570445094248303e-01
1.868297143069668209e-01
1.858905711551804008e-01
1.853118871841666904e-01
1.831960897777169250e-01
1.795824455092252525e-01
1.746146462122507015e-01
1.683561018545001453e-01
1.615801833159276057e-01
1.616300707586857954e-01
1.599943350359247507e-01
1.567766901409747560e-01
1.520770305257244936e-01
1.462126313449616244e-01
1.393413210121266510e-01
1.317267814254305947e-01
1.269685878002249912e-01
1.220190457365142728e-01
1.169030924825959217e-01
1.144238707817131911e-01
1.118396068221427786e-01
1.088290076011299290e-01
1.071536607416527370e-01
1.064578660754854911e-01
1.057399872271629071e-01
1.050014028378385839e-01
1.042435268431404632e-01
1.034677944234799057e-01
1.028972792087149840e-01
1.031190802206705254e-01
1.032857107298458116e-01
1.033963861130279410e-01
1.034507852906175890e-01
1.034490077073977471e-01
1.033915309594600762e-01
1.032791694878278238e-01
1.031413229205077192e-01
1.029538449767883335e-01
1.027152041283638517e-01
1.024270943814190316e-01
1.020913747211009276e-01
1.017100390419843625e-01
1.012851883082687143e-01
1.008190049491629880e-01
1.003137294736548835e-01
9.977163926176796371e-02
9.919502946865003945e-02
9.858619596556839060e-02
9.794742022600561038e-02
9.728095605933180512e-02
9.658901808370085051e-02
9.587377182870225611e-02
9.514227989021269150e-02
9.441000651345497763e-02
9.365962162048539763e-02
9.289303176849030008e-02
9.211206810913083465e-02
9.131848359433114570e-02
9.051395106502266308e-02
8.970006213202837142e-02
8.887832675536971871e-02
8.805017344172198779e-02
8.721694997694678930e-02
8.637992462229387991e-02
8.554028770671602555e-02
8.469915355041192362e-02
8.385756266469435172e-02
8.301648417489308762e-02
8.217681841902897688e-02
8.133939968010271693e-02
8.050499901313813711e-02
7.967432713634042818e-02
7.884803735132031588e-02
7.802672847141182977e-02
7.721094773190113891e-02
7.640119366495581876e-02
7.559791892138306713e-02
7.480153302545254623e-02
7.401240505140353754e-02
7.323641623636516218e-02
7.247043994323412730e-02
7.171217639005636468e-02
7.096187583972632384e-02
7.021975947968704668e-02
6.948602149487299873e-02
6.876083103490826520e-02
6.804433407505626474e-02
6.733665517155908165e-02
6.663789911441395097e-02
6.594815247796001478e-02
6.526748507393156928e-02
6.459595130808297447e-02
6.393359144643945280e-02
6.328043279187182957e-02
6.263649077789011643e-02
6.200176998038783860e-02
6.137626505563206075e-02
6.075996160346976843e-02
6.015283696488796933e-02
5.955486095408060732e-02
5.896599653142019226e-02
5.838620042012562794e-02
5.781542367062889737e-02
5.725361217655535601e-02
5.670070714515257349e-02
5.615664552702900186e-02
5.562136040604585829e-02
5.509478135514517261e-02
5.457683475862751266e-02
5.406744410523532662e-02
5.356653025436999144e-02
5.307401167646472184e-02
5.258980467191529812e-02
5.211382356932559023e-02
5.164598090523921797e-02
5.118618758694658960e-02
5.073435304157597470e-02
5.029038535036780416e-02
4.985419137223115471e-02
4.942567685577684000e-02
4.900474654252234136e-02
4.859130426173257494e-02
4.818525301785336196e-02
4.778649507101525445e-02
4.739493201270726652e-02
4.701046483617832977e-02
4.663299400227596814e-02
4.626241950233676153e-02
4.589864091648804267e-02
4.554155747134045612e-02
4.519106809307090605e-02
4.484707146057986121e-02
4.450946605463323297e-02
4.417815020805993670e-02
4.385302215258420760e-02
4.353398006607173826e-02
4.322092211784172439e-02
4.291374651426332898e-02
4.261235154174394801e-02
4.231663561189368677e-02
4.202649730366497111e-02
4.174183540600441555e-02
4.146254896004648860e-02
4.118853730041320549e-02
4.091970009685862858e-02
4.065593739394671169e-02
4.039714965143498260e-02
4.014323778386372915e-02
3.989410319924689696e-02
3.964964783726172837e-02
3.940977420711313378e-02
3.917438542412081393e-02
3.894338524580418653e-02
3.871667810810140720e-02
3.849416915849663418e-02
3.827576429151578752e-02
3.806137017994907362e-02
3.785089430783583619e-02
3.764424500088086462e-02
3.744133145661893841e-02
3.724206377340513741e-02
3.704635297804799443e-02
3.685411105259346620e-02
3.666525096040994941e-02
3.647968667009571925e-02
3.629733317968068113e-02
3.611810653779364694e-02
3.594192386591773397e-02
3.576870337741699241e-02
3.559836439668715574e-02
3.543082737630896123e-02
3.526601391360023596e-02
3.510384676621043643e-02
3.494424986473376737e-02
3.478714832715094213e-02
3.463246846928571404e-02
3.448013781536946043e-02
3.433008510768125604e-02
3.418224031481423286e-02
3.403653463824342362e-02
3.389290051822588939e-02
3.384201510756971315e-02
3.381630633036627337e-02
3.378696034289777050e-02
3.375390603402508849e-02
3.371707888500566352e-02
3.367642113199017379e-02
3.363188189555244012e-02
3.358341728340729498e-02
3.353099046586362902e-02
3.347457172473932568e-02
3.341413847699382239e-02
3.334967527420593103e-02
3.328183611699025990e-02
3.321246509970263855e-02
3.313903280038888594e-02
3.306154966493414504e-02
3.298003298563182556e-02
3.289450678362751401e-02
3.280500167907704490e-02
3.271155474355570691e-02
3.261420934056936949e-02
3.251301495137599862e-02
3.240802699062517861e-02
3.229930661082676402e-02
