8.626093660692079057e-01
8.651190170276721325e-01
8.683333952294031155e-01
8.722400905971606777e-01
8.751282384033332029e-01
8.873919375323499059e-01
8.727842125088856040e-01
9.003835801885252677e-01
1.105094411843631663e+00
1.225302754606901301e+00
1.260790927144124884e+00
1.572680322021126065e+00
2.000768341346946144e+00
1.340068226452221456e+00
1.495854716221605374e+00
2.251707106635331357e+00
1.970364288402771447e+00
1.684825993339573502e+00
1.492428283866006788e+00
1.444591945419003265e+00
1.553865304779142420e+00
1.865848931874038996e+00
2.237638263872521627e+00
2.723365486395137314e+00
2.538091119070889690e+00
2.743895275428169800e+00
3.201932139424052970e+00
2.804458419163658789e+00
3.499778094613696933e+00
3.441732505677772558e+00
3.637801957298318900e+00
4.535386261703041377e+00
4.843927031646406256e+00
4.866969435421794721e+00
4.737839690740298870e+00
3.961250683077150558e+00
3.809091199626454927e+00
4.091770959472648350e+00
4.372409391001468748e+00
3.692212850303685290e+00
3.367150660955368746e+00
3.729130806663414788e+00
3.527791234978524759e+00
4.046261788821049699e+00
4.992014972211038959e+00
4.957289479922981634e+00
4.956556913569428957e+00
4.171768326310473896e+00
4.012725533016069157e+00
3.229240624496080514e+00
4.159905105208136611e+00
4.668262260515765760e+00
5.270653851254502698e+00
5.317991663963575810e+00
4.493890143529510439e+00
3.325470010231406981e+00
2.349945251263380275e+00
1.738237653210021882e+00
1.513357455482275071e+00
1.355532330726386681e+00
1.173707256679694222e+00
1.060011198426836776e+00
1.010774546547161590e+00
1.009650534476172590e+00
1.043197371244501293e+00
1.023767131771815553e+00
9.098295146892637630e-01
8.112102364672827415e-01
8.796311761790457373e-01
9.218642739501019534e-01
9.254969877262325673e-01
8.815905410420207255e-01
8.316975706787094191e-01
7.631168765153323319e-01
7.524784322617102950e-01
6.712220089011035062e-01
6.329932648648949334e-01
6.187085411343632435e-01
5.961541233538896201e-01
5.681342002725675577e-01
5.357993834393950383e-01
5.003544355296513091e-01
4.648335472029568871e-01
4.289829570204408693e-01
4.249938748298595081e-01
4.734847882274714759e-01
5.117268992527446159e-01
5.274968500823191686e-01
5.234663324471773294e-01
4.852416117452141853e-01
4.781679000037218907e-01
4.615403802752539031e-01
4.376734816915778814e-01
4.190548906643808413e-01
3.982112643373341143e-01
3.751913132409298024e-01
3.603404340647084481e-01
3.436993554919819394e-01
3.267451726496786724e-01
3.085130149584540682e-01
2.942167168906230090e-01
2.954416651287846696e-01
2.947393470805353966e-01
2.921719956870927892e-01
2.885180655128802840e-01
2.833343447313830255e-01
2.766518999392640898e-01
2.686755670555303066e-01
2.596334220058653663e-01
2.497673118979155671e-01
2.397638426483622576e-01
2.293397275378160904e-01
2.187260377011286672e-01
2.081429954890336165e-01
1.977910587713845314e-01
1.878471570265394242e-01
1.784620592117631965e-01
1.706993862836174991e-01
1.721240728792815533e-01
1.737928552341133637e-01
1.750323243958092356e-01
1.755591999705365669e-01
1.815652783205890797e-01
1.874891220651502544e-01
1.916063010104809283e-01
1.931738862522934808e-01
1.921162975065855427e-01
1.889234423967746657e-01
1.834816323160766427e-01
1.767023289490645965e-01
1.690239938538344588e-01
1.609803704182928563e-01
1.560243352323304189e-01
1.520165893439036631e-01
1.480640474488204572e-01
1.447717202709850604e-01
1.423506522537314745e-01
1.408122449808555665e-01
1.400639892609477355e-01
1.398599279715304067e-01
1.398522318474710313e-01
1.397854479874596212e-01
1.392950458878442765e-01
1.379177666755683762e-01
1.355131193595862926e-01
1.320528575759244150e-01
1.300806800159673982e-01
1.285395646069314168e-01
1.268389004771442730e-01
1.249999505874276051e-01
1.230444209870640987e-01
1.209939244185571083e-01
1.188695254376370691e-01
1.166913658982406954e-01
1.144783676018408525e-01
1.122480073201563150e-01
1.100161582418777845e-01
1.077969911200549330e-01
1.056029279543070909e-01
1.034446408888796548e-01
1.013310890885013721e-01
9.926958661906871983e-02
9.821431627974100409e-02
9.978240627314186040e-02
1.011218019337176144e-01
1.022366542573864001e-01
1.032031090326350070e-01
1.039805543583256775e-01
1.045624391635473771e-01
1.049605799171632048e-01
1.051872828129147980e-01
1.052548673121122408e-01
1.051752987012075508e-01
1.049599211525444747e-01
1.046192803750510131e-01
1.041630235134045068e-01
1.035998633544824438e-01
1.029375939779008792e-01
1.021831455824407098e-01
1.013941859108080101e-01
1.005473749199975592e-01
9.962220795376937332e-02
9.862312363204818466e-02
9.755420898460458179e-02
9.641929830513859545e-02
9.522206148254228064e-02
9.396607962094567779e-02
9.265490674682626271e-02
9.129211723248784049e-02
8.988133924213138892e-02
8.842627503566100056e-02
8.693070935520534614e-02
8.539850738537983765e-02
8.383360393500098595e-02
8.228227722153436119e-02
8.070794625654001408e-02
7.911018824720396359e-02
7.818346870696497863e-02
7.940624621264356919e-02
8.033978441619381294e-02
8.098272631876130001e-02
8.140575606564151578e-02
8.158849883296237504e-02
8.149166936262315641e-02
8.258728332912208814e-02
8.369279111683626537e-02
8.461669811805051789e-02
8.535977255297645672e-02
8.592401648852462936e-02
8.631253189399895609e-02
8.658829279515387056e-02
8.671691110655160850e-02
8.668316203775142115e-02
8.649294818991404288e-02
8.615267961161091059e-02
8.566916859403399254e-02
8.507212173306677450e-02
8.439605586381447588e-02
8.359616798327168530e-02
8.267987878935714741e-02
8.165464729752627826e-02
8.052791901226444282e-02
7.930708221141384573e-02
7.802325671557470976e-02
7.669369491324061483e-02
7.528848313928630798e-02
7.381446961019032249e-02
7.227833648598447347e-02
7.068658876819278181e-02
6.904554643116392332e-02
6.736133916118272613e-02
6.564609676576434183e-02
6.393152901044284186e-02
6.218812314658932194e-02
6.042128237214803438e-02
5.890547767973948468e-02
5.839042635889785116e-02
5.782797592731478420e-02
5.722069483409199936e-02
5.657113452754868044e-02
5.589126156279264346e-02
5.519683508045247766e-02
5.446632161122676175e-02
5.370219860330407297e-02
5.290692671250780271e-02
5.217149613798890279e-02
5.225090959836274640e-02
5.229862920152648226e-02
5.231528755255893115e-02
5.230154812488457122e-02
5.225810565597092255e-02
5.218568625559751040e-02
5.208504721753268174e-02
5.195697653466294780e-02
5.180229211856998001e-02
5.162184073429287173e-02
5.141649666289227483e-02
5.118716011013864364e-02
5.093475537986025259e-02
5.066022883662819193e-02
5.036454668097723603e-02
5.004952638331248288e-02
4.973046899764647227e-02
4.939273138424955106e-02
4.903732735985803781e-02
4.866527892139365513e-02
4.827761342396538757e-02
4.787536074632763733e-02
4.745955046837092850e-02
4.703120908003120826e-02
4.659135724283808982e-02
4.614100712189254244e-02
4.568115980457056191e-02
4.521280282108048471e-02
4.473690777853166906e-02
4.425442812173448204e-02
4.376629702776031056e-02
4.327342544405082814e-02
4.277670027470696634e-02
4.227698272045574135e-02
4.177510677430249647e-02
4.127187787597966229e-02
4.076807172437495880e-02
4.026443324802914808e-02
3.976167573145737710e-02
3.926048009413094647e-02
3.876149432015348756e-02
3.826533303142672093e-02
3.777257720236946309e-02
3.728844101581785253e-02
3.680865930404190328e-02
3.633347145571901721e-02
3.586333771850615248e-02
3.539868515341518251e-02
3.493990801567042892e-02
3.448736823155144904e-02
3.404139596186776112e-02
3.360229024794969543e-02
3.317031972901934855e-02
3.274572342661027924e-02
3.232871158838196424e-02
3.191946658222869632e-02
3.151814383726773278e-02
3.112487282267204641e-02
3.073975805901971517e-02
3.036288015605559387e-02
2.999429687141280665e-02
2.963404418427759146e-02
2.928213737872859337e-02
2.893857213355667188e-02
2.860332561174419586e-02
2.827635754674513030e-02
2.795761132162411997e-02
2.764701503723774115e-02
2.734448256614196299e-02
2.704991458894964035e-02
2.676319961111494478e-02
2.648421495731401176e-02
2.621282774102805940e-02
2.594889580815499044e-02
2.569226865154101980e-02
2.544278829735426711e-02
2.520029015946113199e-02
2.496460386293505862e-02
2.473555403432551106e-02
2.451296105964193700e-02
2.429664180788455169e-02
2.408641032155787315e-02
2.388207847278723400e-02
2.368345658574705012e-02
2.349035402512402240e-02
2.330257975151685257e-02
2.311994284324896468e-02
2.294225298619316511e-02
2.276932093097654500e-02
2.260095891916773583e-02
2.243698107866896191e-02
2.227720378914039429e-02
2.212144601864031446e-02
2.196952963170108880e-02
2.182127967021918469e-02
2.167652460825030686e-02
2.153509658116131362e-02
2.139683159033534121e-02
2.126156968470739594e-02
2.112915511961238960e-02
2.099943649470235180e-02
2.087226687099585920e-02
2.074750386855534270e-02
2.062500974642813081e-02
2.050465146459515622e-02
2.038630072934319304e-02
2.026983402402349546e-02
2.015513262455690541e-02
2.004208260123281973e-02
1.993057480870054007e-02
1.982050486315643095e-02
1.971177310897884866e-02
1.960428457544795625e-02
1.949794892342403968e-02
1.939268038386690943e-02
1.928839768874541019e-02
1.918502399396517302e-02
1.908248679682776269e-02
1.898071784668031378e-02
1.887965305122424678e-02
1.877923237757751426e-02
1.867939974954294438e-02
1.858010294161794446e-02
1.848129346949698923e-02
1.838292647849256237e-02
1.828496062967890912e-02
1.818735798451780183e-02
1.809008388804559872e-02
1.799310685176565630e-02
1.789639843519979373e-02
1.779993312819148563e-02
1.770368823276314077e-02
1.760764374552097750e-02
1.751178224084443472e-02
1.741608875542461840e-02
1.732055067276688440e-02
1.722515761071326604e-02
1.712990130939694502e-02
1.703477552095241515e-02
1.693977590201978245e-02
1.684489990747118499e-02
1.675014668619840413e-02
1.665551698019480595e-02
1.656101302475775430e-02
1.646663845208718585e-02
1.637239819688686773e-02
1.627829840479871198e-02
1.618434634351119047e-02
1.609055031638048638e-02
1.599691957866812564e-02
1.590346425702346758e-02
1.581019527119312609e-02
1.571712425874863608e-02
1.562426350246274437e-02
