1.089776665232288222e+00
1.088705122121922830e+00
1.094864556182337578e+00
1.094342107428730504e+00
1.091554509338979351e+00
1.094600299745452254e+00
1.101947822236624130e+00
1.102743105047927941e+00
1.104821720890291514e+00
1.104841616262294046e+00
1.114452540629810695e+00
1.243146855918122684e+00
1.429914720362867264e+00
1.411662302473445374e+00
1.534052284723051329e+00
1.538935279325840844e+00
2.048142968966658817e+00
2.323775588861636265e+00
2.668882512347900526e+00
2.597505364484694379e+00
2.486314082349665444e+00
2.057933284346259217e+00
1.962361234226926987e+00
2.329113623419438728e+00
2.470136604966354010e+00
2.341140979310065706e+00
2.276993381515257209e+00
2.269020160970710354e+00
1.913033590869366085e+00
2.406104387672324929e+00
3.240530002848621915e+00
3.441270875941888185e+00
3.650350451433379995e+00
3.589182933663328523e+00
3.623906020115919446e+00
3.466517647844806316e+00
3.360262652311114095e+00
3.546622973420402225e+00
3.690951990762697310e+00
4.193330689352249507e+00
4.696316487602289591e+00
5.447610261258089892e+00
5.059898426130196469e+00
4.852183797003603694e+00
5.250589883602990504e+00
5.145485192106744599e+00
4.917667357803636285e+00
5.179299675938903391e+00
6.454785436134260479e+00
7.753067632067794257e+00
7.843465586521267241e+00
6.659839647111572170e+00
5.891464411288298564e+00
6.213226264356004336e+00
6.394528965562074063e+00
6.389418931654239131e+00
6.382291340593770457e+00
6.234662012186517721e+00
6.695763744259382477e+00
5.914920763015944161e+00
5.902372541104256243e+00
6.370072239125374125e+00
7.194454965073717290e+00
7.672131085421035834e+00
7.557951779179269636e+00
6.748722386415587415e+00
6.710241710301954932e+00
6.379280815902264479e+00
5.794047544003668726e+00
6.063918396747689066e+00
6.327881052309048293e+00
6.539564110699273236e+00
6.695213850214112306e+00
6.770224835523962703e+00
6.837442369139836273e+00
6.798771447387482958e+00
7.089352952089078563e+00
8.406844906581442345e+00
8.850594192593215226e+00
8.602611437759721369e+00
7.705217426293809346e+00
6.590985592855824748e+00
5.467575243884301273e+00
4.400582424095945022e+00
3.746162184626789848e+00
3.347687622642903094e+00
3.010968410481714042e+00
2.724424407763509137e+00
2.450291263608361803e+00
2.193929967775738010e+00
1.964286338732208481e+00
1.762517833972873316e+00
1.590585874845069636e+00
1.448999328284063637e+00
1.336006879974429573e+00
1.248298222562025828e+00
1.182200738438604626e+00
1.151498053066783989e+00
1.135169433859873234e+00
1.093780665084900461e+00
1.075650831046116362e+00
1.016142402933005284e+00
9.913184573569647773e-01
9.648504756585323250e-01
9.365746641697068053e-01
9.247605631776435464e-01
9.248514527913647143e-01
9.154073660084770525e-01
8.996181336162922815e-01
8.793228346264985174e-01
9.006679426348419559e-01
9.150494908168849140e-01
8.987201104315211131e-01
8.677876223520358812e-01
8.478537447122158621e-01
8.123997403997742506e-01
7.623874393193749155e-01
7.382164183396916490e-01
7.294993471573137933e-01
7.132376538774894970e-01
6.880834043985973869e-01
6.539276045746711397e-01
6.276892381529199927e-01
6.244420919618859367e-01
6.181164078772685144e-01
6.082091727095432221e-01
5.959232318019244135e-01
5.806393129076102833e-01
5.626182512814984493e-01
5.432806626353267054e-01
5.224482599115355397e-01
5.006233739036387576e-01
4.784496920400579389e-01
4.567175588976858935e-01
4.528204864345208303e-01
4.443359935661870264e-01
4.313601513740927262e-01
4.185238873101205792e-01
4.102845920898444687e-01
4.017826144586143511e-01
4.016928374301869109e-01
4.030980377031145867e-01
4.038184669034011187e-01
4.038396611660825530e-01
4.031481671212775453e-01
4.017578560022689316e-01
3.992165079592798760e-01
3.957744930252176108e-01
3.908033974741502159e-01
3.847034005701635007e-01
3.770733519496252684e-01
3.683433684952459042e-01
3.583719773281884846e-01
3.477488578587711876e-01
3.363477334254508233e-01
3.248211700586295381e-01
3.132514350239459233e-01
3.086291121606777876e-01
3.045404864972793280e-01
3.000801976644887348e-01
2.954667758532220634e-01
2.908817837859163369e-01
2.864612623301708849e-01
2.823707956993593005e-01
2.786416784412662495e-01
2.751907550033689254e-01
2.719843614014006983e-01
2.689623982082214870e-01
2.660483891995817918e-01
2.631593567768979458e-01
2.602147366937023754e-01
2.571437611316411687e-01
2.539699316153596897e-01
2.506553365811393652e-01
2.471012782275763264e-01
2.433089568820884507e-01
2.392977118082762200e-01
2.351020772044287721e-01
2.307679891891184776e-01
2.263485259891356294e-01
2.219270439870779932e-01
2.176021680285838977e-01
2.133410509663669907e-01
2.091861841731689486e-01
2.051698955551754799e-01
2.013127838408060866e-01
1.976229818633425117e-01
1.940962074383416613e-01
1.907165205710350808e-01
1.874576765234635123e-01
1.842849455239977952e-01
1.811572609869224748e-01
1.780295577968431242e-01
1.749050066125892866e-01
1.717202528219862745e-01
1.684014983562055201e-01
1.649096872084102328e-01
1.612119859208824280e-01
1.610660717364354733e-01
1.610042707064761602e-01
1.609193844717185795e-01
1.607737933878718994e-01
1.605312594176792063e-01
1.602324263548786099e-01
1.597762528418723571e-01
1.591340755215578384e-01
1.582810667601859123e-01
1.571966139197746304e-01
1.558645771284219717e-01
1.542734303902955628e-01
1.524162933704789613e-01
1.503319463702860737e-01
1.480386382481570229e-01
1.454823181381560138e-01
1.426723073344233761e-01
1.396215304080744013e-01
1.363461310947592098e-01
1.328650570755893212e-01
1.301678451162764372e-01
1.290885727431914098e-01
1.279987509640738985e-01
1.268991307894717369e-01
1.257904933681498194e-01
1.260996674258861305e-01
1.275006932128893711e-01
1.287175859984688031e-01
1.297406674722128284e-01
1.305626350688550430e-01
1.311785039663980745e-01
1.315855225758281455e-01
1.317830653038092048e-01
1.317725063242451700e-01
1.316262591142649541e-01
1.312849335599103329e-01
1.307487453239077335e-01
1.300251318325312544e-01
1.291227743737129174e-01
1.280514283961197985e-01
1.268217552310503815e-01
1.254451572652257596e-01
1.239336183141539482e-01
1.222995506861871001e-01
1.205624314907051270e-01
1.187744348611949052e-01
1.168984951828629104e-01
1.149473400864313849e-01
1.129335272924993638e-01
1.108693475020566532e-01
1.104018244654835224e-01
1.104342318003622841e-01
1.101557527917817331e-01
1.095781650263950302e-01
1.087740720368040037e-01
1.077206832815742754e-01
1.064217454794193496e-01
1.049008868887381374e-01
1.031833790155691627e-01
1.012955540227337276e-01
9.926425862020693547e-02
9.716154085583299238e-02
9.496714575150952409e-02
9.270292143229892645e-02
9.039333747952234266e-02
8.806144155535770845e-02
8.572861199073986138e-02
8.341436346144677494e-02
8.113620366445349619e-02
8.057212252222965831e-02
8.042745401115805604e-02
8.014738732790926967e-02
7.974838531487220272e-02
7.928329964868269242e-02
7.873057964702263878e-02
7.810519179326912143e-02
7.742243149935747193e-02
7.669678103079337339e-02
7.594174756932574322e-02
7.516973391589458486e-02
7.439194061963173843e-02
7.361829790230513260e-02
7.285742540058816330e-02
7.211661748175461628e-02
7.140185169960594491e-02
7.071781783505348695e-02
7.006796489767824765e-02
6.945456346220894861e-02
6.887878074570599751e-02
6.834834114482556122e-02
6.785731513649825852e-02
6.740138868869398336e-02
6.697837306866617768e-02
6.658544428839495433e-02
6.621924605274552567e-02
6.587599128304849616e-02
6.555156084056695809e-02
6.524159827103694076e-02
6.494159957169887143e-02
6.464699717209236585e-02
6.435323749030531781e-02
6.405585158472164309e-02
6.375051857816503575e-02
6.343312166689263343e-02
6.309979665056825171e-02
6.274697303405429860e-02
6.237140784600016946e-02
6.197021240968430406e-02
6.154087236532154725e-02
6.108126130996469755e-02
6.058964846244364183e-02
6.006470080490405178e-02
5.950709232871014692e-02
5.892847376765567025e-02
5.831459261014004108e-02
5.766557047650663903e-02
5.698187378473460601e-02
5.626429359481716075e-02
5.551392325218931084e-02
5.518992740208265163e-02
5.494685813033410582e-02
5.469271602193298554e-02
5.442766068614367930e-02
5.415189514441250129e-02
5.386566187777803300e-02
5.356923899914257242e-02
5.326293655698698115e-02
5.294709298055344515e-02
5.262207166999499641e-02
5.228825773489246403e-02
5.194605488524688119e-02
5.159588247608433431e-02
5.123817270759643827e-02
5.087336797964082946e-02
5.050191840052452308e-02
5.012427944751480374e-02
4.974090978115661837e-02
4.935226920309949278e-02
4.895881676319525228e-02
4.856100900578568663e-02
4.815929835432741779e-02
4.775413162882864715e-02
4.751311403826823793e-02
4.731780034357720849e-02
4.710413045733154169e-02
4.687278785603339604e-02
4.662449688436765688e-02
4.636694223237149137e-02
4.609553485565284076e-02
4.580928560830910962e-02
4.550901668041721498e-02
4.519556517869079831e-02
4.486977838232424770e-02
4.453250926945819671e-02
4.418461231731029420e-02
4.382693958180861743e-02
4.346033705982454975e-02
4.308564133034963051e-02
4.270367647711046516e-02
4.231525128629120419e-02
4.192115671523518466e-02
4.152216362604829736e-02
4.111902077753661067e-02
4.071245306492413119e-02
4.030316000285839168e-02
3.989181443651756281e-02
3.947906147366644913e-02
3.906551762811664996e-02
3.871651961840733014e-02
3.857627317891203222e-02
3.843712335830050397e-02
3.829913717622695363e-02
3.816237800059438245e-02
3.802690562832320570e-02
3.789277636655679488e-02
3.776004311474444319e-02
3.762875544702902475e-02
3.749895969609372270e-02
3.737069903682982419e-02
3.724401357032609827e-02
3.711894040695164904e-02
3.699551375176439449e-02
3.687376498599151398e-02
3.675372275171488734e-02
3.663541303329075072e-02
3.651885924002596512e-02
3.640408228641407035e-02
3.629110067364274550e-02
3.618681401294323446e-02
3.609447628883422771e-02
3.600254157794669646e-02
3.591107076613726801e-02
3.582012295231971205e-02
3.572975542920495129e-02
3.564002366867010524e-02
3.555098131086350394e-02
3.546268015648630645e-02
3.537517016304686512e-02
3.528849944351664103e-02
3.520271426747493410e-02
3.511785906691482217e-02
3.503397644192115384e-02
