9.674267672375366223e-01
9.694934966652758446e-01
9.742435581161298375e-01
9.755446632836327625e-01
9.770100205082805633e-01
9.816562866726690206e-01
9.919835587424227219e-01
1.002004871052019075e+00
1.020215355321301809e+00
1.050391768570446249e+00
1.115808069436525329e+00
1.015514412396709476e+00
1.037491575168129510e+00
1.122007783814044535e+00
1.215940716967870650e+00
1.284585533889520015e+00
1.271579729794320546e+00
1.466189682224089408e+00
2.057761838234415830e+00
1.822211270714168663e+00
2.241069411686853030e+00
2.117875846243211679e+00
1.861932756533029476e+00
2.148717467985096441e+00
1.950370858866755874e+00
1.711234300371996309e+00
2.068290280412140802e+00
1.922853247027294987e+00
1.639125456906433520e+00
1.783485726161077922e+00
1.765219724704586435e+00
1.842934197156494758e+00
1.726183381953194873e+00
1.963529127417370512e+00
2.075320292040596648e+00
1.753636106458259736e+00
2.259689248884646950e+00
2.028332282485297622e+00
1.758953602143844330e+00
2.227828252716697932e+00
2.487364006311537423e+00
2.443681837271443946e+00
2.703770699666029564e+00
2.803225820080373687e+00
2.732627119432138318e+00
2.623231365638399648e+00
3.045182140549543170e+00
3.289105834303581499e+00
3.477802075520564973e+00
3.581961454326833216e+00
4.201818569908716938e+00
3.969580074038032702e+00
4.485290863715042597e+00
5.153868363315828205e+00
5.643228501693156929e+00
5.773263055171275582e+00
4.722988628042203096e+00
4.571755516892421767e+00
4.326696241932279641e+00
3.980797865413789882e+00
3.690347818756763321e+00
3.622162558654844933e+00
3.833725768870499984e+00
4.273964071273957721e+00
4.762413578421442750e+00
5.083189053714106898e+00
4.884965457972355374e+00
4.602902359715133507e+00
4.794735379332388803e+00
4.850991723567754654e+00
4.707051951194542561e+00
4.384998641279121756e+00
4.830710368956276035e+00
4.913781106164902823e+00
4.638749035602004689e+00
4.385399367335696574e+00
4.238708835327401836e+00
4.176344855087618768e+00
4.149475264232443728e+00
4.164754658735901671e+00
4.293545778273735181e+00
4.560448792335215273e+00
4.876108584660026501e+00
5.152346454432156442e+00
5.289798881027368616e+00
5.214721782282136786e+00
4.921011351769523756e+00
4.585605367572266111e+00
4.128296998548973029e+00
3.670613392517283025e+00
3.161659231559503791e+00
2.676676343732883989e+00
2.271008404748849241e+00
1.981717370165327674e+00
1.765351443385641872e+00
1.612269583861549949e+00
1.501101453634120286e+00
1.411618553526074349e+00
1.325143207472817553e+00
1.232967518059904899e+00
1.134716285485870113e+00
1.028937438895197509e+00
9.222427720009260810e-01
9.041136606403175069e-01
8.803727504312496288e-01
8.497819658374953233e-01
8.116976580824403209e-01
7.685276942957686153e-01
7.290680605513479851e-01
7.585011029839417995e-01
7.824835212475951263e-01
7.973404586566136265e-01
8.024209338936189040e-01
7.980487007707843805e-01
7.850649632277592049e-01
7.663113377301556950e-01
7.424606285277127737e-01
7.168203850758015916e-01
6.896854977803299480e-01
6.622197892432493127e-01
6.358783128807323770e-01
6.124205865093120815e-01
6.010066628565271518e-01
5.899104631814222621e-01
5.789622528503773902e-01
5.683148087415785810e-01
5.579954715293578005e-01
5.479236758856447231e-01
5.379335310709887352e-01
5.278032602410714924e-01
5.174952365032071677e-01
5.068433798741112106e-01
4.954012286208166471e-01
4.830749068641885802e-01
4.698741115642574573e-01
4.559186302491263776e-01
4.414301697399443114e-01
4.267110424862818885e-01
4.121130973521736629e-01
3.980332265212104814e-01
3.847819496013744067e-01
3.725881507985174812e-01
3.616972675446717966e-01
3.650895307487704300e-01
3.706117880287912447e-01
3.740912263641363311e-01
3.757739421727875340e-01
3.762557706359129783e-01
3.750693179360641283e-01
3.719803887855702706e-01
3.669732457466507447e-01
3.597065581219346941e-01
3.498939230108229492e-01
3.419365006110909322e-01
3.407836933130167778e-01
3.363538090868695707e-01
3.288739172477413431e-01
3.187202269930110576e-01
3.064372326502723953e-01
2.925630049227075369e-01
2.868673620596897678e-01
2.847322683139052457e-01
2.815319969987206128e-01
2.774591137563299226e-01
2.728233942149425051e-01
2.677723828042508636e-01
2.622271095232479032e-01
2.565285595395467855e-01
2.502943262016064097e-01
2.438380808765838736e-01
2.367610154257162591e-01
2.292458438657289932e-01
2.245575667071744719e-01
2.232083471337477365e-01
2.220072030999721002e-01
2.208893819353431320e-01
2.197954454466764518e-01
2.186729753712279012e-01
2.174776884856008952e-01
2.161740089165248568e-01
2.147351660348009450e-01
2.131428988264890412e-01
2.113868528476719466e-01
2.094637550696354378e-01
2.073764464606546731e-01
2.051328433908313764e-01
2.027448881190884455e-01
2.002275368182445947e-01
1.975978217099018386e-01
1.948740126047407428e-01
1.920748929788985426e-01
1.892191569835768861e-01
1.863249266371191926e-01
1.834093829255198371e-01
1.804885005829656719e-01
1.775768737656084340e-01
1.746876185357506273e-01
1.718323377719104261e-01
1.690311833601843838e-01
1.662952255000754442e-01
1.636160985197169515e-01
1.610000821038785890e-01
1.584522639941763344e-01
1.559766337034057815e-01
1.535761741620649823e-01
1.512529483135381381e-01
1.490081789362069919e-01
1.468423210138001533e-01
1.447551267868971425e-01
1.427457042001212817e-01
1.408125698447451057e-01
1.389536976982289340e-01
1.371665650182827823e-01
1.354481966841092067e-01
1.337952091260824206e-01
1.322038547702040767e-01
1.306700676754767310e-01
1.291895107794671371e-01
1.277576249085979332e-01
1.263696794705063686e-01
1.250208245310429900e-01
1.237061438093203236e-01
1.224207079801083731e-01
1.211596275877316331e-01
1.199181048121500670e-01
1.186914833193778440e-01
1.174752954411770745e-01
1.162653059794471339e-01
1.150575519975030880e-01
1.138483780575521020e-01
1.126344664607285273e-01
1.114128621611048670e-01
1.101809921419640292e-01
1.089366791538557422e-01
1.076781498313199026e-01
1.064040373012655055e-01
1.051133784998230652e-01
1.038056064892320940e-01
1.024805381454809428e-01
1.011383576393176803e-01
9.977959618249811202e-02
9.840510854086861880e-02
9.701604683790425454e-02
9.561383217668220635e-02
9.420012460913515517e-02
9.277679196630109204e-02
9.134587804539570643e-02
8.990957061823898200e-02
8.847016969650038642e-02
8.703005644722514034e-02
8.559166311489692369e-02
8.415744425878644852e-02
8.272984957493464964e-02
8.173569242729515627e-02
8.148326492056458259e-02
8.119156379614445029e-02
8.086101366343770303e-02
8.049230876574905991e-02
8.008639330253514155e-02
7.964444021598840462e-02
7.916782882781511765e-02
7.867246852369920440e-02
7.815174641486212492e-02
7.760087458192665988e-02
7.702178769923115342e-02
7.641651531145302045e-02
7.578715935890591171e-02
7.513587253070770633e-02
7.446483762464971290e-02
7.383280375614702240e-02
7.338492240476010564e-02
7.292280208384871454e-02
7.244753763164306359e-02
7.196025568339385614e-02
7.146210434118793753e-02
7.095424342585843203e-02
7.043783535690840980e-02
6.991403668501480761e-02
6.938399030483544117e-02
6.885228840945213646e-02
6.832219642070037902e-02
6.778870189477759212e-02
6.725283560820595474e-02
6.671558758045610660e-02
6.617790320361253975e-02
6.564068000151246363e-02
6.510476498889532226e-02
6.457095260200113040e-02
6.403998317062804813e-02
6.351254189634039649e-02
6.298925830209728405e-02
6.247070612013777557e-02
6.195740357846328539e-02
6.144981405251907780e-02
6.094834704489900112e-02
6.045335945780686004e-02
5.996515712514277618e-02
5.948399656915888400e-02
5.901008695082754496e-02
5.854359218296508599e-02
5.808463317684713079e-02
5.763329019605632764e-02
5.718960528887231942e-02
5.675358478040635341e-02
5.632520179660894383e-02
5.590439880421650687e-02
5.549109014547404239e-02
5.508516455242068455e-02
5.468648762475340069e-02
5.429490425768022932e-02
5.391024100941112229e-02
5.353230839549059927e-02
5.316090310393641050e-02
5.279581012096035836e-02
5.243680476394255163e-02
5.208365461449995099e-02
5.173612134806117313e-02
5.139396245949282016e-02
5.105693287878947106e-02
5.072478648148640717e-02
5.039727748733548174e-02
5.007416175345984211e-02
4.975519795958993630e-02
4.944014868921842859e-02
4.912878140763229234e-02
4.882086934097605579e-02
4.851619225800155727e-02
4.821453715917713850e-02
4.791569887656107335e-02
4.761948058703275449e-02
4.732569424662976670e-02
4.703416094462417596e-02
4.674471118714580709e-02
4.645718511213709628e-02
4.617143263827517413e-02
4.588731355656410632e-02
4.560469756489867604e-02
4.532346425242696208e-02
4.504350303569888692e-02
4.476471305289038416e-02
4.448700301852039074e-02
4.421029104343537214e-02
4.393450442174202247e-02
4.365957939180895031e-02
4.338546087112168242e-02
4.311210217030272962e-02
4.283946468804210317e-02
4.256760010460382965e-02
4.229811680681422326e-02
4.202924453719243669e-02
4.176097269766358006e-02
4.149329712547876470e-02
4.122621973635021142e-02
4.095974816718166156e-02
4.069389541636599800e-02
4.042867948669507522e-02
4.016412302978938920e-02
3.990025299493861477e-02
3.963710028279733566e-02
3.937469940588658041e-02
3.911308815588742521e-02
3.885230727860143618e-02
3.859240015907036692e-02
3.833341251460395394e-02
3.807539209928111068e-02
3.781838841793560418e-02
3.756245245166355690e-02
3.730763639428121697e-02
3.705399340036551886e-02
3.680157734478299580e-02
3.655044259356252101e-02
3.630064378784688545e-02
3.605223563794891090e-02
3.580527272978343417e-02
3.555980934327398341e-02
3.531589928158264391e-02
3.507359571176281443e-02
3.483295101706892355e-02
3.459401665883665017e-02
3.435684305012595002e-02
3.412147943917771820e-02
3.388797380268616932e-02
3.365637274911818799e-02
3.342672143116658806e-02
3.319906346741371278e-02
3.297344087174402388e-02
3.274989399323656458e-02
3.252846146120657450e-02
3.230918014041937736e-02
3.209208509193209324e-02
3.187720954114723476e-02
3.166458485346048540e-02
3.145424051439239116e-02
3.124620411719191207e-02
3.104050135486687359e-02
3.083715601818561372e-02
3.063618999775520255e-02
3.043762329148993334e-02
3.024147401555388193e-02
3.004775842037738301e-02
