1.596740148827273109e-01
1.591099616803248740e-01
1.631919820401417365e-01
1.607333381870495459e-01
1.625261984888105860e-01
1.648660982542194398e-01
1.949749333542733498e-01
1.895361046823448581e-01
2.686502797253712549e-01
2.817817216239423272e-01
2.882139515561488174e-01
3.863342054696305983e-01
3.469916912831386147e-01
5.323354335115859648e-01
4.600657671284667516e-01
3.485556479525473428e-01
3.979180101346853626e-01
4.394745464079757302e-01
5.390579909230009958e-01
4.753414052481372831e-01
5.997127312085974715e-01
7.747074490947283287e-01
6.700420784184143441e-01
4.998305865413472659e-01
4.263628972212924473e-01
4.067407407213460280e-01
3.997928598513952325e-01
4.369603209673838529e-01
4.319030847227735004e-01
4.056710840758093184e-01
3.563813921701386445e-01
3.862482178977318381e-01
4.275466582712857955e-01
4.418836815687550712e-01
4.684255799055239700e-01
4.880733883605070100e-01
4.031674498186049171e-01
4.128131076601862515e-01
5.009987951826235797e-01
5.026391944013067770e-01
5.286331141137980971e-01
5.400600845120999693e-01
6.227663373553471438e-01
6.791885500438922252e-01
7.274348091390463455e-01
7.111667651290198844e-01
6.817989777476021196e-01
7.519533729007442657e-01
8.162189004432039985e-01
8.477734429449195197e-01
8.444037768881973438e-01
7.784184565010296986e-01
7.564195260055874837e-01
7.682510083293784264e-01
8.080578299962034583e-01
8.485639521433652188e-01
8.801785800658477044e-01
8.747754101401806759e-01
9.147773834458374775e-01
9.533828953431046083e-01
9.846206119925475786e-01
1.029798350421874620e+00
1.093558279423062052e+00
1.196669381823822320e+00
1.450002170047588468e+00
1.441765812783984968e+00
1.347876575010066524e+00
1.232143965196381696e+00
1.049149114106653125e+00
1.018984879427366375e+00
9.772071593556200808e-01
9.177571590912475541e-01
8.371108065311402280e-01
7.395600833052898837e-01
7.079087026510543224e-01
6.381748405507128297e-01
5.829585694239348692e-01
5.578455483309190388e-01
5.883370115279114021e-01
6.104359842048393547e-01
5.671153019603240031e-01
5.490818986375456401e-01
5.407891984567996246e-01
5.295745501682718182e-01
5.212344066294640754e-01
5.189465775413942827e-01
5.329919419112919554e-01
5.008976219206733305e-01
4.621240568947633243e-01
4.079877124720210357e-01
3.999238010336822469e-01
3.770876385251174523e-01
3.628503337064510892e-01
3.429742287816665569e-01
3.132637784292714445e-01
3.026443572611576260e-01
3.058312982677787728e-01
2.960820095249089845e-01
2.995013503515926989e-01
3.061917837376949558e-01
2.944432895719285015e-01
2.683517404378293891e-01
2.502155324044184614e-01
2.315268276891320198e-01
2.262035124965632860e-01
2.282386214144661585e-01
2.262831066585295203e-01
2.154421998637151836e-01
2.074158160272292217e-01
1.989903270032100380e-01
2.029335501602697878e-01
2.083390639542594958e-01
2.074488980129270410e-01
2.004138406765327285e-01
1.880092607085925571e-01
1.713718976562384477e-01
1.592415466793046797e-01
1.509192825070910793e-01
1.463161194371556950e-01
1.399539207733152268e-01
1.321378247751373025e-01
1.233286028505648363e-01
1.136737203069386054e-01
1.035126664308983757e-01
9.688318113944771603e-02
9.448256711074123904e-02
9.219933045598283083e-02
8.997509590239190225e-02
8.779768394247497443e-02
8.566494076580857819e-02
8.357473424868464007e-02
8.395659704088823116e-02
8.710221120565247999e-02
8.881143614253046714e-02
8.876761321460675813e-02
8.679153345723689128e-02
8.319433841287980635e-02
7.841654024743613394e-02
7.308177735354007276e-02
6.786345217162714771e-02
6.487624299465288846e-02
6.319282122672786883e-02
6.153925863810558172e-02
5.991609525668346176e-02
6.006647005825652835e-02
6.227638012146451130e-02
6.486814885813463327e-02
6.732583467414818279e-02
6.928780222458968963e-02
7.036090215919291180e-02
7.043778396990996171e-02
6.933434619703032764e-02
6.704758772891604435e-02
6.393626030974040864e-02
6.642847740095704501e-02
6.809904217216096456e-02
6.883862122134985773e-02
6.867792384222436153e-02
6.771881097116810855e-02
6.604705100991890843e-02
6.373153160884163781e-02
6.089688789429203997e-02
5.772113048475268487e-02
5.423577437599944734e-02
5.060112765119849365e-02
4.815566466809281798e-02
4.711571811130477877e-02
4.595665490000366143e-02
4.473238734266311856e-02
4.345515521219707467e-02
4.247488077387340244e-02
4.196128761919169087e-02
4.125165147697891499e-02
4.052369794967835420e-02
4.011007930726565723e-02
3.967526980394806696e-02
3.922415363155205142e-02
3.875991087620121039e-02
3.828449226888349516e-02
3.782010321351329113e-02
3.734998050202301828e-02
3.686970467099105753e-02
3.638002398382537278e-02
3.588191054561396670e-02
3.537664925475577510e-02
3.486586692943240140e-02
3.435151158586022269e-02
3.384133209933366804e-02
3.334330140460903258e-02
3.284759522712345919e-02
3.235669247453726999e-02
3.187293235564379185e-02
3.139841146452824333e-02
3.093489384170659481e-02
3.048373805567180031e-02
3.004584385942868710e-02
2.962161961649558209e-02
2.921097050266384387e-02
2.881330649627086848e-02
2.843662404595316898e-02
2.807193602591799911e-02
2.771574518528535647e-02
2.736594423424929673e-02
2.702017482340129950e-02
2.667590235282666852e-02
2.633049239854119011e-02
2.598128620514993797e-02
2.562567299928276629e-02
2.526115722335643340e-02
2.489132147802104733e-02
2.451449541807494345e-02
2.412244774190836633e-02
2.371361129450879832e-02
2.328674786584189124e-02
2.284096679972657737e-02
2.237573480799442613e-02
2.189401666291242166e-02
2.140116886465191076e-02
2.100966041908670923e-02
2.088616731734246196e-02
2.070184766403522850e-02
2.044455500752711055e-02
2.011155004068630042e-02
1.970597522491267239e-02
1.950334833737201248e-02
1.937996415345035958e-02
1.924356950810080305e-02
1.909416437519900756e-02
1.893186888521621730e-02
1.875691467142801341e-02
1.856963561147280395e-02
1.837045814521125198e-02
1.815989133458430910e-02
1.798846181967701449e-02
1.786818830403851324e-02
1.774027572661259280e-02
1.760495260461309580e-02
1.746248793223227624e-02
1.731318626315926992e-02
1.715738290609293906e-02
1.699543926864629032e-02
1.682773838165613906e-02
1.665468062851514428e-02
1.647667970032139564e-02
1.629415879226388947e-02
1.610754705268276424e-02
1.591727629205687625e-02
1.572377795587215354e-02
1.552748036225304329e-02
1.532880620198500896e-02
1.512817029695434114e-02
1.492597761025898917e-02
1.472296922768292875e-02
1.452131131529943268e-02
1.467843635883591888e-02
1.488488554559648860e-02
1.505753462643712876e-02
1.520016604541172059e-02
1.530709408300563040e-02
1.537904541126434814e-02
1.541703050230853328e-02
1.542230610116317700e-02
1.539633823778384716e-02
1.534076627418295459e-02
1.526031697490118876e-02
1.515959471340305384e-02
1.503454163246054250e-02
1.488713367621605221e-02
1.471937416009764903e-02
1.453326999759655888e-02
1.433081044949836153e-02
1.411394839902119919e-02
1.388458411683096173e-02
1.364457715224273379e-02
1.340106238646975902e-02
1.314985957824660323e-02
1.289255163098717433e-02
1.263062418011193754e-02
1.236546165644365584e-02
1.209834496003522712e-02
1.183045057929495332e-02
1.156285099152437254e-02
1.129651618271915181e-02
1.103231613011180362e-02
1.077102409757772945e-02
1.051332060172692137e-02
1.025979791640500328e-02
1.001096499202806626e-02
9.767252677209188605e-03
9.529019140981980981e-03
9.296555403583929914e-03
9.226578035163326280e-03
9.257156445949999909e-03
9.280276119708826682e-03
9.298554434377713160e-03
9.309993394559233290e-03
9.314978297844054775e-03
9.313887086886680003e-03
9.307088145486242664e-03
9.294938486648427270e-03
9.277782301858925051e-03
9.255949841148957205e-03
9.229756593056510569e-03
9.199502734320883640e-03
9.165472819913020319e-03
9.127935684835447247e-03
9.087144530783903065e-03
9.043337171766339250e-03
8.996736414624596778e-03
8.947550551834229648e-03
8.895973945486390297e-03
8.842187683939736059e-03
8.786360292850344672e-03
8.728648485440072130e-03
8.669197937648262867e-03
8.608144075382901175e-03
8.545612863329497474e-03
8.481721585301317187e-03
8.416579608066113508e-03
8.350289121895396877e-03
8.283329460398114463e-03
8.216281575483047259e-03
8.148303957383428581e-03
8.079477852404263333e-03
8.009880479430636288e-03
7.939585543634582535e-03
7.868663706394943974e-03
7.797183012115870872e-03
7.725209271430270863e-03
7.652806402315803780e-03
7.580036729793784497e-03
7.506961245782660212e-03
7.433639831208754302e-03
7.360131441342669667e-03
7.286494257695407678e-03
7.212785807736551459e-03
7.139063054915115170e-03
7.065382461762643139e-03
6.991800027560206125e-03
6.918371303949920337e-03
6.845151389786401780e-03
6.772194908216178956e-03
6.699555967802613490e-03
6.627288109885816868e-03
6.555444244201083515e-03
6.484076574810168289e-03
6.413236517838416355e-03
6.342974613155030576e-03
6.273340431134252944e-03
6.204382476535222346e-03
6.136148090071158988e-03
6.069985265706331033e-03
6.040666122386957430e-03
6.011785510874778637e-03
5.983335941502826438e-03
5.955309833666111614e-03
5.927699530291132002e-03
5.900497311545582074e-03
5.873695407570176351e-03
5.847286010492025801e-03
5.821261285677750003e-03
5.795613382128477105e-03
5.770334442280785139e-03
5.745416611254148577e-03
5.720852045268045617e-03
5.696632919595637570e-03
5.672751436027384520e-03
5.649199829673581287e-03
5.625970375449744314e-03
5.603055393905240038e-03
5.580447256797693018e-03
5.558138392216189876e-03
5.536121289221864090e-03
5.514388502225227827e-03
5.492932655091419328e-03
5.471746444732193335e-03
5.450822644615501734e-03
5.430154107842519173e-03
5.409733769984170076e-03
5.389554651777130057e-03
5.369609861546845164e-03
5.349892597220648992e-03
5.330396148538975656e-03
5.311113898612032994e-03
5.292039325671448260e-03
5.273166004481973090e-03
5.254487607594864572e-03
5.235997906539288996e-03
5.217690772765777238e-03
5.199560178516998699e-03
5.181600197660325355e-03
5.163805006170568875e-03
5.146168882849333145e-03
5.128686209511314036e-03
5.111351471551724840e-03
5.094159258059389843e-03
5.077104261911164450e-03
5.060181280037397318e-03
5.043385213261172666e-03
5.026711066231293566e-03
