2.203679512358283077e-01
2.208440715407145316e-01
2.208383238391795067e-01
2.266982333500001667e-01
2.294272342719125557e-01
2.353023083180997566e-01
2.470456165410116200e-01
2.791333489394862699e-01
3.324388934952920427e-01
5.309598532341566202e-01
3.502584343434129721e-01
4.004176998386285713e-01
5.265640109702711680e-01
3.689545542729055772e-01
4.585614716545423630e-01
5.739041475701057715e-01
7.357339334231313144e-01
6.003687724101171019e-01
5.024725517041604972e-01
5.130515761920730888e-01
5.001806719299533022e-01
5.081131158447691476e-01
6.212124575644270008e-01
4.906932559095463775e-01
5.315995710906852301e-01
5.993470797243292125e-01
6.708296089145296959e-01
7.475975943455970274e-01
6.940583973222602676e-01
7.263381068704780619e-01
8.352386526250243914e-01
8.382188918844792891e-01
6.106243878412014325e-01
7.828631089168325285e-01
8.299515083614132926e-01
9.045414746170540310e-01
1.081164133864485732e+00
1.269319861961761831e+00
1.208626569098655068e+00
1.130390135576041732e+00
1.359037530213410561e+00
1.421437253576521398e+00
1.364653644335932059e+00
1.367725094485712889e+00
1.275629126193138063e+00
1.385459227392448645e+00
1.386761736799497546e+00
1.429959620450427016e+00
1.681087728324342834e+00
2.036654375495817959e+00
2.334799469480509426e+00
2.006352159770478760e+00
1.704087009168683942e+00
1.568577079525576234e+00
1.428678064632619371e+00
1.256460401406947147e+00
1.194711464954125280e+00
1.142276205166570691e+00
9.960258600279477958e-01
8.397892412585469257e-01
8.136079021022150082e-01
8.500955597986780132e-01
8.681267841013636799e-01
8.831146224309788240e-01
7.194867437229439666e-01
6.617350332597381479e-01
5.910898907226914689e-01
5.428195210224214806e-01
5.311382452449830982e-01
5.873165363470185252e-01
6.037632566864779005e-01
5.332343650806781188e-01
5.191781111620553668e-01
5.208352516796578291e-01
4.585201684964114177e-01
4.083406251215271898e-01
4.007363365979241254e-01
3.867909457562080933e-01
3.665903092254292339e-01
3.423280287204523153e-01
3.304004148020191489e-01
2.947260790486029292e-01
2.935461375630220582e-01
2.930349277706096323e-01
3.171671972345594392e-01
3.149918511403262955e-01
2.863248817707442773e-01
2.693082255020134985e-01
2.613616956087391752e-01
2.601826706459710037e-01
2.396264972512607283e-01
2.045720904866924483e-01
1.984802471948150515e-01
1.885065347107942324e-01
1.900039646260200665e-01
1.923161386203988132e-01
2.054935178321741218e-01
2.014091716350164263e-01
1.819363614148661323e-01
1.608165709468940552e-01
1.433576556687753412e-01
1.376549652326265472e-01
1.352948181175662734e-01
1.385025871948249998e-01
1.408173422366242877e-01
1.414682799797774837e-01
1.332138206610094244e-01
1.185090838869799629e-01
1.144318955764602463e-01
1.083971396904875178e-01
1.084735959694836382e-01
1.076120700295548488e-01
1.058855140667691458e-01
1.033136338257824305e-01
1.003644157080368776e-01
9.705244616872318875e-02
9.367723928944407530e-02
9.060656145443667098e-02
8.791689675083842748e-02
8.567685150682420592e-02
8.390145526796469189e-02
8.252412004519764366e-02
8.141534909353446980e-02
8.053682556642792478e-02
7.959715218316307239e-02
7.841833210867192594e-02
7.845951189281283322e-02
7.815998986290378925e-02
7.698846477748090555e-02
7.498446712985841478e-02
7.206018773212549688e-02
7.213624857403691526e-02
7.298592500090712865e-02
7.631106970154452607e-02
7.883795133276558231e-02
7.934157221804483129e-02
7.790598331073532445e-02
7.473315592727655665e-02
7.160102707803547850e-02
7.259653639939817049e-02
7.026569520515611733e-02
6.637424109296093111e-02
6.494554840102388649e-02
6.333476796167518408e-02
6.279865765782839671e-02
6.170378763119847149e-02
6.030516037372393723e-02
5.865275261317699079e-02
5.679858081956241228e-02
5.488620085253730074e-02
5.291500519869591496e-02
5.087769018830604756e-02
4.878830481239190137e-02
4.668855017814504266e-02
4.456435583170716835e-02
4.239087183170475032e-02
4.017784767700296328e-02
3.794215040030249342e-02
3.570828432002480513e-02
3.746155325650605411e-02
3.891525580648096116e-02
3.980570642173669738e-02
4.004948216899743146e-02
3.969102856438253696e-02
3.885988778417520662e-02
3.763354569971587987e-02
3.618976741772108457e-02
3.471217371934530449e-02
3.336467744099236299e-02
3.227093903988973583e-02
3.150131572157934684e-02
3.106840961188999176e-02
3.093095809868850327e-02
3.100466421750035922e-02
3.117777533495592543e-02
3.134378274799766440e-02
3.139150929378038690e-02
3.121843109739864605e-02
3.076323180679870622e-02
3.000320801490068134e-02
2.895532579366664333e-02
2.768604308178594306e-02
2.627022893946204599e-02
2.496817600798121803e-02
2.457108548750223248e-02
2.402237079419105095e-02
2.422890344090337586e-02
2.456226386619188989e-02
2.479374891979383919e-02
2.491847492330100805e-02
2.493408423763051468e-02
2.484060847095804700e-02
2.465820845363327768e-02
2.438218427898299415e-02
2.400842449170805318e-02
2.404820093811853646e-02
2.477281896794901461e-02
2.528910879976836723e-02
2.554374355763697896e-02
2.554822938658652537e-02
2.524549035019654428e-02
2.463705724727055860e-02
2.482204588683434299e-02
2.486915420034457175e-02
2.467114637978921540e-02
2.425431451951839609e-02
2.381263520709511056e-02
2.381218615413950579e-02
2.394224898858021700e-02
2.382447542580487521e-02
2.349317286397881871e-02
2.300300221769311163e-02
2.236000404630546917e-02
2.160551889898989705e-02
2.084972623495054758e-02
2.042982782598539229e-02
1.993648343910491699e-02
1.939989031545419698e-02
1.884752605662285904e-02
1.830303817743375236e-02
1.778550033102660119e-02
1.730902890186224174e-02
1.688273327963451739e-02
1.651095735104682327e-02
1.619375881577393705e-02
1.592756675000264396e-02
1.570595603612064128e-02
1.552047926517190549e-02
1.536150180108115069e-02
1.521920834673926373e-02
1.508713244515692137e-02
1.495349215672910244e-02
1.481076561269721419e-02
1.465310772912846796e-02
1.447656058895465704e-02
1.427913223433787369e-02
1.406075585888563913e-02
1.382314595738744385e-02
1.356957106222640881e-02
1.330456434225747199e-02
1.303359369414698599e-02
1.276271219875636451e-02
1.249820814573293117e-02
1.224627147314141448e-02
1.201269063848507158e-02
1.180259083846448703e-02
1.162022131291584777e-02
1.146879636500094946e-02
1.135039183094140730e-02
1.126589614431826140e-02
1.121501292617387013e-02
1.119631024082530339e-02
1.120731030059476940e-02
1.124461247816510232e-02
1.130404196847587320e-02
1.138081629677706146e-02
1.146972204918542300e-02
1.156529465353205686e-02
1.166199470110428592e-02
1.175437513099778127e-02
1.183723452333088240e-02
1.190575273803688890e-02
1.195560613200252406e-02
1.198306055755998627e-02
1.198504125887672571e-02
1.195917961250552580e-02
1.190383738841337483e-02
1.181810982737947595e-02
1.170180933117668902e-02
1.155543194615494575e-02
1.155950987902720772e-02
1.169664337266721442e-02
1.181258463814102537e-02
1.190404573896226142e-02
1.196715737122426571e-02
1.200075089546963174e-02
1.200426552876932527e-02
1.197772491801706723e-02
1.192170217460525664e-02
1.183727528011102419e-02
1.172597481621110403e-02
1.158972595901413584e-02
1.143078661046128749e-02
1.125168343507337680e-02
1.105514742926772855e-02
1.084761100367866507e-02
1.062868761396222952e-02
1.040059936218562693e-02
1.016628587723294314e-02
9.928614802241633036e-03
9.690338018286073773e-03
9.476773309664262082e-03
9.399993066954472065e-03
9.370701110127919314e-03
9.337991173096063871e-03
9.301992774281345883e-03
9.262841789415734994e-03
9.220679270118548043e-03
9.175650338031249298e-03
9.127903155139662980e-03
9.077587969229366713e-03
9.024856233566970823e-03
8.969859798967319553e-03
8.912750176581935371e-03
8.853677868981557619e-03
8.792791766869015660e-03
8.730238609011993153e-03
8.666162502264020129e-03
8.600704498527773564e-03
8.534002226185982004e-03
8.466189571921425849e-03
8.397396410549182871e-03
8.327748379516051666e-03
8.257366694625246570e-03
8.186368004351558467e-03
8.114864279669686126e-03
8.042962736151989048e-03
7.970765786113420334e-03
7.898371017600465741e-03
7.825871197983481908e-03
7.753354299314101777e-03
7.680903543730391650e-03
7.608597465936295552e-03
7.536509991383740989e-03
7.465215708101633624e-03
7.478482587572539940e-03
7.487020732076125028e-03
7.490509251319821954e-03
7.488701844062265779e-03
7.481465396247140645e-03
7.469927664050390534e-03
7.452793787871191122e-03
7.430068906378570030e-03
7.401813722494032625e-03
7.368139763573406005e-03
7.329204515900545995e-03
7.285206499422944640e-03
7.236380343202694285e-03
7.182991914310603472e-03
7.125333547826178705e-03
7.063719418223862213e-03
6.998481087658476804e-03
6.929963259503322398e-03
6.858519761903832980e-03
6.784509779005964969e-03
6.708294345310456507e-03
6.630233111244820780e-03
6.550681387939340412e-03
6.469987471619645207e-03
6.388490248565630893e-03
6.306517075897506361e-03
6.224381933252957737e-03
6.142383837017395889e-03
6.060805507398603874e-03
5.979912277271894235e-03
5.899951230822398154e-03
5.821150558311389937e-03
5.743719113470721963e-03
5.667846159014848853e-03
5.593701286034976489e-03
5.521434491869890715e-03
5.451176402919520950e-03
5.383038626775300643e-03
5.317114220546840728e-03
5.253478261049685134e-03
5.192188503851957043e-03
5.134345354734437365e-03
5.097199651554924771e-03
5.060817458136918599e-03
5.025186374936830777e-03
4.990293879785168141e-03
4.956127355116860672e-03
4.922674113062626249e-03
4.889921418861260111e-03
4.857856512336784782e-03
4.826466628053465747e-03
4.795739013510599141e-03
4.765660946210949558e-03
4.736219749212273664e-03
4.707402805320295980e-03
4.679197570274440908e-03
4.651591584626362137e-03
4.624572484612102588e-03
4.598128012064620074e-03
4.572246023321861232e-03
4.546914497369864035e-03
4.522121543109632394e-03
4.497855405853712872e-03
4.474104473211957048e-03
4.450978904925977434e-03
4.441063059800421861e-03
4.435184805892577499e-03
4.429129137414408376e-03
4.422888460550853350e-03
4.416456007030679018e-03
4.409825797643888469e-03
4.402992606929469026e-03
4.395951928275448201e-03
4.388699940359731301e-03
4.381233474046821764e-03
