1.444136308535233226e-01
1.446510069927780806e-01
1.460395577256049793e-01
1.456405061275798385e-01
1.468206440983439720e-01
1.483023486599586993e-01
1.518898623914139157e-01
1.677673496473617298e-01
2.082505227202204046e-01
2.429364138921040195e-01
1.974211015323969753e-01
2.261127889032107652e-01
2.614769266715477603e-01
2.794140851048179663e-01
3.598425483195472063e-01
3.817121092923896897e-01
3.475339414631780643e-01
2.960876232889322335e-01
4.219856914815091620e-01
4.094879295383189177e-01
3.832749113177624234e-01
4.716809534676036919e-01
5.286760537009630445e-01
4.784550958632511897e-01
5.445317069178393643e-01
5.814449464231835618e-01
5.967830919489798269e-01
6.300877562782307706e-01
5.573183198880503619e-01
4.548426753930887578e-01
4.393573018658413210e-01
4.201278658079457551e-01
3.888084964626953299e-01
3.685260652981288687e-01
4.056886283159043538e-01
3.530255889331909702e-01
3.082371571311379177e-01
3.604551139472705334e-01
3.626110573337904541e-01
3.445033621249252720e-01
4.017240617562664595e-01
3.862590054208722701e-01
3.396240011204362252e-01
3.624683644637721192e-01
3.656262574625989137e-01
3.997766303164710933e-01
4.059558903328804313e-01
3.601546908559005167e-01
3.254136491433229361e-01
3.777876698411024581e-01
4.235642479864614174e-01
4.599475396847145792e-01
4.438715031688176271e-01
4.087777877503220858e-01
4.312992088015398240e-01
4.409966239846385139e-01
4.294621141258016528e-01
3.982592255249449154e-01
3.893664976858917104e-01
4.513067424892857615e-01
5.440542999642038469e-01
6.160096152657488222e-01
6.300170549354102700e-01
6.150869955304492098e-01
7.037808646148419056e-01
6.778752227525782770e-01
6.903512509719776924e-01
7.662086801081359200e-01
7.561191273635121668e-01
7.785178071889967688e-01
7.530245000679124390e-01
7.138018397104730628e-01
7.161370971202433156e-01
7.496531340771315222e-01
7.671298000683850482e-01
7.491459672860333319e-01
7.249529708618690504e-01
7.308478985521457139e-01
7.547023148037148577e-01
7.501505390084665104e-01
6.977205767473895204e-01
6.317807313090214594e-01
6.173349360545205000e-01
6.774319487891827807e-01
7.678739841233355179e-01
8.365872028877923139e-01
8.741571721834132669e-01
8.687300081233193527e-01
8.297559625619601587e-01
7.666554305169883676e-01
6.827878499420391156e-01
5.968085493889662141e-01
5.357114534116754756e-01
5.328623517796177156e-01
5.315190860536356254e-01
5.221187822573229997e-01
5.048463939888185870e-01
4.808874538397572285e-01
4.520908945759221087e-01
4.210790600075836609e-01
4.513553620713132153e-01
4.576189638503810331e-01
4.584775704778673022e-01
4.444618838745948985e-01
4.131424062863323643e-01
3.832049905476622165e-01
3.695842395290740434e-01
3.510391087214245198e-01
3.421897168796018684e-01
3.285521745417535056e-01
3.098503641249887308e-01
2.905780604119610477e-01
2.815991177198171602e-01
2.683430474535951626e-01
2.644173808100452328e-01
2.732227619012834730e-01
2.887919204555720043e-01
3.005746436809134670e-01
3.023843800550873873e-01
2.956274224373078852e-01
2.827995839929495769e-01
2.625706256182352427e-01
2.398596020948892682e-01
2.193586856170109955e-01
2.054447149609187617e-01
1.970939031617175430e-01
1.920270832266720018e-01
1.949166546723043181e-01
1.971196011845619822e-01
1.966436547008212909e-01
1.925086159555841336e-01
1.848138898791881757e-01
1.791374252844308845e-01
1.725892377142803913e-01
1.634177779422821553e-01
1.558246146344567928e-01
1.502089842275738107e-01
1.432535081282472200e-01
1.356951266299898373e-01
1.283741218717273924e-01
1.220997157720718068e-01
1.175730105445467327e-01
1.151877137446690180e-01
1.149544911540197750e-01
1.164462347576586815e-01
1.189051956915244540e-01
1.213552565783063281e-01
1.228716541642788790e-01
1.227352725745047973e-01
1.204163603820184864e-01
1.231157520713184877e-01
1.264677550191923294e-01
1.272339925974076136e-01
1.253237558567279475e-01
1.208785276487588656e-01
1.167148391590861339e-01
1.134431876479508883e-01
1.085998105625682747e-01
1.024942559350994070e-01
9.589941157029577279e-02
9.052890808999364269e-02
8.766125310651080860e-02
8.413723593801021583e-02
8.026630593077900555e-02
7.642241185315584717e-02
7.281846669644513603e-02
6.978845421654090997e-02
6.745326760856996950e-02
6.591415451008068860e-02
6.517561693011307555e-02
6.515791285180803916e-02
6.571494240516062568e-02
6.665511168092524974e-02
6.778054322558714484e-02
6.892392886765524862e-02
6.987595440829552640e-02
7.050705434206309963e-02
7.072975009969890980e-02
7.046568367360971086e-02
6.968218373855827874e-02
6.835807653333417222e-02
6.650036610605877807e-02
6.413814856861399516e-02
6.131865019431263775e-02
5.810260189979351425e-02
5.610035023892517847e-02
5.551228037648539559e-02
5.454416115711492596e-02
5.350821700608335979e-02
5.359396210581435227e-02
5.339826207577768463e-02
5.295050318771594294e-02
5.226005909296629198e-02
5.136762222490607460e-02
5.027059478786189556e-02
4.904488327239910767e-02
4.767099593882299924e-02
4.619703499732404073e-02
4.467332071285259887e-02
4.309936872748378056e-02
4.150666064038959630e-02
3.992388987816471863e-02
3.837654161806074160e-02
3.689653450751698149e-02
3.548811578130808830e-02
3.416598408545066384e-02
3.294186711335596318e-02
3.182403217639943188e-02
3.081749164333269855e-02
2.992962867955625134e-02
2.915883294858774219e-02
2.849822530584189204e-02
2.794232073719648754e-02
2.748404090128562377e-02
2.711506475526824153e-02
2.682616433872560963e-02
2.660751926153268401e-02
2.644900492033925091e-02
2.634045086315054546e-02
2.627186700464099328e-02
2.623363654937848483e-02
2.621667549178199538e-02
2.621255942730320310e-02
2.621361912489336699e-02
2.621300688144463306e-02
2.620473611374914483e-02
2.618369694421266228e-02
2.614565072982893632e-02
2.608720656385699402e-02
2.600578277759223872e-02
2.589955638913957886e-02
2.576740330430747281e-02
2.560883188583941775e-02
2.562399193941351100e-02
2.607001033445986368e-02
2.641579558852220205e-02
2.666570931388111479e-02
2.679315678475505461e-02
2.679890701400736153e-02
2.668772516195293265e-02
2.645466673298017823e-02
2.610464182074080652e-02
2.564227142303048684e-02
2.507225430104115596e-02
2.440950922519131289e-02
2.365754218411761020e-02
2.282317227838190354e-02
2.193212918844299197e-02
2.125199320096227834e-02
2.081995518621300098e-02
2.032646349406692574e-02
1.978855908115101717e-02
1.943285321205033903e-02
1.941268937924963897e-02
1.938389245587010534e-02
1.934698888694331292e-02
1.930318722741970403e-02
1.925574850868139523e-02
1.920175310153014042e-02
1.914171626680132715e-02
1.907613243065272440e-02
1.900546938235895406e-02
1.893016382981302370e-02
1.885061820540578914e-02
1.876719860585236016e-02
1.868023374745522713e-02
1.859001481559749078e-02
1.849679608909986922e-02
1.840079622273881749e-02
1.830220007612711267e-02
1.820116098263428045e-02
1.809780335939381243e-02
1.799222556685789107e-02
1.788450293414801245e-02
1.777512365733250471e-02
1.766636286855487528e-02
1.755550680501760663e-02
1.744257085663642945e-02
1.732756234153004157e-02
1.721048324414136202e-02
1.709133277157778505e-02
1.697010970550100195e-02
1.684681453368064644e-02
1.672145134975918518e-02
1.659402951524906189e-02
1.646456508219726333e-02
1.633308197852000390e-02
1.619961296110612042e-02
1.606420034532273985e-02
1.592689652104068918e-02
1.578776426745526207e-02
1.564687688079577713e-02
1.550431812940724491e-02
1.536018205206463906e-02
1.521457261550609834e-02
1.506760324727565020e-02
1.491939626010067681e-02
1.477008218373126493e-02
1.462077672988353928e-02
1.447139000640157436e-02
1.432123771526120845e-02
1.417047513007254483e-02
1.401926173361190027e-02
1.386776029678745727e-02
1.371613595474713461e-02
1.356455529038182173e-02
1.341318543356621179e-02
1.326219318424198129e-02
1.311174416571538742e-02
1.296200201474090666e-02
1.281312761263076958e-02
1.266527836232751204e-02
1.251860751425565646e-02
1.237326354382791913e-02
1.222938958249038081e-02
1.208712290346489714e-02
1.194659446300489099e-02
1.180792849722644977e-02
1.167124217407132167e-02
1.153664529974609242e-02
1.140424007817273690e-02
1.127412092244078207e-02
1.114637431565126784e-02
1.102107871983763927e-02
1.089830453031510361e-02
1.077811407287688171e-02
1.066056164172949315e-02
1.054569357492426106e-02
1.043354836490240078e-02
1.032415680150847344e-02
1.021754214409255519e-02
1.011372032062102938e-02
1.001270015056709116e-02
9.914483589007103484e-03
9.819065989458117955e-03
9.726436382681750634e-03
9.636577769015891234e-03
9.549467422078147458e-03
9.465077201250147315e-03
9.383373871195940449e-03
9.304319425916984104e-03
9.227871415925292808e-03
9.153983276461136187e-03
9.082604655058702792e-03
9.013681737256177065e-03
8.947157568612014097e-03
8.882972372175388862e-03
8.821063859778948205e-03
8.761367536681880300e-03
8.703816998079734815e-03
8.648344216915739360e-03
8.594879822364941482e-03
8.543353368159565392e-03
8.493693590388243578e-03
8.445828654223788701e-03
8.399686389390375804e-03
8.355194513772753323e-03
8.312280845541818869e-03
8.270873502955827794e-03
8.230901092563896321e-03
8.192292885003673100e-03
8.154978979181014276e-03
8.118890454388417652e-03
8.083959510882633009e-03
8.050119598960818121e-03
8.017305536575806968e-03
7.985453616384323786e-03
7.954727966999582817e-03
7.924847043266930458e-03
7.895730555576548418e-03
7.867321795864438624e-03
7.839565944696556821e-03
7.812410116174057020e-03
7.785803394188050251e-03
7.759696860768803411e-03
7.734043616699440987e-03
7.708798794938936071e-03
7.683919567081604757e-03
7.659365143598295157e-03
7.635096767891363413e-03
7.611077704780108352e-03
7.587273223702009455e-03
7.563650577211291672e-03
7.540178974749372175e-03
7.516829552602434343e-03
7.493575339833875165e-03
7.470391220976557202e-03
7.447253895585344632e-03
7.424141835069794984e-03
7.401035236927458807e-03
7.377915977125062801e-03
7.354767560251131847e-03
7.331575068315551898e-03
7.308325108098706266e-03
7.285005757469978881e-03
7.261606510689525701e-03
7.238118223229233691e-03
7.214533055969587876e-03
7.190844419385576669e-03
7.167046917284634368e-03
