2.550304843944893873e-01
2.551712617667821759e-01
2.625705898111389547e-01
2.571384720125967083e-01
2.654199363364088127e-01
2.723981087899727260e-01
2.774810791664815701e-01
3.695078976747918631e-01
3.965327365943051574e-01
4.280813858069080768e-01
4.156062366568422650e-01
4.232031137158244194e-01
5.585271168588810120e-01
4.921981878406682109e-01
5.651405272736853558e-01
6.038508022326182223e-01
5.418155139534154285e-01
5.754949694856529296e-01
6.550527316021307334e-01
5.223749478668187063e-01
6.299144961686561350e-01
6.858847059860682105e-01
7.679232403243583249e-01
7.429973585537984482e-01
6.795624600558622941e-01
7.092682998181855103e-01
8.688140512829692907e-01
9.655170166526749753e-01
9.878213182562883832e-01
9.481252811964394622e-01
1.112305068560812682e+00
9.582157486827075354e-01
1.083117011038613908e+00
1.264599960720965699e+00
1.420770196465359181e+00
1.736797654794027146e+00
1.606874258319849647e+00
1.344343776346184738e+00
1.654307399133664980e+00
1.710123447719195555e+00
1.767478139690788597e+00
2.134471501622003942e+00
2.356404443150101891e+00
2.399295949245536352e+00
2.228087658493039136e+00
2.311801636472737176e+00
2.080879993902655656e+00
1.548365488510936805e+00
1.618106550311777747e+00
1.493500044995164311e+00
1.269201012292238806e+00
1.217570242539008918e+00
1.149950559898716307e+00
1.123894931216484316e+00
1.030136517188704026e+00
9.815410013677234868e-01
8.908264083378859555e-01
7.774456320438977164e-01
6.944588384137105885e-01
6.564662114229908862e-01
6.139145811863403468e-01
5.619629401912230593e-01
5.139081181068875237e-01
4.628390475947929406e-01
4.439022930771330810e-01
4.532438190730826433e-01
5.068879051124340895e-01
4.983178512967619822e-01
4.585235303810183405e-01
4.180122684858545989e-01
3.961697218079916483e-01
3.534241389116852261e-01
2.854824249937295000e-01
2.849845493937690488e-01
2.873838339738258862e-01
2.762910227013535835e-01
2.705998339773991179e-01
2.941102072451185490e-01
2.809196971234321216e-01
2.644300766400126679e-01
2.428490510557108906e-01
2.194622146285708231e-01
2.047468897222465278e-01
1.977369113858891969e-01
1.920518432085427107e-01
1.834491581691453099e-01
1.707352541718519245e-01
1.568772055592048409e-01
1.439439077456040050e-01
1.336120429025620671e-01
1.263718960209549436e-01
1.220099968115117145e-01
1.199706666032998720e-01
1.194376819591709965e-01
1.200037296763808992e-01
1.249688764094242233e-01
1.283333258418155598e-01
1.293887935726435179e-01
1.281629697976297833e-01
1.294925103456620041e-01
1.294011973708967533e-01
1.277920450638371785e-01
1.240141682436989023e-01
1.178845955434099785e-01
1.087531247811294316e-01
9.741894376813109435e-02
9.433502182753998599e-02
8.867023696245072972e-02
8.762444483888254254e-02
8.602611454485892262e-02
8.253999688443651450e-02
7.938470511205701630e-02
7.810560488630094444e-02
7.640833358977637546e-02
7.430442150582436400e-02
7.194869375879013595e-02
6.951330420292249623e-02
6.714467483684707916e-02
6.495286854562715151e-02
6.375527794237383084e-02
6.415224444126141345e-02
6.344090306687893976e-02
6.412696598103831414e-02
6.409021611868763457e-02
6.332011748153248964e-02
6.177621943424745077e-02
5.941203842248882205e-02
5.620487848938623965e-02
5.510485591202837069e-02
5.581393803736180853e-02
5.588337259950585528e-02
5.513042459917007893e-02
5.370219803963797306e-02
5.155381689673207979e-02
4.873658530714888859e-02
4.552792431173608573e-02
4.202502459236606702e-02
4.231398150400001584e-02
4.382257117008903774e-02
4.488874446438834848e-02
4.559029844336871806e-02
4.593163433999005590e-02
4.591133765291093016e-02
4.557742322621331083e-02
4.500705729039024272e-02
4.428613063782766562e-02
4.338784999660819097e-02
4.235015968091519756e-02
4.120381150808099385e-02
4.041265624311833615e-02
4.089462361601314128e-02
4.111336737177472000e-02
4.103673742959493276e-02
4.073736289034694119e-02
4.014101340677244528e-02
3.934029606438719379e-02
3.826555679389621184e-02
3.698694845893348709e-02
3.548926389616547522e-02
3.377926719655731380e-02
3.243748633012260435e-02
3.191350897017186661e-02
3.136001605841002432e-02
3.097162946467635000e-02
3.056614075918193812e-02
3.013068785904443950e-02
2.966467736623509127e-02
2.916798515088512428e-02
2.864088312525924981e-02
2.808396836854622908e-02
2.749809909212976369e-02
2.688434037365856899e-02
2.663266418450442596e-02
2.721272817425831117e-02
2.765832156157425545e-02
2.796527617114558106e-02
2.814066018955283660e-02
2.820991006183891717e-02
2.813952370118231669e-02
2.793251970907237314e-02
2.759368705616086978e-02
2.712948480976479573e-02
2.658244900298745508e-02
2.592972147546834458e-02
2.517665491250448834e-02
2.433478354987081774e-02
2.365774010273047692e-02
2.351422451419988083e-02
2.335389499987160222e-02
2.317604778158492002e-02
2.298007988435438534e-02
2.276550013708343936e-02
2.253193843575586677e-02
2.227915310921208675e-02
2.200873640684145038e-02
2.173167943125108026e-02
2.143510011219240674e-02
2.111926230251705977e-02
2.078456680981451837e-02
2.065397343681596096e-02
2.065244650797167653e-02
2.063931759884924180e-02
2.061397266748395130e-02
2.057587716520747553e-02
2.052457827039957244e-02
2.045970622160007621e-02
2.038097479158437059e-02
2.028818095410812525e-02
2.018120380078228249e-02
2.006000277221728703e-02
1.992461527001181468e-02
1.977515371910640654e-02
1.961180215046716413e-02
1.943481237376964987e-02
1.924449980841807031e-02
1.904123903905113879e-02
1.882545915885388416e-02
1.859763896057133395e-02
1.836617900063622008e-02
1.812470299633023307e-02
1.787253659756919341e-02
1.761029618412293316e-02
1.733862504906816954e-02
1.705818867639634015e-02
1.676967015746159279e-02
1.647376577242054205e-02
1.617118075976402627e-02
1.586262529219400336e-02
1.554881067402164203e-02
1.523044577183598793e-02
1.490823368670331044e-02
1.458286867343490043e-02
1.425503330977924421e-02
1.392539591603571270e-02
1.368608407724601107e-02
1.362581240874299188e-02
1.355853498129848574e-02
1.348449800987967448e-02
1.340395771602299890e-02
1.331717884559759091e-02
1.322443324584367599e-02
1.312599850510252561e-02
1.302215665772621551e-02
1.320356694890706395e-02
1.347415012772396233e-02
1.369667776255323495e-02
1.386775739388019027e-02
1.398495583002648188e-02
1.404677969397859737e-02
1.405264060459611788e-02
1.401439716280830639e-02
1.392392029103655532e-02
1.378028310696292197e-02
1.358579584755887672e-02
1.334335649571865776e-02
1.335136434362590822e-02
1.352019320258102640e-02
1.363819151557042232e-02
1.370552199936933037e-02
1.372300126892329365e-02
1.369204395845076416e-02
1.362520646365681515e-02
1.351603577976546490e-02
1.336511824992675686e-02
1.317554080818780782e-02
1.295067480990540545e-02
1.269411053586400571e-02
1.241199078989682104e-02
1.211230117169606775e-02
1.179155268814682279e-02
1.145359665006669657e-02
1.141616621088785768e-02
1.138730730749628293e-02
1.132549733743893824e-02
1.123343222644738147e-02
1.111820397755150860e-02
1.098222992306376565e-02
1.082427064132903023e-02
1.064735387213536395e-02
1.045449799496451712e-02
1.024867587374558679e-02
1.003278235796985912e-02
9.809605551919882080e-03
9.581801896308752078e-03
9.351875045116468665e-03
9.122158467880649158e-03
8.894801661034002632e-03
8.671759811855826727e-03
8.454786726919304857e-03
8.245430810570875818e-03
8.045033858341680763e-03
7.854732417249649448e-03
7.675461454836628172e-03
7.507960074191015465e-03
7.352779013215612024e-03
7.210289669111162245e-03
7.080694395515441802e-03
6.998360716378177609e-03
6.917806516168475452e-03
6.837215239234909446e-03
6.756675489090754189e-03
6.676271486333560344e-03
6.596083151468405507e-03
6.521593242548292223e-03
6.486161891338756112e-03
6.459878268227946425e-03
6.441944636629077375e-03
6.431532126747370633e-03
6.427791544314977179e-03
6.429863476137970268e-03
6.436887650008145910e-03
6.448011517910390809e-03
6.462398044261685737e-03
6.479232690853545078e-03
6.497729600168404389e-03
6.517136986573306319e-03
6.536741753451821325e-03
6.555873359474863327e-03
6.573906964207639099e-03
6.590265886354387988e-03
6.604423412958284646e-03
6.615904000249536211e-03
6.624283908552408562e-03
6.629191316219313311e-03
6.630305957460773392e-03
6.627457032750263231e-03
6.621739899515050737e-03
6.611604998648602273e-03
6.596917586532239329e-03
6.577587296488961177e-03
6.553565919094174810e-03
6.524844999973028990e-03
6.491453291928139108e-03
6.453454095463915380e-03
6.410942521199719003e-03
6.364042702877268851e-03
6.312904989955484165e-03
6.257703144082726529e-03
6.198631562695526911e-03
6.135902550081891865e-03
6.069743654254704072e-03
6.000395085209323486e-03
5.928107228763949792e-03
5.853138266973251583e-03
5.775751915741478282e-03
5.696215286671202534e-03
5.614796879620943815e-03
5.531764710618618415e-03
5.447384577732875856e-03
5.361918467151447973e-03
5.275623099069571241e-03
5.188748613443615321e-03
5.101537393399762157e-03
5.014223023725712311e-03
4.927029381108636273e-03
4.840169851892344929e-03
4.754583103712217360e-03
4.718855199759133812e-03
4.683145093617318427e-03
4.650506709543414906e-03
4.620446740529214613e-03
4.589196168326497086e-03
4.556848987229421971e-03
4.523499351972851308e-03
4.489241175330025389e-03
4.454167754647061182e-03
4.418371426228914073e-03
4.381943247480357510e-03
4.344972705952968722e-03
4.308336658770228755e-03
4.288803920918557444e-03
4.269327876194832679e-03
4.249911661296259385e-03
4.230558274335548784e-03
4.211270578887566819e-03
4.192051307547208644e-03
4.172903065862099137e-03
4.153828335789221983e-03
4.134829479409949694e-03
4.115908742321537292e-03
4.097068257169695846e-03
4.083895986741826849e-03
4.075546701096801477e-03
4.067075969264970225e-03
4.058488726750018524e-03
4.049789798822964193e-03
4.040983901588928243e-03
4.032075643101776241e-03
4.023069524576911200e-03
4.013969941528095116e-03
4.004781185123803232e-03
3.995507443407761601e-03
3.986152802684726597e-03
3.976721248869867324e-03
3.967216668904052779e-03
3.957642852118898810e-03
3.948003491777360430e-03
3.938302186400228014e-03
3.928542441369489713e-03
3.918727670357158993e-03
