3.349835871836628343e-01
3.326547968653142395e-01
3.388634290202860444e-01
3.297667014151713372e-01
3.445159515590917598e-01
3.677378891403237926e-01
4.557282223566843649e-01
5.337941196930486853e-01
4.974676747080083450e-01
4.102616930130795203e-01
6.913194806169297157e-01
7.118178248700066657e-01
1.011814254911772348e+00
5.960509329012499968e-01
5.797929098195341302e-01
6.295274627718442373e-01
6.457598308200611648e-01
7.354462819913946126e-01
7.294907043555629578e-01
7.800937213927819913e-01
1.049153068298981806e+00
1.020899547374045868e+00
1.069801172686339896e+00
9.612767145459915064e-01
1.171136135259326583e+00
1.400537508439975598e+00
1.812661300635923345e+00
1.411507644035949305e+00
1.569882757743247259e+00
1.928834000586918895e+00
2.189769883125262329e+00
2.297351185104140825e+00
2.361709620283718891e+00
2.727104608802568553e+00
2.108625063484846685e+00
2.064825203593242176e+00
2.391457600480054513e+00
2.165819832460996519e+00
2.212988020338754858e+00
2.763265062256223370e+00
2.716503193916842918e+00
1.855288323992826616e+00
1.172520757193440177e+00
9.084188042181581269e-01
8.820911664337943714e-01
8.182950623240557997e-01
7.460212108735557734e-01
6.598992137087910104e-01
6.067324928929929140e-01
5.697156589720581144e-01
5.481072171534138171e-01
5.162907764073398909e-01
5.011676710457849682e-01
4.928206329801148589e-01
4.629308989291640586e-01
4.284469437220415067e-01
4.022342177179691336e-01
3.565310793341501250e-01
3.545337741357557637e-01
3.450342078465563067e-01
3.256891629579867775e-01
3.127773696553118321e-01
2.889595402464125717e-01
2.768932990064442157e-01
2.652008458967252680e-01
2.402534155875226118e-01
2.288784667051317889e-01
2.242062590222058949e-01
2.105805294254750881e-01
2.047028804621512099e-01
1.985581842749331305e-01
1.909670731201464078e-01
1.957500254467675893e-01
1.813787248580587264e-01
1.605179073505232923e-01
1.413508248456267491e-01
1.412351489748486233e-01
1.466473392363979722e-01
1.484023992999149444e-01
1.455029009742341284e-01
1.380749828648949185e-01
1.306426619535989986e-01
1.348646802785610499e-01
1.278159064639523002e-01
1.147797639131440256e-01
1.022233544295869240e-01
9.833383551850734261e-02
1.003525687008961081e-01
1.033326447839187506e-01
1.072109979723286366e-01
1.070786877332049331e-01
1.005771323447205018e-01
9.787694520845469093e-02
9.180836108931429707e-02
8.410205951440004324e-02
7.881923844995614159e-02
7.729932992418188376e-02
7.962800733016697774e-02
8.102571576708703094e-02
7.984155029294331962e-02
7.787784688021535950e-02
7.343415615518318618e-02
6.604922774590037127e-02
6.249163796015701211e-02
6.152660142812785282e-02
6.049953662571785906e-02
5.935845069413651920e-02
5.809914160981153458e-02
5.774418560273078538e-02
5.736494906603613331e-02
5.637474947389158747e-02
5.626007223361660647e-02
5.431596276443343557e-02
5.086547713590957448e-02
4.881781737380560399e-02
4.830615825230345078e-02
4.577471583990293941e-02
4.434287049121606039e-02
4.689860090905251244e-02
4.822011687200356000e-02
4.831564114610038124e-02
4.740754967141649900e-02
4.572500334361955660e-02
4.401317300649849190e-02
4.239467785383425891e-02
4.089055311865345821e-02
4.015872448130637651e-02
3.866402283939490703e-02
3.679403624509663961e-02
3.551599824959553175e-02
3.499881432288663025e-02
3.457129783786757476e-02
3.401489837248567599e-02
3.342836706622102916e-02
3.288506528551923130e-02
3.243100287057108094e-02
3.208596623435693712e-02
3.184682331196998090e-02
3.169217792448315862e-02
3.158768128918449519e-02
3.149145545062935481e-02
3.180641263346630637e-02
3.237801580772539656e-02
3.290798282980068878e-02
3.334530041069312667e-02
3.364135612769822425e-02
3.380653263341149017e-02
3.376301195349771384e-02
3.348910762175057870e-02
3.298003812420523262e-02
3.224595517182075877e-02
3.131104827716287009e-02
3.021165451131710422e-02
2.899359614181511169e-02
2.770900340185282126e-02
2.641289130518197428e-02
2.515974974620697330e-02
2.400037829916797441e-02
2.297915548078996797e-02
2.213188172287289257e-02
2.148428094605703623e-02
2.105119207510874196e-02
2.083643299463885240e-02
2.083327824800217803e-02
2.102546011045863458e-02
2.138858136393216244e-02
2.189181707927955953e-02
2.249978113684694692e-02
2.317443970053911784e-02
2.387696667110661419e-02
2.456945341712032591e-02
2.521640495508297233e-02
2.578597554641142223e-02
2.625091693165041221e-02
2.658923100462456945e-02
2.678453480604754688e-02
2.682615878056299891e-02
2.673954314067583313e-02
2.650468656846121165e-02
2.611503386055771814e-02
2.557877654016897651e-02
2.490766986001364744e-02
2.411632138199763450e-02
2.322146947358161989e-02
2.230973574215215638e-02
2.239159301312818734e-02
2.236079847052084221e-02
2.222189713616877157e-02
2.198124853546976759e-02
2.164668064118814572e-02
2.122715146446439716e-02
2.073242741744620379e-02
2.018281420857194822e-02
1.959049060043324339e-02
1.895173434920664757e-02
1.827683221886345841e-02
1.757574410760792682e-02
1.685795912791223164e-02
1.664338057316579189e-02
1.650889756670517391e-02
1.632292738425668993e-02
1.609793257302827296e-02
1.583948925616098305e-02
1.554289792849111729e-02
1.521303186503256306e-02
1.485471134212183048e-02
1.447265197077596266e-02
1.407142214772419235e-02
1.365540873299614898e-02
1.322879003404686497e-02
1.279551518435544967e-02
1.235928904076656794e-02
1.192356178143927532e-02
1.149152245875517328e-02
1.113478377838581640e-02
1.105082032453911720e-02
1.097249903877617859e-02
1.087658797167121057e-02
1.081226737543205391e-02
1.075840540780654934e-02
1.069780134835620310e-02
1.063076774373052091e-02
1.055760707692802829e-02
1.047861301578898591e-02
1.039407161872406803e-02
1.030426247292827273e-02
1.020945974649781381e-02
1.010993313937404853e-02
1.000594872331274712e-02
9.897769664188236366e-03
9.785656823273756674e-03
9.669869237504053958e-03
9.550664480517575758e-03
9.428298908859190919e-03
9.303027799036118692e-03
9.175105382699026355e-03
9.044784788073511120e-03
8.912317896602612796e-03
8.898947810771044853e-03
8.959555749977919301e-03
9.007976513644428210e-03
9.043614334998501328e-03
9.066025627024047392e-03
9.074913883704707057e-03
9.070123598876277810e-03
9.051633309722402140e-03
9.019547876615137405e-03
8.974090112206369735e-03
8.915774752699364217e-03
8.848684437392208280e-03
8.769403863670324761e-03
8.678509715785209799e-03
8.576651464600923078e-03
8.464541458045734060e-03
8.342945079168708963e-03
8.212671058365173318e-03
8.074562020705404811e-03
7.929485340479037331e-03
7.778324367527178484e-03
7.721277528464928416e-03
7.760738043685910456e-03
7.792996034145262089e-03
7.817869387313361798e-03
7.835238870055447405e-03
7.845045243540975724e-03
7.847286109667603315e-03
7.842012532519437168e-03
7.829325478078715331e-03
7.809372113483674036e-03
7.782342004789818968e-03
7.748463251625731241e-03
7.707998592905829227e-03
7.661241516928044698e-03
7.608512405712624521e-03
7.550154741364434145e-03
7.486531399145564952e-03
7.418021049530806876e-03
7.345014688863768515e-03
7.267912315282360619e-03
7.187119764652243926e-03
7.103045718214055608e-03
7.016098891467828502e-03
6.926685411854637334e-03
6.835206390305492707e-03
6.742055689939902355e-03
6.647617893460649845e-03
6.552266468901237449e-03
6.456362132096416483e-03
6.360251402645950361e-03
6.264265349065439512e-03
6.168718517884327554e-03
6.073908039847399076e-03
5.980112906543620654e-03
5.887593409484790687e-03
5.796590733124796016e-03
5.707326692914820553e-03
5.620003609606068033e-03
5.534804310213309840e-03
5.451892246066495154e-03
5.371411718414872277e-03
5.293488202412659389e-03
5.218228759664399197e-03
5.145722530073624894e-03
5.076041294778091580e-03
5.009240099878390154e-03
4.962994250838643345e-03
4.932595687633780333e-03
4.902355025964746579e-03
4.872272327386240054e-03
4.842347697619356697e-03
4.812581281375258833e-03
4.782973257481182468e-03
4.753523834288935629e-03
4.724233245343968657e-03
4.695101745300558384e-03
4.666129606101123047e-03
4.637317113388311936e-03
4.608664563134491458e-03
4.580172258487739435e-03
4.551840506842924974e-03
4.523669617075219175e-03
4.495659897014571936e-03
4.467811651033616258e-03
4.440125177882376858e-03
4.412600768613376967e-03
4.385238704727103566e-03
4.358039256434331418e-03
4.331002681022904331e-03
4.304129221464139850e-03
4.277419105049900389e-03
4.250872542171548266e-03
4.224489725248160681e-03
4.198270827746576617e-03
4.172216003253704023e-03
4.147772874444749340e-03
4.142043625163255131e-03
4.136666135779004140e-03
4.131547419188846132e-03
4.126598207724252280e-03
4.121733095197698503e-03
4.116870654023999793e-03
4.111933528806141144e-03
4.106848507434889863e-03
4.101546571120740295e-03
4.095962924680971416e-03
4.090037007935864131e-03
4.083712489989627624e-03
4.076937247241617900e-03
4.069663326630742692e-03
4.061846894926922531e-03
4.053448175681566810e-03
4.044431374687088888e-03
4.034764595039081955e-03
4.024419742911759454e-03
4.013372425203464745e-03
4.001601839712151838e-03
3.989090659194548597e-03
3.975824909678395309e-03
3.961793844434801509e-03
3.946989814017125113e-03
3.931408133194028674e-03
3.915046945692263365e-03
3.897907087147484909e-03
3.879991947106793768e-03
3.861307330579780150e-03
3.841861319511719400e-03
3.821664135121684031e-03
3.800728001058291654e-03
3.779067008166926873e-03
3.756696981119097764e-03
3.733635347046767097e-03
3.709901007080888217e-03
3.685514210307415123e-03
3.660496431104446908e-03
3.634870249484394196e-03
3.608659235169351179e-03
3.581887835093386548e-03
3.554581264833441001e-03
3.526765403854072427e-03
3.498466694679192631e-03
3.469712046295468123e-03
3.440528741604559002e-03
3.410944348804996994e-03
3.380986637342687628e-03
3.350683497516744082e-03
3.320062864704651125e-03
3.289152647442517181e-03
3.257980659637171005e-03
3.226574556708427903e-03
3.194961775904781465e-03
3.163169480300352839e-03
3.131224506799043430e-03
3.099153317594349581e-03
3.066981955626198707e-03
3.034736003225877582e-03
3.002440544449629795e-03
2.970120130560185197e-03
2.965874393161959440e-03
2.965294876911969951e-03
2.964066498090276933e-03
