1.688131827822293152e-01
1.683961172108548177e-01
1.684763887012803441e-01
1.721484938457610026e-01
1.727502256025703065e-01
1.763516252217484648e-01
1.809018454584804259e-01
2.071183877867343870e-01
2.405144212843847440e-01
2.848389387471170764e-01
3.498116871122239346e-01
3.464557288723994488e-01
3.870155370470435008e-01
3.221374648139663233e-01
3.753886386504688422e-01
4.508013451064334376e-01
4.313686963357950543e-01
5.248037658006977635e-01
5.224508770992482010e-01
6.024072865135619015e-01
6.778072918872354302e-01
7.024424089111516167e-01
8.143784918890367708e-01
6.628870179857049294e-01
7.626927418303318662e-01
7.690808050905528770e-01
9.208765785177851493e-01
8.833444933476720662e-01
5.083248630118619715e-01
3.674596531674436117e-01
3.163070849670200912e-01
3.255319420248193318e-01
3.199049849103279830e-01
3.474904576884408347e-01
3.252653085687394197e-01
3.433156471013746880e-01
3.689581532216037463e-01
3.649913997138083399e-01
3.323213007126745722e-01
4.024444283041606618e-01
4.300954878955204896e-01
4.084031929526720228e-01
4.419501300033198965e-01
5.145140898322114742e-01
5.631882351919679230e-01
5.952594580648936651e-01
5.965174272020197233e-01
6.092296307138698186e-01
6.207932601764210023e-01
5.940495149810798292e-01
5.178341473210802404e-01
5.603485433501914637e-01
6.104204328365011589e-01
6.403112715280501188e-01
6.477591966622733288e-01
6.405436132999902110e-01
6.614153078257375418e-01
7.553963577292710507e-01
8.244083239744790514e-01
8.637846674308949924e-01
8.877207145850821712e-01
8.089115618911417727e-01
8.670108638276907698e-01
9.125191153979831382e-01
9.409806100932204265e-01
1.129152212615592621e+00
1.203254981708071325e+00
1.171320273301211579e+00
1.128652824938598531e+00
9.675679498024524205e-01
9.012379898183742188e-01
9.325494606684652243e-01
1.107216256242484542e+00
1.246388712856581371e+00
1.329014423749383722e+00
1.308873572521356943e+00
1.220869586557568942e+00
1.093568079018720329e+00
9.354433447959897840e-01
8.077937886788543187e-01
6.923780497069779161e-01
5.764687608357819126e-01
5.262911530604016397e-01
5.007797555363453501e-01
4.675757674700226074e-01
4.376392835503556400e-01
4.170629981142763287e-01
3.960013045384720987e-01
3.709505508298452381e-01
3.825759912724808198e-01
3.735137599234752415e-01
3.700000140813817784e-01
3.496153398320676620e-01
3.194599943649298890e-01
2.986593451065633342e-01
2.723478608088066855e-01
2.457552163721959115e-01
2.266435349225197626e-01
2.084010278937773464e-01
1.985813230698787457e-01
1.894308619570431729e-01
1.811620254088564808e-01
1.738379277180503168e-01
1.673467343318991996e-01
1.616584828487266923e-01
1.567048388219308697e-01
1.523904336415383420e-01
1.486032419627270618e-01
1.474067608294061527e-01
1.502217976749778972e-01
1.533214197312094407e-01
1.557430811969094109e-01
1.569274775942337830e-01
1.565574795000053976e-01
1.543809639825956814e-01
1.506138132979830957e-01
1.540406278917095806e-01
1.555313268637392998e-01
1.549518765080994953e-01
1.523475050693571808e-01
1.478195227745811857e-01
1.414222034507759962e-01
1.333961035630993608e-01
1.242859898520887046e-01
1.177955575025033674e-01
1.127929430228601509e-01
1.060591396763504723e-01
1.039760112716618667e-01
1.021764867476170763e-01
1.003257842361674201e-01
9.833171390331189865e-02
9.619419147697537420e-02
9.393058974253570836e-02
9.155914019415840877e-02
8.919501257187287258e-02
8.675626654538422244e-02
8.425594207582516593e-02
8.171204346556917852e-02
7.914188312663654468e-02
7.656188623871768018e-02
7.403372542790957744e-02
7.152960412779287014e-02
6.905034897300195429e-02
6.877220731304378720e-02
6.834699651712232427e-02
6.810882633249734641e-02
6.736407627099993967e-02
6.605880965459308418e-02
6.659160931850717502e-02
6.819759286012146149e-02
6.922885958148433660e-02
6.976444099236014940e-02
6.978576383461740362e-02
6.934386800117713079e-02
6.849923904510901718e-02
6.725936672537004279e-02
6.576978329896350506e-02
6.399136783467228307e-02
6.205257094275764412e-02
5.999239653509274434e-02
5.782676821436543574e-02
5.562398182775198097e-02
5.345348915202741830e-02
5.129716712149820501e-02
4.918153583548787178e-02
4.712484144896199323e-02
4.661040555986294825e-02
4.606821002077823857e-02
4.540270580639169107e-02
4.467541761559839369e-02
4.388137754202116325e-02
4.300789450448022633e-02
4.206249536258033911e-02
4.108782192488848184e-02
4.024255656835672157e-02
4.107848458362117761e-02
4.147713325008890728e-02
4.143576242084495015e-02
4.103890836287234917e-02
4.025035588753563681e-02
3.918925834461160773e-02
3.783112134129537618e-02
3.631272169691379670e-02
3.462781865163605532e-02
3.286861873558727387e-02
3.110825311883148869e-02
2.938061148943080930e-02
2.787035736447742579e-02
2.703031564340744111e-02
2.614678246436645190e-02
2.543693729931492328e-02
2.520049945496756136e-02
2.501897421319752499e-02
2.483268953818911634e-02
2.464121681004217967e-02
2.444421392410246405e-02
2.430899019353125606e-02
2.446732808824545607e-02
2.476131780463981802e-02
2.518399218590056110e-02
2.572039432210698057e-02
2.634889045145099098e-02
2.705088437955581807e-02
2.779363868076372562e-02
2.854393927707632103e-02
2.926958722337952290e-02
2.993952364822821677e-02
3.054020256684678372e-02
3.105136659783657924e-02
3.143536315182793306e-02
3.169800850200535369e-02
3.182552500348997948e-02
3.179697757005863629e-02
3.164642070796275242e-02
3.133727815891932528e-02
3.091004145525699451e-02
3.034892802484574770e-02
2.968027244206489224e-02
2.891353205315043071e-02
2.805807580396926446e-02
2.714467773807608536e-02
2.616762467964761640e-02
2.516622851364910124e-02
2.413829703945410618e-02
2.309648143621343894e-02
2.207128672947527778e-02
2.105791400514303233e-02
2.006697038180900450e-02
1.965062335319011852e-02
1.927461868621819022e-02
1.890259586417904897e-02
1.854336894904439273e-02
1.819562489365729452e-02
1.786375302203725007e-02
1.755127093047620032e-02
1.749857637899536814e-02
1.742847024474506595e-02
1.732412442801010630e-02
1.719539802131869397e-02
1.710892868923808222e-02
1.704793357861741562e-02
1.698466279724058711e-02
1.691912126271193431e-02
1.685132022701034751e-02
1.678127680606853953e-02
1.671124930616838672e-02
1.663970113342776169e-02
1.656596634550923722e-02
1.649007836910487690e-02
1.641207462640706383e-02
1.633199617549408941e-02
1.624988736843074183e-02
1.616579552667569628e-02
1.607977063328927883e-02
1.599186504148301588e-02
1.592898760184823653e-02
1.592753652255931782e-02
1.591344170278911202e-02
1.588467425185543722e-02
1.584622172687486993e-02
1.578978449661072592e-02
1.584118532447924624e-02
1.590293805023996684e-02
1.595443260079482811e-02
1.599614873049642547e-02
1.602834397474318592e-02
1.604643601851708443e-02
1.604932675797667713e-02
1.603607522185868106e-02
1.600589871335375558e-02
1.595817239229091120e-02
1.589242742479276063e-02
1.580834783249746370e-02
1.570576617380597950e-02
1.558465818996143150e-02
1.544513654717211831e-02
1.528744380253214963e-02
1.511821387517147883e-02
1.493208931638626176e-02
1.489606743751066033e-02
1.485543018822860391e-02
1.480093373756322453e-02
1.473262424600086350e-02
1.465061836426105255e-02
1.455509919458201386e-02
1.444631209316960853e-02
1.432456035415436389e-02
1.419020081272240157e-02
1.404363940336315550e-02
1.388532670463015102e-02
1.371828793206412121e-02
1.354293622678429641e-02
1.335721878390841791e-02
1.316171055515935086e-02
1.295701081508013851e-02
1.274373914416864970e-02
1.252253154708123095e-02
1.229403671955496893e-02
1.205891247520365916e-02
1.181782234013409143e-02
1.158677493071896478e-02
1.152328262634159071e-02
1.145163736212019556e-02
1.137208479306291500e-02
1.128488630911689619e-02
1.119031736690492829e-02
1.108866586655675966e-02
1.098023057605637155e-02
1.086531960831685177e-02
1.074424895283782391e-02
1.067925402696144437e-02
1.063442632649101022e-02
1.057846660719380556e-02
1.051174641467812060e-02
1.043466219830910605e-02
1.034763253067303747e-02
1.025109538668259046e-02
1.014610396617056029e-02
1.003602522773086245e-02
9.917689546277514909e-03
9.791581642301270053e-03
9.658193973200421972e-03
9.518024517753317579e-03
9.371574664266859103e-03
9.364525556223092170e-03
9.369748445998006547e-03
9.367859076049660574e-03
9.359001803161062435e-03
9.344807733369974237e-03
9.325544786809886189e-03
9.299771348414859543e-03
9.267671312688475702e-03
9.229437464866667787e-03
9.185270516713072222e-03
9.135378170651365856e-03
9.079974214775564725e-03
9.019329387661985387e-03
8.956280197783030028e-03
8.888312135917786350e-03
8.815652554802303267e-03
8.738531144365964398e-03
8.657179219292954545e-03
8.571829042292644640e-03
8.484284320496259663e-03
8.393896514060573272e-03
8.300119145831818743e-03
8.203181529289050450e-03
8.103311278487039179e-03
8.002289279020845594e-03
7.899139173487949167e-03
7.793635564801057632e-03
7.685995035673907558e-03
7.576494922641614609e-03
7.466856848694823634e-03
7.355621505493034271e-03
7.242989942076853184e-03
7.232791947505190326e-03
7.228564882567641188e-03
7.221210101309204557e-03
7.210806136499615590e-03
7.197433558617858176e-03
7.181174736268395448e-03
7.162113605492432568e-03
7.140335448001209305e-03
7.115926678348626251e-03
7.088974639702119891e-03
7.059567408831789702e-03
7.027793609568024590e-03
6.993742234934238571e-03
6.957908885794419213e-03
6.920912856567469282e-03
6.881872577769024280e-03
6.840876423272889903e-03
6.798012444342883646e-03
6.753368238319398115e-03
6.707030824685156212e-03
6.659086528854550255e-03
6.609620872988713515e-03
6.558718474119069365e-03
6.506462948887460108e-03
6.452936825195293435e-03
6.398221460225423686e-03
6.342396964735892879e-03
6.285542133391913699e-03
6.227734381042343038e-03
6.169049684455163787e-03
6.109562529803515100e-03
6.049345864962494233e-03
5.988471057203782061e-03
5.927007855582984430e-03
5.865024357702088367e-03
5.802586981417736343e-03
5.739760440190913235e-03
5.676607722895055629e-03
5.632752069880553152e-03
5.617105402783227619e-03
5.598970025392572582e-03
5.578424664187063217e-03
5.555550022962943424e-03
5.530428517957941721e-03
