2.123656447708753559e-01
2.121635003807574027e-01
2.108544858083191142e-01
2.168134537782966387e-01
2.183595037520247029e-01
2.213202597265789273e-01
2.261288170136992182e-01
2.277810328494169478e-01
2.696080509549271254e-01
2.979075525239706645e-01
4.767629130765230761e-01
3.759481604391179954e-01
4.322144438625322160e-01
3.406692801306395735e-01
4.101509639827752296e-01
5.146880128022470746e-01
5.524844930937419241e-01
6.647701908111116609e-01
6.663168965112785669e-01
7.062336989440838320e-01
8.875519491796192151e-01
8.285691757009124858e-01
6.836962275681687240e-01
7.706611159689574775e-01
8.677479906361985629e-01
8.716599805391611611e-01
5.034318687900251055e-01
3.754945160469484455e-01
3.473785874789608319e-01
3.576039292209180487e-01
3.860636547406937069e-01
4.641385499333949838e-01
4.322854451436586865e-01
4.710880279461583386e-01
4.626661474686904474e-01
4.117825648430327168e-01
5.493422941373256041e-01
6.303850303314502135e-01
5.528898433331418394e-01
6.431798481622144070e-01
7.571783567581851226e-01
7.215443176150180271e-01
6.574817091225785282e-01
7.006252318314826200e-01
7.074459921930713602e-01
6.692461462661183358e-01
6.626232502086554232e-01
7.591645053482326544e-01
9.148529414161440387e-01
8.852895712336070755e-01
9.106944530097483836e-01
1.030314892892161049e+00
1.249716675337765759e+00
1.174166669946689945e+00
9.709550604597824153e-01
1.203766039199171134e+00
1.407422800227664750e+00
1.497054774437609703e+00
1.386240540593480564e+00
1.304413680089548278e+00
1.350557365834164747e+00
1.329303583744249062e+00
1.332607673631401424e+00
1.491583533635563175e+00
1.517371441997022341e+00
1.415800363258879591e+00
1.475549277226964717e+00
1.433090649406721262e+00
1.336426493815367156e+00
1.545007199533785958e+00
1.650845421659121293e+00
1.673396845635194419e+00
1.543220236781460031e+00
1.317912223155744300e+00
1.070800944950767608e+00
8.786798968791785791e-01
7.091888498441908384e-01
5.911560143135062839e-01
5.219072652396150591e-01
4.802502446931461444e-01
4.486951908431622282e-01
4.230139525581643745e-01
4.065293694425365367e-01
4.017039495435962282e-01
4.047284996153500125e-01
4.069195863141776282e-01
3.999979797618348765e-01
3.822001401536579968e-01
3.691585084111071446e-01
3.636945796277265552e-01
3.576733108455527055e-01
3.386908328087921416e-01
3.131411085312600928e-01
2.994137850537424983e-01
2.807843556384101991e-01
2.578757430308544762e-01
2.314370265737007160e-01
2.064298364372770533e-01
1.994738444029764135e-01
1.907571376057408674e-01
1.824023107563794988e-01
1.786264410502162170e-01
1.784024851080971419e-01
1.764558667326635022e-01
1.684946603018863676e-01
1.677882335558720517e-01
1.650807522138898198e-01
1.553338173707995151e-01
1.486710902687962410e-01
1.454009977970202594e-01
1.430126040083481709e-01
1.389636348385052955e-01
1.342321493657080700e-01
1.303823656217708293e-01
1.282220178240686403e-01
1.280751933218622074e-01
1.295367579643345313e-01
1.317181932764825703e-01
1.336024780546628543e-01
1.350656776251102642e-01
1.387846682977055546e-01
1.374392178082592120e-01
1.306837489686473175e-01
1.194195064411018026e-01
1.184458382797246301e-01
1.168287809717048625e-01
1.137425961992755696e-01
1.098142698271172280e-01
1.053244658347960994e-01
1.008992862895919246e-01
9.668410887840504786e-02
9.292318913223424071e-02
8.974444932875003111e-02
8.718695424348349432e-02
8.523178495068220450e-02
8.382771255724255632e-02
8.291487446606091161e-02
8.243654345343971734e-02
8.229058216766747813e-02
8.237893587000583162e-02
8.258570938916487414e-02
8.277766608456399444e-02
8.285454623895953385e-02
8.272661406683319563e-02
8.216942703803455095e-02
8.119994283295793591e-02
7.965005576845704538e-02
7.755995703369204797e-02
7.485032202037088245e-02
7.163625873733037164e-02
6.789247104101582553e-02
6.634736005141876614e-02
6.523004248585347054e-02
6.346622638869935107e-02
6.259178358251429874e-02
6.246660043745370927e-02
6.196779035467569335e-02
6.111859948565709355e-02
5.995762494104933671e-02
5.857688243407145612e-02
5.703675490563110684e-02
5.535911803738240849e-02
5.364965825672067534e-02
5.235263230945499946e-02
5.120414837108573647e-02
5.005688711935435409e-02
4.893409855019464211e-02
4.786347701631685214e-02
4.685543904156032335e-02
4.590176225222160344e-02
4.500463638186463083e-02
4.416297273691853487e-02
4.337334339628279301e-02
4.263082739025468582e-02
4.192972674604369260e-02
4.126413441329414289e-02
4.062835189285106396e-02
4.001716640807426867e-02
3.942600565396469497e-02
3.885099284462394109e-02
3.828892647654338205e-02
3.773720857655542965e-02
3.719374286560764298e-02
3.665682087265129813e-02
3.612501012205631551e-02
3.560542398288962795e-02
3.509172589228323758e-02
3.457940144578055403e-02
3.406732569564230317e-02
3.355435460405158110e-02
3.303932549182909961e-02
3.252107189254146297e-02
3.199844886025483837e-02
3.147036478504694479e-02
3.093581606553844066e-02
3.039392148018636025e-02
2.984395370260780125e-02
2.928536605163688938e-02
2.871781320149103742e-02
2.814116515855091469e-02
2.755551431470246171e-02
2.696327154027887418e-02
2.636927783544999737e-02
2.576723287346545377e-02
2.515803278553086289e-02
2.473911408163608286e-02
2.460553623077302299e-02
2.447011294699209805e-02
2.432984816861447769e-02
2.418405832395423630e-02
2.403214546233951865e-02
2.387359693479925229e-02
2.370798392274414343e-02
2.353495902734244541e-02
2.335425312280043145e-02
2.316567165934093828e-02
2.296909058284172037e-02
2.276445201537238838e-02
2.255175981870983712e-02
2.233107514062920504e-02
2.210251202201170967e-02
2.186623312454310727e-02
2.162244561990665781e-02
2.137139726783226362e-02
2.111337269622878474e-02
2.084868988760654046e-02
2.057769686652713079e-02
2.030076857776396890e-02
2.001830393980170639e-02
1.973072305641365362e-02
1.943846456677633325e-02
1.914198311580635192e-02
1.884628695037365159e-02
1.854713488403606295e-02
1.824492385726608421e-02
1.794014722717619456e-02
1.763330390480402632e-02
1.732489620233388511e-02
1.701542771674886823e-02
1.670540124898534790e-02
1.639531675833064486e-02
1.608566935600917736e-02
1.577694734241816277e-02
1.546963029393127846e-02
1.516418720739634747e-02
1.517117540711251759e-02
1.529053323166132926e-02
1.539163961177355926e-02
1.547316749984933328e-02
1.553405490309363313e-02
1.557350143210559437e-02
1.559096204731535637e-02
1.558613825143829665e-02
1.555896699376589469e-02
1.550960756458966312e-02
1.543842676584859970e-02
1.534598264806727799e-02
1.523300710337601414e-02
1.510038760058922055e-02
1.495153773506591698e-02
1.478962495463404664e-02
1.461117930065644610e-02
1.441749490532238075e-02
1.420993079292249411e-02
1.403029278577298637e-02
1.397628801346078274e-02
1.391144991227673613e-02
1.383423479196718188e-02
1.374531887449638792e-02
1.364542796615472904e-02
1.353532766271027706e-02
1.341581384749663750e-02
1.328770355966257290e-02
1.315182630172041095e-02
1.300901584481338295e-02
1.286010258017581016e-02
1.270686681119490881e-02
1.255164330915829740e-02
1.239250032499746891e-02
1.223019268376681831e-02
1.206544417706119886e-02
1.189894355778573810e-02
1.173134117234890528e-02
1.156324621526528922e-02
1.139522458541325847e-02
1.122779731882701804e-02
1.108769249030406440e-02
1.097658248422765832e-02
1.086663411743931870e-02
1.075798065223451151e-02
1.065074491494378932e-02
1.054503930133372097e-02
1.044096583294800394e-02
1.033861626045682117e-02
1.023807221099309536e-02
1.013940537604619309e-02
1.004267773622489861e-02
9.947941819340565955e-03
9.855240988744374056e-03
9.764609758007011808e-03
9.676074129033240476e-03
9.589651949946029208e-03
9.505353289768977282e-03
9.423180827010328026e-03
9.343130248842477711e-03
9.265190658520354103e-03
9.189344987992545746e-03
9.115570413623005561e-03
9.043838772420069103e-03
8.974116976675139065e-03
8.906367425190773318e-03
8.840548408957947524e-03
8.776614509917273627e-03
8.714516991108313751e-03
8.654204176995089134e-03
8.595621822500716311e-03
8.538713470228904284e-03
8.483420794228540771e-03
8.429683930410379264e-03
8.377441792166101173e-03
8.326632371226157930e-03
8.277193023084028142e-03
8.229060736969349976e-03
8.182172389848517760e-03
8.136464984690358268e-03
8.091875872800148237e-03
8.048342960469828666e-03
8.005804899903434801e-03
7.964201264981646614e-03
7.923472711681417771e-03
7.883561124008797022e-03
7.844409745383699312e-03
7.805963296354298704e-03
7.768168078687955232e-03
7.730972066627669545e-03
7.694324985610780272e-03
7.658178379350422463e-03
7.622485665435116756e-03
7.587202180134448512e-03
7.552285213330761637e-03
7.517694033430102549e-03
7.483389903811770230e-03
7.449336090316168585e-03
7.415497861304467912e-03
7.381842480059488260e-03
7.348339190950284837e-03
7.314959198721865570e-03
7.281675642743882029e-03
7.248463565731549409e-03
7.215299877878110155e-03
7.182163316917920814e-03
7.149034404210407624e-03
7.118820342776695578e-03
7.102554282604243464e-03
7.085331067517705236e-03
7.067136108830719514e-03
7.047958469344056676e-03
7.027790805703251417e-03
7.006629293663239021e-03
6.984473538374400339e-03
6.961326471162413224e-03
6.937194233971115745e-03
6.912086053714443061e-03
6.886014107139754731e-03
6.858993378331686153e-03
6.831041509442281265e-03
6.802178646740722479e-03
6.772427282298707982e-03
6.742201620774676205e-03
6.711338185781645996e-03
6.679653196387017565e-03
6.647176386096479740e-03
6.613939061198365922e-03
6.579973939990722658e-03
6.545314994068485506e-03
6.509997292374672222e-03
6.474056848739842031e-03
6.437530472983031549e-03
6.400455626588163506e-03
6.362870283000832475e-03
6.324812792778540700e-03
6.286321754405962275e-03
6.247435890230777951e-03
6.208193928524170617e-03
6.168634491210193277e-03
6.128795987671988715e-03
6.088716514739330246e-03
6.048433762550018550e-03
6.007984926623362310e-03
5.967406626267812535e-03
5.926734828520359433e-03
5.886004778576620078e-03
5.845250935812514904e-03
5.804506915411108969e-03
5.763805436011578721e-03
5.723178272505318430e-03
5.682656214200157950e-03
5.642269028182273459e-03
5.602045427491550780e-03
5.562013044350426309e-03
