1.955666136958819634e-01
1.951629527174357781e-01
1.962316267953911064e-01
1.968398473634482282e-01
1.978136779785177324e-01
2.001398330051441243e-01
2.028724070723685324e-01
2.117848301713921022e-01
1.974551073472038676e-01
2.305561218659569200e-01
2.571024138040747253e-01
3.259711881389633636e-01
4.498934369928128119e-01
3.335055438892815527e-01
4.235236923732824121e-01
4.796923265295329197e-01
4.835607477491493111e-01
4.622392690429985018e-01
4.920472405576766795e-01
5.025712657360104085e-01
5.680711615354511190e-01
5.870834132343584200e-01
6.831534856814324153e-01
6.863798155951257307e-01
7.576800076431990938e-01
6.850125257861705563e-01
9.346425566941889418e-01
9.489336123011740121e-01
7.954027030969975653e-01
7.162066709632323169e-01
9.331561925449525230e-01
8.710479454307606950e-01
5.849419125273686015e-01
3.969779960151295084e-01
3.691991377702186772e-01
3.138120802884784011e-01
3.032683212229877467e-01
2.912753613284277954e-01
3.180453435654824745e-01
3.685373430862387001e-01
3.439977595734761140e-01
3.151510979577495930e-01
3.276404843443210813e-01
3.854268031411930973e-01
4.038006972014595575e-01
4.256764381976697598e-01
4.832782093486486241e-01
5.632189076383866677e-01
5.849591890297617391e-01
6.932588826577309460e-01
6.737417644395207184e-01
5.874143489631458159e-01
6.098255460751664803e-01
6.572953642401061503e-01
5.494934393012742557e-01
5.642019124329633595e-01
5.812245451499100657e-01
5.605342540507672888e-01
5.147112858029683213e-01
4.910666373531537010e-01
5.070102886546639098e-01
5.674074571000108369e-01
6.487691414053092798e-01
7.382514581827701594e-01
8.023289000698294871e-01
8.120732758794495521e-01
7.628956165715580218e-01
7.724715811903107854e-01
7.842113102215135800e-01
7.816080289828074568e-01
7.834536498286857054e-01
8.043368491747723281e-01
8.494211337692082475e-01
9.036745241628608705e-01
9.427923176556820550e-01
9.441697315547887825e-01
9.618854865597065151e-01
1.036403565147339334e+00
1.061652746941764702e+00
1.043697753104399162e+00
1.007704477590535497e+00
9.903462434936060044e-01
1.019040308501041769e+00
1.088790884558597849e+00
1.164478626613646872e+00
1.209037847550308076e+00
1.195233558917975225e+00
1.130784811831522685e+00
1.096231758648170462e+00
1.032883353501315327e+00
9.352398259405506620e-01
8.385098313838076356e-01
7.340883669603300854e-01
6.332753592860047576e-01
5.446275620180148769e-01
4.904502177468527679e-01
4.487098003602402740e-01
4.149236276350935504e-01
3.871508740693801465e-01
3.630987220497083334e-01
3.473315064194968937e-01
3.350387763627748483e-01
3.239998506836687109e-01
3.188425870554197905e-01
3.127731872138693192e-01
3.052988505078511050e-01
2.960930368406144986e-01
2.849865071010280748e-01
2.767953090721880782e-01
2.713770386624944075e-01
2.640640013723937751e-01
2.549526854554581279e-01
2.461016791820065386e-01
2.464517051370889444e-01
2.579509863456755925e-01
2.713045596619325095e-01
2.748668539317312143e-01
2.710630969533341927e-01
2.601877373804466487e-01
2.506236571709002936e-01
2.309302279405465452e-01
2.153939767988316267e-01
2.036047380420044628e-01
1.950854366717201804e-01
1.875500944333716724e-01
1.801719124692083840e-01
1.731964366614828776e-01
1.668600118789221876e-01
1.612132104905121543e-01
1.562642754914035093e-01
1.516826599129958431e-01
1.471804591337357859e-01
1.424670756284013018e-01
1.373993076809368608e-01
1.316758828167428619e-01
1.251791933450088212e-01
1.306964215602995361e-01
1.340968502150722552e-01
1.342675359680683966e-01
1.315614362117574487e-01
1.266404443478877651e-01
1.203578840734085553e-01
1.136182963961465675e-01
1.072420383182782211e-01
1.018630481552954131e-01
9.796835125658849563e-02
9.555867156510622351e-02
9.435850667846330808e-02
9.392884266250772773e-02
9.365343690808963784e-02
9.310302144779367128e-02
9.290641374971184141e-02
9.256349958290852054e-02
9.191698200548675812e-02
9.153789283326337067e-02
8.982980517499815354e-02
8.782714275339209564e-02
8.585783224617782317e-02
8.373870575991872178e-02
8.139392510830978367e-02
7.887351526221356157e-02
7.629996949155472274e-02
7.365107382905171363e-02
7.094937514981862481e-02
7.004210667508518895e-02
7.067493537154981298e-02
7.088537074837093777e-02
7.072127327167999911e-02
7.022560177367967449e-02
6.938973198048822844e-02
6.832048642363132418e-02
6.697629720961983946e-02
6.547799792093421389e-02
6.378772464276676046e-02
6.199647238804720240e-02
6.010375192092847624e-02
5.813326888608797566e-02
5.615489857835138932e-02
5.414027008504531530e-02
5.211490791889051427e-02
5.014224729716369039e-02
4.819202019675979803e-02
4.681984202775334863e-02
4.641781175656881780e-02
4.594018639076073718e-02
4.540014837249322505e-02
4.483813864801568239e-02
4.424250997970859828e-02
4.361393351291547454e-02
4.296113712999957701e-02
4.231217264613075513e-02
4.165875451186073358e-02
4.099919554818375056e-02
4.033876583772338237e-02
3.968198117045512729e-02
3.903889760744191917e-02
3.841759920392622679e-02
3.780793954414374963e-02
3.721208131779446537e-02
3.663166968917871275e-02
3.606787446346368387e-02
3.552143140114385339e-02
3.499268289186757003e-02
3.448409838164531033e-02
3.400082036348564540e-02
3.353373130504109373e-02
3.308208401811733868e-02
3.264492298464721082e-02
3.222112076846683076e-02
3.180941318304108395e-02
3.140843297424452535e-02
3.101674178843289928e-02
3.063286021518484697e-02
3.025529572139614223e-02
2.988662101097842166e-02
2.952592405055884037e-02
2.916712396282637731e-02
2.880890983551044615e-02
2.845005654142901408e-02
2.808943863319453976e-02
2.783464517446566228e-02
2.869398991714184471e-02
2.949805165793294853e-02
3.023329653404513775e-02
3.088659665644197597e-02
3.144551038336609178e-02
3.189868894467395855e-02
3.223630250714303036e-02
3.245042800806348382e-02
3.253552104021197738e-02
3.248871997558084451e-02
3.230966442800290578e-02
3.200000602805400107e-02
3.156288382878909282e-02
3.100230067039158946e-02
3.032669951166003935e-02
2.954681445751365307e-02
2.866433410667038745e-02
2.768702934500011370e-02
2.664789289106687942e-02
2.662612021852895500e-02
2.663978868072383946e-02
2.655982249913215604e-02
2.639227743935963072e-02
2.614473214380057600e-02
2.583223105292073787e-02
2.545259491854840947e-02
2.502007760017388796e-02
2.454528552102933081e-02
2.403617971067692830e-02
2.350094316627919164e-02
2.295857024935776813e-02
2.240778180701703121e-02
2.185926578168364068e-02
2.133037092665488257e-02
2.082151005516774331e-02
2.033815053582066837e-02
1.988605680026029471e-02
1.946962558694042417e-02
1.909191397401451343e-02
1.875469639658715673e-02
1.845854625511119881e-02
1.820293753763783939e-02
1.798636184899843685e-02
1.780737658524282271e-02
1.766275543710661700e-02
1.754827415694136528e-02
1.745991651454286211e-02
1.739333241800607860e-02
1.734396401223769341e-02
1.730716333056928416e-02
1.727829974941732724e-02
1.725285596160736068e-02
1.722651162214139040e-02
1.719521422466535263e-02
1.715911222579583409e-02
1.711371640894747068e-02
1.705367320298870060e-02
1.697640092979969817e-02
1.687975137184439048e-02
1.676655624253775914e-02
1.663446203588501981e-02
1.647917071563311311e-02
1.630015847521441505e-02
1.610111899374307501e-02
1.588266843052578425e-02
1.564088262882026154e-02
1.537652781438789314e-02
1.509572972133658292e-02
1.479685008069571948e-02
1.447874452791334671e-02
1.414298523926402727e-02
1.410133618321050830e-02
1.409411027723963400e-02
1.407288788295633399e-02
1.403769613229628906e-02
1.399140652218479157e-02
1.393397752304711447e-02
1.386320643505605660e-02
1.377946994512232494e-02
1.368532895269317963e-02
1.358205977712680264e-02
1.346719573108642702e-02
1.334131978411596565e-02
1.320505099509245751e-02
1.306353379545067972e-02
1.291284112677577173e-02
1.275356928553767963e-02
1.258640793426602650e-02
1.241205361703061165e-02
1.223482867712541444e-02
1.205177611723929308e-02
1.186340479065956660e-02
1.167039593013751396e-02
1.147341994832575852e-02
1.127313376844831308e-02
1.107219145227469892e-02
1.086971127038913361e-02
1.066558075039501612e-02
1.049371764934235556e-02
1.040163467368367990e-02
1.031065538386043319e-02
1.022075736906439582e-02
1.013191865730939459e-02
1.004411779398567753e-02
9.957333909197726290e-03
9.871546775233807844e-03
9.786736853837249908e-03
9.702885334973588433e-03
9.619974166550217948e-03
9.537986076588976514e-03
9.456904588058201444e-03
9.376714026798215959e-03
9.297399523491388720e-03
9.218947009810284435e-03
9.141343209806527745e-03
9.064575626374962378e-03
8.988632523816580261e-03
8.913502906943661028e-03
8.846563662850073437e-03
8.823359305425606050e-03
8.797017586334866801e-03
8.767675820271341250e-03
8.735475422945669297e-03
8.700561290088207680e-03
8.663081184253218145e-03
8.623185131479959090e-03
8.581157675972615403e-03
8.538163096126922050e-03
8.493163965047236322e-03
8.446312896520098701e-03
8.397762135296841027e-03
8.347663041712388710e-03
8.296165597973912884e-03
8.243417937229003886e-03
8.189565896851906321e-03
8.134752597195831283e-03
8.079118047035689296e-03
8.022798776141632990e-03
7.965927496405119518e-03
7.908632791428595044e-03
7.851038835366365778e-03
7.793404979817992670e-03
7.736241879799529708e-03
7.679081177742531558e-03
7.622028369151836145e-03
7.565183636793192459e-03
7.508641735194028846e-03
7.452491902912901020e-03
7.396817801243708509e-03
7.341697479049025601e-03
7.287203361816138592e-03
7.233402265073581895e-03
7.180355429797018532e-03
7.128118579324984813e-03
7.076741996062345559e-03
7.026270616948254027e-03
6.976744146076560571e-03
6.928197183087723456e-03
6.880659366083207058e-03
6.834155527368430787e-03
6.788705860911212892e-03
6.744326099917227410e-03
6.701027703285364866e-03
6.658818049317350926e-03
6.617700635834743161e-03
6.577675285008522700e-03
6.538738351890788746e-03
6.500882935444524287e-03
6.464099091008322466e-03
6.428374042817177475e-03
6.393692396352253400e-03
6.360036348471489846e-03
6.327385895583763874e-03
6.295719038122642164e-03
6.265011981492788970e-03
6.235239331590934457e-03
6.206374285882907370e-03
6.178388817929942461e-03
6.151253856011937304e-03
