4.260972656752468057e-01
4.261352641369772765e-01
4.279653062346262526e-01
4.259813293762836905e-01
4.326059165638619919e-01
4.338649509175192542e-01
4.401726534331192320e-01
4.466665061203775045e-01
4.535081505857296302e-01
4.783870145158419240e-01
4.904575861692071492e-01
5.204957496398722183e-01
6.505224258875603738e-01
5.465658461197822060e-01
8.148682697148783571e-01
8.743850533961933236e-01
7.472403172194785892e-01
8.778595593769636940e-01
8.534128387097468238e-01
1.031931292853321969e+00
9.538885969380465069e-01
1.126981963332908121e+00
1.021955532451203075e+00
7.976367639420391953e-01
7.819297394061263118e-01
7.696203867777372531e-01
6.986894329007360405e-01
9.215273483162385038e-01
8.724838556537266587e-01
1.025120886306623680e+00
1.013153322520243149e+00
1.047123553311738453e+00
9.768185969415472680e-01
9.547835831913541460e-01
1.034261995909032450e+00
1.191352634870472382e+00
1.272478391891579630e+00
1.407727927415876934e+00
1.341639191730738867e+00
1.426594603310157527e+00
1.674301084257438843e+00
1.690935513350217079e+00
1.557329068074450040e+00
1.804663384199527432e+00
2.234272239473868993e+00
2.124034400190839555e+00
2.409028369416009507e+00
2.333260813413955415e+00
2.836853568555335325e+00
2.579794613288638683e+00
2.310998723236657781e+00
2.203696990264533806e+00
2.171976892693408434e+00
2.188380188102565960e+00
2.381955330154412742e+00
2.409993925857059072e+00
2.087638748124152066e+00
1.900745861961211647e+00
1.978010571687147667e+00
2.456971393634202805e+00
2.742466293583846859e+00
2.779959725859143749e+00
2.617308471433677397e+00
2.468885741654974098e+00
2.161517490096700467e+00
1.772170521218572548e+00
1.436703588087323347e+00
1.188160200997649740e+00
9.994044732697651146e-01
8.379202305978392662e-01
6.801207869745097279e-01
6.438338626327260172e-01
6.103663165817216907e-01
6.282473667372597825e-01
6.388090492977199775e-01
6.028994470361990210e-01
5.869456924457828739e-01
5.703838782638578353e-01
5.523271020485979177e-01
5.333563557428727675e-01
5.122310377132017756e-01
4.789536225394400160e-01
4.563387068726053042e-01
4.685390852202774847e-01
4.605238644712127405e-01
4.310694108717775253e-01
3.970394926230187416e-01
3.798599090430051506e-01
3.556323828651999364e-01
3.307149060595054868e-01
3.455680582226506314e-01
3.580478026456818119e-01
3.659512100533409695e-01
3.686590586484362331e-01
3.641165794167608438e-01
3.505529888102242309e-01
3.306233563217051419e-01
3.334690004521680406e-01
3.253794800682143773e-01
3.062678601184208316e-01
2.916296757140064422e-01
2.866086003827088557e-01
2.752297175018605380e-01
2.580511557914589860e-01
2.542892174515800630e-01
2.511737961189781099e-01
2.433486542668494290e-01
2.315275013946174465e-01
2.182664809064418232e-01
2.046937873957387910e-01
1.920651769241334406e-01
1.812355281247565175e-01
1.725448643749057653e-01
1.659393974472108402e-01
1.611192989159757061e-01
1.576706386614583899e-01
1.551594759299860238e-01
1.531849539813024963e-01
1.514005162284952077e-01
1.495169642671643206e-01
1.474038355667114941e-01
1.448798403217104735e-01
1.417256510068620468e-01
1.378675988285007203e-01
1.332989587703131695e-01
1.280810954693177017e-01
1.223672375115133354e-01
1.164127589852639033e-01
1.122010619298746403e-01
1.117637029266015380e-01
1.106773900135795685e-01
1.090226403301391006e-01
1.069227172921716068e-01
1.046057829483587193e-01
1.021872874467572717e-01
9.976603910281919840e-02
9.747911044324256147e-02
9.543252205517449571e-02
9.369327571819276168e-02
9.228575280351118681e-02
9.119236276430132959e-02
9.035794441026516466e-02
8.969714583787466444e-02
8.910384313441564730e-02
8.846159803611360062e-02
8.765967626573227534e-02
8.669543754598307839e-02
8.537876552547389586e-02
8.364197977623159808e-02
8.144539876642377385e-02
7.877934671695878410e-02
7.566388432284783250e-02
7.223123263419597984e-02
6.847032709927360072e-02
6.510086153247700291e-02
6.474518442956374298e-02
6.420252301187014121e-02
6.347520262436728844e-02
6.257010092625257813e-02
6.149814717850306256e-02
6.027374860766056275e-02
5.895272191363212094e-02
5.752819664688443857e-02
5.600314111374671971e-02
5.439921878363501717e-02
5.273855229144860240e-02
5.104315718452728801e-02
4.933443103075441788e-02
4.976310523763251281e-02
5.028401233625788558e-02
5.052134283039680374e-02
5.046136083720871579e-02
5.013694177200307689e-02
4.958745616094608483e-02
4.885619877439738301e-02
4.798796370118739441e-02
4.702686485061251948e-02
4.601447413585271068e-02
4.498832278264845025e-02
4.398078627199843160e-02
4.301835141525240519e-02
4.212124568988961926e-02
4.130339457347759896e-02
4.057266228456409690e-02
3.993132489059623980e-02
3.937672182767510548e-02
3.890203201972846497e-02
3.849712343545922538e-02
3.814942950953321976e-02
3.784481181231803132e-02
3.756837515326628962e-02
3.730520848098205222e-02
3.704103209679581593e-02
3.676273850903442192e-02
3.645882047915991603e-02
3.611968527756148628e-02
3.573785877382534143e-02
3.530808668979320414e-02
3.482734314837789696e-02
3.429475859926726933e-02
3.371148036684557675e-02
3.308047953861417700e-02
3.240631779357423109e-02
3.170156052327111756e-02
3.096731267628269682e-02
3.020876534950930892e-02
2.967232386548144044e-02
2.974265169809662407e-02
2.977739200642541550e-02
2.977161125705553996e-02
2.972145417594937444e-02
2.962415515290563531e-02
2.947802155723429698e-02
2.928239281528273105e-02
2.903757923214297931e-02
2.874478453214179829e-02
2.840835718384438283e-02
2.803930186952270642e-02
2.762954679048193821e-02
2.718277988298516135e-02
2.670309780232404950e-02
2.619490257393511379e-02
2.566280241155054209e-02
2.511151832910993656e-02
2.454579782135305963e-02
2.397033655529235904e-02
2.338970871241032382e-02
2.280830634555927605e-02
2.223028787321575800e-02
2.165953562594597273e-02
2.109962218221249700e-02
2.055378508765121071e-02
2.059047445585169764e-02
2.071178543620130763e-02
2.083881304769590742e-02
2.096807497509115686e-02
2.109633592563471549e-02
2.122062824550495497e-02
2.133826650915513629e-02
2.144685654081210716e-02
2.154429936729796227e-02
2.162879062632408478e-02
2.169881596794287146e-02
2.175314298397659774e-02
2.179081019170298408e-02
2.181111357769795200e-02
2.181359118445038922e-02
2.179800619041787069e-02
2.176432890025197658e-02
2.171271802666863496e-02
2.164350160556068395e-02
2.155715784920983133e-02
2.145429620274144980e-02
2.133563883361978483e-02
2.120200274610821445e-02
2.105428268043964962e-02
2.089343492433160671e-02
2.072046213442344312e-02
2.053639924026615798e-02
2.034230047713561987e-02
2.013922757476760417e-02
1.992823910880928487e-02
1.971038100545177002e-02
1.948667817678537140e-02
1.925812725163787709e-02
1.902569035731195221e-02
1.879028990056000673e-02
1.855280428975912901e-02
1.831406453531567516e-02
1.807485166465666593e-02
1.783589488333090639e-02
1.759787041707688848e-02
1.736140096631211271e-02
1.712705570881307635e-02
1.689535078668705920e-02
1.666675021661118486e-02
1.644166716557212901e-02
1.622046553621694920e-02
1.600346181223903652e-02
1.579092711379470257e-02
1.558308942031172775e-02
1.538013592054242491e-02
1.518221545153627082e-02
1.498944099572903019e-02
1.480189220470026594e-02
1.461961792467543833e-02
1.444263870077674289e-02
1.427094923915112404e-02
1.410452081214743150e-02
1.398567956498991856e-02
1.391286179261914599e-02
1.383722342772782110e-02
1.375896701832622811e-02
1.367829502594945443e-02
1.359540855648831877e-02
1.351050623445141166e-02
1.342378321273389810e-02
1.333543031120411858e-02
1.324563327501813645e-02
1.315457214547597654e-02
1.306242073524773936e-02
1.296934620001655852e-02
1.287550869868644629e-02
1.278106113506312889e-02
1.268614897329189452e-02
1.259091011995500456e-02
1.249547486686381111e-02
1.239996588731635818e-02
1.230449828011169824e-02
1.220917965589218140e-02
1.211411026013236789e-02
1.201938312794831147e-02
1.192508426602207836e-02
1.183141546894636228e-02
1.173870787759860763e-02
1.164661220209977331e-02
1.155519001834932197e-02
1.146449705216153955e-02
1.137458343894243336e-02
1.128549398844660642e-02
1.119726845206274989e-02
1.110994179058888594e-02
1.102354444110663703e-02
1.093810258072287940e-02
1.085363838684731859e-02
1.077017029198893035e-02
1.068771323235809256e-02
1.060627888980868530e-02
1.052587592590025455e-02
1.044651020812336142e-02
1.036818502695417352e-02
1.029090130458071642e-02
1.021465779429324948e-02
1.013945127033123901e-02
1.006527670872173034e-02
9.992127458626929790e-03
9.925653553418855440e-03
9.873375348957125555e-03
9.821472399580458493e-03
9.769924774787787022e-03
9.718714488303872856e-03
9.667825364146374195e-03
9.617242908375414623e-03
9.566954186443293873e-03
9.516947705654484058e-03
9.467213304104707058e-03
9.417742044350774569e-03
9.368526113254478996e-03
9.319558726961661363e-03
9.270834041405530412e-03
9.222347067982526389e-03
9.174093594349232508e-03
9.126070110012521677e-03
9.078273737042012043e-03
9.030702165108393797e-03
8.983353591015312556e-03
8.936226662651239674e-03
8.889320426702578687e-03
8.842634280620044820e-03
8.796167927964740341e-03
8.749921337463544002e-03
8.703894705346472416e-03
8.658088420687179085e-03
8.612503034078436773e-03
8.567139228714997987e-03
8.521997794330802428e-03
8.477079603498773736e-03
8.432385590461954211e-03
8.387916731796953365e-03
8.343674029236792383e-03
8.299658494546209228e-03
8.255871135993481796e-03
8.212312946267816965e-03
8.168984892144261906e-03
8.125887905491836066e-03
8.083022875414867803e-03
8.040390641686000900e-03
7.997991989141233632e-03
7.955827643249525211e-03
7.913898266226652642e-03
7.872204454402490295e-03
7.830746735806286968e-03
7.789525568889383786e-03
7.748541341531751947e-03
7.707794370718093827e-03
7.667284902619346358e-03
7.627013112985828354e-03
7.586979108427266937e-03
7.547182927012319707e-03
7.507624540396391766e-03
7.468303854996314987e-03
7.429220714334921344e-03
7.390374900906368505e-03
7.351766138462674516e-03
7.313394094301770357e-03
7.275258381926695724e-03
7.237358563263056148e-03
7.199694151365986991e-03
7.162264612948422704e-03
7.125069370894092716e-03
