2.583684292182873432e-01
2.585264427638208073e-01
2.570175966837892623e-01
2.623366726786830472e-01
2.638039301797440728e-01
2.663294989196601237e-01
2.705126555829394652e-01
2.792311121373399208e-01
2.871033844519357281e-01
3.046855174695559110e-01
3.342203718877997387e-01
3.916813404303776669e-01
4.626832224481087219e-01
5.271855505708685774e-01
5.108975948014883306e-01
4.884712095483117467e-01
4.403424998682005098e-01
5.509585379442861752e-01
5.884306540856375500e-01
5.933422433779849126e-01
6.441106203077707759e-01
6.881737818886074498e-01
7.922356846387180740e-01
8.818071846811058601e-01
7.992520757443273283e-01
1.302101305448148727e+00
1.099403307322322165e+00
1.025902670304838837e+00
1.106643162155483529e+00
1.146282181229568264e+00
1.137154599343016548e+00
1.305416476836862794e+00
1.422557266931341102e+00
8.784209653230404813e-01
6.164091470451522614e-01
5.128109924970903899e-01
4.509391680546981362e-01
4.424573770603257294e-01
4.959291947236065257e-01
4.827928909183166195e-01
5.366122413599392349e-01
5.228799201572229549e-01
5.071711537238785539e-01
5.054528287919880514e-01
5.054477990707911816e-01
5.120165877573086277e-01
5.256578881430259420e-01
5.428026189463350804e-01
5.571992582501187341e-01
5.575706072695977289e-01
5.993325841161792900e-01
6.082951753984157106e-01
5.845202406078621182e-01
5.925737266992036067e-01
6.605261153453076961e-01
6.679212659363330529e-01
6.197351854061262655e-01
6.491846219438937027e-01
6.716254070139414667e-01
6.889322796406555094e-01
7.181739534674528302e-01
7.643111023163906559e-01
7.945329629001766092e-01
7.975135388637500933e-01
8.443609688594403417e-01
9.675229362174054826e-01
1.035335395444362483e+00
1.076816857780888759e+00
1.127652287487729943e+00
1.223977610354658019e+00
1.371755382934682022e+00
1.491180829746301839e+00
1.542936371718738320e+00
1.487711955929204022e+00
1.376983748185642620e+00
1.311788984776223188e+00
1.325278780957347857e+00
1.379016485570217831e+00
1.398578428620100844e+00
1.316134622402120424e+00
1.258592398933110035e+00
1.356712239581148838e+00
1.409914768349414871e+00
1.426868225544686508e+00
1.437609280010173851e+00
1.428952593264294801e+00
1.406529926787309481e+00
1.373222555268503342e+00
1.339727903011900034e+00
1.313892251613341111e+00
1.320673989784139524e+00
1.332118471328681997e+00
1.296588901825593387e+00
1.222563211825623775e+00
1.123985046168110458e+00
1.028136453404892237e+00
9.358947994017443595e-01
8.567600419913475873e-01
7.748759769105543205e-01
7.057714336805148703e-01
6.385183216122423122e-01
5.741221423360187703e-01
5.156313324504989692e-01
4.636925419189439346e-01
4.197085188305474390e-01
3.839901176683153117e-01
3.560211008150531709e-01
3.347495664771201196e-01
3.188594125068749952e-01
3.069920693059050576e-01
2.979047832352846870e-01
2.905647091363718904e-01
2.841869967160297605e-01
2.782299450870950874e-01
2.723617912729356383e-01
2.664127218306549527e-01
2.603232203100289688e-01
2.540967321804899481e-01
2.477653072586748495e-01
2.416116071372809981e-01
2.389167220573164829e-01
2.461274547791895972e-01
2.520080730228956845e-01
2.561890699853577313e-01
2.586922539107711083e-01
2.590350766549635586e-01
2.571734412393673619e-01
2.532767851080898747e-01
2.470760833559034753e-01
2.386821283536457172e-01
2.283968321096627452e-01
2.165472357489894029e-01
2.116635774656980273e-01
2.075539820955739079e-01
2.018728757807956853e-01
1.948394430017145740e-01
1.867684382698622247e-01
1.780469118345196500e-01
1.687873405117502890e-01
1.596039941727712685e-01
1.506026351225300819e-01
1.421528708291987242e-01
1.345581596919403489e-01
1.310666863756894951e-01
1.291468557192451405e-01
1.330253139049636657e-01
1.355703146230712863e-01
1.371563089965699977e-01
1.380283698250376612e-01
1.382211338365753606e-01
1.376263113403956850e-01
1.378226544638702089e-01
1.410167003445103318e-01
1.434550777778329789e-01
1.449757424251744975e-01
1.453875997380671414e-01
1.444794166458286677e-01
1.420693455874648126e-01
1.380004620148896077e-01
1.324794756721678901e-01
1.331758999761302187e-01
1.327620217905389755e-01
1.310691729455313315e-01
1.281481901612141205e-01
1.239553721877252462e-01
1.186210739908259010e-01
1.123233042849762081e-01
1.052064380885596589e-01
1.043578153897687655e-01
1.030687569824930427e-01
1.014791265828536154e-01
9.947549719946936764e-02
9.724308502682163513e-02
9.469804198425785247e-02
9.198606216209113950e-02
8.906500098568910506e-02
8.604485356496351101e-02
8.290580698824660810e-02
7.972991287104452818e-02
7.651288847432910489e-02
7.331706702708891410e-02
7.190220092348560688e-02
7.046365802062919126e-02
6.903475448954432547e-02
6.759551230752751383e-02
6.615586690333070952e-02
6.472468321658612911e-02
6.330976614292213589e-02
6.191788582682794528e-02
6.055481519870756918e-02
5.922537733611144689e-02
5.793350043976582681e-02
5.668227842328425747e-02
5.547403533405444176e-02
5.431039203440715668e-02
5.319233377875027396e-02
5.212027752003908082e-02
5.109413796488410792e-02
5.011339156780090370e-02
4.917713781589484745e-02
4.828415729628112579e-02
4.743296616984950947e-02
4.662186678715055099e-02
4.584899428418370837e-02
4.511235908016738433e-02
4.440988527500924071e-02
4.373944500507535166e-02
4.309888886650538320e-02
4.248607255664595128e-02
4.189887991622313207e-02
4.133524257882024294e-02
4.079315645041747124e-02
4.027069525405294059e-02
3.976602137950863841e-02
3.927739427786163667e-02
3.880317664092544638e-02
3.834183859740888239e-02
3.789196015006773832e-02
3.745223206941976357e-02
3.702145544590111637e-02
3.659854009139264924e-02
3.618250196702400834e-02
3.577245980122687602e-02
3.536763104680179515e-02
3.496732731410202855e-02
3.457094940270572653e-02
3.417798204140277962e-02
3.378798843408922781e-02
3.340060469736600562e-02
3.301553426498574778e-02
3.263254232269740401e-02
3.225145032935410744e-02
3.187213066982901716e-02
3.149450147823840834e-02
3.111852166177132145e-02
3.074418614999142874e-02
3.040787227699677173e-02
3.020171182776919608e-02
2.999938645942905671e-02
2.980052662339324407e-02
2.960478535252291168e-02
2.941183826771076940e-02
2.922138341033060985e-02
2.903314092392825577e-02
2.884685260628106276e-02
2.866228135193774409e-02
2.847921050298969289e-02
2.829744312516657007e-02
2.811680122366562451e-02
2.793712491260046810e-02
2.775827155032471738e-02
2.758011485133830473e-02
2.740254398430104835e-02
2.722546266498104828e-02
2.704878825128716538e-02
2.687245084723374408e-02
2.669639242058716513e-02
2.652056594000823039e-02
2.634493453482395636e-02
2.616947068091246900e-02
2.599415541550103084e-02
2.581897758302097515e-02
2.564393311313593882e-02
2.546902433254319420e-02
2.529425931133286870e-02
2.511965124367598542e-02
2.494521786379261252e-02
2.477098089622828750e-02
2.459696554060993370e-02
2.442319998984201351e-02
2.424971498122622734e-02
2.407654337963353874e-02
2.390371979143353018e-02
2.373128020824942508e-02
2.355926167947891212e-02
2.338770201206202826e-02
2.321663949657972598e-02
2.304611265786623078e-02
2.287616002955731448e-02
2.270681995070004955e-02
2.253813038330045038e-02
2.237012874974380824e-02
2.220285178853991653e-02
2.203633542731286282e-02
2.187061467221760452e-02
2.170572351186769722e-02
2.154169483537763871e-02
2.137856036329821227e-02
2.121635059006706306e-02
2.105509473782965144e-02
2.089482071965367838e-02
2.073555511221153447e-02
2.057732313676204072e-02
2.042014864736434870e-02
2.026405412615629731e-02
2.010906068463770222e-02
1.995603243358243239e-02
1.980423179663859043e-02
1.965355339164468612e-02
1.950401375938779977e-02
1.935562815035548126e-02
1.920841054909609713e-02
1.906237370098287642e-02
1.891752914121088217e-02
1.877388722605554533e-02
1.863145716539386584e-02
1.849024705647666841e-02
1.835026391924803740e-02
1.821151373188737224e-02
1.807400146711328481e-02
1.793773112904283387e-02
1.780270578998176603e-02
1.766892762736897715e-02
1.753639796063185402e-02
1.740511728766017119e-02
1.727508532112762007e-02
1.714630102412285570e-02
1.701876264538883590e-02
1.689246775396050990e-02
1.676741327292289099e-02
1.664359551262312165e-02
1.652101020310661056e-02
1.639965252546736127e-02
1.627951714259854091e-02
1.616059822900275597e-02
1.604288949966510558e-02
1.592638423792101104e-02
1.581107532262928869e-02
1.569695525414289625e-02
1.558401617967934173e-02
1.547224991737741924e-02
1.536164797988548610e-02
1.525220159660437697e-02
1.514390173533092243e-02
1.503673912295166309e-02
1.493070426529986838e-02
1.482578746600757974e-02
1.472197884476188039e-02
1.461926835458643957e-02
1.451764579850618048e-02
1.441710084518743606e-02
1.431762304414880421e-02
1.421920183998660187e-02
1.412182658602607194e-02
1.402548655735032582e-02
1.393017096310508046e-02
1.383586895809848019e-02
1.374256965396291816e-02
1.365026212958832946e-02
1.355893544115767402e-02
1.346857863136965636e-02
1.337918073848235259e-02
1.329073080456379292e-02
1.320321788339158010e-02
1.311663104787569832e-02
1.303095939721742903e-02
1.294619206319978962e-02
1.286231821651225016e-02
1.277932707254313127e-02
1.269720789676183001e-02
1.261595000964150885e-02
1.253554279162170763e-02
1.245597568735294300e-02
1.237723820976945402e-02
1.229931994397449532e-02
1.222221055075519043e-02
1.214589976978289881e-02
1.207037742264943474e-02
1.199563341557792311e-02
1.192165774209994443e-02
1.184844048533527545e-02
1.177597181992865415e-02
1.170424201422756195e-02
1.163324143185965470e-02
1.156296053333131027e-02
1.149338987748898047e-02
1.142452012261823378e-02
1.135634202768559878e-02
1.128884645316940299e-02
1.122202436191692930e-02
1.115586681981874453e-02
1.109036499644058642e-02
1.102551016535280141e-02
1.096129370458816948e-02
1.089770709684934231e-02
1.083474192962951763e-02
1.077238989527733518e-02
1.071064279112426097e-02
1.064949251913073144e-02
1.058893108590836137e-02
1.052895060241712533e-02
1.046954328360761959e-02
1.041070144809541805e-02
1.035241751778119557e-02
1.029468401727694042e-02
1.023749357340474932e-02
1.018083891457646252e-02
1.012471287032034109e-02
1.006910837047775634e-02
1.001401844446193727e-02
