2.575310002421460354e-01
2.584864620829335768e-01
2.644826620919792926e-01
2.603049330098413106e-01
2.626578636191514438e-01
2.658946070408019224e-01
2.667862240357549708e-01
2.695290283770946926e-01
2.883689979262134551e-01
3.697588862895175299e-01
3.289878632264230385e-01
3.806624564601051586e-01
4.849693170871511305e-01
6.197014064100155872e-01
3.911697793419766089e-01
5.584355924974625518e-01
4.583326802074043638e-01
5.736182134474129279e-01
7.923477939893637245e-01
5.461690979050886074e-01
6.776090348851981915e-01
8.715441789156919139e-01
8.712171324356660085e-01
1.093876787224121516e+00
1.018451112273123460e+00
9.310412655314339592e-01
1.253010147092714188e+00
1.031707901454394838e+00
9.729683894308345238e-01
1.245623892174100744e+00
1.221393262563711390e+00
7.218996608269162563e-01
5.715681314943691360e-01
5.071847898062660231e-01
4.874390563293763412e-01
4.538686012824932892e-01
4.287458960729490509e-01
4.524647648140476264e-01
4.739286115616919148e-01
5.246864607590211449e-01
6.436069446668484240e-01
6.529959472208904936e-01
6.596336620859166722e-01
5.730161089069250036e-01
5.882141105302494122e-01
6.679628156615223800e-01
6.892841284408772751e-01
7.141961069294610054e-01
7.436130643258833661e-01
6.999792829414952511e-01
8.266671477435496573e-01
9.531112912468552301e-01
8.924762554340361920e-01
8.502350180738879049e-01
8.680695284972622661e-01
9.014886868305171941e-01
9.260957901721512675e-01
9.543070836666539547e-01
1.026054517268154109e+00
9.625668264458809853e-01
9.168024771828839903e-01
9.746417653924107638e-01
1.056499987461096524e+00
1.121704749801371026e+00
1.029626014429591896e+00
1.030167124229515174e+00
1.101559602320740350e+00
1.114005053677709078e+00
1.135850418709861698e+00
1.248245933614658076e+00
1.325623457356310153e+00
1.252691823851771025e+00
1.153212800288714091e+00
1.209319398555879665e+00
1.470248449030085780e+00
1.700782705134374240e+00
1.715820099457380898e+00
1.563721272874506907e+00
1.580805539567211593e+00
1.544184200774833204e+00
1.490611784177303223e+00
1.452096460297584324e+00
1.438341134863446058e+00
1.438703004245195372e+00
1.433771064133031237e+00
1.422612992848449442e+00
1.415897262015410440e+00
1.337321658240620881e+00
1.207616470360080685e+00
1.053504882497813488e+00
9.143427961964866180e-01
7.965979168223702445e-01
7.115417605571973114e-01
6.353701773374812456e-01
5.781932148458180931e-01
5.310515461525270320e-01
4.940986692498360866e-01
4.649750790010246382e-01
4.408522998622873557e-01
4.198104259275649008e-01
3.994904247562828803e-01
3.797224956746675928e-01
3.605372522059641094e-01
3.474201702690275506e-01
3.344998560667731824e-01
3.227290897867071684e-01
3.119904222899510526e-01
3.025832330313640850e-01
2.944813567563570045e-01
2.871717605461850398e-01
2.807383817078275556e-01
2.742631617275931855e-01
2.679027814541537489e-01
2.608861671792715442e-01
2.684186748711271386e-01
2.686676799883285782e-01
2.615740845995254138e-01
2.480879426037849167e-01
2.462480086403176227e-01
2.391336796624410621e-01
2.275431530154055915e-01
2.142343411747737181e-01
2.010477328884522352e-01
1.966740329050770397e-01
1.918883460563880483e-01
1.864589412297114612e-01
1.809690722075240898e-01
1.749821188800279870e-01
1.696781081494206367e-01
1.713099120526682118e-01
1.726169732869918538e-01
1.735106269995882466e-01
1.737466668865365882e-01
1.731062415904342511e-01
1.715604014194775373e-01
1.687725674674319665e-01
1.648709789061962028e-01
1.597468577934971212e-01
1.533624633201246812e-01
1.460935636476573818e-01
1.456679937535136637e-01
1.505239844272298344e-01
1.536753619202189669e-01
1.544116539131939192e-01
1.526709832100020536e-01
1.486689115005874195e-01
1.427872194823723018e-01
1.353438876328862395e-01
1.296452739237200502e-01
1.297846218556735487e-01
1.283943500902264556e-01
1.259781645117796223e-01
1.226703725798313771e-01
1.189751051792393988e-01
1.150327702122610485e-01
1.113002547835419548e-01
1.077873047303452569e-01
1.046239365193681742e-01
1.018962425193026544e-01
9.960123140133408937e-02
9.760957097356544321e-02
9.581913512717046832e-02
9.410988625013294584e-02
9.247149509880035756e-02
9.068682771307000345e-02
8.866431071723603063e-02
8.643554041560029544e-02
8.389385181217427767e-02
8.099714693592006964e-02
7.787408302436779617e-02
7.443767229760792081e-02
7.472369044404404692e-02
7.566221233994727124e-02
7.637109069931254102e-02
7.673221350177800160e-02
7.675053108891932707e-02
7.650653811953628258e-02
7.600451000949209890e-02
7.522332720302181419e-02
7.420141162221381703e-02
7.305414658059204702e-02
7.171670742278475619e-02
7.021883715220603173e-02
6.859434495466536219e-02
6.692670173601651673e-02
6.516272443635641454e-02
6.331973676887754643e-02
6.141228750306969297e-02
5.945371262742037144e-02
5.749934283696871845e-02
5.550751701100100494e-02
5.348790613482006656e-02
5.145040525739204285e-02
4.940556306516306201e-02
4.736487645850381845e-02
4.534094122092460072e-02
4.465948336296858556e-02
4.465366577455658764e-02
4.465021301123760222e-02
4.464472170432424308e-02
4.464846321947194691e-02
4.464165292669643875e-02
4.461933233969334750e-02
4.457665857522506714e-02
4.450894519372967234e-02
4.441175449743327980e-02
4.428097819672707075e-02
4.411290586774930383e-02
4.390428096659305945e-02
4.365234446361816040e-02
4.335486641657495394e-02
4.303353442773005799e-02
4.266505396625714513e-02
4.224739328448125220e-02
4.178039690115131072e-02
4.126444328472063383e-02
4.070042158489035888e-02
4.008970218013819392e-02
3.943794204324303082e-02
3.876185221750441667e-02
3.804459809184753544e-02
3.728900814312276907e-02
3.649819842588288010e-02
3.567552673893435722e-02
3.482454674723365479e-02
3.458096187884663469e-02
3.507703692448296134e-02
3.548708568716964218e-02
3.580293643287110056e-02
3.601827577758459631e-02
3.612864463139969090e-02
3.613140060420994004e-02
3.604174120231908029e-02
3.585761750899964934e-02
3.556766403984251701e-02
3.517526830831203821e-02
3.468510282488646707e-02
3.410296983371834817e-02
3.345074934959895580e-02
3.273050865586146774e-02
3.193902545820870298e-02
3.108484615107237614e-02
3.017686693510733889e-02
2.961195756108040561e-02
2.935674066643335911e-02
2.923861408878788287e-02
2.975837203203642728e-02
3.020194576387036714e-02
3.057635829496712157e-02
3.086720776253426210e-02
3.108393002488095413e-02
3.123213784491338935e-02
3.130121594941544932e-02
3.130271657366962695e-02
3.124442136979673976e-02
3.111746030883109221e-02
3.092790235507711372e-02
3.069729983884355098e-02
3.041223994460676497e-02
3.007827807375749313e-02
2.970245098135881542e-02
2.930325625910756501e-02
2.887113666099900416e-02
2.841174074724631821e-02
2.793058548472305419e-02
2.743300046328799729e-02
2.692851777637828362e-02
2.642193045565583223e-02
2.591219339377375322e-02
2.540352926584268922e-02
2.489981182197375728e-02
2.440455116174583203e-02
2.392088487053610490e-02
2.345157453985289436e-02
2.299900716100407652e-02
2.256520087540603639e-02
2.215181455682339873e-02
2.176016070726935828e-02
2.139122116122967043e-02
2.104566510891341807e-02
2.072386897491590094e-02
2.042593771480886305e-02
2.015172712288999801e-02
1.990086677651157696e-02
1.967278327753862327e-02
1.946672348376097053e-02
1.928177746174658883e-02
1.911690092169943817e-02
1.897093693359754724e-02
1.884263675127432341e-02
1.873067960490103906e-02
1.863369134940441943e-02
1.855026188240242041e-02
1.847896127195593208e-02
1.841835455378611902e-02
1.836701518043089287e-02
1.832353712063371567e-02
1.828654562396451674e-02
1.825470667924088478e-02
1.822673520639762554e-02
1.820140203125203762e-02
1.817753970137167899e-02
1.815404720542666481e-02
1.812989366596991919e-02
1.810412107592977368e-02
1.807584615311834744e-02
1.804426138750533579e-02
1.800863535588787673e-02
1.796831237713900076e-02
1.792271158050597057e-02
1.787156431637787826e-02
1.781702570628681745e-02
1.775597614316543060e-02
1.768810080801383119e-02
1.761314877280429486e-02
1.753092999356762119e-02
1.744131212417568758e-02
1.734421719799205883e-02
1.723961821778422637e-02
1.712753569188812594e-02
1.700803415003041344e-02
1.688121866903431398e-02
1.674723143463903441e-02
1.660624836268098647e-02
1.645847579937255098e-02
1.630414731777171666e-02
1.614470544402949598e-02
1.598121956070953920e-02
1.581191195107632674e-02
1.563708964257826822e-02
1.545707335375483618e-02
1.527219506304134701e-02
1.508279572271818691e-02
1.488922311792504130e-02
1.469182987097052140e-02
1.449097158888556190e-02
1.428700515069359842e-02
1.408028713244167777e-02
1.387117236398805950e-02
1.366001261438947421e-02
1.344715539955407442e-02
1.323294290761176800e-02
1.301771103547729770e-02
1.280178853154959051e-02
1.258549623738556937e-02
1.236914642399293898e-02
1.215304221515877900e-02
1.193747709338976309e-02
1.172273448139751761e-02
1.154902898561933206e-02
1.152078368991768000e-02
1.148573101514072277e-02
1.144407139745852627e-02
1.139601548127365874e-02
1.134178299164064103e-02
1.128160165247392259e-02
1.121570615004483309e-02
1.114433714203648396e-02
1.106774031283501609e-02
1.098616547378954318e-02
1.090246975554740906e-02
1.081432065804456728e-02
1.072186679180217594e-02
1.062536498885395357e-02
1.052507262261384059e-02
1.042124695423471414e-02
1.040252284756125294e-02
1.038599517607875604e-02
1.036550755881438489e-02
1.034113638125193357e-02
1.031296264567929666e-02
1.028107163005413660e-02
1.024555255808962811e-02
1.020649828135859923e-02
1.016400497202693369e-02
1.011817182658716029e-02
1.006910077994492905e-02
1.001709072805177098e-02
9.963625867581057602e-03
9.907201541854109353e-03
9.847926792582600147e-03
9.785912222991294609e-03
9.721269766263003834e-03
9.654112462812199438e-03
9.584554245366964931e-03
9.512709732546049263e-03
9.438694029415340900e-03
9.362622536302772289e-03
9.284610764655479992e-03
9.204774159702814110e-03
9.123227930790499610e-03
9.040086887839353380e-03
8.955465284838606821e-03
8.869476669768325272e-03
8.782233740848847947e-03
8.693848209060515975e-03
8.604430666756007762e-03
8.514090462628482597e-03
8.422935582003099678e-03
8.331072533482053802e-03
