1.757782885081529134e-01
1.752940898829228600e-01
1.816521725197107473e-01
1.846652166884290847e-01
1.864553282772542786e-01
1.961530827104448760e-01
2.486712036272580584e-01
3.366665157212571646e-01
2.400323172213526812e-01
2.638353937849292064e-01
4.013995001173988331e-01
3.493165061402679905e-01
4.956791961943609603e-01
3.204331350761730479e-01
5.060925572551360219e-01
4.421354376730961544e-01
5.372214004003047494e-01
5.712898006252773442e-01
6.255534321672868714e-01
7.773546903447412504e-01
5.401614110571830718e-01
5.439453112906187382e-01
4.875733807290979493e-01
4.144830019356266493e-01
4.281047271234426077e-01
4.310632890470931788e-01
4.404381813181249550e-01
4.592823954338230430e-01
5.063932865909939185e-01
5.349466975971778337e-01
5.177660222852337180e-01
6.224155877362504974e-01
5.595282342530512043e-01
6.287476657288788573e-01
6.519633314633113130e-01
6.026879092148097472e-01
7.327463599058703370e-01
7.250296990423448218e-01
7.393145787499648680e-01
6.390331033993079668e-01
8.041307970052756771e-01
9.552957024137243014e-01
8.967861183819089144e-01
9.174390661168019268e-01
9.895764904384117822e-01
1.063921740157727447e+00
1.132008974647038757e+00
1.196071622259132994e+00
1.168060740901643690e+00
1.157489810166983935e+00
1.019707928053226853e+00
1.091638231526086855e+00
1.348194215646271621e+00
1.462583589390596739e+00
1.598944557294861069e+00
1.668551826023692453e+00
1.621206696840847394e+00
1.557178140673928235e+00
1.359553439032472610e+00
1.188780905530933074e+00
1.017585135571036137e+00
1.032187999903648734e+00
1.144922842728578471e+00
1.156055121193186874e+00
1.109932776232462004e+00
9.428030590859010074e-01
9.368318593193020183e-01
9.074854041100942625e-01
8.734867910140329261e-01
8.022690546484145813e-01
7.380215068011010127e-01
6.860416244224842863e-01
5.947115460173378887e-01
5.316065310069137961e-01
4.643198455092064636e-01
4.190897647027230222e-01
4.131495014856763626e-01
4.213973357895450245e-01
4.219319064523214258e-01
4.271844818651935882e-01
4.212537275372608137e-01
3.947860748252166041e-01
3.524545100914818208e-01
3.322441574733099867e-01
3.287949585247911255e-01
3.093999843201038491e-01
2.748259212610260627e-01
2.681348828615951474e-01
2.732637645798721149e-01
2.598400347034489632e-01
2.430572851692684999e-01
2.377352130929087926e-01
2.463392415758682286e-01
2.566647835705453407e-01
2.533679582949223685e-01
2.464131652893676860e-01
2.259356181496231519e-01
2.104514049580640811e-01
2.104095295427710899e-01
2.070058291772961245e-01
2.004961650220292713e-01
1.912640208427193456e-01
1.797667678574598193e-01
1.678382014574715253e-01
1.621859179438401577e-01
1.557616943883604055e-01
1.512834115947601921e-01
1.479587479989273036e-01
1.433339974319935706e-01
1.375315815930484575e-01
1.307162457862747207e-01
1.234682178330438612e-01
1.155982416971422649e-01
1.076361589810321678e-01
9.948136141018681933e-02
9.160670588684786952e-02
8.799285307362901543e-02
8.443093096190422420e-02
8.188243172123225999e-02
8.948765557155348438e-02
9.641167950412059262e-02
1.008691751272837306e-01
1.026196243422479587e-01
1.059982373031434499e-01
1.080165880786144728e-01
1.066448478927214810e-01
1.025348536356163465e-01
9.624000793506642948e-02
8.878241850747897734e-02
8.540827427543239148e-02
8.107092693635060965e-02
7.864361710892553425e-02
7.562493831394366539e-02
7.194936119991648948e-02
6.821833283178649343e-02
6.740927411763851518e-02
6.598267184937937901e-02
6.399190435598137161e-02
6.126315648688542004e-02
5.794381016466462059e-02
5.401106697164167331e-02
4.973526933718544485e-02
4.658204138979878811e-02
4.703499141658484123e-02
4.729433853070711541e-02
4.780341121027455870e-02
4.857940986661753169e-02
4.909257430006003925e-02
4.924205083047215881e-02
4.906465430880471712e-02
4.849991031217722182e-02
4.763731611026891799e-02
4.642434912595250207e-02
4.488514858203161012e-02
4.428502467688059940e-02
4.592818235923308567e-02
4.767749317871821518e-02
4.879713189774992355e-02
4.911619216634440649e-02
4.870795733874357797e-02
4.746078211760097060e-02
4.551673900817049950e-02
4.431190624343041978e-02
4.395830927842261926e-02
4.340725885518246369e-02
4.260819417787109487e-02
4.166096139428535072e-02
4.300884515547135495e-02
4.301244775986311220e-02
4.177239507392973422e-02
3.952858696212151884e-02
3.774699214994947649e-02
3.672652461321820189e-02
3.567229800271861512e-02
3.455872415382620078e-02
3.339722940403692941e-02
3.278792358864291573e-02
3.192945134704994886e-02
3.082760323843583561e-02
2.949902207032223736e-02
2.799882847244585318e-02
2.723666565100103798e-02
2.719285470245645306e-02
2.835487272519095908e-02
2.982205094487074687e-02
3.105560720247306158e-02
3.194978979989586410e-02
3.244381763790326473e-02
3.252276609970788240e-02
3.269219352826772257e-02
3.317853344551564831e-02
3.339348961195282711e-02
3.320274373689489911e-02
3.335990643615353857e-02
3.311646249881899928e-02
3.254162252209209794e-02
3.171409413441391573e-02
3.071378429331243082e-02
2.961543091565542810e-02
2.850894887320395282e-02
2.743780812527798693e-02
2.646662546079174561e-02
2.560712611098059713e-02
2.487661982348624012e-02
2.428340467126531912e-02
2.379710817868694456e-02
2.339284936736278631e-02
2.304072768661255891e-02
2.272729563166198466e-02
2.240836950976403050e-02
2.206182401265831261e-02
2.169003540151438758e-02
2.126440629763277218e-02
2.079679813367938182e-02
2.028183572390365730e-02
1.973232788029357504e-02
1.915554336251270098e-02
1.879300438011257887e-02
1.855342785849447076e-02
1.831453789928632128e-02
1.807656459076188715e-02
1.783971769186836961e-02
1.760418778780102264e-02
1.737014742086232313e-02
1.713775219284880205e-02
1.690714183452278127e-02
1.667909302783477862e-02
1.645591606287695116e-02
1.623466803882777851e-02
1.601544339704673650e-02
1.579832519737093058e-02
1.558338595439908228e-02
1.537068843335984147e-02
1.516028640590878079e-02
1.506723635106688684e-02
1.503148195504454623e-02
1.494899642951616828e-02
1.481913679865089380e-02
1.463060688725435245e-02
1.438099039246807688e-02
1.406610174538901019e-02
1.374126704952534882e-02
1.359076764006403662e-02
1.358271377438290128e-02
1.358464454134460965e-02
1.353188234073715232e-02
1.342355877223076407e-02
1.325890779426442713e-02
1.309050244125882848e-02
1.292706998998645850e-02
1.273645796540538028e-02
1.264047483744525947e-02
1.261172630175316084e-02
1.257004855158969786e-02
1.276465333200614040e-02
1.294597709185393505e-02
1.308300348503714516e-02
1.317447758770335688e-02
1.322756051788446380e-02
1.323875879108590489e-02
1.320394109916188038e-02
1.312390541501887511e-02
1.312098637449195075e-02
1.322648821137798955e-02
1.329647936148165704e-02
1.333109110585805647e-02
1.333076948581689465e-02
1.330247455262082573e-02
1.324488485275083366e-02
1.315511227552083016e-02
1.303457524735742064e-02
1.288489188800034761e-02
1.270916064953080821e-02
1.251549130533023343e-02
1.249633560741905854e-02
1.244012775280251698e-02
1.234853347302124378e-02
1.222742972223888822e-02
1.208074973147468117e-02
1.190487556136128611e-02
1.170233344039311139e-02
1.147576731921340527e-02
1.122790352539027731e-02
1.096151691325648360e-02
1.068389607157167569e-02
1.039473190874425947e-02
1.009471999586605481e-02
9.786534107146414516e-03
9.600517740048046533e-03
9.573814295305505678e-03
9.529418575953902196e-03
9.465718589050172924e-03
9.384151375319128505e-03
9.286212178860711250e-03
9.176390265236202340e-03
9.055117425578705637e-03
8.921812048819616203e-03
8.778036070265254898e-03
8.666738035697417464e-03
8.633433620528619193e-03
8.596286541285802496e-03
8.555427120752127912e-03
8.510989222578724603e-03
8.463109758757641696e-03
8.411928215418033178e-03
8.357586197841881948e-03
8.300226993871956047e-03
8.239995156819444541e-03
8.177036106855720826e-03
8.111495751901941567e-03
8.043520126961328787e-03
7.973255052473780802e-03
7.900845811166108332e-03
7.826436843324647077e-03
7.750171459984683299e-03
7.672191574195511531e-03
7.592637449601423102e-03
7.511647466188392346e-03
7.429357902908910981e-03
7.345902736476598097e-03
7.261413456298929613e-03
7.176018894872209473e-03
7.090555895504610691e-03
7.004805864407244800e-03
6.918456780864332308e-03
6.831626384594506780e-03
6.744429197533700904e-03
6.656976431573728356e-03
6.569375908768330247e-03
6.481731993144186806e-03
6.394145533827340355e-03
6.306713818821421506e-03
6.219530539324693436e-03
6.216048119505845383e-03
6.213643150961590048e-03
6.210340434540695918e-03
6.206149398554120476e-03
6.201080134562722383e-03
6.195143358852397628e-03
6.188350375062806781e-03
6.180713037365958423e-03
6.172243715097231430e-03
6.162955257945115263e-03
6.152860962254363443e-03
6.141974538434189293e-03
6.130310078962305370e-03
6.117882027812887244e-03
6.104705150370334441e-03
6.090794504681610808e-03
6.076165413242149392e-03
6.060833436271235129e-03
6.044814345273158938e-03
6.028124097971790558e-03
6.010778813961358859e-03
5.992794751291716411e-03
5.974188283879513714e-03
5.954975879871073942e-03
5.935174080769317975e-03
5.914799481460450599e-03
5.893868711059795269e-03
5.872398414537078302e-03
5.850405235172510300e-03
5.827905797702118314e-03
5.804916692422060036e-03
5.781454459758693029e-03
5.757535575868423516e-03
5.733176438695757222e-03
5.708393354850473632e-03
5.683202527258635235e-03
5.657620043233504807e-03
5.631661863337025613e-03
5.605343810951898993e-03
5.578681562299368790e-03
5.551690637105395967e-03
5.524386389921865682e-03
5.496784001862203319e-03
5.468898473059976423e-03
5.440744615466744372e-03
5.412337046228649952e-03
5.383690181744405986e-03
5.354818231776995070e-03
5.325735194481879230e-03
5.296454851552694597e-03
5.266990763942738102e-03
5.237356268053988163e-03
5.207564472087697523e-03
5.177628253057775347e-03
5.147560254023933642e-03
5.117372881615124026e-03
5.087078304087878228e-03
5.056688449552067602e-03
5.026215004511502826e-03
4.995669412823239459e-03
4.965062874867766894e-03
4.934406346880001841e-03
4.903710540767522268e-03
4.872985924030377204e-03
4.842242719893258794e-03
4.811490907838393734e-03
4.780740224092868730e-03
