2.879353669072045596e-01
2.876301137988828138e-01
2.866831491955589284e-01
2.929748087500750886e-01
2.973346109651883173e-01
3.032360048931684315e-01
3.131966188696984621e-01
3.331585701643001163e-01
3.459897207122077933e-01
3.819166815165118689e-01
3.859593793022928487e-01
4.521720387148510656e-01
5.224708212509003857e-01
5.002256844175042572e-01
4.581600192186784382e-01
5.525470831980434649e-01
7.111023263878334388e-01
5.993758924175844882e-01
6.905210006782743770e-01
6.043566142774762229e-01
4.801610502732253649e-01
5.598441141118201125e-01
5.433367976307234004e-01
6.834872056281858788e-01
7.173608209388563361e-01
6.379439568639370117e-01
8.397649421274183679e-01
8.864328333761890555e-01
9.152479043042900386e-01
9.626709114603750894e-01
1.009797802190381510e+00
9.545528847904963810e-01
9.904077262309380902e-01
1.157920650721722788e+00
1.242368131344505189e+00
1.226445411522320228e+00
1.502427350078347601e+00
1.574321087697496013e+00
1.579251428893266640e+00
1.513571019592105049e+00
1.526987512279367021e+00
1.588541102818673334e+00
1.720168323474891681e+00
1.813672065689268864e+00
1.928969239355057930e+00
2.044867846445594495e+00
2.039578118185789268e+00
1.865838052851473527e+00
1.670615196482531539e+00
1.588960633437316528e+00
2.002983084172485384e+00
2.398004130565912995e+00
2.453181630919269995e+00
1.987190627806011411e+00
1.362352557909582762e+00
1.145275423429998884e+00
9.434913736121006700e-01
8.690820649059513014e-01
7.664059240016773966e-01
7.148616902740908552e-01
6.779211737434156504e-01
6.294387052569638819e-01
5.931512521089684631e-01
5.998450976474547502e-01
6.285483481324276589e-01
5.791555697240866607e-01
5.660040906383138060e-01
5.647856847884022979e-01
5.444901979426077787e-01
5.121838025639182668e-01
4.522430262156744152e-01
4.080470346581313579e-01
4.062239864084495888e-01
3.747128029731710552e-01
3.385826012397684104e-01
3.120151555106213670e-01
2.920999113986291751e-01
2.863529971528985252e-01
2.871505954229079949e-01
2.825103287918893646e-01
2.860161730551516457e-01
2.782643855253545961e-01
2.538260412430048962e-01
2.216503351879192951e-01
2.208609626550411820e-01
2.256900944564168288e-01
2.250430670659929466e-01
2.194907696820646015e-01
2.098236648700191886e-01
1.972518392711401780e-01
1.825133416666457897e-01
1.749058201328276274e-01
1.703754926528280034e-01
1.636948841314301573e-01
1.558894514837560752e-01
1.470637629705188465e-01
1.485534992880031824e-01
1.482824835619078740e-01
1.452709332118735375e-01
1.401215170685780331e-01
1.341313256128009168e-01
1.276477166110266959e-01
1.215834890830597703e-01
1.158014582995920555e-01
1.102995269500803427e-01
1.053317639786607723e-01
1.072168855617965377e-01
1.038407028517697034e-01
1.007665613679554206e-01
1.012039239006299468e-01
1.005205831379596265e-01
9.892676811360794076e-02
9.598172169014319854e-02
9.194789357480211145e-02
9.036648501996175087e-02
9.049702998372101403e-02
8.887328937744545798e-02
9.082395926414919829e-02
8.824417456115646319e-02
8.320836525189587163e-02
8.425069021979680883e-02
8.542726098721539763e-02
8.204923937140690127e-02
7.489662997498501562e-02
7.449952026246835224e-02
7.402181332706002370e-02
7.328106388280185290e-02
7.227193860561469119e-02
7.104266128887203047e-02
6.963341893660036919e-02
6.797492499158903911e-02
6.608519546655641785e-02
6.398649873678913247e-02
6.170437146413772916e-02
5.928830844893689250e-02
5.680932880289128739e-02
5.666660545651509145e-02
5.689438763860344556e-02
5.626278984626507246e-02
5.493088122998314449e-02
5.413806319579757276e-02
5.492852729043037202e-02
5.512785246921392268e-02
5.466176887775715115e-02
5.352611088439927084e-02
5.228844698718615458e-02
5.208515526035558535e-02
5.175665974981834283e-02
5.131266957713416510e-02
5.076335104433742779e-02
5.011910816666058366e-02
4.939039078544302935e-02
4.864201744160018270e-02
4.782862778883607141e-02
4.695689714991374553e-02
4.603610683584251351e-02
4.508480837025877208e-02
4.426136908407093257e-02
4.329758981824134711e-02
4.216309761557097274e-02
4.098427190673152587e-02
3.993373718060930916e-02
3.888817588695196031e-02
3.786791505690655785e-02
3.685394081294328383e-02
3.585003234461178051e-02
3.485947593340792128e-02
3.388509731754287685e-02
3.292929537663939060e-02
3.199407632740846469e-02
3.108108776035177143e-02
3.019165197699355888e-02
2.932679820094817938e-02
2.848729333891476465e-02
2.843305297950584482e-02
2.883231479752841261e-02
2.895174242021995512e-02
2.880241409782594020e-02
2.844967630423742358e-02
2.785392022018111369e-02
2.712333608570019830e-02
2.679132109110584151e-02
2.642724319684011669e-02
2.607153035150043194e-02
2.559750154284862883e-02
2.564471962514609793e-02
2.566528969803429094e-02
2.559736039707212474e-02
2.545294884766733864e-02
2.521828801372861736e-02
2.490059318131030222e-02
2.450730518666615135e-02
2.404595827822644458e-02
2.354028306459294423e-02
2.299117307992999334e-02
2.345329215306276444e-02
2.388328301199938927e-02
2.424419323727888473e-02
2.453680032420821333e-02
2.476250469406814092e-02
2.492323169033475866e-02
2.502251513217766676e-02
2.508394267202391018e-02
2.508803520031098813e-02
2.503784127385212319e-02
2.493656270691178498e-02
2.478749730941075258e-02
2.459398873304036517e-02
2.435938317513814538e-02
2.408699260828237737e-02
2.378006414184951137e-02
2.344175507430622599e-02
2.307941096123149183e-02
2.270426213543011093e-02
2.230549486637527570e-02
2.188575833415081634e-02
2.144756087912920092e-02
2.099326815474764768e-02
2.095762009828547323e-02
2.091519802903079803e-02
2.085335725331774470e-02
2.077314927718518223e-02
2.067558236839980856e-02
2.056162017067509479e-02
2.043218135747394346e-02
2.028814016641011797e-02
2.013032766255570469e-02
1.995953359098129667e-02
1.977650868862507530e-02
1.958196733694614333e-02
1.938056080278605445e-02
1.917404946837549320e-02
1.895761575747557243e-02
1.873185922707680875e-02
1.849735845312035568e-02
1.825467382658324880e-02
1.800435018738925572e-02
1.774691926076715776e-02
1.748290186828072718e-02
1.721280989344280490e-02
1.714678682931002410e-02
1.708394131239560076e-02
1.699171703644994716e-02
1.687129177502217844e-02
1.672393383432510539e-02
1.655099325668908661e-02
1.635389294461829859e-02
1.633321843095268330e-02
1.654580746098354566e-02
1.668016570079504726e-02
1.674533073410193126e-02
1.674722850708944277e-02
1.667722003216753901e-02
1.653898579830403656e-02
1.633685841227080007e-02
1.608501244698848018e-02
1.578604454526815956e-02
1.543797009703450941e-02
1.504665333630795902e-02
1.461813353303239096e-02
1.415853212847153174e-02
1.367934401757298080e-02
1.318507005419163394e-02
1.267642192482865138e-02
1.215906140756513668e-02
1.173711898573793003e-02
1.164244429186602620e-02
1.151982023869516959e-02
1.137963875899096304e-02
1.121726432614948872e-02
1.103431006482233009e-02
1.083347487633337311e-02
1.061744838081528537e-02
1.038888543437815372e-02
1.015038263882623443e-02
9.904456965528675091e-03
9.653526579727856813e-03
9.399893922180818998e-03
9.273438030182568417e-03
9.263678501050840591e-03
9.250259189750338965e-03
9.233229474653992241e-03
9.212644385890190329e-03
9.188564348869795659e-03
9.161054915808163751e-03
9.130186487055502037e-03
9.096034024303131793e-03
9.058676757430420348e-03
9.018916667254439287e-03
8.977604971112936733e-03
8.933303983412011623e-03
8.886105229140446246e-03
8.836103134942810064e-03
8.783394729285248434e-03
8.728079345600639818e-03
8.670258329769241559e-03
8.610034752930057628e-03
8.547513130098750855e-03
8.482799146163679319e-03
8.415999388873699263e-03
8.347221090590530024e-03
8.276571878189493275e-03
8.204159532656891615e-03
8.130091757995779739e-03
8.054475959881075842e-03
7.977419034789677565e-03
7.899027169167920429e-03
7.819405649201719918e-03
7.738658681031277201e-03
7.656889221640836816e-03
7.574198820240621820e-03
7.490687470069841772e-03
7.406453470887855960e-03
7.351910623303051229e-03
7.333612433800157024e-03
7.314851384982057336e-03
7.295625612964183777e-03
7.275934004135324422e-03
7.255932810153589707e-03
7.235947517584142598e-03
7.215494892712857010e-03
7.194576166486723982e-03
7.173193190284822204e-03
7.151348408294816439e-03
7.129044829973593504e-03
7.106286002979840186e-03
7.083075986379264166e-03
7.059419324388834308e-03
7.035321020458742969e-03
7.010786512045828235e-03
6.985821645624257746e-03
6.960432652376090552e-03
6.934626124441217038e-03
6.908408991754880039e-03
6.881788499307622820e-03
6.854772185146704687e-03
6.827367859008172737e-03
6.799583581364302722e-03
6.771427643276339316e-03
6.742908546792496412e-03
6.714034985990630089e-03
6.684815828508139900e-03
6.655260097932273917e-03
6.625376956626842506e-03
6.595175689195563462e-03
6.564665686596238975e-03
6.533856430915119771e-03
6.502757480482902232e-03
6.471378455949920901e-03
6.439729026661364895e-03
6.407818897734142254e-03
6.375657797563864630e-03
6.343255466164401252e-03
6.310621643612733186e-03
6.277766059524054684e-03
6.244698422613458033e-03
6.211428411061693106e-03
6.177965663137342453e-03
6.144319768590111343e-03
6.110500260226902139e-03
6.076516606119834567e-03
6.042378202197413485e-03
6.008094365288639029e-03
5.973674326573360366e-03
5.939127225516686696e-03
5.904462103988788145e-03
5.869687901049607491e-03
5.834813447877756909e-03
5.799847463249324653e-03
5.764798549078511622e-03
5.729675186611715709e-03
5.694485732814674392e-03
5.659238416912831110e-03
5.623941337561436625e-03
5.588602459907024596e-03
5.553229613302653259e-03
5.517830489003328759e-03
5.482412638279179386e-03
5.446983470732139759e-03
5.411550252759094251e-03
5.376120106317114691e-03
5.340700008014995226e-03
5.305296788100511210e-03
5.269917129968665868e-03
5.234567569605419121e-03
5.199254495422979926e-03
5.163984148007907948e-03
5.128762620308605080e-03
5.093595857723271988e-03
5.058489658492496856e-03
5.023449674175171561e-03
4.988481410235164754e-03
4.953590226750705788e-03
4.918781339257691926e-03
4.884059819687661987e-03
4.849430597420682429e-03
4.814898460384630340e-03
4.789633616193278431e-03
4.773294083082206887e-03
4.756949600152096322e-03
