2.516415529858548328e-01
2.519665834538795668e-01
2.536168347942825974e-01
2.541693759086821602e-01
2.568923232512045907e-01
2.606596850717483038e-01
2.695942471193919499e-01
2.831811037520778895e-01
2.750706987103934131e-01
3.364697881657469081e-01
5.319917261154636368e-01
4.596643637121570758e-01
3.729838333997430588e-01
5.268792937043110802e-01
4.303441733858224261e-01
5.425260185162682491e-01
5.238904771394022886e-01
6.653834373908245059e-01
7.382201500499206981e-01
6.782301535230979006e-01
5.684603921298438944e-01
5.311861565096928084e-01
7.913731523874024676e-01
6.657247803930994579e-01
4.627861482320319020e-01
4.377634537636281853e-01
4.185878063691913509e-01
5.242779981078000695e-01
4.738394179076256263e-01
4.804359628224489920e-01
5.937488028543066454e-01
5.962660117811835470e-01
5.757233528868459516e-01
6.162370794127617346e-01
6.484524997822972425e-01
7.323212732863740859e-01
7.686144978630938818e-01
7.960188064618731740e-01
9.118815991122936060e-01
9.382054640240946597e-01
9.243021692174244741e-01
8.989724334321013144e-01
8.957945909788128658e-01
9.478178813053762530e-01
9.888644558507435622e-01
1.142591337377046434e+00
1.137867420449184985e+00
1.080554509193151658e+00
1.134805804501762827e+00
1.341517732309528865e+00
1.538599624911405783e+00
1.576797385150266129e+00
1.456431536356957324e+00
1.562108489178972048e+00
1.711452060071768422e+00
1.584425484935450212e+00
1.384247195222762628e+00
1.409995942871925756e+00
1.492862318798944266e+00
1.621781517511579729e+00
1.503151613675949516e+00
1.274072527408719679e+00
1.298036686371345949e+00
1.392868549921321142e+00
1.654080102444343003e+00
1.824443851769241176e+00
1.821670617859425745e+00
1.551858821358018670e+00
1.246201454080311022e+00
9.608432540011793144e-01
7.357473854974242444e-01
6.647369068020662075e-01
6.235608767970461930e-01
6.034236232892156160e-01
5.873142463203773200e-01
5.416197524831702914e-01
4.779895927777369491e-01
4.323875527571112154e-01
4.404064269299757250e-01
4.673183285734182624e-01
4.669768049217026262e-01
4.432965808000879360e-01
4.051310040950231173e-01
4.101322086795929356e-01
4.128098102647450585e-01
3.970393118466200577e-01
3.698949405353822439e-01
3.411910813258312025e-01
3.276360356714310695e-01
3.453977691958294849e-01
3.498913087323060056e-01
3.385407268935766156e-01
3.245014939786940444e-01
3.165464178263746597e-01
2.934912070649847160e-01
2.564625069087178022e-01
2.382802903362997993e-01
2.268222233512234010e-01
2.115032202931768912e-01
1.914237225922495733e-01
1.852621272379754158e-01
1.886651399266965901e-01
1.900667721168859126e-01
1.897955656106748712e-01
1.875116333883070641e-01
1.835330218373873445e-01
1.780551502061914482e-01
1.711062298071278076e-01
1.633329179289691735e-01
1.545373990468018044e-01
1.454622209387067266e-01
1.413347953058156359e-01
1.395031280134717278e-01
1.368318332431681938e-01
1.335233039735861382e-01
1.297930892608097075e-01
1.285723626246590701e-01
1.302539689601486805e-01
1.275002162185482346e-01
1.210301989087550767e-01
1.113514920826275123e-01
1.061056789081683688e-01
1.031519562058441919e-01
1.040127944307737001e-01
1.033067335481596266e-01
1.013459392586714553e-01
9.839650807513922182e-02
9.480714272511937823e-02
9.064833042401632124e-02
8.727702668521898632e-02
8.596173576987985177e-02
8.472287979064681285e-02
8.351070980905202223e-02
8.232852792541617282e-02
8.117100599678646333e-02
8.002749012514380478e-02
7.888478450579618217e-02
7.772935779614696672e-02
7.660297469202656528e-02
7.545127015214939115e-02
7.425519292721434461e-02
7.301089381612747842e-02
7.171770297433331665e-02
7.037789048472906095e-02
6.899626725567421792e-02
6.759410967556936378e-02
6.619735261945697280e-02
6.477882562477509099e-02
6.334834121243931859e-02
6.191579924418730285e-02
6.049079449284582716e-02
5.908229711299185088e-02
5.769840848911914066e-02
5.634619041517426041e-02
5.503156222717354995e-02
5.375925824523749424e-02
5.253283652888745409e-02
5.136584922264284675e-02
5.024800288275934473e-02
4.917858022006597885e-02
4.815749287924699779e-02
4.718393826999844193e-02
4.625652707796586161e-02
4.537340810601194624e-02
4.453238639113205055e-02
4.373103159970918169e-02
4.296677466662585793e-02
4.223699148986000823e-02
4.153907320908705597e-02
4.087048318425176574e-02
4.022880125138288132e-02
3.961175617494375190e-02
3.901724745401065342e-02
3.844335778424984307e-02
3.788835754465430528e-02
3.735070268173237146e-02
3.682902731781444172e-02
3.632213232780719808e-02
3.582897101760031122e-02
3.534863291422855880e-02
3.488032654220164785e-02
3.442336192590812055e-02
3.397713342509127432e-02
3.354110338550017612e-02
3.311478697182855535e-02
3.269773844557772452e-02
3.228953905968324350e-02
3.188978666312806964e-02
3.149808704220068145e-02
3.111404697157200278e-02
3.073726890477496837e-02
3.036734720068467661e-02
3.000386575901930336e-02
2.964639692047099651e-02
2.929450147904609503e-02
2.894772964895882608e-02
2.860562282925461705e-02
2.826771601464654615e-02
2.793515821274946895e-02
2.760877053353162983e-02
2.728517139937731290e-02
2.696390022730170422e-02
2.664450606123273252e-02
2.632655121120839464e-02
2.600961477091256677e-02
2.569329594778989312e-02
2.537721715173879566e-02
2.506102679843748293e-02
2.474440179453172087e-02
2.442704968039439983e-02
2.410871041486522051e-02
2.378915779434948377e-02
2.346820050482242501e-02
2.314568281154053345e-02
2.282148489626443025e-02
2.249552285628868969e-02
2.216774838264425410e-02
2.229988701167454415e-02
2.242165076797448045e-02
2.252455692827791747e-02
2.260559173958426663e-02
2.265938174705059080e-02
2.268567914053077131e-02
2.268437450570966532e-02
2.265549720929846411e-02
2.259921444662001816e-02
2.251582899894234366e-02
2.240577576418546074e-02
2.226961714214971411e-02
2.211865098505182148e-02
2.194517048328631370e-02
2.174759784497028170e-02
2.163361642852110536e-02
2.158877331138805630e-02
2.149586062339579884e-02
2.134084955993231433e-02
2.112428357514033184e-02
2.084947484300539444e-02
2.053584879256174778e-02
2.017361294606411989e-02
1.976441816160501644e-02
1.931290139198163502e-02
1.909844640637634386e-02
1.897519899363646345e-02
1.881079240384877366e-02
1.860768244720112721e-02
1.837303707694502505e-02
1.811352774380543124e-02
1.782297869564261963e-02
1.750438564518356707e-02
1.716081159048953378e-02
1.679535480375095660e-02
1.641111859148754876e-02
1.601118303840878485e-02
1.559857890557956629e-02
1.517721224031903099e-02
1.475443994852297311e-02
1.462699955881544174e-02
1.454688726498066381e-02
1.446306972527292359e-02
1.437566335301922356e-02
1.428479111832066557e-02
1.419058183239273185e-02
1.409316944835164662e-02
1.399269238082250129e-02
1.388929284582592245e-02
1.378311622356371072e-02
1.367431044489222230e-02
1.356302540304205571e-02
1.344941239147311174e-02
1.333362356896376430e-02
1.321581145201892321e-02
1.309612843537276070e-02
1.297472634078813448e-02
1.285175599393351652e-02
1.272922074399462922e-02
1.260610736571350123e-02
1.248177023727843789e-02
1.235635340075962561e-02
1.222999834444035532e-02
1.210284373368188462e-02
1.197502516716925786e-02
1.184667495763992370e-02
1.171792193661725691e-02
1.158889128172937467e-02
1.145970436636469490e-02
1.133047863031883332e-02
1.120132747052312097e-02
1.107236015105033007e-02
1.094368173134008249e-02
1.081539301150165680e-02
1.068759049406535662e-02
1.056036636092722893e-02
1.043380846441967214e-02
1.030800033203308451e-02
1.018302118336580561e-02
1.005894595864948934e-02
9.935845357898615698e-03
9.813785889841932994e-03
9.692829929471367956e-03
9.573035784380174232e-03
9.454457767703294477e-03
9.337146278080748693e-03
9.221147885351622595e-03
9.106505421546210247e-03
8.993258076250901928e-03
8.881441496028673332e-03
8.771087887181169135e-03
8.662226121204876297e-03
8.554881842678817641e-03
8.449077578807780500e-03
8.344832850320550027e-03
8.242164283244410306e-03
8.141085721357656929e-03
8.041608338503675180e-03
7.943740750862472375e-03
7.847489128776143422e-03
7.752857307531642664e-03
7.659846897315887929e-03
7.568457391780228707e-03
7.478686274803371045e-03
7.390529126077283011e-03
7.303979724407306216e-03
7.219030148836631799e-03
7.135670878074037299e-03
7.053890887085384476e-03
6.973677741626044604e-03
6.915395007177210611e-03
6.864938632869048950e-03
6.814659949557263369e-03
6.764580687658629764e-03
6.721583691776662588e-03
6.693326393308811177e-03
6.665457121339719154e-03
6.637962505779713106e-03
6.610829606726928605e-03
6.584045904632814146e-03
6.557599290407773243e-03
6.531478055720412942e-03
6.505670883265094601e-03
6.480166837085919555e-03
6.454955352979561446e-03
6.430026229051830598e-03
6.405369616278384394e-03
6.380976009202141662e-03
6.356836236749320058e-03
6.332941453144245135e-03
6.309283128980385999e-03
6.285853042428801891e-03
6.262643270439347161e-03
6.239646180312815628e-03
6.216854421231919961e-03
6.194260916018375779e-03
6.171858852994644221e-03
6.149641678070575344e-03
6.127603086905120816e-03
6.105737017227692333e-03
6.084037641425127027e-03
6.062499359149418378e-03
6.041116790054939893e-03
6.019884766978492521e-03
5.998798328861697920e-03
5.977852714173609652e-03
5.957043354344763141e-03
5.936365867356785224e-03
5.915816051483751246e-03
5.895389879227583979e-03
5.875083491470757882e-03
5.854893191540770127e-03
5.834815439742692053e-03
5.814846847774629394e-03
5.794984173458814572e-03
5.775224315557634519e-03
5.755564308686566231e-03
5.736001318450809246e-03
5.716532636707756694e-03
5.697155676888641246e-03
5.677867969526497784e-03
5.658667157928654566e-03
5.639550993897200770e-03
5.620517333663906621e-03
5.601564133923314127e-03
5.582689447896245320e-03
5.563891421718113184e-03
5.545168290691026430e-03
5.526518375836272923e-03
5.507940080539581312e-03
5.489431887199216348e-03
5.470992354018304298e-03
5.452620112058802378e-03
5.434313862097373167e-03
5.416072371921608168e-03
5.397894473387522193e-03
5.379779059825388031e-03
5.361725083447272007e-03
5.343731552807096975e-03
5.325797530400063449e-03
5.307922130256187421e-03
5.290104515862844962e-03
5.272343897772967594e-03
