1.384640697050391334e-01
1.377883882302077811e-01
1.403661575483705348e-01
1.385894842080143408e-01
1.420647339092462880e-01
1.478954256229094433e-01
2.036033136766830232e-01
2.667580458143959943e-01
2.132955615870951449e-01
2.427293832662642814e-01
2.571769142899807958e-01
2.591444444013187853e-01
4.965547919979516056e-01
3.250862484460631530e-01
4.109976400105671557e-01
4.843180373432485197e-01
3.985947876048608340e-01
4.554653538024223125e-01
4.434350515966313244e-01
5.554432308233167026e-01
5.249535129400620947e-01
5.519885957170982405e-01
5.179658400262581175e-01
6.831040641364835020e-01
9.346466369284378573e-01
7.024677371465759546e-01
6.265116940151785885e-01
5.154336087214336226e-01
4.707273301985342440e-01
3.833973492161292240e-01
3.854673867724901504e-01
3.853133567683929561e-01
3.649385510868188298e-01
3.427844180931406415e-01
4.018244446843893813e-01
3.980590901776159818e-01
3.419407474689213911e-01
3.537352090277718908e-01
3.958479217417018581e-01
3.610197958175550559e-01
3.337256319728291176e-01
3.249770569061919967e-01
3.703274286527012960e-01
4.333815145730942064e-01
4.404702322415024462e-01
4.597402485697148489e-01
3.828096823189909292e-01
3.759180553758713628e-01
4.305530547979600220e-01
4.463788214836265089e-01
3.992007621519922389e-01
4.649613694998613878e-01
5.141557020619458296e-01
4.951613167600690812e-01
4.290347220790791671e-01
4.095158051474857563e-01
4.775093086418351618e-01
4.849481546981951885e-01
5.183102068372283933e-01
5.648527011362446393e-01
5.471376875858166011e-01
5.397975358560165304e-01
5.360403313689060534e-01
5.936222457440991640e-01
6.541153259437766376e-01
6.863885166475841570e-01
7.355313091817602400e-01
8.193643848482820014e-01
8.849429804272151978e-01
8.619242519308980555e-01
8.167533614689067578e-01
9.414645351020403119e-01
1.041691349144072243e+00
1.089590319869461421e+00
1.071671569351830611e+00
1.172216860451704701e+00
1.221321833034912707e+00
1.197650880529395057e+00
1.042629728364697472e+00
8.623257614373128765e-01
7.476329759793700624e-01
6.868206047146347970e-01
6.197840098624869398e-01
5.448739350014611960e-01
5.602775766253049738e-01
6.089458363048941836e-01
6.312427249736602963e-01
6.636829287153412915e-01
6.353387362051095000e-01
5.973558822144650060e-01
5.735945389875535261e-01
5.074509036948472440e-01
4.425360408815083302e-01
4.045098969454065663e-01
3.718221583350765358e-01
3.461200476243282975e-01
3.286810500453118955e-01
3.175855322646630730e-01
3.112351122785750879e-01
3.067483037013762903e-01
3.024666307648367081e-01
2.972298293719397577e-01
2.902943677992249061e-01
2.812290572011778567e-01
2.704704009927207387e-01
2.592072769541450827e-01
2.519919683574717850e-01
2.425570922653532135e-01
2.446594198307668333e-01
2.374960554176411553e-01
2.353464376578130735e-01
2.274268272273524127e-01
2.133897622696082352e-01
2.013241978691440170e-01
1.903118048445719690e-01
1.797243326831866606e-01
1.743986897758138810e-01
1.691803901812020117e-01
1.645116224275845473e-01
1.601237917137478539e-01
1.562366570047256653e-01
1.525395393700303970e-01
1.489540533287365132e-01
1.452360509971151459e-01
1.437118220555312076e-01
1.438520852846585096e-01
1.437047489030128800e-01
1.430975216511076176e-01
1.418709207149775331e-01
1.398954698388816253e-01
1.370854002319036591e-01
1.334149830603606479e-01
1.296302486059660586e-01
1.244519837624002701e-01
1.179136675131575995e-01
1.174314962953596636e-01
1.157495259126023746e-01
1.125880409876112986e-01
1.099270548081361792e-01
1.071075564046891360e-01
1.102254590916690591e-01
1.119822922203761451e-01
1.120294355499678873e-01
1.104720260355976230e-01
1.074230198807085840e-01
1.031180848493434554e-01
9.776573488094837672e-02
9.167740681345690201e-02
8.552581506987506910e-02
8.410473130043122358e-02
8.077274354258880129e-02
8.276328810924359070e-02
8.422525152147779248e-02
8.429065985353409451e-02
8.333939095262792029e-02
8.172459937299982047e-02
7.979703164884442701e-02
7.787647828488362955e-02
7.615146984008401565e-02
7.469203269141563850e-02
7.356886560972969447e-02
7.261485390114245930e-02
7.178848526673022035e-02
7.083114709050852831e-02
6.961270874183629609e-02
6.798992969183376145e-02
6.580966942908562933e-02
6.300553573676906383e-02
5.956694858853714414e-02
6.004845203463849562e-02
6.054537747120151275e-02
6.035656605442902417e-02
5.945902821201354965e-02
5.786093584740455847e-02
5.697574038977915728e-02
5.565379631969009228e-02
5.382302061329418547e-02
5.152802253601366372e-02
4.882897317112940699e-02
4.834774636035887863e-02
4.842377484448198016e-02
4.830782667327646746e-02
4.799986569573504863e-02
4.752437604402984933e-02
4.687921987238007071e-02
4.608539218098543083e-02
4.516641917205230228e-02
4.410925061683267784e-02
4.298750261687731000e-02
4.176529461680670435e-02
4.047618554723668438e-02
3.915987862698427913e-02
3.822975260783553070e-02
3.739604421688921820e-02
3.644231676715747881e-02
3.536959471552103551e-02
3.425161754720836005e-02
3.343036550909961324e-02
3.278225015385478197e-02
3.212328024853450259e-02
3.147028801510955154e-02
3.081264122680299478e-02
3.015504930462670902e-02
3.053038633550503658e-02
3.081804563551780729e-02
3.095513398347711151e-02
3.092521166788652492e-02
3.077157168138415499e-02
3.048589512811283875e-02
3.007449668283708466e-02
2.958356860244816186e-02
2.899112223159502899e-02
2.831095638667461070e-02
2.758514129338289489e-02
2.679573975892164325e-02
2.595410312686934756e-02
2.507374587845418931e-02
2.445666450241509512e-02
2.455764123851469569e-02
2.460321145399552850e-02
2.459646325757682689e-02
2.454068105018998233e-02
2.445093203411886212e-02
2.432219065109279127e-02
2.415462642077543728e-02
2.395215819811324920e-02
2.371884597929833222e-02
2.346076649170968434e-02
2.318932579746445233e-02
2.289873408011884257e-02
2.259321582351905833e-02
2.227692834989360160e-02
2.195390829091469279e-02
2.162801895507318259e-02
2.130290025630053249e-02
2.098192270303312137e-02
2.066928580793645637e-02
2.036930150031171852e-02
2.008094740074561207e-02
1.980625278550842208e-02
1.954684686839212177e-02
1.930395349137128957e-02
1.907839346619875920e-02
1.887059415438460327e-02
1.868060570920130822e-02
1.850812327041630526e-02
1.835251430427808569e-02
1.821285021597984083e-02
1.808794132747840178e-02
1.797637430559899732e-02
1.787655114379916102e-02
1.778672884027511503e-02
1.770505896951290667e-02
1.762962641665390823e-02
1.755848662212624103e-02
1.748970077253695493e-02
1.742136846285406021e-02
1.735165744880729985e-02
1.727883019688414637e-02
1.720126702819135475e-02
1.711920379212050758e-02
1.703217845037249822e-02
1.693658095476587369e-02
1.683139311985571915e-02
1.671577583400220626e-02
1.658907221461755968e-02
1.645080780543047710e-02
1.630068805782504057e-02
1.613859335962642208e-02
1.596497295923409582e-02
1.578401460213332136e-02
1.559154255983706376e-02
1.538802104747057607e-02
1.517403978321382740e-02
1.495030048229080422e-02
1.471760280368391433e-02
1.473484135293281344e-02
1.472766446820772922e-02
1.468432923152293221e-02
1.460210308586151577e-02
1.449027182286902887e-02
1.434573491457608735e-02
1.416753431455075422e-02
1.396703678593524955e-02
1.373881399020795979e-02
1.348472169563706344e-02
1.327979378880410344e-02
1.326407254352676701e-02
1.322414550270533881e-02
1.316094877466564804e-02
1.307931749506676192e-02
1.298226009768848992e-02
1.286775300316320321e-02
1.273798469250933367e-02
1.259805524615316072e-02
1.244964508717686345e-02
1.229210819999589956e-02
1.212753419808957484e-02
1.195792733226024723e-02
1.178746437474541449e-02
1.161684014256664406e-02
1.144613100862377705e-02
1.127684746469412129e-02
1.111034545014454727e-02
1.094782043193762676e-02
1.079030416355997342e-02
1.063866393928800287e-02
1.049360414052933656e-02
1.035696986013379291e-02
1.022781847126514980e-02
1.010628840654358325e-02
9.992511100638873031e-03
9.886488045687128259e-03
9.788101029507466355e-03
9.697123088397176932e-03
9.613229964404121711e-03
9.536011869222212056e-03
9.464985373313444805e-03
9.399605253809041605e-03
9.339276150820136416e-03
9.283363901178738609e-03
9.231206433283220547e-03
9.182124125789999786e-03
9.135429549174770361e-03
9.090436524385448608e-03
9.046468449508689169e-03
9.002865858261389562e-03
8.960063960212203901e-03
8.916816030756696820e-03
8.872178956032568745e-03
8.825616814454866066e-03
8.776635841073550728e-03
8.724787427262218134e-03
8.669670409954515627e-03
8.610932687515062203e-03
8.548272203473006661e-03
8.481437343769960072e-03
8.495639376343865068e-03
8.550190031968326471e-03
8.602094894241874359e-03
8.650882949957614670e-03
8.696107589088760206e-03
8.737349942283529139e-03
8.774221713727721472e-03
8.806367523019801788e-03
8.833466774016618048e-03
8.855235072158473136e-03
8.873035599420585687e-03
8.885848501867120788e-03
8.892718853703586099e-03
8.893505486380161307e-03
8.888104630673599252e-03
8.876449251546731159e-03
8.858508125481999104e-03
8.834284689978887800e-03
8.803815694172704986e-03
8.768196656648352683e-03
8.727897946772537191e-03
8.681600241538304369e-03
8.629450940689644550e-03
8.571622321853371307e-03
8.508309568798404568e-03
8.439728765832373719e-03
8.366114877971340610e-03
8.287719733144970763e-03
8.204810021233141862e-03
8.118483028294902135e-03
8.029257365046548259e-03
7.936295569363370148e-03
7.839902341628844293e-03
7.740388311926667611e-03
7.638068361531432857e-03
7.533260022862126211e-03
7.426281962224456218e-03
7.317452548438811190e-03
7.207088509288889222e-03
7.095503676844017865e-03
6.983007822662330027e-03
6.869905582484306383e-03
6.756495468607711177e-03
6.643068970600737172e-03
6.529909739852901573e-03
6.417292858049420366e-03
6.305484185341389894e-03
6.194739785894108793e-03
6.085412216073291317e-03
5.977746245658781439e-03
5.911390928733243830e-03
5.884380718496758436e-03
5.857545441149455967e-03
5.830883501424214896e-03
5.804393322958087929e-03
5.778073347642075606e-03
5.751922035005345435e-03
5.725937861600337471e-03
5.700119320462221015e-03
5.674464920576438587e-03
5.648973186389590236e-03
5.623642657334587680e-03
5.598471887410342955e-03
