1.789227602894602198e-01
1.789534832335563930e-01
1.807927769867589407e-01
1.826057145048159969e-01
1.836592180899643822e-01
1.872386124832025878e-01
2.085616792548559417e-01
2.224696146972058031e-01
2.129643463047032892e-01
3.369355390097431013e-01
3.153318236116567919e-01
2.940925709702195134e-01
4.007553633398647785e-01
3.782383503618077514e-01
3.581516064955398426e-01
3.589854940781632142e-01
4.421262079656118060e-01
4.531354589344788741e-01
4.527682360307841991e-01
6.289067859271321170e-01
6.688040670088504225e-01
6.674063234396684363e-01
7.426631192065417109e-01
9.157871131208168425e-01
7.196384480768602820e-01
5.555986328455956302e-01
4.535793415343041812e-01
3.866397158812853174e-01
3.963926716505047354e-01
3.615618964408300884e-01
3.392660778196404658e-01
3.665158945404757285e-01
4.150757715479302390e-01
4.163354566857939143e-01
4.597674814592876413e-01
4.116922353335601414e-01
4.544406842776533839e-01
4.819678946514883711e-01
3.870442068924431211e-01
4.333231764948962672e-01
5.143146766075895604e-01
5.184623261322067744e-01
6.057528171334161105e-01
6.338281005838938276e-01
6.290990680265213797e-01
5.674409273227382089e-01
5.568497589836955974e-01
5.672743952069553286e-01
5.715922811670091086e-01
5.611684048523957191e-01
6.045900000469809354e-01
6.893358167725316399e-01
8.074626101868392913e-01
8.518422371744286403e-01
9.431808676071391506e-01
8.207172916759510883e-01
8.442369149426719455e-01
8.736114419223466321e-01
9.564210238889840898e-01
1.001765209490808495e+00
8.238811681653307462e-01
8.245921484153146963e-01
8.348239768249681170e-01
8.516260984363117625e-01
8.916381342600763205e-01
9.574859736953266198e-01
1.035079884023939467e+00
1.101633474034243054e+00
1.317579099469761372e+00
1.424449625590016755e+00
1.419967910227938557e+00
1.371680384084239313e+00
1.209635387626426084e+00
1.041424103026787895e+00
9.413101134195736019e-01
8.824262329516513459e-01
7.928551319820952292e-01
7.707002713936901284e-01
7.885294341528911177e-01
7.998529972383754405e-01
7.786731568282631022e-01
7.676303760773129925e-01
7.399650898864883475e-01
7.042438768238589164e-01
6.627975951597090409e-01
6.075574391513373085e-01
6.435242775963875284e-01
6.419171557355117796e-01
5.926011664230182996e-01
5.149893902344221397e-01
4.570717194794479687e-01
4.333434737075523846e-01
4.165895815262044555e-01
3.783508992196601972e-01
3.589716810684190906e-01
3.376632208220796127e-01
3.485865525288107114e-01
3.536935150195347766e-01
3.447508567999847395e-01
3.442008464287333314e-01
3.516273123858579264e-01
3.661224006938085807e-01
3.523106329688501237e-01
3.174363254093005571e-01
2.963635712186650228e-01
2.712724350223276182e-01
2.457526146137960776e-01
2.253348307027236708e-01
2.117216122705529446e-01
2.040570582040151237e-01
1.995752019196989635e-01
1.957091392825455189e-01
1.907966826282701811e-01
1.841123326227986634e-01
1.756835682436211354e-01
1.683041727025160195e-01
1.619525499794029211e-01
1.548970328696472054e-01
1.478622519628070842e-01
1.412615991345112232e-01
1.356283326984017157e-01
1.313035833537931629e-01
1.283278469121270360e-01
1.266352132547875209e-01
1.259627871738783766e-01
1.258888524059688097e-01
1.259944705361414619e-01
1.258194965793595077e-01
1.248522318256369834e-01
1.228751858880829106e-01
1.197233228967215651e-01
1.153209707928675998e-01
1.098043148910379518e-01
1.062110226678890240e-01
1.048821037632798325e-01
1.025074532416726109e-01
9.927359945505630223e-02
9.543654236147658398e-02
9.114900485589379209e-02
8.685650248077617097e-02
8.271620612726297839e-02
7.900851736976377548e-02
7.594154756398874273e-02
7.363704905422094327e-02
7.212948261337753797e-02
7.137376155260735655e-02
7.125941407809950612e-02
7.162864057104509352e-02
7.229582923641103553e-02
7.307846939582388068e-02
7.385306338385101699e-02
7.439936825058968140e-02
7.462529298666101263e-02
7.447312068991136791e-02
7.384987905361509175e-02
7.275728498768745112e-02
7.120395218896209688e-02
6.916578309422656556e-02
6.676642552335357306e-02
6.398332794225357334e-02
6.090996397089550041e-02
5.761538547939070581e-02
5.670438499038121805e-02
5.643942091901132940e-02
5.592650926765563996e-02
5.513335559484240644e-02
5.411419488740606965e-02
5.291295598030244796e-02
5.152735083569430496e-02
5.005056992060864796e-02
4.911955488407802189e-02
4.908131321513721501e-02
4.840176819578648898e-02
4.968301464943587764e-02
5.049101335535809837e-02
5.028036293156077502e-02
4.906803667320182305e-02
4.953009920568481744e-02
4.956294611213684503e-02
4.924534133826496268e-02
4.930948946535779892e-02
4.942648350401026430e-02
4.934370044145441198e-02
4.938793330937100989e-02
4.948002139037518260e-02
4.934442746626405835e-02
4.904832759408665060e-02
4.850797868838452320e-02
4.778746976985911304e-02
4.681948003965564348e-02
4.564993020781972499e-02
4.428117293055122000e-02
4.272785129320983560e-02
4.102825807052103146e-02
3.922158960219864626e-02
3.734502174023240917e-02
3.674970014876687702e-02
3.632924893043464748e-02
3.577986540490105810e-02
3.512087293157211548e-02
3.437579592542752693e-02
3.358717296152529536e-02
3.276835340547411268e-02
3.193485192837361430e-02
3.111019124613667933e-02
3.031549310386530763e-02
2.956881466548106838e-02
2.888468507448859260e-02
2.827384040769432769e-02
2.774314570736086116e-02
2.729568546694953121e-02
2.693099880135515350e-02
2.664543239191093787e-02
2.643258291148561229e-02
2.628380073529933136e-02
2.618872803471356328e-02
2.613584655127374964e-02
2.611301320189981720e-02
2.610796493382673555e-02
2.610877773863421944e-02
2.610426827567392111e-02
2.608607127221368449e-02
2.605210210816596636e-02
2.598755136334429672e-02
2.588662863160978017e-02
2.574524344999892106e-02
2.556100637794829836e-02
2.533317294647928139e-02
2.506253806192471761e-02
2.475128926348151709e-02
2.441077026824442844e-02
2.404028744239006601e-02
2.364125136689570333e-02
2.321934822397085305e-02
2.278064630939075422e-02
2.233138234037934655e-02
2.187776118473321388e-02
2.142577402277843698e-02
2.098103887211899554e-02
2.054866630816100381e-02
2.013315214350849466e-02
1.973829781425948116e-02
1.936715828797154135e-02
1.902201647639554724e-02
1.870438242501224965e-02
1.841501496624887643e-02
1.815396307080735169e-02
1.792062381225908996e-02
1.771381366855064032e-02
1.753184981336108894e-02
1.737263808655677838e-02
1.723376446884272717e-02
1.711258709954095389e-02
1.700632615780154136e-02
1.691214925816348497e-02
1.682725037645307897e-02
1.674892070591708221e-02
1.667461023377893661e-02
1.660197921189440068e-02
1.652893906102137489e-02
1.645368258975127285e-02
1.637470371541455139e-02
1.629080714474515426e-02
1.620381588218022112e-02
1.611057522159767622e-02
1.601072340215644804e-02
1.590419600102261494e-02
1.579116963631367956e-02
1.567203147067940464e-02
1.554734572891734029e-02
1.541781836899044564e-02
1.528426098215868861e-02
1.514755491494534402e-02
1.500861650383459624e-02
1.486836420164251542e-02
1.472768825403820980e-02
1.458742346069269967e-02
1.444832543060516929e-02
1.431105062050049698e-02
1.417614032833936638e-02
1.404400870644265109e-02
1.391493475964541114e-02
1.378905820622681848e-02
1.366780819683828356e-02
1.355030846222278484e-02
1.343562024266051376e-02
1.332336867756507386e-02
1.321306633151080219e-02
1.310412593635327042e-02
1.299587473648286008e-02
1.288757003355703486e-02
1.277841553743976760e-02
1.266757814584562429e-02
1.255420479858473069e-02
1.243743907860006374e-02
1.231643726426500177e-02
1.219038357140504389e-02
1.205850435904553923e-02
1.192008111021630561e-02
1.177767703785003242e-02
1.162762234121643423e-02
1.146930416721268428e-02
1.130230791693044232e-02
1.112631578884613892e-02
1.094111070228054837e-02
1.074657863173700961e-02
1.054270940851805873e-02
1.036218378335864582e-02
1.038633469081924089e-02
1.046625086355018434e-02
1.051798790127173901e-02
1.055095233606457433e-02
1.059687272669041121e-02
1.061794950650129903e-02
1.061016464560086102e-02
1.057290664464815427e-02
1.050227290258436488e-02
1.040297198359105453e-02
1.027044899518180301e-02
1.011037235809984433e-02
9.945772486268364410e-03
9.959967469612123619e-03
9.954395020100701916e-03
9.929144667491687781e-03
9.884444708586615641e-03
9.820921237957707176e-03
9.744319797390134374e-03
9.649570123531504146e-03
9.537367527219717256e-03
9.467545993015987968e-03
9.437600657696979325e-03
9.401726469856217308e-03
9.358131231826658999e-03
9.306981462578656564e-03
9.248474586503914463e-03
9.182836561716905405e-03
9.110319442377572477e-03
9.031198897973595485e-03
8.945771711327587042e-03
8.854728225479450293e-03
8.760155965228983918e-03
8.660169637879406093e-03
8.555121765339557954e-03
8.445374369842493720e-03
8.331296702060680612e-03
8.213263053187933385e-03
8.095242532409188674e-03
8.103783103420820338e-03
8.105188207067392028e-03
8.099624134576467738e-03
8.087278817863311625e-03
8.068359866758400070e-03
8.043092605286529181e-03
8.011718120579313165e-03
7.974491335979499648e-03
7.932278954133772930e-03
7.886515641323704404e-03
7.835654927718939053e-03
7.779985588860170373e-03
7.719801735151572523e-03
7.655401210700394678e-03
7.587084069241552611e-03
7.515151130489516190e-03
7.439902620437421898e-03
7.361636897805464048e-03
7.280649267684139760e-03
7.197230884087379467e-03
7.111667740790804035e-03
7.024239750152929188e-03
6.935219909710352466e-03
6.844873553890181567e-03
6.753878911695366388e-03
6.662831720704315806e-03
6.571119972979551360e-03
6.478974309759233212e-03
6.451404874486366126e-03
6.424670093232698852e-03
6.396135613723662010e-03
6.365896281368952671e-03
6.334046664088904821e-03
6.300680798178735255e-03
6.265891952048014205e-03
6.229772406650356358e-03
6.192413253352293916e-03
6.153904208175307693e-03
6.114333442273417116e-03
6.073787427600484297e-03
6.032350798289722212e-03
5.990106226502777721e-03
5.947134312078084482e-03
5.903513485973701375e-03
5.859319926630524034e-03
5.814627488351497425e-03
5.769574717857878579e-03
5.724673718993359209e-03
5.679452951980083937e-03
5.633977002352151542e-03
5.588307966296097648e-03
5.542505437530390912e-03
5.496626502515427823e-03
