4.055502459137387827e-01
4.051513956379094727e-01
4.099100188215739626e-01
4.150031397151589529e-01
4.127118565858239330e-01
4.208866652507351480e-01
5.005146461019185367e-01
5.159057020346967670e-01
4.871428021572958289e-01
7.940915966706625362e-01
5.429594811801569110e-01
1.036565075748406173e+00
7.334821706222813820e-01
7.509646181803977250e-01
8.942208436733452004e-01
7.908363134363282088e-01
9.000438695399047839e-01
1.023869016269254972e+00
9.960339624857285079e-01
1.255422718658881553e+00
1.467793527686502175e+00
1.437207891319453035e+00
1.313494260897763111e+00
1.466854522823656470e+00
1.652519627425427018e+00
1.567162558006198303e+00
1.789194058517231456e+00
2.240238219128386277e+00
2.021097137297763524e+00
1.957184691526682396e+00
2.478330123874163515e+00
2.915064229367550830e+00
3.095104292862135509e+00
2.946525140362641348e+00
3.444489614999460159e+00
3.212208656736160073e+00
3.056033440307921900e+00
3.356048335677110028e+00
3.188893940987163500e+00
2.977159038372998001e+00
2.742377185857807209e+00
2.397003203890974099e+00
1.738751136688930554e+00
1.312468100212867084e+00
1.122698600132970181e+00
9.799734570341929185e-01
9.162261040600409023e-01
8.919065474489999978e-01
8.963778886832053372e-01
8.996632885113140521e-01
8.077800000062917984e-01
7.115560211807238078e-01
6.820883919254542294e-01
6.663688041762967362e-01
6.585052813643433867e-01
6.140269563114127971e-01
5.716424264256078080e-01
4.963490147080053538e-01
4.387524727779761324e-01
3.937210030088126311e-01
3.650317743848668917e-01
3.418731978090542301e-01
3.114170894241243825e-01
3.089949351342961004e-01
3.185060381307677213e-01
3.184651147962171969e-01
3.056739832822603642e-01
3.037365886748536470e-01
2.896625895479721935e-01
2.676432619998470597e-01
2.420267393690368751e-01
2.162036400331880936e-01
1.981990029958118904e-01
1.927105984044076847e-01
1.954716292934020327e-01
1.957439219377720696e-01
1.847455090108796605e-01
1.801856511029582830e-01
1.794451836903834530e-01
1.676023630541318421e-01
1.498241552848390834e-01
1.319280660558512230e-01
1.194429677760198982e-01
1.145292399470941164e-01
1.154627074013498955e-01
1.179556336086642898e-01
1.184408028825291725e-01
1.154654473411003551e-01
1.086547390475759434e-01
1.010677515841403723e-01
9.788277164560897636e-02
9.189040822040665801e-02
8.450149035213211368e-02
7.823643376030003926e-02
7.959053857499530371e-02
8.216333439577153119e-02
8.459357076956697252e-02
8.610433739952531862e-02
8.611264153792499987e-02
8.450952870230951652e-02
8.150739496935568984e-02
7.750191926964247746e-02
7.873999133880382750e-02
7.935176758383077900e-02
7.924772782105843349e-02
7.856793321130278729e-02
7.746868974888775072e-02
7.608814835273711163e-02
7.452951885331170201e-02
7.285873702684436681e-02
7.111149799705883401e-02
6.930447553229086843e-02
6.744659591107360352e-02
6.554775769098929172e-02
6.362387939016665717e-02
6.169831976240365556e-02
5.980044190782258379e-02
5.798893197226927948e-02
5.625912885246394518e-02
5.463877791393057654e-02
5.314836230880592288e-02
5.179922963894332405e-02
5.059298413094755892e-02
4.952203199472327011e-02
4.857107240867410830e-02
4.771925597585084666e-02
4.694270795051688067e-02
4.621712330700079169e-02
4.552017449726522558e-02
4.483352224475486980e-02
4.414427845855573018e-02
4.344583308594438670e-02
4.273801897332552002e-02
4.202664659566394956e-02
4.132249034337892590e-02
4.063984705940970610e-02
3.999481369122103586e-02
3.940344329717287292e-02
3.887993739331966486e-02
3.843501900229163298e-02
3.807460694722004935e-02
3.779888075306039180e-02
3.760179014793615243e-02
3.747102679064445718e-02
3.738844140757042328e-02
3.733085942951846342e-02
3.727122426707001057e-02
3.717998062455005887e-02
3.702660111780840119e-02
3.678115768234579280e-02
3.641584407899116360e-02
3.590636609812525304e-02
3.523313046359690531e-02
3.438218049989283376e-02
3.334584492533219230e-02
3.212308438209846018e-02
3.071953740909254965e-02
3.008567448399331740e-02
3.060461787005514661e-02
3.093532953558508075e-02
3.109609841187161577e-02
3.101857577544300457e-02
3.069238873192706510e-02
3.104042104387621029e-02
3.176941477381656914e-02
3.231997494428619916e-02
3.268437549047342044e-02
3.290146459865762874e-02
3.290872335436367813e-02
3.270373488110620008e-02
3.228863605182069607e-02
3.166983888862699020e-02
3.086653717844767622e-02
3.022818624848637795e-02
2.935309143230504722e-02
2.826244773805656682e-02
2.740985304803281869e-02
2.794499169827233814e-02
2.827808741776896909e-02
2.840910283650625867e-02
2.834176541377610506e-02
2.808322725643842138e-02
2.767062043432678628e-02
2.711421152658767542e-02
2.640098229419693063e-02
2.554710105727116612e-02
2.457009549067981288e-02
2.348841585895162024e-02
2.289669221915514516e-02
2.269637612650378736e-02
2.240826244212604929e-02
2.203866048827715640e-02
2.161037039813759955e-02
2.112900289808480533e-02
2.058505033737549964e-02
2.073600436790424065e-02
2.128599769040403697e-02
2.173241063717368596e-02
2.207512559030241212e-02
2.231542057653099209e-02
2.245582537155269356e-02
2.249997179156943555e-02
2.245244154790265387e-02
2.231861465504209399e-02
2.210452098977161786e-02
2.182596132879490239e-02
2.149449481529031730e-02
2.110173217723341002e-02
2.065485065103206397e-02
2.016107598870856693e-02
1.962758434127691992e-02
1.906141522436025776e-02
1.846939563432092174e-02
1.785807518355685825e-02
1.723367195113315042e-02
1.660202860767550845e-02
1.596857825827981137e-02
1.533831936112949219e-02
1.471579901760431894e-02
1.414753564608233968e-02
1.393903394257973993e-02
1.373081594169321511e-02
1.372014915199219753e-02
1.378516125188695637e-02
1.380642685976342030e-02
1.378662018956322392e-02
1.373993795343111772e-02
1.365724239248669418e-02
1.354153514660652244e-02
1.339590768964005023e-02
1.322349566698757979e-02
1.302743770405985838e-02
1.281083872252406115e-02
1.257673772787093643e-02
1.232807997022210798e-02
1.206769332960422499e-02
1.193845595709407299e-02
1.194800802067226032e-02
1.193281257447965926e-02
1.189462962343008738e-02
1.183529623353487409e-02
1.175669775894392505e-02
1.166074167321101175e-02
1.154933403699421116e-02
1.142435859264997501e-02
1.128765844140402694e-02
1.114102022799856942e-02
1.098616073418952170e-02
1.082471576033584848e-02
1.065823116211387679e-02
1.048815589507492985e-02
1.031583691371875180e-02
1.014251576685343444e-02
9.969326729331920087e-03
9.797296310430914090e-03
9.627343983331915905e-03
9.460283982725994217e-03
9.296828025501907913e-03
9.137588815252877666e-03
8.983084199410259693e-03
8.833741856901240058e-03
8.689904403164687430e-03
8.551834807523224849e-03
8.419722028836392619e-03
8.293686783379789623e-03
8.173787368293279620e-03
8.060025473414974065e-03
7.952351921123273007e-03
7.850672284199873216e-03
7.754852337158077945e-03
7.664723305067987387e-03
7.580086879529382253e-03
7.500719978730093808e-03
7.426379232627448000e-03
7.356805180691083738e-03
7.291726173556089749e-03
7.230861974046245456e-03
7.173927056402842548e-03
7.120633606919143758e-03
7.070694229907005524e-03
7.023824366970136263e-03
6.979744438937529952e-03
6.938181720753733468e-03
6.898871962406431455e-03
6.861560768301524019e-03
6.826004749502077688e-03
6.791972463456665693e-03
6.759245155217911971e-03
6.727617316078108103e-03
6.696897073852015915e-03
6.666906429744373988e-03
6.637481355867135002e-03
6.608471768118732992e-03
6.579741387253603378e-03
6.551167501136335655e-03
6.522640641325210507e-03
6.494064184854382582e-03
6.465353892365182688e-03
6.436437393653004005e-03
6.407253629449913973e-03
6.377752258781393437e-03
6.347893040135128145e-03
6.317645193950775784e-03
6.286986753403545763e-03
6.255903909391825890e-03
6.224390355866410776e-03
6.192446639922654684e-03
6.160079521633315264e-03
6.127301346921076863e-03
6.094129437124218111e-03
6.060585498496928042e-03
6.026695053114081158e-03
5.992486894127477780e-03
5.957992566534615723e-03
5.923245874528706989e-03
5.888282416944742512e-03
5.853139150946000749e-03
5.817853984175236533e-03
5.782465396410442320e-03
5.747012089212199387e-03
5.711532664541092361e-03
5.676065331295795588e-03
5.640647638983620725e-03
5.605316238471156828e-03
5.570106667996253813e-03
5.535053164701211718e-03
5.500188499474486549e-03
5.465543834782943082e-03
5.431148604560978761e-03
5.397030413921633657e-03
5.363214958814688932e-03
5.329725963740242559e-03
5.296585136411917707e-03
5.263812138177736272e-03
5.231424569375820940e-03
5.199437967997174066e-03
5.167865820867369522e-03
5.136719586023573945e-03
5.106008725527859567e-03
5.075740747353335060e-03
5.045921255687773992e-03
5.016554008306404501e-03
4.987640980529979909e-03
4.959182434874700833e-03
4.931176995086864259e-03
4.903621724290629577e-03
4.876512206661742788e-03
4.849842631292655346e-03
4.823605878231269732e-03
4.797793605744129185e-03
4.772396338637021999e-03
4.747403556593224501e-03
4.722803782533016928e-03
4.698584670420552847e-03
4.674733091983235625e-03
4.651235222414700464e-03
4.628076624013720101e-03
4.605242328501854034e-03
4.582716916635149428e-03
4.560484595927025674e-03
4.538529275531301248e-03
4.516834638652804206e-03
4.495384211926374725e-03
4.474161431903754017e-03
4.453149708720319407e-03
4.432332486200252566e-03
4.411693299436858506e-03
4.391215828488199448e-03
4.370883949468586972e-03
4.350681782082449489e-03
4.330593734203341989e-03
4.310604543028412165e-03
4.290699313385288455e-03
4.270863552805898890e-03
4.251083203603430241e-03
4.231344672012431543e-03
4.211634854472769141e-03
4.191941161140825753e-03
4.172251536445410747e-03
4.152554477319670041e-03
4.132839048844404346e-03
4.113094897160256974e-03
4.093312260477066991e-03
4.073481977331486897e-03
4.053595493151392233e-03
4.033644864552089065e-03
4.013622761746540521e-03
3.993522468896565022e-03
3.973337883232150140e-03
3.953063511842502993e-03
3.932694467648602601e-03
3.912226463326946672e-03
3.891655804255783873e-03
3.870979379969733281e-03
3.850194654779825337e-03
3.829299656879871228e-03
3.808292966852140030e-03
3.787173705083636457e-03
3.765941518421938271e-03
3.744596565987323190e-03
