2.943649796761445003e-01
2.952955977775548191e-01
2.971018697632982208e-01
2.987308842993060543e-01
2.996330872592335437e-01
3.026732028991460099e-01
3.067806148080890472e-01
3.148837622040351336e-01
3.255257824517492904e-01
3.364250049146287336e-01
4.010128387829669516e-01
4.640727788898357242e-01
6.241792529535780121e-01
4.917829828525486224e-01
5.031985481948199057e-01
5.366492222816349189e-01
6.091311660479247214e-01
6.867196914674189578e-01
8.515838386169585217e-01
8.468175633950694170e-01
8.026771564064063558e-01
8.109650114352082717e-01
7.238273340783425436e-01
9.839565353988215524e-01
8.985361926714754421e-01
6.085404484798075941e-01
5.558214660561493492e-01
5.607427937594251510e-01
5.812303927810281712e-01
6.159705538014219606e-01
5.585432232140844500e-01
6.009525220608020746e-01
6.573853212049931560e-01
6.404665782916014738e-01
6.346634393436934030e-01
7.051969007261732481e-01
8.743994156693332132e-01
9.259529574876347313e-01
8.599838554670886648e-01
9.535613616954026206e-01
8.182378148363621539e-01
9.258069364040381055e-01
1.022343976047264347e+00
1.009007412969367357e+00
1.095662383528273054e+00
1.161026004222483587e+00
1.104111184450697447e+00
1.002705034853860422e+00
1.074521252184737818e+00
1.237632527036532037e+00
1.316348296239367111e+00
1.343399890435565514e+00
1.509466875631238825e+00
1.718254357561461498e+00
1.738033421834657810e+00
1.702803240337133150e+00
1.743456008583581962e+00
1.836884254283308371e+00
1.971404041163669518e+00
1.975281137481359695e+00
1.830192861566862339e+00
1.887423380648861837e+00
1.853897906492300462e+00
1.749824931894998103e+00
1.603497778074375324e+00
1.826352842263871068e+00
1.998613076814468759e+00
2.017195204396855956e+00
1.916877433252561769e+00
1.710541609051575263e+00
1.421193086982951437e+00
1.217269411672991630e+00
1.080896211348962632e+00
9.441515368961863608e-01
8.265355582965269177e-01
7.388549004648434781e-01
6.747459422865303980e-01
6.241282902801323917e-01
5.812454935542996637e-01
5.511368516929470163e-01
5.175375449702904751e-01
4.799874513854973657e-01
4.452028608766989137e-01
4.463103702628871128e-01
4.361142360983009114e-01
4.222744031927213038e-01
4.141063059653778411e-01
4.218255055804407960e-01
4.462391925081777289e-01
4.547665119747036355e-01
4.406284114514908423e-01
4.030224200224881703e-01
3.615258134941504164e-01
3.178083735585908176e-01
2.845386914587660354e-01
2.579156666525043162e-01
2.478105205163165237e-01
2.548325875823459485e-01
2.701045191282417934e-01
2.831241919717420452e-01
2.866354240095754236e-01
2.774833993541216959e-01
2.560309286641953008e-01
2.466649949808595033e-01
2.410525728347713559e-01
2.407355822754156660e-01
2.355579060312941453e-01
2.265343314817356568e-01
2.145382203217087169e-01
2.002397351816702920e-01
1.844746605621987168e-01
1.780871130997032092e-01
1.773351380433491609e-01
1.752200253102406124e-01
1.722592802843203041e-01
1.679601454999763710e-01
1.627262370670141678e-01
1.565376750806883044e-01
1.494845931379222559e-01
1.420880223778575591e-01
1.343026731685612041e-01
1.264337352120870062e-01
1.187727060600678869e-01
1.115793176290830330e-01
1.050676538660190312e-01
9.939690993634388294e-02
9.466676652850358753e-02
9.091703012146509777e-02
8.813098286712200968e-02
8.624175944232347069e-02
8.514099864862696709e-02
8.469299911918526380e-02
8.477659119950815836e-02
8.514954386421121069e-02
8.564268442249858837e-02
8.609837673965639593e-02
8.642538334201330108e-02
8.649861401438407871e-02
8.620900422099310456e-02
8.549301372929252185e-02
8.431586312941333206e-02
8.269788444986764242e-02
8.072116879746669971e-02
7.832212899154382402e-02
7.555212517517971571e-02
7.596022593811670165e-02
7.838717208280443494e-02
8.037924528478675168e-02
8.177058439089993080e-02
8.251463394868616130e-02
8.263146553518718740e-02
8.225248010914489039e-02
8.129139546399610783e-02
7.981529223059224964e-02
7.799721673653359222e-02
7.585588024482277369e-02
7.344665945615129476e-02
7.086080424138097023e-02
6.819277960151186313e-02
6.555570326458746988e-02
6.295969941637412359e-02
6.046325575578371386e-02
5.811297855360784970e-02
5.594356475636132892e-02
5.397832185964208246e-02
5.223010349677010417e-02
5.070253309337171416e-02
4.939139904008948978e-02
4.828612034452075402e-02
4.737119962507507775e-02
4.662759891539133839e-02
4.603711009828707901e-02
4.558352358492360340e-02
4.523142296530373307e-02
4.495832313072188613e-02
4.474296220652470429e-02
4.456570911152436115e-02
4.440883316777913953e-02
4.425665588471563994e-02
4.409560576804537335e-02
4.391589724111141790e-02
4.371926666877742895e-02
4.348697371030964265e-02
4.321281670177132966e-02
4.289217887613423069e-02
4.252186829195865603e-02
4.209995862716874038e-02
4.162563622205396607e-02
4.109905693506042679e-02
4.052121485814627611e-02
3.989382372179541003e-02
3.921921089443872188e-02
3.850022322211045511e-02
3.774780982535649865e-02
3.696887713045916152e-02
3.615510731092438923e-02
3.531058252075058856e-02
3.443958388355806977e-02
3.354653942626986685e-02
3.263597500245528360e-02
3.171246754566869885e-02
3.078060022043506774e-02
3.089382482621610970e-02
3.098154175433726065e-02
3.103549644343432320e-02
3.105478172786543811e-02
3.103885379470837716e-02
3.098752251265690996e-02
3.090093916452316472e-02
3.077958154681345593e-02
3.062423648381002589e-02
3.043597987833184318e-02
3.022147953921102900e-02
2.998657957350957942e-02
2.972293239603171142e-02
2.943246919416176582e-02
2.911729045004806532e-02
2.877963709275914786e-02
2.842186131780985101e-02
2.804639745761275393e-02
2.765573327339069729e-02
2.725238201714423603e-02
2.683885558500693005e-02
2.641763905078798810e-02
2.599116683240568909e-02
2.556242410500442208e-02
2.513919708363411554e-02
2.471674440285189997e-02
2.429712949266258151e-02
2.388228057233613214e-02
2.347397909610253811e-02
2.307385050017975864e-02
2.268335721119948620e-02
2.230379384755136127e-02
2.193628452036845006e-02
2.158178211994655343e-02
2.124106945596808751e-02
2.091476210516828374e-02
2.060331281088997879e-02
2.030701726943765287e-02
2.002602113641915177e-02
1.976032808260132917e-02
1.950980873119983680e-02
1.927421031094858628e-02
1.905316686530055328e-02
1.884620986428775166e-02
1.865277907460546197e-02
1.847223355196130068e-02
1.830386263138483044e-02
1.814689680067041802e-02
1.800051835438377240e-02
1.786387173727183031e-02
1.773607349693650734e-02
1.761622177748664239e-02
1.750340529698496059e-02
1.739671176203727923e-02
1.729523568284118545e-02
1.719808556202174696e-02
1.710439043995201983e-02
1.701330578605177168e-02
1.692401873468568282e-02
1.683575267087012925e-02
1.674777117599741266e-02
1.665938135027207959e-02
1.656993653338813266e-02
1.647883844786901184e-02
1.638553879314257056e-02
1.628954032260878509e-02
1.619039743480686980e-02
1.608771631548181966e-02
1.598115466442252830e-02
1.587042104423178404e-02
1.575527388698422931e-02
1.563552019508065299e-02
1.551101397175466516e-02
1.538165441586567504e-02
1.524738391487595428e-02
1.510818586783904682e-02
1.496408236956086463e-02
1.481513178518737393e-02
1.466226281344010403e-02
1.450683297139788823e-02
1.434685120576695457e-02
1.418248780013556601e-02
1.401393705203675226e-02
1.384141471043123794e-02
1.366515545191377724e-02
1.348541040978891783e-02
1.330244476943654580e-02
1.311653544184827706e-02
1.292796882434820056e-02
1.273703865712034686e-02
1.254404398275375462e-02
1.234928721331620370e-02
1.215307231047784743e-02
1.195570307995191643e-02
1.181421505122676012e-02
1.179550997476370121e-02
1.177598633171235247e-02
1.175553872976348169e-02
1.173407142251524371e-02
1.171149805044475502e-02
1.168774136287189722e-02
1.166273292382895635e-02
1.163641280407299965e-02
1.160872926224132753e-02
1.157963841636924437e-02
1.154910390894469015e-02
1.151709656665318542e-02
1.148359405695955661e-02
1.144858054334831586e-02
1.141204634020771998e-02
1.137398756946756719e-02
1.133440581970210879e-02
1.129330780927619536e-02
1.125070505410630771e-02
1.120661354175612155e-02
1.116105341179236821e-02
1.111404864377414821e-02
1.106562675322776169e-02
1.101581849649433190e-02
1.096465758426728825e-02
1.091218040507154624e-02
1.087159801307742771e-02
1.084306947300514752e-02
1.081256969955183243e-02
1.078046772683837785e-02
1.074587111675823735e-02
1.070887488021605126e-02
1.066957617258027131e-02
1.062807387073575784e-02
1.058446817151185645e-02
1.053886021107285943e-02
1.049135170558526155e-02
1.044204461307362414e-02
1.039104081600999464e-02
1.033844182489556708e-02
1.028434850193910011e-02
1.022886080519058716e-02
1.017207755164195940e-02
1.011409619982776668e-02
1.005501265089922373e-02
9.994921067326462474e-03
9.933913709304353912e-03
9.872080787687935802e-03
9.809510332724388423e-03
9.746288078559445928e-03
9.682497362130925919e-03
9.618219036016862136e-03
9.553531394791548934e-03
9.488510113693346751e-03
9.423228199323837456e-03
9.357755951687826354e-03
9.292160936618203831e-03
9.226507968018127573e-03
9.160859099509742823e-03
9.095273624718083760e-03
9.029808085304905779e-03
8.964516286647719948e-03
8.899449320235133798e-03
8.834655592176171232e-03
8.770180857680831554e-03
8.706068260684584129e-03
8.642358378006878561e-03
8.579089267845113956e-03
8.516296522112649578e-03
8.454013322042156636e-03
8.392270496732984891e-03
8.331096584325851234e-03
8.270517895156920610e-03
8.210558577070840511e-03
8.151240681952118608e-03
8.092584233548225786e-03
8.034607296364251749e-03
7.977326044992179982e-03
7.920754834006001749e-03
7.864906267882179614e-03
7.809791270999030463e-03
7.755419157480371133e-03
7.701797700348452652e-03
7.648933200280814623e-03
7.596830553648075898e-03
7.545493319640187053e-03
7.494923786232208368e-03
7.445123035494587843e-03
7.396091007001762488e-03
7.347826560685066961e-03
7.300327537637419512e-03
7.253590820062650463e-03
7.207612389243896189e-03
7.162387382225181287e-03
7.117910146870643981e-03
7.074174295148887882e-03
7.031172755094074536e-03
6.988897820508250744e-03
6.947341199727835939e-03
6.906494062061345647e-03
6.866347082838705589e-03
6.826890486752653329e-03
6.788114089452126736e-03
