1.928013011992170400e-01
1.924590674550836766e-01
1.921033524653154578e-01
1.923864250908799700e-01
1.940593684210119574e-01
1.959158239007295632e-01
1.974640902252522145e-01
2.002384136962783723e-01
2.055381661222078493e-01
2.224510069244625965e-01
2.466350913137954903e-01
2.492616467838363881e-01
2.850473885727816126e-01
3.323295101662224749e-01
3.516146906218343138e-01
4.617416592359814276e-01
4.354224518379016251e-01
3.698288869218982478e-01
3.795285649143096407e-01
4.782843304927605343e-01
4.164687517460083921e-01
4.026795558756173232e-01
4.809327493391852837e-01
4.698906952231847733e-01
6.261994729522484260e-01
6.321251815027516541e-01
6.544014342662151096e-01
7.206892899545817022e-01
6.606210064040695107e-01
8.252926442537427132e-01
8.309022353482632406e-01
7.248758319843722209e-01
7.463841176149023093e-01
7.025921160898037643e-01
6.911150783359054639e-01
6.863465137387831927e-01
7.647849067771581577e-01
1.010239669266785434e+00
7.999148784187245509e-01
5.441366761094551530e-01
4.345680817709187682e-01
4.140724327990388809e-01
4.025515442071032068e-01
3.652926955089763617e-01
3.584782523361699225e-01
3.377750210907670692e-01
3.371069003775796769e-01
3.248537184185836257e-01
3.633675648740391506e-01
4.007258419339096434e-01
3.903530201514203712e-01
3.878528657867458262e-01
3.944047994267029233e-01
3.919260033681982724e-01
4.224010571749146070e-01
4.618982758538516808e-01
4.731599167961919039e-01
4.649094867194800695e-01
5.346053610972432146e-01
5.846819828563106780e-01
6.432505280942292236e-01
7.509636146107118160e-01
8.255339108661663428e-01
7.649548338883874754e-01
6.658964179717257181e-01
6.635894089414052788e-01
6.844747541446629668e-01
6.974088715340109879e-01
6.406292836144156233e-01
5.887531321051862054e-01
5.714352828284692265e-01
6.422274745662532869e-01
6.886948589752219796e-01
6.746599787046181351e-01
6.909165697741612711e-01
7.894850833999308426e-01
8.612997646455156087e-01
8.309521649358896367e-01
8.001396019449515951e-01
8.572742527393805156e-01
8.824129725220941634e-01
9.352179214988319833e-01
1.052741269093322662e+00
1.156438523795307427e+00
1.110927856157461147e+00
1.035767799491386976e+00
1.023946401140508611e+00
1.050758457804746859e+00
1.082101085765762249e+00
1.127512740449824857e+00
1.179772817034141053e+00
1.220078278399640892e+00
1.231195942708837254e+00
1.198890695571443343e+00
1.123370318322580941e+00
1.022276653999156792e+00
9.285047821300470572e-01
8.845428476714997101e-01
9.023643070272437949e-01
9.802741772783178931e-01
1.075492569113890351e+00
1.151901992131173946e+00
1.227503033392682852e+00
1.301783733950317545e+00
1.327548857985410669e+00
1.330499739463361308e+00
1.305545033466652738e+00
1.245656617176602587e+00
1.187664249266251026e+00
1.113358097141631031e+00
1.026839469199394062e+00
9.470448668872474274e-01
8.702891726292175667e-01
7.967348199644900264e-01
7.280686825281593721e-01
6.663482020865402200e-01
6.145371903504434075e-01
5.714483553150698780e-01
5.326626911371039608e-01
4.971095766574396557e-01
4.635897745421683758e-01
4.777719573171587131e-01
4.979013830475002567e-01
4.996561427123343835e-01
4.864710307935626310e-01
4.625689739542325207e-01
4.398147355883506582e-01
4.196396367326950538e-01
3.989467311717400100e-01
3.798237358789978146e-01
3.624981519701037658e-01
3.461105207321458210e-01
3.295788220639138122e-01
3.119837877582615215e-01
2.936326838945585438e-01
2.756235168367126565e-01
2.597024869389606416e-01
2.473577210522409919e-01
2.397014978362165261e-01
2.364309120551034704e-01
2.364127630395790602e-01
2.379664775264641874e-01
2.393669791185770446e-01
2.395271262066349938e-01
2.416372516844978169e-01
2.440384432418458149e-01
2.437344566838695048e-01
2.410257320638263534e-01
2.365048677293120349e-01
2.306829726069787312e-01
2.237508383897059971e-01
2.158669727274510897e-01
2.069679532354884444e-01
2.048923012646627351e-01
2.027682232226011849e-01
1.998418258034833639e-01
1.965354467429486773e-01
1.932873287250504446e-01
1.907032346180263238e-01
1.892652456783089632e-01
1.891562303891786700e-01
1.901778015146985690e-01
1.917573471424645626e-01
1.930391492616524429e-01
1.930336689989964050e-01
1.926304164480010794e-01
1.958655455249409816e-01
1.970583817150159123e-01
1.958208639652362359e-01
1.918248013200630486e-01
1.848638943262283785e-01
1.750086373059010492e-01
1.685248775144372324e-01
1.627788655901066250e-01
1.546999859728877547e-01
1.444917843719947526e-01
1.324824142049303710e-01
1.248123192244152135e-01
1.213654781133359922e-01
1.173418474081375507e-01
1.154436637802846582e-01
1.146033248253938291e-01
1.136135231421863262e-01
1.125531375663021832e-01
1.113465475074592731e-01
1.100021752100935335e-01
1.086127144881296885e-01
1.071008765274533980e-01
1.054702451538737651e-01
1.102785481672021728e-01
1.139900436981075293e-01
1.160807926268736939e-01
1.166649818732958671e-01
1.157651221941172481e-01
1.136600476269168519e-01
1.105231883379562963e-01
1.066334816973188299e-01
1.022466246997656286e-01
9.777734415964124681e-02
9.622935464615747780e-02
9.432742650006130380e-02
9.216229617492996407e-02
8.983774529439818302e-02
8.746113027108722016e-02
8.512396291626481148e-02
8.291476187950219678e-02
8.092055348024645989e-02
7.915300892871034166e-02
7.765263000819012940e-02
7.640148598881237041e-02
7.538931697586390146e-02
7.455395672222459025e-02
7.387470107404246755e-02
7.325787331578494099e-02
7.268678472756140430e-02
7.206851419104357004e-02
7.138686310283542946e-02
7.058258505748876699e-02
6.963126054815529931e-02
6.877209660729209639e-02
6.790781486980514148e-02
6.690969974868567205e-02
6.573225102595374458e-02
6.440624932210400888e-02
6.295519238795889427e-02
6.138113023567080828e-02
5.972577869061396205e-02
5.803558082465262724e-02
5.632709838894504190e-02
5.530388802639151641e-02
5.423061902279126961e-02
5.302144926180595019e-02
5.171661886839616640e-02
5.036370315778756351e-02
4.899546325328860835e-02
4.762923109610373712e-02
4.698908352592430504e-02
4.682718869151530211e-02
4.683154143343401521e-02
4.699365604093951043e-02
4.730123646663948744e-02
4.773580099262021703e-02
4.825999410608993595e-02
4.884010847641031411e-02
4.944984276021399672e-02
5.006234825802751559e-02
5.062448090743469631e-02
5.113460953348496901e-02
5.153663741018283534e-02
5.183376904689418474e-02
5.197736966391493935e-02
5.198763590392737471e-02
5.181754588960499341e-02
5.149025760783636219e-02
5.098355161399146379e-02
5.030618777125096114e-02
4.946910988038133450e-02
4.846504047244514640e-02
4.746604311670778870e-02
4.671251238434908498e-02
4.584770793115058168e-02
4.491203319834358165e-02
4.388629740863550510e-02
4.280461734551108816e-02
4.166230784392368353e-02
4.047789304621849521e-02
3.926379712085667495e-02
3.927936086615414768e-02
3.959238535952989274e-02
3.984320562894441003e-02
4.003214952201449017e-02
4.016043167068242270e-02
4.023002239503802729e-02
4.025267204142855132e-02
4.022772148701579675e-02
4.015293490610948729e-02
4.003195257045734368e-02
3.986859209035638341e-02
3.966675575961462613e-02
3.943034950556671692e-02
3.917334898796413084e-02
3.889104009449198540e-02
3.858463083226267021e-02
3.825746298058964323e-02
3.791265770682335223e-02
3.755309857955533431e-02
3.718142272502573953e-02
3.680001903106479982e-02
3.641103228536115427e-02
3.602278322008036632e-02
3.563136030955741523e-02
3.523692571498943799e-02
3.484079558956208744e-02
3.444411497115718035e-02
3.404787634583033434e-02
3.365293807713557600e-02
3.326004219965738445e-02
3.286983117559864193e-02
3.248286331290282242e-02
3.209962663167196389e-02
3.172055105094365168e-02
3.134601883603610473e-02
3.097637331282807396e-02
3.061192590483230100e-02
3.025296159288488190e-02
2.989974292866086000e-02
2.955251275649469975e-02
2.921149581481696095e-02
2.887741420539555529e-02
2.855116893958831517e-02
2.823152654253272692e-02
2.791865091837599996e-02
2.761268506147830301e-02
2.731374956139084528e-02
2.702194109496449531e-02
2.673733101097129639e-02
2.645996409731725049e-02
2.618985760215603378e-02
2.592700056158410427e-02
2.567135347287834851e-02
2.542284833217156592e-02
2.518138904681718748e-02
2.494685221649489346e-02
2.471908826710969564e-02
2.449792291469300720e-02
2.428315892594858777e-02
2.407457813959267348e-02
2.387194370660417758e-02
2.367500250600609868e-02
2.348348769101043371e-02
2.329712132158736140e-02
2.311561703809397739e-02
2.293868273639616123e-02
2.276602320326529677e-02
2.259734267732293675e-02
2.243234730388602924e-02
2.227074745411414258e-02
2.211225988614418797e-02
2.195660972751172987e-02
2.180353226407671582e-02
2.165277452391850543e-02
2.150409664909095839e-02
2.135727305172208101e-02
2.121209335394354939e-02
2.106836311528596101e-02
2.092590435324127862e-02
2.078455586443990824e-02
2.064417335804505024e-02
2.050462941229824060e-02
2.036581326870072831e-02
2.022763047696353803e-02
2.009000240735976314e-02
1.995286564511034033e-02
1.981617128313742718e-02
1.967988412855972008e-02
1.954398183883597137e-02
1.940845400204737822e-02
1.927330117581910196e-02
1.913853389906802760e-02
1.900417168773875509e-02
1.887024202831020375e-02
1.873677937805350024e-02
1.860382418260849574e-02
1.847142191921319690e-02
1.833962217322508692e-02
1.820847775428926021e-02
1.807804385741150835e-02
1.794837727358753604e-02
1.781953565352404831e-02
1.769157682650563182e-02
1.756455817679796264e-02
1.743853607770332395e-02
1.731356538450698479e-02
1.718969898471451804e-02
1.706698740595144481e-02
1.694547847890213316e-02
1.682521705336578396e-02
1.670624476686660698e-02
1.658859986058771122e-02
1.647231704194555835e-02
1.635742739002126606e-02
1.624395830047892231e-02
1.613193346690497756e-02
1.602137289584702404e-02
1.591229295142078046e-02
1.580470642672309953e-02
1.569862263865706015e-02
1.559404754378115356e-02
1.549098387077461197e-02
1.538943126821294347e-02
1.528938646390927761e-02
1.519084343400056367e-02
1.509379357851346228e-02
1.499822590238063594e-02
1.490412719871654461e-02
1.481148223334869014e-02
1.472027392862121017e-02
1.463048354490633154e-02
1.454209085856845302e-02
1.445507433556843073e-02
