2.097520072809724578e-01
2.095376987734283436e-01
2.137902681431985696e-01
2.130321902993503880e-01
2.116866168373573998e-01
2.121174447269340013e-01
2.158359615543141430e-01
2.247901868936273972e-01
2.578447286038338393e-01
3.157014610628596785e-01
3.881722794878655347e-01
3.842212416929307039e-01
5.541137196288874467e-01
5.643362112806210584e-01
5.825490025959574325e-01
4.688568495005393522e-01
5.316542937976833638e-01
6.283385866026575117e-01
6.211851023660648341e-01
6.373764834152176872e-01
6.477268184962647890e-01
8.820415093752210778e-01
1.082577154244972695e+00
1.058402225190941959e+00
1.043185437392303072e+00
1.061035500456876557e+00
8.913296208821182010e-01
8.621764479833410322e-01
8.668656550215525503e-01
1.012408510710712362e+00
1.172940180011847078e+00
6.604544128279271620e-01
4.572320866132832395e-01
4.119166016977642286e-01
3.990729187764709973e-01
4.143174138192448064e-01
4.458019303693784297e-01
4.114870960079979323e-01
4.234613840702436405e-01
4.650307976393041054e-01
4.923925799277935056e-01
5.628039923033001379e-01
6.334440485790925335e-01
6.400738249663587842e-01
5.765394525766279754e-01
6.043893261737737221e-01
6.299845250742098779e-01
7.510454319255223110e-01
8.323157876622059304e-01
7.913150390122362099e-01
6.528368954843992711e-01
6.340460792542451651e-01
7.310720032171823535e-01
7.498998608851951131e-01
7.320978712445240788e-01
8.775476469562386583e-01
8.409871717178086792e-01
7.904993532434277936e-01
9.202425973537298187e-01
1.035706516219881745e+00
1.087939427807996351e+00
1.109001029395529692e+00
1.089995900369780335e+00
1.091445311335570434e+00
1.128251234468420128e+00
1.196934249114472548e+00
1.273115345216707217e+00
1.381069467747677137e+00
1.443310212177964624e+00
1.473594450206674011e+00
1.447415090070594657e+00
1.409399412272980268e+00
1.354483698548090365e+00
1.446757508870895270e+00
1.371778978845865637e+00
1.207366342908118728e+00
1.119126405412443681e+00
1.129915005221264090e+00
1.209678694242145580e+00
1.293903105157512501e+00
1.301709974215253807e+00
1.253335809443198556e+00
1.271700072257571756e+00
1.359184937672512694e+00
1.418581937189538067e+00
1.405026060118432563e+00
1.258227773955534090e+00
1.042288828305375725e+00
8.338625988775439923e-01
7.037446822981948680e-01
6.395367390572903599e-01
5.868330907057833778e-01
5.442476174834020020e-01
5.068744711766356437e-01
4.743648562215008191e-01
4.999945764700221562e-01
5.043912614418034623e-01
5.055915757725013560e-01
5.181155918585521603e-01
5.076029947147555621e-01
4.799865507835179845e-01
4.521210129728299165e-01
4.447048333128237330e-01
4.314490288055186085e-01
4.064174359499814204e-01
3.837048136289205047e-01
3.650928842148042364e-01
3.443109208650077524e-01
3.193134432084613339e-01
3.091899737959120098e-01
3.203013337468954558e-01
3.251539247477174266e-01
3.223094471327529464e-01
3.113749181648773345e-01
2.932703700437101491e-01
2.835877969844120550e-01
2.750760720542734794e-01
2.622252712540123487e-01
2.454661868301672434e-01
2.296264677255968889e-01
2.211784057168997564e-01
2.098818880840688239e-01
1.977671722566652357e-01
1.983250312089442913e-01
1.974874460141019805e-01
1.896552918227908113e-01
1.766862442168072866e-01
1.767979353161536482e-01
1.749968983780693654e-01
1.770582645892336549e-01
1.747248374334507970e-01
1.724031671630907037e-01
1.728508249675334285e-01
1.704849491083743618e-01
1.660030607070010211e-01
1.595111265617221719e-01
1.512334641978004546e-01
1.456458602812477909e-01
1.420631659553935611e-01
1.365232394932819615e-01
1.295023788228051032e-01
1.216618033699345541e-01
1.137339277595416087e-01
1.064170880985890466e-01
1.003674178634502284e-01
9.586440547845835602e-02
9.288985870341659457e-02
9.115119830488013775e-02
9.016571263119863011e-02
8.943167140523659853e-02
8.851461989652552320e-02
8.929363160874743965e-02
9.014004605981768004e-02
9.061120935198137272e-02
9.065422672941166049e-02
9.017772339915512692e-02
8.914286115397196397e-02
8.767450138530835657e-02
8.568514068080157475e-02
8.333984645777034461e-02
8.058539811563868172e-02
7.752379784784725614e-02
7.556759277686901644e-02
7.563240024493100844e-02
7.533898535177463440e-02
7.461050567708793491e-02
7.346761327381359785e-02
7.203021453988529832e-02
7.024959522668815237e-02
6.819584004804273014e-02
6.595360683720265238e-02
6.364980337200015770e-02
6.134544862849367758e-02
5.912058433513353584e-02
5.705985750735632911e-02
5.523368464812504486e-02
5.369451731191763472e-02
5.247474443285102264e-02
5.158626026635220602e-02
5.104149231011532312e-02
5.079896171143116063e-02
5.081276705782648145e-02
5.103323074735808401e-02
5.140532907486015934e-02
5.187255483172587001e-02
5.238033337570621728e-02
5.287880799976991258e-02
5.332488952991720765e-02
5.368908952851343674e-02
5.396799803451488020e-02
5.411855733741749441e-02
5.412961950256251625e-02
5.399695828421739729e-02
5.372203763116054076e-02
5.331180297466946161e-02
5.281624661961327460e-02
5.220214176230361658e-02
5.148023056380744700e-02
5.066113951402544807e-02
4.975475517278336174e-02
4.879048506889506476e-02
4.776937869755707583e-02
4.668121109478546443e-02
4.553132226471297284e-02
4.432444985714076996e-02
4.306513527195517110e-02
4.203838424729942208e-02
4.225866226833979722e-02
4.232786096199750436e-02
4.222692609841886824e-02
4.197756708405204346e-02
4.156711836001562160e-02
4.101320959550111556e-02
4.032030416499276376e-02
3.949791753792829957e-02
3.919515956285387487e-02
3.862072479469192549e-02
3.779740970511667741e-02
3.676232422915857306e-02
3.555637837492051784e-02
3.422269224333219367e-02
3.318163804079165419e-02
3.204456212216377775e-02
3.085562463350567317e-02
2.979577992402620765e-02
2.899710322115338357e-02
2.824010794755501749e-02
2.764347936668201666e-02
2.715048133935198116e-02
2.677553757647362781e-02
2.652598029368452917e-02
2.640211708444603969e-02
2.639760526332085230e-02
2.650009560722984409e-02
2.675333888346060826e-02
2.740337871250136600e-02
2.808781323294981536e-02
2.878441913161396831e-02
2.946969638579579817e-02
3.011737377161557636e-02
3.069983703784767703e-02
3.118967714483132647e-02
3.156149994955326221e-02
3.179354383812459106e-02
3.186867764113763407e-02
3.177502308232790090e-02
3.154916069370336529e-02
3.130672411310647663e-02
3.091848402047190844e-02
3.038275326853780503e-02
2.969525595065508269e-02
2.886690290338241732e-02
2.790518145960754065e-02
2.682161214894485807e-02
2.563153966280497936e-02
2.435734447631596883e-02
2.302210184890775280e-02
2.314997576919667829e-02
2.353346674445041045e-02
2.385773677787194486e-02
2.412047818683694250e-02
2.432031527280552677e-02
2.447328350874715050e-02
2.456343722806032456e-02
2.459147056284415739e-02
2.455888212348502145e-02
2.446773707094093350e-02
2.432058497499316532e-02
2.412037938957562605e-02
2.388505290164040507e-02
2.360399570233185848e-02
2.327966852883328261e-02
2.291585559597675986e-02
2.251641952826470214e-02
2.208525048109906408e-02
2.162622144517929723e-02
2.131193386161090580e-02
2.120443068734810532e-02
2.107389200590846501e-02
2.092174145391292872e-02
2.074940753689340223e-02
2.055831206339016337e-02
2.035807504966243714e-02
2.014171300008303980e-02
1.991035341666328243e-02
1.966530504969363213e-02
1.940783969147829094e-02
1.913918940299215096e-02
1.886054468957845329e-02
1.857392791593508868e-02
1.828460085598960366e-02
1.798821274779445825e-02
1.768578763405996568e-02
1.737830905068600551e-02
1.706672092793753287e-02
1.675192861430084557e-02
1.643479995303919264e-02
1.611616635337122586e-02
1.579682381029010388e-02
1.547753383749140947e-02
1.515902428990561525e-02
1.484199005770686988e-02
1.452709362647505199e-02
1.421496550089534038e-02
1.390620449789047204e-02
1.377094474942586709e-02
1.367395238691799901e-02
1.357814675595852248e-02
1.348349772480056386e-02
1.338997368408445000e-02
1.329754180743815406e-02
1.320616829817497853e-02
1.311581862189345124e-02
1.302645772476108098e-02
1.293805023770827449e-02
1.285056066652251125e-02
1.276395356790494331e-02
1.267819371196978948e-02
1.259324623120581729e-02
1.250907675642677803e-02
1.242565154000385176e-02
1.234293756680425631e-02
1.226090265335279608e-02
1.217951553548085597e-02
1.209874594529086744e-02
1.201856467760671968e-02
1.193894364660672523e-02
1.185985593313698856e-02
1.178127582322512426e-02
1.170317883820973584e-02
1.162554175724373959e-02
1.154834263240074078e-02
1.147156079716329415e-02
1.139517686851933796e-02
1.131917274341432550e-02
1.124353158986014095e-02
1.116823783313405406e-02
1.109327713767124281e-02
1.101863638496322975e-02
1.094430364780171056e-02
1.087026816146591940e-02
1.079652029193091736e-02
1.072305150181598193e-02
1.064985431406412046e-02
1.057692227381139098e-02
1.050424990881391150e-02
1.043192732477671650e-02
1.036021698030798258e-02
1.028874751539888416e-02
1.021751684923319359e-02
1.014652367953866596e-02
1.007576743953049643e-02
1.000524825494081282e-02
9.934966901294323832e-03
9.864924761308532450e-03
9.795123783053078306e-03
9.725566438485912235e-03
9.656255682815105545e-03
9.587194914679764493e-03
9.518387937258088530e-03
9.449838920218327221e-03
9.381552362963955366e-03
9.313533058812592524e-03
9.245786060383783672e-03
9.178316646257528993e-03
9.111130288782747985e-03
9.044232623297565610e-03
8.977629418412890264e-03
8.911326547863255426e-03
8.845329963430507980e-03
8.779645669348388332e-03
8.714279697942100070e-03
8.649238086568460798e-03
8.584526855853594901e-03
8.520151989187065705e-03
8.456119413555684278e-03
8.392434981460802218e-03
8.329104454188208245e-03
8.266133486216083182e-03
8.203527610655647964e-03
8.141292226021099032e-03
8.079432584008911650e-03
8.017953778173502605e-03
7.956860733944495084e-03
7.896158199279666029e-03
7.835850736605531885e-03
7.775942715407567485e-03
7.716438305783443648e-03
7.675876465109303382e-03
7.655216102782235257e-03
7.634614976063077221e-03
7.614068235031443838e-03
7.593571329741347423e-03
7.573120003325837894e-03
7.552710284756643418e-03
7.532338481586524533e-03
7.512001172420837945e-03
7.491695199199241775e-03
7.471417659638351048e-03
7.451165899286735401e-03
