1.897125810979475857e-01
1.896017070642775082e-01
1.908745809513454628e-01
1.919760154914315065e-01
1.943823286197155498e-01
1.966285426573683992e-01
2.009578249694196628e-01
2.228514649792969482e-01
2.288222719083096157e-01
2.627369036705414773e-01
3.184375687129895049e-01
3.714455236441100427e-01
3.647846368090512659e-01
4.759395338794625285e-01
4.358683815820540985e-01
3.659137399173126859e-01
3.880436210289996968e-01
5.764149806248786145e-01
4.889078175361352696e-01
6.101715821217498226e-01
6.377850795219607294e-01
7.774993237731157025e-01
6.272689149074395232e-01
7.197048066238646014e-01
7.382686599032095565e-01
9.213391089112275001e-01
8.752907250722745669e-01
8.012773826603381000e-01
1.071261712256384113e+00
7.733877052846106492e-01
5.184867941443250805e-01
4.006445439860235602e-01
3.617351238482288678e-01
3.485341986544328030e-01
3.521760017911315099e-01
3.506974393690499014e-01
3.440222823144234998e-01
3.522935141629707778e-01
4.421451211054790442e-01
4.591382387704126544e-01
4.271418369752453259e-01
4.481017115730371869e-01
4.657315319548694932e-01
5.043233374973896677e-01
5.109425704530208279e-01
4.939069570124900443e-01
4.423143653657516383e-01
4.935389839768323239e-01
5.816216542723039451e-01
6.568043171574572403e-01
6.414173524027901863e-01
6.191039976139423029e-01
5.811746065610101653e-01
4.703345141645982608e-01
5.038320470706143528e-01
5.729140354770728694e-01
6.063679447905403475e-01
7.003817618809253798e-01
7.430829172360465806e-01
7.273242239742131465e-01
7.236027156566855467e-01
6.962079452313649774e-01
7.472396248926921336e-01
8.433925121989098717e-01
9.581061397336483321e-01
1.093044577388502248e+00
1.175561002848495740e+00
1.206762810588640100e+00
1.211909300030109327e+00
1.093391904139305426e+00
1.051093771873526261e+00
9.946774105272333522e-01
9.677037341229455247e-01
9.892299533123387612e-01
1.044076823022320744e+00
1.098591669166716356e+00
1.122742633584009608e+00
1.127960118050737925e+00
1.239064941329985237e+00
1.377132232273533985e+00
1.440826974884986456e+00
1.345506303441460272e+00
1.148531187604659332e+00
9.455914782578027644e-01
7.720322335220514143e-01
6.225854096434757512e-01
5.981225329139608915e-01
5.879188313158589807e-01
5.710699339397916630e-01
5.358608533453188549e-01
4.917221173558671832e-01
4.421583762726080113e-01
3.993525094204278258e-01
3.811203631679376813e-01
3.644815734798715345e-01
3.565041769483628387e-01
3.457317642684655246e-01
3.332234635838055570e-01
3.195036078646950606e-01
3.049861217255510071e-01
2.902584853895769923e-01
2.749759587005119466e-01
2.590407979696789376e-01
2.458599319234014979e-01
2.516057487277890692e-01
2.586063781623688662e-01
2.607906225926764909e-01
2.579805804554939352e-01
2.581816681441631012e-01
2.562915463333640398e-01
2.501324692560847884e-01
2.401518721119474953e-01
2.272414761043826947e-01
2.161385283148239411e-01
2.108687837907287921e-01
2.093710042757072065e-01
2.041104499446456944e-01
2.063252726761421463e-01
1.994857137797088897e-01
1.892626140720214678e-01
1.804319163187365904e-01
1.707793127120173782e-01
1.619750980405638696e-01
1.549042498947520718e-01
1.499967866012421325e-01
1.465684188026005752e-01
1.454526574506226355e-01
1.483350123222903494e-01
1.507980528410475807e-01
1.519238420713564242e-01
1.509638689415717383e-01
1.475979421234816791e-01
1.416337639561681128e-01
1.331182168985871328e-01
1.303396334163765269e-01
1.252737834423455487e-01
1.214402627764156056e-01
1.194721488180024438e-01
1.163264705095594931e-01
1.120915916643177995e-01
1.069618444734672241e-01
1.011386984706731107e-01
1.001462321685037959e-01
9.882782126651339094e-02
9.687920536449731723e-02
9.441468279799028473e-02
9.154649555135219163e-02
8.838269450070715405e-02
8.502565738313849764e-02
8.156986932236794108e-02
7.814764189422419849e-02
7.480172415104024974e-02
7.160744262561213880e-02
6.863330660771843617e-02
6.814868852275138278e-02
6.860505643838628320e-02
6.820372970731410078e-02
6.709901261012810036e-02
6.919556403715118598e-02
7.065349684665377106e-02
7.148740685919462157e-02
7.173387171692978403e-02
7.141984525077062218e-02
7.056555065476767530e-02
6.911948078263475959e-02
6.711296970453523025e-02
6.449959321849513261e-02
6.128632833611267344e-02
5.746665275784462734e-02
5.344404547599125588e-02
5.294142363973386445e-02
5.176499249263945279e-02
4.974327722668541590e-02
4.936797529016224984e-02
5.070362609126329717e-02
5.181438293605368506e-02
5.269002489362211578e-02
5.332062163373040009e-02
5.368536129959123465e-02
5.378847958925839917e-02
5.363071800996849214e-02
5.321871881535521209e-02
5.256324976756363704e-02
5.165538842957746041e-02
5.049830314609048132e-02
4.914504179461835764e-02
4.758000087157962521e-02
4.584556129734324720e-02
4.395710039359079085e-02
4.406315812472640092e-02
4.385146754689502047e-02
4.298912638590332569e-02
4.151933196589367020e-02
4.052239207656868625e-02
4.197834005972111288e-02
4.297343096114591976e-02
4.348194020995806847e-02
4.353319868514497065e-02
4.318937595802211510e-02
4.246745473731473181e-02
4.148073650823196068e-02
4.024052008576160799e-02
3.885660793618004455e-02
3.737315388059891247e-02
3.584391970102160374e-02
3.433251897920644446e-02
3.289648557425755432e-02
3.155756422424757512e-02
3.034497657678587174e-02
2.927694366258563191e-02
2.836146075259554991e-02
2.759749171540579193e-02
2.697645456572645914e-02
2.648497225328404897e-02
2.610821156550200209e-02
2.581866472925824565e-02
2.559390008976184308e-02
2.541204725046734142e-02
2.525291243419120965e-02
2.509884175822700569e-02
2.493532674743165548e-02
2.475136003128932186e-02
2.454046068618200363e-02
2.430274080498764575e-02
2.403282687227350015e-02
2.373278570805351095e-02
2.340716039021777106e-02
2.306243512707011750e-02
2.270646729645453207e-02
2.234791695222469385e-02
2.199569990339484554e-02
2.165848577854644422e-02
2.134425759090104180e-02
2.105994445958703568e-02
2.081113452603736494e-02
2.060187088427250374e-02
2.043452962876496359e-02
2.030977599143656692e-02
2.022659201172049073e-02
2.018236727876106598e-02
2.017304296566061611e-02
2.019329861238755228e-02
2.023677084090763981e-02
2.029629334613929081e-02
2.036414801812271025e-02
2.043231785163514627e-02
2.049273331192271244e-02
2.053750498348632519e-02
2.055913657309210024e-02
2.055404748045452229e-02
2.051963678952491155e-02
2.044435557885861815e-02
2.032371754508795897e-02
2.015426865179214752e-02
1.994285767267687734e-02
1.968208066494858341e-02
1.936841671537078632e-02
1.900252285476466962e-02
1.859785992244937861e-02
1.814451477071614763e-02
1.764574736198237792e-02
1.710556695082081705e-02
1.653638167884828244e-02
1.593571632938223584e-02
1.530785830338458539e-02
1.504220991362278936e-02
1.500410935417762111e-02
1.494113403006931164e-02
1.485385691716427717e-02
1.474301644424752186e-02
1.461779714297871749e-02
1.449279509576005542e-02
1.458988601433506768e-02
1.463978380900806883e-02
1.464262411767330851e-02
1.459908832118438603e-02
1.451036404827403190e-02
1.438103308749253892e-02
1.421889802115502976e-02
1.408101114513751230e-02
1.400266121886650263e-02
1.389137119462452961e-02
1.375039141124326930e-02
1.358753964078064647e-02
1.339673738765170471e-02
1.318171900604305294e-02
1.295194523897355739e-02
1.293312731561152042e-02
1.297182135349338010e-02
1.299453743507511007e-02
1.299894647211878931e-02
1.298629909162292428e-02
1.296162948290673425e-02
1.292049894490224227e-02
1.286367386705864445e-02
1.279716603272090109e-02
1.271664907255829098e-02
1.262280640520206491e-02
1.252069928665938865e-02
1.240766491916093887e-02
1.228384060081507030e-02
1.215208364764458482e-02
1.201366697609142914e-02
1.186701471606876022e-02
1.171304277044313454e-02
1.155328031880998273e-02
1.139073301303235482e-02
1.122326582072082600e-02
1.110977829004319850e-02
1.107345154557775116e-02
1.103139641416137594e-02
1.098392069918180391e-02
1.093133470815158687e-02
1.087407362997187647e-02
1.081451240415984109e-02
1.075068565837026049e-02
1.068289896991507677e-02
1.061145477975663706e-02
1.053665143403789174e-02
1.045878231209230839e-02
1.037813503801461763e-02
1.029499077304003862e-02
1.020962358540876760e-02
1.012229989429393878e-02
1.003437503440240616e-02
9.945371762957197145e-03
9.855072582986004401e-03
9.763710669264661149e-03
9.671509941528691826e-03
9.578684863210123676e-03
9.485440290753844109e-03
9.391971370694442850e-03
9.298463480799278730e-03
9.205092212092834403e-03
9.112023388793839482e-03
9.019413123363784895e-03
8.927407902921192726e-03
8.836144705280376405e-03
8.745751140954707500e-03
8.656345619250320478e-03
8.568037535474533339e-03
8.480927477084267141e-03
8.395107446497946865e-03
8.310661098756489534e-03
8.227663991087451334e-03
8.146183843851274864e-03
8.066280809754446113e-03
7.988007750514241126e-03
7.911410519138491540e-03
7.836528246263031391e-03
7.763393629343366860e-03
7.692033223439390284e-03
7.622467732248968016e-03
7.554712298625186964e-03
7.488776793435106618e-03
7.424666101768545752e-03
7.362380405849736596e-03
7.301915463933886068e-03
7.243262884490063967e-03
7.186410394862398701e-03
7.131342104398519927e-03
7.078038761084851430e-03
7.026478001574340548e-03
6.976634594161287665e-03
6.928480674489796362e-03
6.881985973648487541e-03
6.837118038601441156e-03
6.793842444678220918e-03
6.752122999949089835e-03
6.711921941851004339e-03
6.673200125252966644e-03
6.635917202718848509e-03
6.600031796518037418e-03
6.565501662612416821e-03
6.532283846563866590e-03
6.500334831637965063e-03
6.469610679009449132e-03
6.440067160260208590e-03
6.411659882604129647e-03
6.384344406135145610e-03
6.358076354692478345e-03
6.332811518821017220e-03
6.308505952528470871e-03
6.285116063040998083e-03
6.262598694166997618e-03
6.240911203295155044e-03
6.220011532742207236e-03
6.199858274686741166e-03
6.180410730891262340e-03
6.161628966822706686e-03
6.143473860701583779e-03
6.125907147313098232e-03
6.108891457473643143e-03
6.092390352521676392e-03
6.076368354609652800e-03
6.060790973034393438e-03
6.045624726278937475e-03
6.030837160617999633e-03
6.016396865085726388e-03
6.002273483024200308e-03
