2.160876479656418103e-01
2.160887105827677679e-01
2.151976613091808876e-01
2.170344182532481236e-01
2.204349647744898166e-01
2.221259348982593251e-01
2.350679628086771167e-01
2.611759960337312059e-01
3.153709597831012013e-01
4.247544983715769162e-01
3.821681061790879741e-01
4.121380677993021213e-01
4.335544545837367036e-01
3.557251439345807675e-01
5.100500358204278495e-01
4.956429610131413144e-01
7.952768449759258784e-01
5.464650719181867178e-01
6.482857804999477835e-01
7.007195377973763906e-01
8.059893217537249521e-01
7.374998032695991856e-01
7.955361220195054095e-01
9.303427393705888671e-01
5.179826916848567775e-01
4.640702011209168476e-01
4.695446352905371379e-01
5.395585667775035787e-01
5.406554674418379003e-01
4.689485622437555290e-01
4.780757397782386953e-01
5.889711743945426070e-01
6.584499113116559776e-01
7.327619792571005153e-01
7.109672429016337114e-01
7.471767644543966247e-01
7.342306342894500126e-01
7.209844874031118289e-01
7.209955199326377739e-01
7.887074740368117398e-01
8.624267267921049696e-01
7.696723629209327733e-01
9.377860814198429873e-01
1.088905213345883638e+00
1.207782011454457072e+00
1.237491420154320565e+00
1.239315776266382452e+00
1.250172416166077216e+00
1.241951866764130719e+00
1.279908427000730375e+00
1.246619537287859014e+00
1.465010121005310806e+00
1.652048658654882374e+00
1.492762876416211970e+00
1.566269892335945491e+00
1.586765685011871430e+00
1.502174148951929133e+00
1.315302176549338009e+00
1.224933293714976834e+00
1.255249360195532127e+00
1.375651905001453290e+00
1.432915172171596030e+00
1.652411676284243569e+00
1.851107673634741380e+00
1.908217927898729904e+00
1.800702196087731632e+00
1.599164510545817874e+00
1.432210275340015215e+00
1.109341976557431719e+00
9.160182490766864971e-01
7.907554359471443695e-01
7.120966607854515296e-01
6.640025798594667572e-01
6.270620260164625481e-01
5.847371043138986924e-01
5.445573089835081815e-01
5.140471683865414088e-01
5.213295508143251933e-01
5.429383516067664006e-01
5.412745058641386109e-01
5.337207188018194826e-01
5.290058851765406800e-01
4.831712962944160750e-01
4.463662470609823241e-01
4.065674864696781077e-01
3.665369618656074691e-01
3.324325317971474902e-01
3.027570612480680601e-01
2.822086340845632590e-01
2.801215222037416464e-01
2.878573061705648195e-01
2.997290172717580470e-01
3.049979172085143242e-01
3.008587365939083269e-01
2.859774921061081776e-01
2.612779993906382270e-01
2.472900635525099866e-01
2.261878028298941468e-01
2.145568275326118768e-01
2.108159995126505371e-01
2.059856821402495097e-01
2.005421592716401524e-01
1.940007410516003672e-01
1.869902981665150232e-01
1.790583101552459533e-01
1.715681753978539059e-01
1.636963762425494850e-01
1.613396681914824882e-01
1.598769852912104161e-01
1.569068723209684213e-01
1.526969919265785680e-01
1.516697229062153318e-01
1.619365877661202990e-01
1.632426038617454944e-01
1.565415847029104635e-01
1.437860091746602786e-01
1.375891440647947772e-01
1.459571440139804110e-01
1.461759757817502059e-01
1.399952757688042171e-01
1.296668998871910727e-01
1.197398681034019252e-01
1.112406947308595684e-01
1.024864986634128339e-01
9.429966598420189139e-02
8.755652762250817900e-02
8.303982251060747222e-02
8.232785146243680463e-02
8.320934275635549771e-02
8.528661821804485454e-02
8.953483072523329978e-02
9.360172883581034664e-02
9.653167334795832721e-02
9.759106825717926703e-02
9.640628421499242151e-02
9.782516372215303846e-02
1.007684861219574762e-01
1.018301685615880248e-01
1.012160501907623938e-01
9.926665220864462624e-02
9.636376718963439447e-02
9.285295625507380968e-02
8.899446831248836176e-02
8.498820772088441777e-02
8.092081559097875909e-02
7.671616745277667904e-02
7.240625955863808083e-02
6.805002427819860367e-02
6.653346982511913754e-02
6.485541919531234711e-02
6.446503329528854853e-02
6.393515960690010491e-02
6.303785284976673453e-02
6.189145717946710479e-02
6.056256117647267762e-02
5.917848600819449606e-02
5.783702372239753892e-02
5.654307219652997957e-02
5.537458725986258573e-02
5.428537155925867996e-02
5.319370933603316531e-02
5.208236629480195862e-02
5.085089852716597608e-02
4.939202158784502389e-02
4.773966492304997783e-02
4.577329357092277395e-02
4.352581586878911946e-02
4.212994832109278470e-02
4.284573336458825932e-02
4.358283604959507784e-02
4.429795682550074359e-02
4.495306814730293948e-02
4.551694235582258441e-02
4.597465348920092704e-02
4.633431765345565057e-02
4.655678550374827557e-02
4.663872576169475481e-02
4.658215798303434046e-02
4.642463398298000976e-02
4.615913465855223108e-02
4.577944302857486075e-02
4.529632478046944494e-02
4.472334086929311697e-02
4.410731265002657692e-02
4.341460395860808480e-02
4.265216716118992030e-02
4.182547185720932037e-02
4.093861950058592242e-02
4.001489690356598017e-02
3.904971627517034305e-02
3.802906686366735317e-02
3.695449794167568469e-02
3.582780376986430260e-02
3.465133327282723941e-02
3.342824065593372890e-02
3.216634263591558462e-02
3.088353301688480726e-02
2.956682011400663460e-02
2.822352293109662083e-02
2.686196339425564461e-02
2.690003241801490474e-02
2.720598062143455773e-02
2.743094489818761680e-02
2.757055942994458483e-02
2.762222296075207001e-02
2.759017511460222158e-02
2.749448827919518182e-02
2.730970812179244270e-02
2.703780202964278789e-02
2.668188164923257152e-02
2.626680163697470843e-02
2.578403680495093206e-02
2.523075890365377924e-02
2.461342240761604100e-02
2.393904804966952640e-02
2.322745106589893180e-02
2.268128599169927026e-02
2.245046765645818468e-02
2.221928300412063378e-02
2.198052002059358231e-02
2.173475038801198425e-02
2.148257848809035850e-02
2.122463219050993791e-02
2.096155432212891759e-02
2.069399484953823865e-02
2.042260379204107953e-02
2.014802486978337429e-02
1.987088988132558465e-02
1.961155554700377140e-02
1.938994990928602849e-02
1.916006308713979686e-02
1.892291354665093239e-02
1.867949119529468266e-02
1.843678116797507066e-02
1.818940288989538689e-02
1.793812210967911033e-02
1.768377061394621474e-02
1.742713153583307084e-02
1.716893751787052294e-02
1.690986961022981211e-02
1.666437822891001994e-02
1.650012889031431465e-02
1.633676278125259507e-02
1.619711429144287534e-02
1.636212997624490045e-02
1.650184623359633382e-02
1.661653840645897079e-02
1.670665896105245907e-02
1.677281211106091199e-02
1.681573002926994853e-02
1.683625079724059004e-02
1.683529818648226220e-02
1.681386331302713033e-02
1.677298816549124133e-02
1.671375096930595439e-02
1.663725332055096540e-02
1.654460899939582189e-02
1.644152328422016085e-02
1.632571473704289358e-02
1.619683761910260117e-02
1.605596137942758364e-02
1.590413518435965234e-02
1.574238404857745618e-02
1.557170578858785986e-02
1.539306868051551827e-02
1.520740971509664495e-02
1.501563334736285248e-02
1.481861065249834124e-02
1.461717880531349274e-02
1.441214081382702870e-02
1.420426544464794411e-02
1.399428728962609156e-02
1.378290692992639906e-02
1.357079116406963853e-02
1.335857327183459856e-02
1.314685329518340377e-02
1.293619832106632055e-02
1.272714275757497009e-02
1.252018859963268532e-02
1.231580568247506516e-02
1.211443192584993160e-02
1.191647357361500133e-02
1.172230543448054413e-02
1.153227113190025133e-02
1.134668337108687974e-02
1.116582423107321913e-02
1.098994549085464435e-02
1.081926899679822203e-02
1.065398707873554604e-02
1.055767613733451897e-02
1.046731868915029215e-02
1.037774086580096726e-02
1.028892093728212345e-02
1.020083890920066468e-02
1.011347647828133786e-02
1.002681698275491827e-02
9.940845348048643962e-03
9.855548028872986033e-03
9.770912948203105963e-03
9.686929433413996038e-03
9.603588150867078954e-03
9.520881038692991655e-03
9.438801238557194967e-03
9.357343026950192683e-03
9.276501746325809677e-03
9.196273736122688447e-03
9.116656264797287287e-03
9.037647461856252243e-03
8.959246251746169620e-03
8.881452288409519974e-03
8.804265891586336365e-03
8.727687984590622172e-03
8.651720034190830619e-03
8.576363991967150824e-03
8.501622238106089011e-03
8.427497527093980381e-03
8.353992935665091601e-03
8.281111812943550005e-03
8.208857733065363579e-03
8.139544946388969221e-03
8.115741941983081048e-03
8.093093247548430527e-03
8.071379737028587520e-03
8.050389132942349646e-03
8.029916622275328278e-03
8.009765408063968320e-03
7.989747196345466096e-03
7.969682619961997172e-03
7.949401599676067520e-03
7.928743644968636040e-03
7.907558095213634147e-03
7.885704304246322904e-03
7.863051769457138004e-03
7.839480208693518429e-03
7.814879586994739544e-03
7.789150095965414328e-03
7.762202088581607491e-03
7.733955972151391328e-03
7.704342062564893678e-03
7.673300402441389327e-03
7.640780546546763370e-03
7.606741316960740837e-03
7.571150531202986561e-03
7.533984706099962868e-03
7.495228740341989583e-03
7.454875578043787011e-03
7.412925856686051855e-03
7.369387541338652536e-03
7.324275547905891547e-03
7.277611358041698522e-03
7.229422627386662692e-03
7.179742789970727096e-03
7.128610660035697606e-03
7.076070033845115355e-03
7.022169293018728185e-03
6.966961010976762715e-03
6.910501563693305024e-03
6.852850747096133829e-03
6.794071401365217588e-03
6.734229043925520769e-03
6.673391511766771193e-03
6.611628614538895068e-03
6.549011798446968680e-03
6.485613822520864234e-03
6.421508447170256803e-03
6.356770135953300135e-03
6.291473770882617840e-03
6.225694380997333008e-03
6.159506885847866771e-03
6.101419489172330533e-03
6.079448720046923445e-03
6.057195228350889873e-03
6.034782895594195846e-03
6.012327795872469960e-03
5.989624663712528330e-03
5.966687228663320082e-03
5.943529097421310081e-03
5.920163740548296284e-03
5.896604480191604096e-03
5.872864478425527703e-03
5.848956726304716663e-03
5.824894033954931480e-03
5.800689021067256812e-03
5.776354108380440076e-03
5.751901509729508838e-03
5.727343224745111601e-03
5.702691032256134579e-03
5.677956484423454971e-03
5.653150901242791349e-03
5.628285365824268680e-03
5.603370720279599732e-03
5.578417561907122839e-03
5.553436240223520032e-03
5.528436854169478491e-03
5.503429250017241071e-03
5.478423019750569729e-03
5.453427499684166714e-03
5.428451769650518600e-03
5.403504652602861454e-03
5.378594714479302541e-03
