2.285284206752333791e-01
2.285097167676231056e-01
2.314508096522941427e-01
2.298397044901688280e-01
2.327712249133703781e-01
2.351700814637311399e-01
2.388387934247512834e-01
2.397694012150563270e-01
2.565932815208006312e-01
3.316853442100142768e-01
4.638638754215915760e-01
4.498964408686693117e-01
3.343636732464224659e-01
4.154727895154311512e-01
5.081659359129035991e-01
4.301710622311401555e-01
4.907141504387394493e-01
5.735177654241587764e-01
7.134370845508808401e-01
7.596336961025773604e-01
7.114637082793533462e-01
7.608589369286870019e-01
7.883906979586057240e-01
7.102054819164466126e-01
8.206717984418507861e-01
8.632311309812442657e-01
4.777467055910936677e-01
4.076601536290748173e-01
4.285960399752838934e-01
4.441986278521262710e-01
4.773095517504667429e-01
4.606414730515704936e-01
5.242351341186625158e-01
5.425514949317893354e-01
4.970273351579040377e-01
5.895642818187243339e-01
5.419812431012407394e-01
6.083429146604282245e-01
6.753139985771506870e-01
6.620195474157043458e-01
6.914985763275524056e-01
6.223308735334429631e-01
7.140390479487802589e-01
7.700865195186553658e-01
7.937739166966721882e-01
8.269724012784900324e-01
8.431115153085984026e-01
8.887559229313742870e-01
9.293792308045183415e-01
9.016203065533539007e-01
9.951021006914197997e-01
9.409829676273284704e-01
1.025980159741099351e+00
1.131370671145944806e+00
1.098316025345017266e+00
9.934938848094766461e-01
1.178406763298380122e+00
1.304543649193299348e+00
1.300298645483776605e+00
1.429978407262108675e+00
1.403823959519885811e+00
1.373587421154271349e+00
1.323457500292963829e+00
1.228451805914337003e+00
1.445337368370596121e+00
1.439194120538243471e+00
1.223816371937621605e+00
1.468533150005103094e+00
1.477292275219991069e+00
1.291477007663938803e+00
1.456709582922496304e+00
1.529456762513822232e+00
1.455523855920410004e+00
1.329584157759498009e+00
1.070744019146834258e+00
8.518591759000770924e-01
7.061059287115363237e-01
5.781538424935971365e-01
5.171476470940057357e-01
5.243996975386596704e-01
5.273891990194173873e-01
5.087427599370742959e-01
4.767104912012168905e-01
4.323211005906437698e-01
3.899930840881990490e-01
3.671111926247497270e-01
3.591882868211803137e-01
3.603313849493675614e-01
3.578824067855899682e-01
3.579432051217826816e-01
3.629346313082659203e-01
3.533092760743556382e-01
3.356932422561362261e-01
3.142613109439940100e-01
2.909996387700559128e-01
2.862953220668627563e-01
2.700595287105717612e-01
2.683673760761360882e-01
2.625290346026726285e-01
2.543275602860934348e-01
2.458140705612363586e-01
2.365371101666115250e-01
2.246726980300548515e-01
2.124713033544878005e-01
2.048962766034673755e-01
1.951361991960759157e-01
1.891818168139839940e-01
1.862516184105880990e-01
1.842183419115500653e-01
1.813144842603511275e-01
1.740977822934543784e-01
1.718960517730059867e-01
1.744536478872406315e-01
1.678069886303087122e-01
1.619216040079006769e-01
1.588154246151868565e-01
1.569419456192853446e-01
1.534775220979510968e-01
1.487182835463432551e-01
1.431821127391144088e-01
1.369198979739291167e-01
1.302345249147801032e-01
1.234010036919623715e-01
1.164305035267763772e-01
1.111501149296571928e-01
1.080618965153734984e-01
1.059882576526034320e-01
1.037178439294792476e-01
1.012164577343685756e-01
9.844311370690732310e-02
9.548841879479436079e-02
9.219528517455317929e-02
8.873863365506144685e-02
8.720953244184476150e-02
8.671011923968574564e-02
8.605322183100501399e-02
8.522124821040846787e-02
8.420442747522913218e-02
8.300130102161525081e-02
8.161854820218782114e-02
8.013565134293962333e-02
7.852678662252722541e-02
7.678973896994914505e-02
7.495270883341753620e-02
7.304607037972850325e-02
7.110090021648035608e-02
6.914763473592445975e-02
6.721490928267209730e-02
6.532861244583677840e-02
6.351117104580072947e-02
6.179536542064147098e-02
6.018124331847173741e-02
5.867418717713489967e-02
5.728101207760961933e-02
5.600458230929192954e-02
5.484414978218415254e-02
5.379577884468079302e-02
5.285282827415312829e-02
5.200646377200105613e-02
5.124617756386726924e-02
5.056029537290244319e-02
4.993645484562496406e-02
4.936204326429245032e-02
4.882458592141635662e-02
4.831207975245330188e-02
4.781326965253282490e-02
4.731786730393435642e-02
4.681671430534861678e-02
4.630189293052027616e-02
4.576678898116959965e-02
4.520611197382889274e-02
4.461587835573372490e-02
4.399336362928768507e-02
4.333702922359370519e-02
4.264642973326020214e-02
4.192210578862894110e-02
4.116546736946841839e-02
4.037867185757187949e-02
3.956450057320475000e-02
3.872623697803453946e-02
3.787700917683199664e-02
3.701635642651365798e-02
3.614183058199720022e-02
3.525759022795799114e-02
3.436780773320569082e-02
3.347659373871717664e-02
3.290161660153080592e-02
3.391270309192759291e-02
3.465335902781795097e-02
3.510165709584758126e-02
3.523011917022013384e-02
3.500840102735937320e-02
3.447171146602420050e-02
3.358669384750780779e-02
3.243845485473401818e-02
3.101157032490225313e-02
3.060541893269585340e-02
3.060553219634441768e-02
3.055583311311213524e-02
3.045890901496923001e-02
3.033482076360442814e-02
3.017083692831864020e-02
2.996838833479746264e-02
2.973090000299164273e-02
2.946187103998009968e-02
2.916901458952956758e-02
2.886272388203914296e-02
2.853435020737234151e-02
2.818717971349493992e-02
2.782436388181520198e-02
2.744889327561800263e-02
2.706357696219021530e-02
2.667102720296909632e-02
2.627622115210617379e-02
2.588551039121710431e-02
2.549335032096054082e-02
2.510154508795371664e-02
2.471169010733461485e-02
2.432517780639393418e-02
2.394320548950378338e-02
2.356678491843739592e-02
2.319675323142145196e-02
2.283378485467939256e-02
2.247840409585032811e-02
2.213099814002325930e-02
2.179183020297312257e-02
2.146105263033070906e-02
2.113871975944428896e-02
2.082480039370056268e-02
2.051918976373641457e-02
2.071049234846288056e-02
2.083359151847719373e-02
2.088022149007797562e-02
2.085215579409484613e-02
2.076248908368901608e-02
2.061149599530621643e-02
2.039404769855267946e-02
2.011381863231202771e-02
1.977483625404838005e-02
1.939569980526191159e-02
1.896796203631755107e-02
1.849400081090482942e-02
1.797865550442712124e-02
1.765625160733346605e-02
1.779263375086294341e-02
1.785848405973980771e-02
1.785315069067013038e-02
1.777810654366792156e-02
1.764430969439880620e-02
1.749067501444606654e-02
1.754245300197031579e-02
1.754050708336366352e-02
1.748625565094021062e-02
1.738155997077044448e-02
1.722868072617283336e-02
1.703023198773506719e-02
1.693744567491819661e-02
1.701947726857820642e-02
1.706405430666318654e-02
1.707199636313639149e-02
1.705158994323479824e-02
1.700087907830166375e-02
1.691715638577778388e-02
1.680205240611479592e-02
1.665735197816439056e-02
1.648496648536754497e-02
1.628690657069239989e-02
1.606525567096990167e-02
1.582214468043808067e-02
1.555972801514605292e-02
1.528016130296926817e-02
1.498937610366979020e-02
1.468892184748111195e-02
1.437703472676114466e-02
1.405569356828131715e-02
1.374776375124887005e-02
1.361006740619951673e-02
1.346534272739816941e-02
1.330887339636601698e-02
1.314181716248747842e-02
1.296530150360751532e-02
1.278041724525759600e-02
1.258821320808102204e-02
1.238969184876739967e-02
1.218580584883929147e-02
1.197745559730775504e-02
1.176548750533950964e-02
1.155069308564453563e-02
1.133655709147328786e-02
1.112130951897990008e-02
1.101213277749599553e-02
1.100070072939136716e-02
1.098622070287960314e-02
1.096806683214474921e-02
1.094562676035735864e-02
1.091917442804520716e-02
1.088897076139126556e-02
1.085526319339165900e-02
1.081828536588664950e-02
1.077825699767074631e-02
1.073538390311651672e-02
1.068985814609049040e-02
1.064185831376940339e-02
1.059154989540797911e-02
1.053908575127081304e-02
1.048460665751313643e-02
1.042824191420145021e-02
1.037011000252561869e-02
1.031031928030974425e-02
1.024896870414169700e-02
1.018614856755040154e-02
1.012194124663920274e-02
1.005642194393742070e-02
9.989659422709686390e-03
9.921716725908772891e-03
9.852651872736392299e-03
9.782518528596210669e-03
9.711366643501589610e-03
9.639243055866242652e-03
9.566192058750188146e-03
9.492255926114844325e-03
9.417475398039873435e-03
9.342864832436098554e-03
9.267792860852951814e-03
9.191949574612395465e-03
9.115374026873396610e-03
9.038105487862478984e-03
8.960183682947264749e-03
8.881648992549071378e-03
8.802542614198279047e-03
8.722906689049693060e-03
8.642784395143855714e-03
8.562220008670328938e-03
8.481258936262423692e-03
8.399947719760365514e-03
8.318334016942484019e-03
8.236466558718307310e-03
8.154395087093598005e-03
8.072170274636636389e-03
7.989843628494324237e-03
7.907467380966832354e-03
7.825094368628224620e-03
7.742777901775791359e-03
7.660571627007160302e-03
7.578529383767052506e-03
7.496705056890877635e-03
7.415152427172133111e-03
7.333925020868097867e-03
7.253075959672389619e-03
7.172657812803561253e-03
7.092722451546509474e-03
7.013320908269365939e-03
6.934503239861613058e-03
6.856318397298759998e-03
6.778814101050861449e-03
6.702036723932026062e-03
6.626031181023566904e-03
6.550840827848841176e-03
6.476507366357743024e-03
6.403070759840734025e-03
6.330569155622639207e-03
6.259038817535093197e-03
6.216725972949813800e-03
6.186622965302638298e-03
6.156630598132113025e-03
6.126750762114710133e-03
6.096985390650143388e-03
6.067336451517046404e-03
6.037805938710861034e-03
6.008395864929388236e-03
5.979108254484278608e-03
5.955054021240656359e-03
5.932080585697115972e-03
5.909312854599710341e-03
5.886742619896559794e-03
5.864361944914071693e-03
5.842163164109431817e-03
5.820138882098363844e-03
5.798281972294442622e-03
5.776585575008708062e-03
5.755043095149798248e-03
5.733648199488576742e-03
5.712394813480965727e-03
5.691277117817327737e-03
5.670289544703411948e-03
5.649426773665020864e-03
5.628683727309603813e-03
5.608055566706446338e-03
5.587537686634560900e-03
5.567125710509056129e-03
5.546815485351163852e-03
5.526603076456760785e-03
5.506484762042950301e-03
5.486457027722834584e-03
5.466516560788328358e-03
5.446660244756792828e-03
5.426885153561194358e-03
5.407188545826162318e-03
5.387567859064547153e-03
5.368020703991745364e-03
