2.657878998539038862e-01
2.652083391704341264e-01
2.643228864851094873e-01
2.642754330199188484e-01
2.670624410343233057e-01
2.700012364652398800e-01
2.757411118022399243e-01
2.826079555544945277e-01
2.934783869052170480e-01
3.725310183298878308e-01
3.622991162169811874e-01
3.342668550547229778e-01
4.200918146176040313e-01
6.085706161618774646e-01
5.693164609242453711e-01
4.996406477987435091e-01
5.559263970341974392e-01
6.415010186964354988e-01
8.395000789820934450e-01
6.637909762497585797e-01
7.007878605480749590e-01
7.620255454674730311e-01
4.942725660789625830e-01
4.638856918324115730e-01
5.356337092076350892e-01
6.234035891189901868e-01
5.397224166741375617e-01
5.470803669741919339e-01
7.368571424094449984e-01
7.721842034544971201e-01
7.052495972632872867e-01
6.884560962040483512e-01
7.051653705798837102e-01
7.846343132351231153e-01
8.983795199009102506e-01
9.530661207642475707e-01
1.038777836752960981e+00
1.083370108277617261e+00
1.151156731337083849e+00
1.175233172749814869e+00
1.168783866686844641e+00
1.413404062376207637e+00
1.706713304223977046e+00
1.771035135745021361e+00
1.577070561877753851e+00
1.332632012941628918e+00
1.361870685181874929e+00
1.305074165860655055e+00
1.249262583468571108e+00
1.426693125785289507e+00
1.673582135063233611e+00
1.760605414214211573e+00
1.706467886454591687e+00
1.583288605907297697e+00
1.444697053425007427e+00
1.453349537857991258e+00
1.560973766776246441e+00
1.671042508940954185e+00
1.732041203511122562e+00
1.714920212602682348e+00
1.678237862112691881e+00
1.539393787216646103e+00
1.289140575283600043e+00
1.013772397621346411e+00
8.036836860451170850e-01
7.029700679575977551e-01
6.726755607263387171e-01
6.604727724161379987e-01
6.418065804761594606e-01
6.058078244213463970e-01
5.595750145697800937e-01
5.006645918439639464e-01
4.343646667778513493e-01
4.189490257787876204e-01
4.008195676146013575e-01
4.027900523471003580e-01
4.196296671186598992e-01
4.331128773700259615e-01
4.091601141093287874e-01
3.976790004493930830e-01
3.818631092432392959e-01
3.929068302945684099e-01
3.877225234527397757e-01
3.682548167011174267e-01
3.724003435722365585e-01
3.673669927056254503e-01
3.516572557067950688e-01
3.256980108967640897e-01
3.039334269122709320e-01
2.941606853101972896e-01
2.783844349434665966e-01
2.664739102783390545e-01
2.590642330403107874e-01
2.642703694918105972e-01
2.586377283964079732e-01
2.434779814961271216e-01
2.206075060990494163e-01
2.123818328520157561e-01
2.031860887844463559e-01
1.883161284262671598e-01
1.815306973004633950e-01
1.765692435293141072e-01
1.713134995305678199e-01
1.663205641167571081e-01
1.613620034652199775e-01
1.564731078433998501e-01
1.518932927224806162e-01
1.472706788402982636e-01
1.426997222165289902e-01
1.382375979383645703e-01
1.336089780079447453e-01
1.289115534624869774e-01
1.241698455364786402e-01
1.191810363759088498e-01
1.209189795226135455e-01
1.223561362722516282e-01
1.212708903075817163e-01
1.180021974445296384e-01
1.126677050219910131e-01
1.106720110020926601e-01
1.095014839931450351e-01
1.060015462529793617e-01
1.070676946514956956e-01
1.088536218618176565e-01
1.075104805238217553e-01
1.036908415528148691e-01
9.832703727943263583e-02
9.606521469245543621e-02
9.260140023287466438e-02
8.776642463431170993e-02
8.241090254651926850e-02
8.123487112769565976e-02
8.035796557608478052e-02
7.945600513589874681e-02
7.816341251986394512e-02
7.602192134744187313e-02
7.662626924025843500e-02
7.607768428997689625e-02
7.329348895874453207e-02
7.186732446902424631e-02
7.216440258619659376e-02
7.050292124372557756e-02
6.711621118363229888e-02
6.833981823497081720e-02
6.913723277009513335e-02
6.925660210347112100e-02
6.871743067703715846e-02
6.771981398424761767e-02
6.624842005616145280e-02
6.454027764731296024e-02
6.255839596729094454e-02
6.048316712627346825e-02
5.829563190803749989e-02
5.605741198093578542e-02
5.381214651126871307e-02
5.150545887289051383e-02
4.960812914060971218e-02
4.802737159562483343e-02
4.659770461728419966e-02
4.619812744107962277e-02
4.581580927118309582e-02
4.539056981637414057e-02
4.489872453249012241e-02
4.432242611141815752e-02
4.369363523028996915e-02
4.296147645996578612e-02
4.211040369949925477e-02
4.116621785980776466e-02
4.012525033558808629e-02
3.896774452275384576e-02
3.772545590444962432e-02
3.644239776399165603e-02
3.661937044444844164e-02
3.676608815881910602e-02
3.687496704495465266e-02
3.694853905971233476e-02
3.698296545068505831e-02
3.696597359621916351e-02
3.689521752197954391e-02
3.676964455760867168e-02
3.658939858791020877e-02
3.635570293176172696e-02
3.607072910495338208e-02
3.573745713972509980e-02
3.535953247644305769e-02
3.494112374560919693e-02
3.448678505137853234e-02
3.400132567701993208e-02
3.348968947313645667e-02
3.295684558129714087e-02
3.240769159113204845e-02
3.184696974026732241e-02
3.127919634154430889e-02
3.070860426483873126e-02
3.013909800575357081e-02
2.957422064164565156e-02
2.901889861461851711e-02
2.847771845655366549e-02
2.794849206987286630e-02
2.743328129135742116e-02
2.693376628056706051e-02
2.645126087268585835e-02
2.598673262450305194e-02
2.554082654224962279e-02
2.511389154791755091e-02
2.470600882280344149e-02
2.431702125066622852e-02
2.394656327423503456e-02
2.359409056784025210e-02
2.325890901828988472e-02
2.294020259142670951e-02
2.263705974333052665e-02
2.234849810986064972e-02
2.207348727893495774e-02
2.181096951099753198e-02
2.155987833013867094e-02
2.131915495682227407e-02
2.108776259471602937e-02
2.086469862034653552e-02
2.064900475319888379e-02
2.043977530735464204e-02
2.023616364424200148e-02
2.003738695896956426e-02
1.984272954238970946e-02
1.965154466562218233e-02
1.946325523626401405e-02
1.927735337436984470e-02
1.909339905296399825e-02
1.891101794305716233e-02
1.872989859577913266e-02
1.854978908715187655e-02
1.837049324137305165e-02
1.819186653969009568e-02
1.801381181198067824e-02
1.783627479848429523e-02
1.765923965892939387e-02
1.748272449736746476e-02
1.730677696102431509e-02
1.713146996341510103e-02
1.695689757295375938e-02
1.678317110098458131e-02
1.661041541593118870e-02
1.643876550341683354e-02
1.626836328688859717e-02
1.609935471700799786e-02
1.593188713477447851e-02
1.576610690772998688e-02
1.560215733619639035e-02
1.544017682295010206e-02
1.528029729737797639e-02
1.512264288313734314e-02
1.496732879660800028e-02
1.481446046231813148e-02
1.466413283050049809e-02
1.451642988151329375e-02
1.437142430139719609e-02
1.422917731288343875e-02
1.408973864616768802e-02
1.395314663414945651e-02
1.381942841749039981e-02
1.368860024481714094e-02
1.356066785490070946e-02
1.343562692762821295e-02
1.331346359173843537e-02
1.319415497833244938e-02
1.307766980937758589e-02
1.296396901187127013e-02
1.285300634917568852e-02
1.274472906121956219e-02
1.263907850712410463e-02
1.253599080355788202e-02
1.243539745374299885e-02
1.233722596204901885e-02
1.224140043046653518e-02
1.214784213328001621e-02
1.205647006742872375e-02
1.196720147583489949e-02
1.187995234256807552e-02
1.179463785795461725e-02
1.171117285320897629e-02
1.162947220383928233e-02
1.154945120169119203e-02
1.147102589588211083e-02
1.139411340286134063e-02
1.131863218626940476e-02
1.124450230749968020e-02
1.117164564764963272e-02
1.109998610228236232e-02
1.102944974994769269e-02
1.095996499579333754e-02
1.089146269183814859e-02
1.082387623487227404e-02
1.075714164372167103e-02
1.069119761735792297e-02
1.062598557470901053e-02
1.056144967842284448e-02
1.049753684334394678e-02
1.043419673106884757e-02
1.037138173227117321e-02
1.030904693773370719e-02
1.024715009929253080e-02
1.018565158209915750e-02
1.012451430897974743e-02
1.006370369809516524e-02
1.000318759492676950e-02
9.942936199349520707e-03
9.882921988689587905e-03
9.823119637642711149e-03
9.763505935569160785e-03
9.704059702190704143e-03
9.644761701919133887e-03
9.585594557488145290e-03
9.526542663579787296e-03
9.467592100721376053e-03
9.408730549833634049e-03
9.349947207775141655e-03
9.291232704481249341e-03
9.232579021539680936e-03
9.173979412821593390e-03
9.115428327020447252e-03
9.056921332579995557e-03
8.998455044986586326e-03
8.940027056567847324e-03
8.881635868812862503e-03
8.823280827403186949e-03
8.764962059979538103e-03
8.706680416443736761e-03
8.648437412134998142e-03
8.590235173656779813e-03
8.532076387354408514e-03
8.473964250374561857e-03
8.415902424514551394e-03
8.357894992328611036e-03
8.299946415938961111e-03
8.242061498064468320e-03
8.184245345485841039e-03
8.126503334771233503e-03
8.068841080061117665e-03
8.011264402929365799e-03
7.953779304365688266e-03
7.896391938538587993e-03
7.839108588397758481e-03
7.781935642939639269e-03
7.724879576378980602e-03
7.667946928349463412e-03
7.611144286184350766e-03
7.554478268106145679e-03
7.497955507998262971e-03
7.441582641170885887e-03
7.385366291560015693e-03
7.329313059704847463e-03
7.273429512006507162e-03
7.217722170698533633e-03
7.162197504781600554e-03
7.106861921854591702e-03
7.051721760612056356e-03
6.996783283975635884e-03
6.942052673045396097e-03
6.887536021499131994e-03
6.833239330685069238e-03
6.779168505007788538e-03
6.725329348074448980e-03
6.671727559024060242e-03
6.618368729340643776e-03
6.565258340058911617e-03
6.512401759310583287e-03
6.459804240010130240e-03
6.407470918052710421e-03
6.355406810655580066e-03
6.303616814758337787e-03
6.252105706049590310e-03
6.200878137714057985e-03
6.149938639622026977e-03
6.099291617733129146e-03
6.048941353312089174e-03
5.998892002698752272e-03
5.949147596878455631e-03
5.899712041226674517e-03
5.850589115531735877e-03
5.801782473791824470e-03
5.753295644442410310e-03
5.705132030357557525e-03
5.657294909060324624e-03
5.609787433059787443e-03
5.562612630118810193e-03
5.515773403578963507e-03
5.469272532951001756e-03
5.423112674180466559e-03
5.377296360334120340e-03
5.331826002140529520e-03
5.286703888503928653e-03
5.241932187287455872e-03
5.197512945949262983e-03
5.153448092229294224e-03
5.109739434989428453e-03
5.066388665020906193e-03
5.049882323807857593e-03
5.039144318317170974e-03
5.028369269539092849e-03
5.017554541659544065e-03
