3.866252644344619904e-01
3.867204225031947162e-01
3.911438910519171031e-01
3.863238961902547008e-01
3.900127947113621318e-01
3.926360324025099380e-01
4.001201128386018269e-01
4.091607740042519370e-01
4.409797998005566266e-01
4.817330709145816181e-01
5.239448695781722121e-01
8.385129329826311873e-01
7.805454178897780482e-01
6.284531861037324640e-01
6.871685010288183237e-01
8.377920702186791857e-01
7.971698387285709453e-01
9.942759680260307986e-01
1.012932660897401416e+00
1.074329457748856465e+00
1.152721376460464464e+00
1.304149242384698981e+00
1.289449535122565216e+00
1.530809174938094097e+00
1.875753668444718691e+00
1.613296522253818477e+00
1.098636161349183960e+00
1.220051638320440723e+00
1.304631688093973896e+00
1.569465113116886634e+00
2.061625269381732295e+00
1.728302236341343390e+00
1.057039382382612525e+00
8.846923361627047067e-01
8.268443986996861783e-01
7.961171197726568671e-01
7.870674808249266130e-01
9.645495118779616739e-01
1.039448124895200776e+00
1.167193438931958038e+00
1.081399230006494294e+00
9.509481927349884289e-01
9.629426559558402765e-01
1.017874006211216154e+00
1.079487785810030021e+00
1.117379178577732723e+00
1.177564850456824574e+00
1.329180014484946160e+00
1.480318633293388420e+00
1.659863591804601635e+00
1.526749802846222970e+00
1.439272955656457409e+00
1.511413118544703282e+00
1.613450463563776749e+00
1.730009326905530109e+00
2.029819522983286273e+00
2.018640360431191549e+00
2.027726363677963217e+00
1.899331830793982379e+00
1.822510035847730414e+00
1.702444529205790813e+00
1.781486000659055602e+00
2.113396192120699180e+00
2.269309230440716973e+00
2.053433938264813907e+00
2.354728636369789463e+00
2.628588383241636794e+00
2.757488991957403268e+00
2.713198848905965743e+00
2.897291566425561626e+00
2.848685435114278075e+00
2.702894692659995268e+00
2.518942601259813507e+00
2.132969303871025790e+00
1.981241116510721545e+00
2.037148054822706111e+00
2.146190023856971774e+00
2.297849715437335849e+00
2.458937061311123884e+00
2.585412190138821398e+00
2.650436493008978545e+00
2.650065698757150034e+00
2.628098558284804209e+00
2.562594757515011867e+00
2.485088060805471954e+00
2.343131586030597013e+00
2.211241669157071765e+00
2.048706554690172155e+00
1.860338421673203291e+00
1.688735452405374593e+00
1.523643531401021489e+00
1.359626836811772321e+00
1.206704291891955938e+00
1.071519852290588881e+00
9.580363373543016037e-01
8.676403594396379093e-01
7.989674249125544581e-01
7.473120399782574586e-01
7.092606886930196142e-01
6.831798983657462188e-01
6.636867944611941628e-01
6.473398404540807727e-01
6.316916555678169232e-01
6.163156577473019038e-01
5.993352605018618107e-01
5.809799107063239321e-01
5.609164275575359015e-01
5.395478376333340265e-01
5.168069267565090774e-01
4.933489787836666252e-01
4.963665769026847085e-01
4.944931692939955048e-01
4.850239954007271592e-01
4.681778644939398326e-01
4.453141688785344776e-01
4.171077095933313772e-01
3.984690624372275169e-01
3.943574868800069910e-01
3.907299427239493972e-01
3.798900931436441364e-01
3.935974478073815952e-01
4.274510168006112054e-01
4.405969194817362933e-01
4.331243424628791749e-01
4.303649767129976711e-01
4.183596812590171798e-01
3.949931368959568867e-01
3.691619842421594022e-01
3.655374799168475963e-01
3.681179371497355080e-01
3.672794655231831906e-01
3.622763814552051320e-01
3.517725616402151978e-01
3.351406355827808992e-01
3.127168508452356499e-01
2.846594209581402302e-01
2.523287213806325591e-01
2.431495780863235645e-01
2.378241079940535130e-01
2.296892903296705590e-01
2.186977575893375714e-01
2.163127855134426292e-01
2.222724920862592102e-01
2.270559945549515124e-01
2.303771520580954468e-01
2.323294499445516248e-01
2.325692117188655483e-01
2.312289177373139659e-01
2.282230746947335465e-01
2.234931141374095487e-01
2.173917085967954632e-01
2.097167930185284968e-01
2.007948973037415596e-01
1.907874746248712783e-01
1.898791948123000617e-01
1.855766757856948668e-01
1.786636268562525054e-01
1.757510990577479115e-01
1.718567727091666886e-01
1.673841816944962591e-01
1.621224019533772098e-01
1.564121099536064374e-01
1.502115282901352877e-01
1.436137491568925950e-01
1.368993562511569007e-01
1.300040259371071927e-01
1.273828893371573567e-01
1.265374768830189456e-01
1.255549615141772213e-01
1.244411667554777418e-01
1.232027148859603793e-01
1.219046235097938774e-01
1.205314256645040050e-01
1.190528997162851044e-01
1.174772842863601036e-01
1.158129989286768441e-01
1.140685425333294589e-01
1.122793794421870078e-01
1.104754342912725729e-01
1.086120634133068558e-01
1.066973091044880334e-01
1.047389685950318589e-01
1.027445507426888033e-01
1.007212410354648424e-01
9.867587422666228292e-02
9.666147310580282259e-02
9.464054047188441565e-02
9.261198116346859577e-02
9.058121959107812149e-02
8.855328899911844853e-02
8.653283417352963802e-02
8.452411745092115736e-02
8.253102750951490929e-02
8.063157570145208786e-02
8.244926435832516942e-02
8.396801389019012407e-02
8.512804168550590356e-02
8.580656962436485069e-02
8.590931109697425017e-02
8.538945757707178119e-02
8.421516616256063958e-02
8.232144270590371904e-02
7.988720493123389887e-02
8.128526697256195643e-02
8.214383549291759401e-02
8.251475320743176245e-02
8.229736341942721356e-02
8.158851473305837876e-02
8.028472819848646302e-02
7.852998404617739236e-02
7.623088589952345395e-02
7.353182203970817787e-02
7.037938834983882563e-02
6.691887534816139127e-02
6.311258085853140021e-02
6.139813409742610889e-02
5.972853204675857702e-02
5.985075178293840920e-02
6.072688540695342363e-02
6.163600926714269540e-02
6.231415251605206679e-02
6.282960957392726142e-02
6.311639517155982759e-02
6.321454548278579444e-02
6.313618216174748943e-02
6.285021730700432463e-02
6.267441212867150280e-02
6.266105762241709620e-02
6.258125141399581426e-02
6.243717831703513022e-02
6.223120720672088713e-02
6.196585963643622130e-02
6.164378076047500460e-02
6.126771252040173754e-02
6.085089726429644685e-02
6.040558046609131176e-02
5.991386927608263052e-02
5.940569259686503956e-02
5.910344507468386077e-02
5.877501172778933775e-02
5.842189541849718282e-02
5.804558181725504723e-02
5.764753465639815139e-02
5.722919158748585727e-02
5.679196059357280446e-02
5.634271587571480777e-02
5.588779722730711358e-02
5.541741414679857147e-02
5.493283029095954312e-02
5.443527028315413990e-02
5.392591843930184120e-02
5.340591779502625036e-02
5.287636940528121776e-02
5.233833188926287350e-02
5.179282119625646524e-02
5.124081056925967881e-02
5.068323068539903192e-02
5.012096995270744898e-02
4.955487494655724801e-02
4.898575096796196210e-02
4.841436270856839391e-02
4.784143500931507809e-02
4.726765369849066090e-02
4.669366649815148707e-02
4.612008398877408960e-02
4.554748062058085883e-02
4.497859397607772980e-02
4.441666768064141818e-02
4.385683021519058700e-02
4.329953598084907568e-02
4.274520864430423478e-02
4.219424224487874908e-02
4.164700230486966664e-02
4.110382693971333795e-02
4.056502796259267574e-02
4.003089198115188790e-02
3.950168148222562431e-02
3.897763590184637195e-02
3.845897267850757056e-02
3.794588828716385226e-02
3.743855925205398505e-02
3.693714313651145359e-02
3.644177950923441905e-02
3.595259088516676582e-02
3.546968363967888810e-02
3.499314889663678041e-02
3.452306338815313430e-02
3.405949028740865719e-02
3.360248001215980496e-02
3.315207100061617895e-02
3.270829045876130076e-02
3.227115507930824329e-02
3.184067173258219030e-02
3.141683812914460722e-02
3.099964345541181970e-02
3.058906898139126043e-02
3.018508864252484464e-02
2.978766959412684073e-02
2.939677274108839014e-02
2.901235324178641148e-02
2.863436098813568892e-02
2.826274106081447246e-02
2.789743416194808562e-02
2.753837702506362756e-02
2.718550280298280900e-02
2.683874143469685766e-02
2.649801999189027937e-02
2.616326300546485684e-02
2.583439277282066279e-02
2.551132964750709234e-02
2.519399231068259262e-02
2.488229802569435004e-02
2.457616287649313710e-02
2.427550199052399063e-02
2.398022974694698564e-02
2.369025996979716095e-02
2.340550610889642960e-02
2.312588140624813327e-02
2.285129905153522947e-02
2.267388840584913176e-02
2.250714571703205102e-02
2.233974012430274200e-02
2.217179157074618268e-02
2.200341402128650620e-02
2.183471568197471388e-02
2.166579921640538267e-02
2.149676195742227305e-02
2.132769611494213582e-02
2.115868897893647543e-02
2.099202155877800610e-02
2.082583656298732377e-02
2.065985560051000064e-02
2.049415059340073397e-02
2.032878944003281563e-02
2.016383618711590359e-02
1.999935119674829676e-02
1.983539130801636324e-02
1.967200999367874070e-02
1.950925751118328874e-02
1.934718104935421665e-02
1.918582486916219076e-02
1.907929124349897962e-02
1.900039584840320511e-02
1.892183241473006580e-02
1.884360996855634698e-02
1.876573695379301493e-02
1.868822125421493868e-02
1.861107021503436224e-02
1.853429066393785102e-02
1.845788893113486928e-02
1.838187086948461432e-02
1.830624187350819373e-02
1.823100689827258578e-02
1.815617047757807009e-02
1.808173674151235949e-02
1.800770943363584273e-02
1.793409192761028989e-02
1.786088724310030268e-02
1.778809806183224290e-02
1.771572674208604301e-02
1.764377533384299535e-02
1.757224559252148002e-02
1.750113899284959015e-02
1.743045674208349230e-02
1.736019979268258948e-02
1.729036885461453926e-02
1.722096440727283184e-02
1.715198671093252220e-02
1.708343581785904883e-02
1.701531158290503151e-02
1.694761367369019417e-02
1.688034158059669235e-02
1.681349462631384975e-02
1.674707197483764690e-02
1.668107264038392115e-02
1.661549549575941712e-02
1.655033928053741693e-02
1.648560260884445600e-02
1.642128397683182209e-02
1.635751411725532359e-02
1.629442062654364379e-02
1.623173280225035514e-02
1.616944889503281121e-02
1.610756706672475738e-02
1.604608539636518533e-02
1.598500188570108754e-02
1.592431446451281901e-02
1.586402099598107143e-02
1.580411928140172673e-02
1.574460706489635292e-02
1.568548203813220979e-02
1.562674184431289692e-02
1.556838408243678938e-02
1.551040631101710358e-02
1.545280605209748900e-02
1.539558079452895203e-02
1.533872799736392747e-02
1.528224509314582771e-02
1.522612949088592883e-02
1.517037857910291318e-02
