4.075128129627723639e-01
4.078775924693922028e-01
4.135914807128004411e-01
4.096912218678014361e-01
4.132044097190252785e-01
4.165643271595981800e-01
4.233015499560271455e-01
4.290396111941212620e-01
4.438915199491474950e-01
4.807142755415838575e-01
5.833828388164871148e-01
5.232403902059328260e-01
6.642981668324788869e-01
6.576802560843685308e-01
6.481091797418384592e-01
6.733929951813004688e-01
7.657554712211783743e-01
8.841006636973528510e-01
9.078792289405953619e-01
8.024955419037501647e-01
9.162170862317462472e-01
1.280577064815966448e+00
1.346437749457196631e+00
1.665351505586029957e+00
1.622791438147371368e+00
1.690684886990728941e+00
1.716288337124665553e+00
1.618959793488768284e+00
1.603890166591683153e+00
1.578839449469305212e+00
1.450071120811452063e+00
1.528017106216395860e+00
1.999234554976602407e+00
1.591414930102363678e+00
1.083429630027642920e+00
8.076558878813901998e-01
7.639998364875751902e-01
7.768466457198086594e-01
6.592301022149185119e-01
6.681463377713505736e-01
7.709704660529981268e-01
7.153859732321230513e-01
6.858748890185195624e-01
7.818783669372264544e-01
8.323819560882080859e-01
8.292190313957105152e-01
8.239353099652799717e-01
9.213020227531932838e-01
1.037907712578328479e+00
1.066604154692192719e+00
1.060177241738286424e+00
1.110825467939578592e+00
1.094915451039130350e+00
1.374412856560448093e+00
1.556599943531691288e+00
1.494977420606096619e+00
1.170833210649274703e+00
1.184059893102031635e+00
1.218055737877636879e+00
1.331280955343592920e+00
1.502493443503523096e+00
1.643207268258719100e+00
1.702485667515326595e+00
1.950202935359717005e+00
1.934936431114824273e+00
1.936743337622156780e+00
2.001007781894553528e+00
2.279968401087249852e+00
2.370251205707663011e+00
2.072291103028634840e+00
1.892722608849275012e+00
1.965416731672909201e+00
1.954818795026027622e+00
1.851954766071846725e+00
1.888665920564084555e+00
1.913583377704707322e+00
2.071715016603542736e+00
2.165828661206823824e+00
2.161881624616546205e+00
2.076391753098620008e+00
1.953931484935448992e+00
1.795613295278057020e+00
2.007380783070769503e+00
2.217373430624439479e+00
2.301391336023875578e+00
2.296934535738578642e+00
2.352773241551943784e+00
2.421157845658659102e+00
2.355269982248697769e+00
2.190155353252892123e+00
1.981855892275216302e+00
1.716006745390960209e+00
1.538311154232499423e+00
1.396384038003561923e+00
1.268397207608221944e+00
1.152537625121845322e+00
1.052655304889950516e+00
9.666662713012208474e-01
8.886886914085958544e-01
8.225583508359369800e-01
7.651720610935122124e-01
7.323266521931768303e-01
7.315126222796694000e-01
7.256550272368609278e-01
7.121918413853743912e-01
6.895399459622891802e-01
6.570747755842883953e-01
6.205997912092563462e-01
5.998671396196821881e-01
5.715674562286741089e-01
5.373033457935395552e-01
4.992196566966293214e-01
4.796511940211611869e-01
4.679513432124853267e-01
4.699887404082653819e-01
4.687136980716103962e-01
4.647280304659038852e-01
4.577999647066350319e-01
4.482531624405475812e-01
4.371080211666704685e-01
4.240118288582130357e-01
4.098201193518867802e-01
3.947543852854965563e-01
3.793186200592078006e-01
3.636729346259600093e-01
3.485170329835755587e-01
3.336653366908096108e-01
3.195081552321726859e-01
3.063547376970172098e-01
2.940045306919710222e-01
2.824999966511455574e-01
2.718193998008699430e-01
2.620823164808718797e-01
2.530011592369599271e-01
2.444218632201873853e-01
2.367247395102859697e-01
2.390620753975451207e-01
2.401974732697911841e-01
2.403838171611217545e-01
2.391472588390504972e-01
2.369214916042214070e-01
2.331041554017980189e-01
2.282797701893270192e-01
2.218782339180113694e-01
2.144678339154144908e-01
2.057155401023620378e-01
2.041436273509042720e-01
2.027872388692573136e-01
1.994492972440482792e-01
1.942220726679415310e-01
1.898762681417048570e-01
1.873454462410480137e-01
1.907435591899175609e-01
1.924260329633304123e-01
1.925747894611025135e-01
1.911290914234204663e-01
1.884629118499770439e-01
1.846102473762574470e-01
1.798107554994792523e-01
1.751197642891485495e-01
1.712592281053774146e-01
1.661103664445802985e-01
1.599411857192530595e-01
1.529481177811989612e-01
1.454390055566345541e-01
1.415520680382885144e-01
1.387646051629342625e-01
1.356848427292262904e-01
1.325714677867610158e-01
1.295209887710726260e-01
1.266076263989574791e-01
1.239454251543625485e-01
1.214388372224117080e-01
1.215286110354339560e-01
1.238201661539302390e-01
1.253975292022393717e-01
1.261375094598624347e-01
1.258766742976086539e-01
1.245356653056024637e-01
1.220796477576942402e-01
1.183471648979891738e-01
1.173079158434503777e-01
1.144757285870157126e-01
1.135082456922355126e-01
1.176895948231642675e-01
1.206422008666671597e-01
1.223037348041015604e-01
1.226479287017154668e-01
1.216845899317637036e-01
1.194580404024920273e-01
1.160448712700852952e-01
1.115816672501721285e-01
1.062137212850345347e-01
1.042132395603517503e-01
1.045842275084238188e-01
1.046872197069360355e-01
1.045979404901126314e-01
1.042411861821843644e-01
1.037050193844705759e-01
1.029189393867549207e-01
1.019626494326084515e-01
1.007975252307153763e-01
9.945631482231316600e-02
9.797612938165736751e-02
9.632474716012334737e-02
9.456594235954679517e-02
9.271304627838315715e-02
9.075470644133037945e-02
8.871480405080726939e-02
8.665866912039826842e-02
8.457183720814066830e-02
8.246398795896138501e-02
8.035509438009136307e-02
7.826359503265992168e-02
7.620625318262161385e-02
7.420310655159814694e-02
7.227598451783831535e-02
7.041826681247284614e-02
6.863979360089493553e-02
6.694856879959308615e-02
6.535080559741190953e-02
6.385099317103604122e-02
6.245198132999266877e-02
6.115507995234879118e-02
5.996017022044188710e-02
5.886582484669509313e-02
5.786943468190285794e-02
5.696733930891350467e-02
5.615495944654643606e-02
5.542692921538026202e-02
5.477722653906050287e-02
5.419930017663920907e-02
5.368619209603208570e-02
5.323065410348515325e-02
5.282525783809184639e-02
5.246249742587860004e-02
5.213488425535876131e-02
5.183503349541443428e-02
5.155574211847820110e-02
5.129005832097125600e-02
5.103134234935725183e-02
5.077331883987620115e-02
5.051012087132384504e-02
5.023632600350553395e-02
4.994698464102101387e-02
4.963764111137781293e-02
4.930434789159533066e-02
4.894367344869243047e-02
4.855270418240105468e-02
4.812904097518777569e-02
4.767280711071473359e-02
4.719436235814804259e-02
4.667900597220175224e-02
4.612616514190087669e-02
4.553570485023369224e-02
4.490790350053737445e-02
4.424342647466880662e-02
4.354329804774753621e-02
4.280887206438956094e-02
4.204180175261066493e-02
4.124400902307326366e-02
4.041765357826519744e-02
3.957104618552103464e-02
3.870638144284573728e-02
3.848089228427833269e-02
3.862999024086215261e-02
3.875468060175125962e-02
3.885444061753644263e-02
3.893884163860347053e-02
3.899480397254970199e-02
3.902124964058702183e-02
3.901730903206252626e-02
3.898231583777523462e-02
3.891580096051774212e-02
3.881748552677496966e-02
3.868727311591020623e-02
3.852524132022724229e-02
3.833163274527844749e-02
3.811524568450186390e-02
3.787465588250769899e-02
3.760384678733682401e-02
3.730358269398326848e-02
3.697474560929346621e-02
3.661832492394295063e-02
3.623540710103188844e-02
3.582716544507430489e-02
3.539485000874544041e-02
3.503219928049521037e-02
3.482725470864665024e-02
3.460396245880014571e-02
3.484770991448857269e-02
3.504235376745799824e-02
3.514068863967015344e-02
3.514258726193863341e-02
3.504905093736220695e-02
3.487752400425114807e-02
3.462107204003440908e-02
3.427755807094948204e-02
3.385151369901660823e-02
3.334817541895230414e-02
3.278603755871151854e-02
3.216323366895631336e-02
3.148078851912636950e-02
3.074566285545329847e-02
2.996503813204451361e-02
2.914647865607265104e-02
2.872187330216946499e-02
2.829594334198559311e-02
2.786691119562918068e-02
2.743355946112355226e-02
2.699664168004038342e-02
2.687134484894798669e-02
2.672323925039011075e-02
2.654875081845309293e-02
2.635818017489110349e-02
2.614469614751959575e-02
2.590927611248572057e-02
2.565358760891705767e-02
2.538024278180127380e-02
2.509666541938939191e-02
2.479742515563146052e-02
2.462304357297842236e-02
2.454989104685695658e-02
2.444151329653164451e-02
2.430017990244882908e-02
2.412827802117355896e-02
2.392828717967765070e-02
2.370275497135239384e-02
2.345427379402637708e-02
2.318545874881657726e-02
2.290047007548861799e-02
2.260458986114415730e-02
2.229561214157298535e-02
2.197604855950789984e-02
2.164834703953635864e-02
2.131487782453894003e-02
2.097792099667003182e-02
2.063965547445180057e-02
2.030214946527990685e-02
1.996735234369204082e-02
1.963708791473553830e-02
1.931304901598967366e-02
1.899679340279969431e-02
1.868974085686292766e-02
1.844718577703031992e-02
1.835319782993328694e-02
1.825794854648088439e-02
1.816149333723547296e-02
1.806388693906873372e-02
1.796518339105522555e-02
1.786543601250285135e-02
1.783768105615993541e-02
1.786747906358160734e-02
1.788822532848395250e-02
1.790002507100964257e-02
1.790300470986327594e-02
1.789731047217285251e-02
1.788310701989130266e-02
1.786057609653511971e-02
1.782991519792442858e-02
1.779133626908861385e-02
1.774506442990102933e-02
1.769133673272436230e-02
1.763040095284142475e-02
1.756251441391023030e-02
1.748794285024399264e-02
1.740695930685710879e-02
1.731984307866931208e-02
1.722839012564553879e-02
1.713218489612754539e-02
1.703063445678412030e-02
1.692403058626152854e-02
1.681266694284488938e-02
1.669683823857461696e-02
1.657683945402114653e-02
1.645296509482239641e-02
1.632550848769480367e-02
1.619476111769290252e-02
1.606101200469824825e-02
1.610037973138168932e-02
1.615597750314482633e-02
1.620922273456185114e-02
1.625951639606738885e-02
1.630629753194385093e-02
1.634904438647695121e-02
1.638727526905721030e-02
1.642054916682612886e-02
1.644846612042585518e-02
1.647066737270901082e-02
1.648683530668641761e-02
1.649703053678394649e-02
1.650204750161567147e-02
1.650037216883526101e-02
1.649183828686302117e-02
1.647631780430044643e-02
1.645371985379235832e-02
1.642398961579818323e-02
1.638710707301059208e-02
1.634308566960715470e-02
1.629197088640092425e-02
