5.913809671904954879e-01
5.910181916506027644e-01
5.949221078202100443e-01
5.945360662031879961e-01
5.985057219487170954e-01
6.001433351196371335e-01
6.061314504449214491e-01
6.091646715633691755e-01
6.055064306446759081e-01
6.584100617896124774e-01
7.010440412090140905e-01
7.858613426103885358e-01
8.914564451869299022e-01
7.473042552002681083e-01
8.330744025080017989e-01
1.005087439445987441e+00
1.151472794260467669e+00
1.450763159045906026e+00
1.189998602641926473e+00
1.268028936975999832e+00
1.441148148526677053e+00
1.241056099766635334e+00
1.069350129887800316e+00
1.182815076718431779e+00
1.173262892496132359e+00
1.218202464696007903e+00
1.161469677901854292e+00
1.452603311758309035e+00
1.455104439756276680e+00
1.423628844368292734e+00
1.735054291227098533e+00
1.573437012219891740e+00
1.722879120342265091e+00
2.014401276655761741e+00
1.963575858630309146e+00
1.956452971744125469e+00
1.799514748873340730e+00
2.062714788708180702e+00
2.161040787051103251e+00
2.483363592014603771e+00
2.708804438427560690e+00
2.593541234079175251e+00
2.884743991272107788e+00
3.363666329277262168e+00
3.437778878072383915e+00
3.147175856402428362e+00
3.034534677076332621e+00
3.412401473268438679e+00
3.720386525056340599e+00
3.922590654011246514e+00
4.174971421906747970e+00
3.939162431069972659e+00
3.745785282446993936e+00
3.564131389509716641e+00
3.566011803017372195e+00
3.435432919537368512e+00
3.250111757793470613e+00
3.470532757205138541e+00
3.784005982988309036e+00
3.912802901648646525e+00
3.756483809708313526e+00
3.403177571620094266e+00
3.206457419306258050e+00
3.443400991012918855e+00
3.952030310649147005e+00
4.537377603339440846e+00
4.974539302903696836e+00
4.414298158205394174e+00
3.379727433819368354e+00
2.639445993336992480e+00
2.131301401184576338e+00
1.747542451681001641e+00
1.464492506755530110e+00
1.376356320760246055e+00
1.285088189331350383e+00
1.199110913850562232e+00
1.100133809248007521e+00
1.000210991128237303e+00
9.418179915987012762e-01
9.096686302735608187e-01
8.534993622977038452e-01
7.914174335393703297e-01
7.441014695714484040e-01
7.243970725062860438e-01
7.332810889745635663e-01
7.483700960920877110e-01
7.476722630740608722e-01
7.144626138959808692e-01
6.550801271600535935e-01
6.398930896340272456e-01
6.213465166390351735e-01
6.018715425416014675e-01
5.846110370540645862e-01
5.695708681369023862e-01
5.564521519840042174e-01
5.443779341836043617e-01
5.328422621807440418e-01
5.184296680389776091e-01
5.005659735572699498e-01
4.774966519068954973e-01
4.710322899226022098e-01
4.697057763166306854e-01
4.637133392567517332e-01
4.523915876079286913e-01
4.355341971406992974e-01
4.142571184981820309e-01
3.891144750823174459e-01
3.609510879974135444e-01
3.434907212705422541e-01
3.451343605571356998e-01
3.363132192976511226e-01
3.317471882888025636e-01
3.384023684059739856e-01
3.341852102727148055e-01
3.233398582377520758e-01
3.087001694634504689e-01
2.941176240233612238e-01
2.814846904989957155e-01
2.714431895655435301e-01
2.637232620798093397e-01
2.573894225408607239e-01
2.513578420955409065e-01
2.447903828144006033e-01
2.373307607408198794e-01
2.292277660433611197e-01
2.206827932738296139e-01
2.123455540030673439e-01
2.048961435077611137e-01
1.988961139212729323e-01
1.946942376739462244e-01
1.923901578031154969e-01
1.918554804258686963e-01
1.927608356246169052e-01
1.945704580024388564e-01
1.968257343914873725e-01
1.989282783517515585e-01
2.003347658161514500e-01
2.005602346878241349e-01
1.992676272342465138e-01
1.964954162389795922e-01
1.916825007123919844e-01
1.849110818678686152e-01
1.763946257506878723e-01
1.730395724714189620e-01
1.777311180796024570e-01
1.807170519347956750e-01
1.820969918293207368e-01
1.813226344569666415e-01
1.786351183492674022e-01
1.740131437348925170e-01
1.674348670503859882e-01
1.595579768521093733e-01
1.503062418751687224e-01
1.401061737818335151e-01
1.361020471043749291e-01
1.305200966406083185e-01
1.237937012700970202e-01
1.198766720166550143e-01
1.164213319194166429e-01
1.126992003529085906e-01
1.110219594747361566e-01
1.117069636510698710e-01
1.121952541705982104e-01
1.125198831334096317e-01
1.126017359430131759e-01
1.136682761542770759e-01
1.156727541975705736e-01
1.163102293110517965e-01
1.154775991840473054e-01
1.129279582216120015e-01
1.131872209033246424e-01
1.126509077573050605e-01
1.102098773796832132e-01
1.072495821403213478e-01
1.065366013494450231e-01
1.055469101994588460e-01
1.043017261171067245e-01
1.028237395426235407e-01
1.011366272736830413e-01
9.926459914991717093e-02
9.729957621556775682e-02
9.521860273917193140e-02
9.301699347293151954e-02
9.071741753598530633e-02
8.834152157291165486e-02
8.590972548155240140e-02
8.344106093331100926e-02
8.095305055084155155e-02
7.846162509018454745e-02
7.598107559651227916e-02
7.352403721805086945e-02
7.425718206004952582e-02
7.519027991238456943e-02
7.592168679910021867e-02
7.648271814502118071e-02
7.689610878398180083e-02
7.713368567323380942e-02
7.720604500924128921e-02
7.712440771623244040e-02
7.690031835325022991e-02
7.654538219819138900e-02
7.607104101254887063e-02
7.548838701551845165e-02
7.482775704733640731e-02
7.411109268610469036e-02
7.331349986092751403e-02
7.244352127283516796e-02
7.150894982786525078e-02
7.051682072479709129e-02
6.947342383182833481e-02
6.838433305067291579e-02
6.725444944445868600e-02
6.608805505526517410e-02
6.488887452964535452e-02
6.505139266752363314e-02
6.648244797719918275e-02
6.773386601015225772e-02
6.879862094174253595e-02
6.967141021543821200e-02
7.039653746773043286e-02
7.093637982660513930e-02
7.127867772943842495e-02
7.142372762281548604e-02
7.137325947751403665e-02
7.113040248680176092e-02
7.069965037053131673e-02
7.012096538386122790e-02
6.939329677152202003e-02
6.849662251038213245e-02
6.744006642286311248e-02
6.623386545658321856e-02
6.488927961643795039e-02
6.341848896113824741e-02
6.183447836074607712e-02
6.018172252998187782e-02
5.845070145471399636e-02
5.664473729806907693e-02
5.477862596645155513e-02
5.286730389584868434e-02
5.092569552497303031e-02
4.980151306619535340e-02
4.918914066455311318e-02
4.835026241057002044e-02
4.781884614830230612e-02
4.730584263424673225e-02
4.657689478167029162e-02
4.568240580339079371e-02
4.460484857575759687e-02
4.349004703665408644e-02
4.321108854197485555e-02
4.288806930919179805e-02
4.252217730457619194e-02
4.211476721667567480e-02
4.166734985386286866e-02
4.118158061964825173e-02
4.088288681103371264e-02
4.078204526281888065e-02
4.065166873631245043e-02
4.049211333781966432e-02
4.030383161988659868e-02
4.008736789496854941e-02
3.984335316112720682e-02
3.957249970464100236e-02
3.927559544229231037e-02
3.895349806290779315e-02
3.860712902516166833e-02
3.823746746337589042e-02
3.784554405218527179e-02
3.743243487415224419e-02
3.701161502835068756e-02
3.657235369385365004e-02
3.611482079976736925e-02
3.564020345177296850e-02
3.514970687609849515e-02
3.464454900461699793e-02
3.412595527200092127e-02
3.359515364240358432e-02
3.305336988049283053e-02
3.250182307872359622e-02
3.194172144956333725e-02
3.137425838975867187e-02
3.080060882041251238e-02
3.022192580534105791e-02
3.004831080675022387e-02
2.988569187817657555e-02
2.970999107486515384e-02
2.952170392426448770e-02
2.932133776544891199e-02
2.910940976516297740e-02
2.888644500682675115e-02
2.865297465609409691e-02
2.840953420560231660e-02
2.815666180224948856e-02
2.789489665680431815e-02
2.762477753945214928e-02
2.734684135970338534e-02
2.706683377271333971e-02
2.678147648800784791e-02
2.690982453124590376e-02
2.726935668150029177e-02
2.759964062110925598e-02
2.789696361504731201e-02
2.815805265301093291e-02
2.838008285915090065e-02
2.856068075181021279e-02
2.869792271860447178e-02
2.879032909619372652e-02
2.883685425779215425e-02
2.884272806286298368e-02
2.880884350298933139e-02
2.872839651966118193e-02
2.860183095335539979e-02
2.842993369840807541e-02
2.821380992784765923e-02
2.795485706108503249e-02
2.765473782154533045e-02
2.731535271552116423e-02
2.693881223661642385e-02
2.652740908009447104e-02
2.608359062283144639e-02
2.587949349771046306e-02
2.594148845725872607e-02
2.597813775657624794e-02
2.598970353184658008e-02
2.597655575877652612e-02
2.593916427408116121e-02
2.587809074732102393e-02
2.579398065831158340e-02
2.568755533086622758e-02
2.555960406718718603e-02
2.541097642399139239e-02
2.524257466690150650e-02
2.505534643551689949e-02
2.485027764674792999e-02
2.462838566125946302e-02
2.439071273277831214e-02
2.413831975743498462e-02
2.387579443130060514e-02
2.360355513756962759e-02
2.331951897604643553e-02
2.308091928661449438e-02
2.316141018586383854e-02
2.322250333093892755e-02
2.326451444983980779e-02
2.328782192525188574e-02
2.329286155152495569e-02
2.328012134315605997e-02
2.325013641692793773e-02
2.320348397353750799e-02
2.314077839715899393e-02
2.306266649247279421e-02
2.296982287375337259e-02
2.286294552025619140e-02
2.274275150935369319e-02
2.260997293691774032e-02
2.246535303208005777e-02
2.230964247248962834e-02
2.214359590513947929e-02
2.196796867388689858e-02
2.178351375658114583e-02
2.159097891077209688e-02
2.139110402751527931e-02
2.118461869134821707e-02
2.097223994194238536e-02
2.075467023595168117e-02
2.053259560152544475e-02
2.030668398318510870e-02
2.007941832841874524e-02
1.985041582277112873e-02
1.961926027551160606e-02
1.938653810061388705e-02
1.915281237547939233e-02
1.891862213937788029e-02
1.868448183285300809e-02
1.845088087131292742e-02
1.821828334472858080e-02
1.798712783449602989e-02
1.775782734193305512e-02
1.753076931965020721e-02
1.730631579718858865e-02
1.708480359680789734e-02
1.686654462780377492e-02
1.665182625659852172e-02
1.644091174303589920e-02
1.623404073735674677e-02
1.603142983153494142e-02
1.583327315846787611e-02
1.563974303370989707e-02
1.545099063418262086e-02
1.526714670792554511e-02
1.508832231024362022e-02
1.491460956243409464e-02
1.474608242695177839e-02
1.458279749623198410e-02
1.442479478995944107e-02
1.427209855926633852e-02
1.412471809121716368e-02
1.398264851416167187e-02
1.384587159769177893e-02
1.371435654717541655e-02
