4.878831920678937673e-01
4.873722306337760490e-01
4.870807197075051054e-01
4.921540903999171435e-01
4.948625379244423472e-01
4.998113763217830741e-01
5.098225568641452377e-01
5.228598687191637895e-01
5.599910542086206089e-01
6.209478924099591790e-01
6.430372980609272426e-01
6.537173733014096655e-01
6.174435036377263764e-01
8.084493146169552391e-01
8.661618346947683733e-01
8.017541797928053882e-01
8.751192873650429638e-01
8.099751571079603085e-01
1.074523801232171616e+00
1.113041842727747310e+00
1.728168087330598679e+00
1.652512754210545554e+00
1.556686113599011767e+00
1.468891822527887747e+00
1.314300102658557012e+00
1.430246295254627098e+00
1.548412687353185158e+00
1.219424340589873257e+00
1.800356882845428164e+00
1.603494134288768747e+00
1.085241436522392577e+00
1.056467634029322866e+00
9.776153537218389422e-01
1.074698756199427230e+00
1.122877402892461296e+00
1.083739143074747835e+00
1.330442936863897030e+00
1.296306758615062282e+00
1.102665997862323000e+00
1.265707495293701079e+00
1.424592618520804654e+00
1.504316638668855788e+00
1.603324260335900364e+00
1.709773070419573049e+00
1.917606873902499842e+00
1.880785658981913411e+00
1.644057941054597238e+00
1.618120645191169604e+00
1.806809402532504105e+00
1.788423197993218583e+00
1.660732183094867365e+00
1.718067012000553007e+00
1.845775776319981132e+00
2.295478569501097965e+00
2.750802979172288776e+00
2.443431372271866131e+00
2.661463447234315272e+00
2.923036717975941556e+00
3.021690113762659280e+00
2.900673711164873048e+00
2.859013145162558001e+00
2.974502453725664353e+00
3.123843194465618645e+00
3.104992127751561526e+00
3.048637848470471035e+00
3.092871613559959432e+00
2.961004119663023459e+00
2.918535680038527147e+00
2.791283201952795778e+00
2.506628658351820693e+00
2.285280425777738600e+00
2.271295830839878516e+00
2.460253926136275915e+00
2.695793603005940842e+00
2.814168307859438833e+00
2.783852705854020115e+00
2.724937926947322175e+00
2.748101836049261504e+00
3.005902886768856419e+00
3.104954852974536106e+00
2.943686676905065358e+00
2.568732759908765928e+00
2.257706816830325369e+00
1.921984690298121690e+00
1.637700055541603916e+00
1.409937913584360381e+00
1.250471056579780527e+00
1.134697447341126875e+00
1.036626772646062955e+00
9.470901706017983424e-01
8.732871689958160433e-01
8.269993500405768971e-01
8.098007371681804623e-01
8.030096857706187086e-01
8.030864851783318104e-01
8.032295623487940572e-01
7.780264066378780319e-01
7.727756064419175619e-01
7.278327603252741085e-01
7.401280559480144516e-01
7.365229007132678696e-01
7.073610166545222233e-01
7.056006835434047719e-01
6.869569077349665376e-01
6.523382232545430481e-01
6.081328963233634255e-01
5.598202012938973127e-01
5.214814920706146717e-01
4.908004182488268086e-01
4.575321912777026712e-01
4.459931897701414072e-01
4.276253583404675540e-01
4.029249890128439038e-01
4.265548912730217079e-01
4.476149022837225266e-01
4.543744890359300292e-01
4.465595829517747251e-01
4.269222096000891975e-01
4.000376912439460586e-01
3.719481318689051852e-01
3.472601872216142249e-01
3.293732132266532497e-01
3.189617509091220438e-01
3.143446499779809500e-01
3.123876694833015999e-01
3.100473616250876696e-01
3.035979511686627275e-01
3.090293152972642954e-01
3.180397741926649369e-01
3.223288120550345526e-01
3.201444032826811781e-01
3.102952703276726232e-01
2.923003294833581567e-01
2.666739821081768880e-01
2.661453988893401346e-01
2.682114864916020913e-01
2.661172845904932194e-01
2.597040190671039417e-01
2.489780810765968855e-01
2.341296362577062196e-01
2.155378244127401643e-01
2.151756612978832361e-01
2.144391262928968256e-01
2.095791148778630153e-01
2.109756918773446066e-01
2.121358794079436227e-01
2.107704345928133050e-01
2.068824833110282646e-01
2.006213829847589558e-01
1.921818802967046602e-01
1.817959139048085648e-01
1.764080945546790125e-01
1.747130955518493844e-01
1.725102119660933409e-01
1.698698567489555500e-01
1.666763147843351722e-01
1.631125047825479901e-01
1.590926352909714514e-01
1.668535909997921063e-01
1.756668180505806531e-01
1.799990233468309331e-01
1.797806843542242849e-01
1.753469829284774184e-01
1.673947768803891456e-01
1.611229106481201490e-01
1.573412055209223448e-01
1.522349044440894916e-01
1.459170097450274428e-01
1.388680093080037481e-01
1.343126825323374407e-01
1.308178109503594089e-01
1.264853659888888204e-01
1.228078859007665918e-01
1.231141919364405063e-01
1.226429288278683416e-01
1.216494734547993867e-01
1.202411997129801680e-01
1.184586321904276540e-01
1.165159051295345805e-01
1.144280543656661098e-01
1.122224289453627316e-01
1.099634030880726338e-01
1.077595698007604436e-01
1.055303431263193842e-01
1.032813639598639394e-01
1.036533604030931005e-01
1.056198643784479196e-01
1.071078572270721396e-01
1.081020515841531471e-01
1.086399377498043772e-01
1.085817069511552380e-01
1.078987206083969475e-01
1.066490771207213861e-01
1.048362778580894661e-01
1.023992920973895576e-01
9.937605608238159194e-02
9.594259010145507471e-02
9.204713546217940801e-02
8.777311976850456221e-02
8.719885909910016220e-02
8.895397934526955153e-02
9.024082260040970638e-02
9.097465218629519068e-02
9.115423634163247191e-02
9.085680838488875699e-02
9.010225523462193908e-02
8.888851001712441691e-02
8.727571750564953879e-02
8.533866676675598562e-02
8.321264052601939909e-02
8.089910055955364110e-02
7.847623934391174949e-02
7.601951555205584132e-02
7.359911726447193603e-02
7.127786620197958112e-02
6.910960606180026333e-02
6.713809020495044300e-02
6.539635933739509910e-02
6.390657921443465561e-02
6.268029219331210100e-02
6.171902478683677362e-02
6.101518604761569514e-02
6.055318830143803510e-02
6.031072194017311067e-02
6.026011909511438253e-02
6.036974642161848509e-02
6.060537429792234310e-02
6.093147790722132362e-02
6.131243437315635897e-02
6.171358890672355713e-02
6.210217141279816833e-02
6.244805288928788334e-02
6.272433801984773905e-02
6.290779646049167451e-02
6.297914038024401973e-02
6.292315981118314083e-02
6.272873032251620462e-02
6.238870952628643857e-02
6.189983126244676115e-02
6.129908892802162640e-02
6.055219360572273307e-02
5.966477868826160907e-02
5.864494430223897437e-02
5.750285314821981103e-02
5.625032500960441828e-02
5.490044056827100838e-02
5.346716332189349608e-02
5.196498658958886852e-02
5.040861086007848713e-02
4.881265514139071504e-02
4.720165748448285070e-02
4.557995665634016758e-02
4.395661209372766359e-02
4.411065663702182921e-02
4.427403097919600100e-02
4.438260427149374326e-02
4.443734318033580599e-02
4.443962816880738659e-02
4.439118984118226030e-02
4.429404867145697589e-02
4.415045860721761306e-02
4.396285489759681891e-02
4.373380636694602919e-02
4.346597224474379323e-02
4.316206356491891771e-02
4.283367412747670494e-02
4.248111093403732913e-02
4.209996787920115141e-02
4.169284628499501238e-02
4.126227654719116789e-02
4.081070302312336112e-02
4.034047206792905349e-02
3.985382292482809313e-02
3.935288117976992739e-02
3.883965448697420525e-02
3.831603029012323192e-02
3.778377526750673759e-02
3.724453625089401559e-02
3.669984238019336625e-02
3.615110827559755990e-02
3.559963802713028008e-02
3.504662982186306647e-02
3.449318104441881361e-02
3.394029370973573878e-02
3.338888009976861970e-02
3.291515942691308066e-02
3.262787522239337518e-02
3.233582195493086425e-02
3.203959827700103569e-02
3.203902885159359143e-02
3.206464556831625096e-02
3.203181739298506525e-02
3.194257186782771540e-02
3.179919186539591214e-02
3.160987518392031209e-02
3.138309886802114618e-02
3.110962353484938298e-02
3.079235344645409739e-02
3.043429232839868145e-02
3.003851645413679536e-02
2.960814960485451050e-02
2.915226846105032840e-02
2.867526243990827645e-02
2.817228276356819466e-02
2.764641880500760124e-02
2.710071357582081661e-02
2.692473971773459013e-02
2.709876578506846892e-02
2.726172697332380351e-02
2.741325143691365068e-02
2.755302898288107191e-02
2.768080837014596715e-02
2.779639465583155084e-02
2.789964658026757721e-02
2.799047398150933397e-02
2.806883523587986456e-02
2.813473471610333787e-02
2.818822026606640496e-02
2.822938068877101081e-02
2.825834324650008597e-02
2.827527117465281070e-02
2.828036120924724145e-02
2.827384113073352218e-02
2.825596732925024848e-02
2.822702239197389870e-02
2.818731272100586521e-02
2.813716618345061052e-02
2.807692980144732564e-02
2.800696748653730070e-02
2.792765782460499002e-02
2.783939191657729822e-02
2.774257128107929585e-02
2.763760582332760660e-02
2.752491187602032138e-02
2.740491031751769724e-02
2.727802476904965870e-02
2.714467987856625589e-02
2.700529969026686794e-02
2.686030610632448787e-02
2.671011744032828969e-02
2.655514706598495131e-02
2.639580216091807693e-02
2.623248254698905269e-02
2.606557962720525840e-02
2.589547541819176707e-02
2.572254167793750282e-02
2.554713912760437147e-02
2.536961676507718325e-02
2.519031126844879440e-02
2.500954648706699493e-02
2.482763301692453642e-02
2.464486785786141124e-02
2.446153414847645688e-02
2.427879387668098465e-02
2.409694796791866933e-02
2.391519731499145915e-02
2.373377146635475762e-02
2.355288592183241159e-02
2.337274223772826953e-02
2.319352818335277885e-02
2.301541794459054102e-02
2.283857237129754622e-02
2.266313926316488453e-02
2.248925369147384418e-02
2.231703835144236564e-02
2.214660394264503576e-02
2.197804957304420534e-02
2.181146318271906526e-02
2.164692198552771799e-02
2.148449292312986855e-02
2.132423313086476493e-02
2.116619040995818685e-02
2.101040370565071883e-02
2.085690358668810737e-02
2.070571272575366661e-02
2.055684637679502241e-02
2.041031284854501887e-02
2.026611397126715924e-02
2.012424555690064953e-02
1.998469784792095832e-02
1.984745595728659370e-02
1.971250029555505698e-02
1.957980698490012494e-02
1.944934826000018283e-02
1.932109285345537386e-02
1.919500636664455556e-02
1.907105162419703986e-02
1.894918901302018732e-02
1.882937680434122393e-02
1.871157145935109511e-02
1.859572791839652836e-02
1.848179987309755967e-02
1.836974002248003071e-02
1.825950031223804587e-02
1.815103215800458608e-02
1.804428665292932138e-02
1.793921475963574513e-02
1.783576748706878004e-02
1.773389605257901652e-02
1.763355203018292239e-02
