3.679252676579611303e-01
3.671449896525829093e-01
3.701758373957009796e-01
3.680868557028269539e-01
3.702404081842470274e-01
3.742771819792637955e-01
3.763303567927114845e-01
3.849173417050782420e-01
3.933875056553357563e-01
3.822242173646093200e-01
4.874387641411987993e-01
4.966721453808424225e-01
6.349244446895775384e-01
7.312651588521204005e-01
7.984945011224126032e-01
6.769004925009257656e-01
6.998761027894644382e-01
8.072439452991569953e-01
9.091063603111504410e-01
1.036037525056627384e+00
9.796769304778484289e-01
1.169856210633263283e+00
1.115910033083988617e+00
1.281759250007848072e+00
1.508915767953795672e+00
1.485076451512446605e+00
1.365556734395178440e+00
1.140386226132241942e+00
1.138933376344470672e+00
1.470279925434283541e+00
1.676702967897038876e+00
1.448889692427782983e+00
1.492923641397810197e+00
1.724639717514501180e+00
1.909068452498258406e+00
1.561960123801203748e+00
1.004463031831472897e+00
8.029871530954967307e-01
7.086749702767801695e-01
6.715926863145054160e-01
6.430325769417492010e-01
6.254640300078714299e-01
6.286022311730932177e-01
6.411776627067744538e-01
7.793429421340637431e-01
8.161693161903574856e-01
8.423847455896298353e-01
9.605075018565960576e-01
9.486531831064280995e-01
9.253258882384512996e-01
9.811654273056790165e-01
1.038367710140902789e+00
1.135757311452450624e+00
1.212468042486825714e+00
1.261062272695003372e+00
1.260302859170695955e+00
1.299710832341267386e+00
1.378097645172933650e+00
1.364953953132415299e+00
1.385113705385076832e+00
1.381510435088121991e+00
1.524535816740116623e+00
1.616242722529739106e+00
1.513415964645338452e+00
1.437488073199343575e+00
1.534634418112063692e+00
1.560976038371704178e+00
1.499021444799579106e+00
1.565714813935293437e+00
1.597307217801108958e+00
1.584446545124668537e+00
1.526594160705643688e+00
1.432244143240663181e+00
1.318478592127438898e+00
1.551418310459445227e+00
1.745612474349865995e+00
1.865108343036571137e+00
1.925879251690099325e+00
1.964796602360909361e+00
1.987696418551015309e+00
1.995114736923574883e+00
1.994841657020699710e+00
2.026439100648106617e+00
2.071469279735411284e+00
2.072832344834258933e+00
2.017971940855893376e+00
1.919917814851802573e+00
1.905063543228642464e+00
1.799382962193821323e+00
1.965744618867583116e+00
2.048662946808617047e+00
2.153898702627933925e+00
2.245346433949065634e+00
2.362046045239699410e+00
2.457649900549037536e+00
2.486221182982204958e+00
2.383445625812679491e+00
2.223460553722065747e+00
2.005627310844126043e+00
1.894212076399434563e+00
1.726929673133150711e+00
1.531030319107143045e+00
1.328527952147765756e+00
1.146443606293947592e+00
9.986463065749944246e-01
8.779187177045935098e-01
7.851372720379140580e-01
7.173987397168226643e-01
6.676209452425483359e-01
6.293522124105738191e-01
5.977209858926402219e-01
5.699414585548587819e-01
5.449142562095736775e-01
5.227297797093315435e-01
5.098481922278302880e-01
5.197566171104602839e-01
5.251739589281594345e-01
5.254128466335062919e-01
5.197131454262444716e-01
5.129943307910791450e-01
5.110891079298840456e-01
5.016353881504203027e-01
4.853155281980348068e-01
4.627252355160377251e-01
4.358636016593100404e-01
4.072905527093736433e-01
3.801732231664977091e-01
3.567985095922162064e-01
3.392475332250160514e-01
3.279781180133029550e-01
3.219910396805859554e-01
3.192109609975082307e-01
3.171161027434153401e-01
3.213559887268765958e-01
3.262538697855391634e-01
3.285930910993273835e-01
3.271342058680761222e-01
3.211013113353691772e-01
3.102182677379995424e-01
2.946740671663335420e-01
2.799273802676174316e-01
2.809778818798586708e-01
2.797829646174602725e-01
2.765784779460129794e-01
2.716343513195568216e-01
2.652746053496905509e-01
2.577569466818410704e-01
2.493128238943444208e-01
2.401755302464395059e-01
2.355256163267098191e-01
2.328224336203969236e-01
2.295129276413543085e-01
2.257511479845226710e-01
2.216673248682289876e-01
2.173634046156578958e-01
2.129119868334285182e-01
2.083550943896134988e-01
2.037067533606903846e-01
1.989586332682760639e-01
1.940954507989717526e-01
1.892091302079617343e-01
1.841857143075218972e-01
1.791109398774873296e-01
1.739735585266084239e-01
1.693985757617696153e-01
1.659331475814495027e-01
1.697463330274156801e-01
1.725094594357607924e-01
1.741714737953695136e-01
1.749722206628518406e-01
1.748058250927544410e-01
1.739581062027329705e-01
1.723599615265582197e-01
1.702119499173323225e-01
1.675449862875547091e-01
1.644690655260064305e-01
1.610564785039434732e-01
1.573693099892173597e-01
1.534691261138074470e-01
1.494100916913286003e-01
1.452063697222308603e-01
1.409363846999390213e-01
1.365449123723664338e-01
1.321603876243680475e-01
1.276846023192610979e-01
1.231989864871550627e-01
1.186909081030932261e-01
1.141387795269884070e-01
1.096099198972732697e-01
1.050881434227839833e-01
1.019452476126371104e-01
1.005526240868974963e-01
9.917514008015047844e-02
9.780240860411185122e-02
9.643262326180322697e-02
9.508091728865315784e-02
9.370774810856148662e-02
9.230653922934542455e-02
9.087199376385596272e-02
8.940381549264830863e-02
8.793207511188431968e-02
8.641786866797793176e-02
8.486094869846827482e-02
8.326226774252896978e-02
8.162512729185705807e-02
7.998538613003240705e-02
7.831075854918535806e-02
7.660576937399506126e-02
7.515237410444884636e-02
7.489058113145533047e-02
7.458487479825426369e-02
7.424720195517699184e-02
7.387861201686066193e-02
7.346458305623168594e-02
7.300584077310141862e-02
7.250366294110602294e-02
7.195981907294234092e-02
7.137650683784946271e-02
7.076613413655065410e-02
7.013669343304600179e-02
6.947523621676378325e-02
6.878497141099108869e-02
6.806923233235566417e-02
6.733142059797775358e-02
6.657495424428158670e-02
6.582121597845279337e-02
6.505613815525040922e-02
6.428112383143505526e-02
6.349925855262776586e-02
6.271346700978512601e-02
6.192649049003216138e-02
6.114552825287239424e-02
6.037704115640400021e-02
5.961335827040588342e-02
5.885640778830814046e-02
5.810789118426563232e-02
5.736928452809744727e-02
5.664184270680654859e-02
5.592660616865682832e-02
5.523261823522743891e-02
5.455236647400888567e-02
5.388568223775883070e-02
5.323290322198236807e-02
5.259420908951168566e-02
5.196963566567094905e-02
5.135908944016662897e-02
5.076236214436280481e-02
5.017914520080626883e-02
4.961414216631217233e-02
4.906224928502828098e-02
4.852224308561388366e-02
4.799357529258532068e-02
4.747565949810046704e-02
4.696788210665150259e-02
4.646961243504463268e-02
4.598021193776481025e-02
4.549904254595152353e-02
4.502547411777740871e-02
4.455984692087395366e-02
4.417943990808274879e-02
4.394094373246427293e-02
4.367952448755538924e-02
4.339536902236589000e-02
4.308869091465110379e-02
4.275974299889879343e-02
4.240882861674542814e-02
4.203631138329776834e-02
4.164262332407844130e-02
4.123646188585822214e-02
4.081445759850636790e-02
4.037265109081303316e-02
3.991177184433077757e-02
3.943263370072092044e-02
3.893613313074530818e-02
3.842324609217861314e-02
3.789502361493380517e-02
3.735258626290521161e-02
3.680288986095823361e-02
3.624479910183635301e-02
3.572605632940097087e-02
3.532813487002904596e-02
3.493184828714253343e-02
3.453731607422521471e-02
3.414467161056550931e-02
3.375406013924914933e-02
3.336563681466708092e-02
3.297956482846615966e-02
3.259612945561453368e-02
3.221740728432637840e-02
3.184140479841315180e-02
3.146830234642740420e-02
3.109828065185999205e-02
3.091427289222074132e-02
3.075339898019387175e-02
3.059358971807758093e-02
3.043472788160938441e-02
3.027670433541176237e-02
3.011941785702324653e-02
2.996277494042997452e-02
2.980668958260870166e-02
2.965108305529564822e-02
2.949588366501630643e-02
2.934102650302430199e-02
2.918645318793215704e-02
2.903211160247521488e-02
2.887795562640914707e-02
2.872394486721619594e-02
2.857004438977825064e-02
2.841622444673092343e-02
2.826246021015550031e-02
2.810873150621395755e-02
2.795502255329836844e-02
2.780132170437038530e-02
2.764762119467173429e-02
2.749391689490219767e-02
2.734020807079927742e-02
2.718649714918488711e-02
2.703278949116242127e-02
2.687909317243058691e-02
2.672541877134367375e-02
2.657177916436287077e-02
2.641818932950913343e-02
2.626466615764606882e-02
2.611122827164265650e-02
2.595789585333796445e-02
2.580469047840913688e-02
2.565163495905017216e-02
2.549875319423732314e-02
2.534607002755465480e-02
2.519361111239935835e-02
2.504140278453394902e-02
2.488947194150453734e-02
2.473784592925567377e-02
2.458655243511367536e-02
2.443614981904059652e-02
2.428680678450102770e-02
2.413784816234043271e-02
2.398930218668119535e-02
2.384119702404574256e-02
2.369356070102524026e-02
2.354642103645155152e-02
2.339980557897836447e-02
2.325374154952113831e-02
2.310825578793320595e-02
2.296337470457696095e-02
2.281912423568295892e-02
2.267552980280492653e-02
2.253261627637262107e-02
2.239040794233269557e-02
2.224892847268328255e-02
2.210820089907805652e-02
2.196824758942366590e-02
2.182909022763304327e-02
2.169074979599631622e-02
2.155324655997011007e-02
2.141660005576954268e-02
2.128082908002232668e-02
2.114595168156538363e-02
2.101198515551580548e-02
2.087894603891558148e-02
2.074685010832526960e-02
2.061571237915929902e-02
2.048554710635671836e-02
2.035636778659111884e-02
2.022818716184266244e-02
2.010101722422790588e-02
1.997486922183315528e-02
1.984975366562666266e-02
1.972568033760044304e-02
1.960265829934898854e-02
1.948069590189967920e-02
1.935980079600043910e-02
1.923997994308082257e-02
1.912123962705939220e-02
1.900358546639585242e-02
1.888702242681805990e-02
1.877155483449875414e-02
1.865718638927805692e-02
1.854392017880782464e-02
1.843175869241376122e-02
1.832070383557861046e-02
1.821075694425595276e-02
1.810191879986441932e-02
1.799418964390885750e-02
1.788756919293325517e-02
1.778205665353546627e-02
1.767765073736835696e-02
1.757434967620163241e-02
1.747215123678624166e-02
1.737105273604330757e-02
1.727105105570107130e-02
1.717214265729121933e-02
1.707432359684051687e-02
1.697758953935065221e-02
1.688193577330437609e-02
1.678735722510317149e-02
1.669384847292304866e-02
1.660140376091372161e-02
1.651001701300758295e-02
1.641968184617646764e-02
