-0.000000000000000000e+00
-4.450003206345919514e-06
-1.286892405719312019e-05
-2.922568019704287811e-05
-4.837259697791218961e-05
-6.891459407929127875e-05
-7.321610149369505197e-05
-7.142740500235145857e-05
-5.745830069951317934e-05
-5.067208707799626086e-05
-4.747731879714000582e-05
-6.819617698733794822e-05
-8.409252484610370531e-05
-9.034385204200505112e-05
-5.754920640707333906e-05
-5.231574356725318296e-06
9.104784180881118666e-05
1.866750657418219772e-04
2.809979052097809999e-04
3.958619967040795233e-04
5.209967142115475664e-04
8.131596704364248401e-04
1.176080536837358559e-03
1.680517223590403866e-03
2.149732513205814335e-03
2.601337104252409230e-03
2.581263419700023740e-03
2.379078090114240904e-03
1.812669470461666411e-03
1.193752498945064265e-03
5.485813514964428712e-04
3.600689289152991281e-04
3.267443569240340712e-04
6.037954861125237847e-04
8.645362088526979986e-04
1.117121728368712132e-03
9.093786270684558288e-04
5.508107709137549180e-04
-1.094065949498307638e-04
-8.421829759231833253e-04
-1.611238864451418513e-03
-2.202211960047677566e-03
-2.776129002335568814e-03
-3.315933938006734860e-03
-4.190408282442895961e-03
-5.232217331261555457e-03
-7.167776713117885758e-03
-9.216422384978622054e-03
-1.149124063684815386e-02
-1.311560959147872740e-02
-1.441475389748981227e-02
-1.409882056932616236e-02
-1.351988533459237175e-02
-1.241494628671831538e-02
-1.129134259528340872e-02
-1.015840658206807953e-02
-7.851184658109071346e-03
-4.580830176813960319e-03
6.157894191532358244e-04
7.053342768252728566e-03
1.411136299391836137e-02
1.931402483171120246e-02
2.320012348762632085e-02
2.445309577978594870e-02
2.437049950437512186e-02
2.362011894517907634e-02
2.358697820594884281e-02
2.363036729624111779e-02
2.382681604557840976e-02
2.253343980771865124e-02
2.049515107626034838e-02
1.592448931443934956e-02
1.138122574681888280e-02
6.892758567599585953e-03
3.923635867712249245e-03
1.714185407490881330e-03
1.052303289018275984e-03
1.350788769300039372e-04
-1.292830122389584165e-03
-3.707954695019165768e-03
-6.616687054303734689e-03
-9.053076395888962416e-03
-1.064913418116059281e-02
-1.056452885380508404e-02
-9.596131942154939934e-03
-8.185839238357462549e-03
-9.393241893962239394e-03
-1.218205603749985232e-02
-1.813369315690319117e-02
-2.545665579031998471e-02
-3.346528118074349606e-02
-3.889862020936545733e-02
-4.301305917062508283e-02
-4.448969799716010615e-02
-4.490264817896191807e-02
-4.478375403839712776e-02
-4.420048713019465031e-02
-4.233601630555145628e-02
-3.790913764802677360e-02
-2.836682186299851333e-02
-1.626678751421850241e-02
1.000665472647162269e-03
1.723510834694043717e-02
3.140353099608900883e-02
4.009144685262626406e-02
4.603910931285803976e-02
4.717870517480291653e-02
4.858699568267348112e-02
5.053267548239538665e-02
5.231345248082540367e-02
5.401177807860946950e-02
5.003683593976235994e-02
4.420152070688430218e-02
3.464545928594447988e-02
2.612884865240642715e-02
1.813196341256935809e-02
1.591881203242451193e-02
1.390065447939173651e-02
1.227248458058322229e-02
6.039998789470374906e-03
-2.494644947794717130e-03
-1.658577953918655146e-02
-2.917246556314802633e-02
-3.875025445224888898e-02
-4.038366156449928190e-02
-3.804487778832432027e-02
-2.738264472528603721e-02
-1.737255776015463049e-02
-8.666762990836948677e-03
-5.677394978173548774e-03
-5.546240343837099442e-03
-1.313108417639337333e-02
-2.190572767557916189e-02
-3.305997050802390869e-02
-4.369959748789447457e-02
-5.408191654147797428e-02
-5.779770633476331854e-02
-5.722850619092652302e-02
-4.808932617284571165e-02
-3.042769925447594281e-02
-8.504848885961889537e-03
1.704771539861432011e-02
4.006543732903666138e-02
5.801347455114979484e-02
6.787806862338434388e-02
7.370094112067945846e-02
7.017300514550067758e-02
6.518243233063743258e-02
5.726658583640536343e-02
4.960107546539026940e-02
4.206073315598366641e-02
4.001266953187757741e-02
4.078613137436700592e-02
4.720264415004730291e-02
5.621114311065049385e-02
6.651563516371504503e-02
6.840736938127098266e-02
6.401938927827623138e-02
4.707198053418053252e-02
1.954591290265607698e-02
-1.326948417258240823e-02
-4.539176899823207934e-02
-7.174046549296604625e-02
-8.654198532586901416e-02
-8.791772133303478454e-02
-8.258056542733220595e-02
-6.836101763602436820e-02
-5.570877188006181230e-02
-4.619113019478907761e-02
-4.336515479775364390e-02
-4.388501254483696129e-02
-5.075966878007839855e-02
-5.774206472962806896e-02
-6.493994010779419179e-02
-7.095593285737972211e-02
-7.638098429267493883e-02
-8.142994599425947000e-02
-8.593407251471524289e-02
-8.934852867291352696e-02
-8.764076040052731775e-02
-8.337187991284904232e-02
-6.863200768355881554e-02
-5.302552661020073360e-02
-3.568582784870698299e-02
-2.354286612410222065e-02
-1.399827291794189521e-02
-9.820218281551147330e-03
-2.925859317240818089e-03
9.401108302908495196e-03
3.081973810799157332e-02
5.678419900554131788e-02
8.658973632599688275e-02
1.146651424374063866e-01
1.392802861307255446e-01
1.623281440515041973e-01
1.845923590860125696e-01
2.051246434218705061e-01
2.200406725828198407e-01
2.237241913939523874e-01
2.062611509232784024e-01
1.782248308117007907e-01
1.281093073394729276e-01
7.977287927028352266e-02
3.499464200716432410e-02
4.294918000966874150e-03
-1.936554937677164440e-02
-2.747426455697640768e-02
-3.336600054615899286e-02
-3.482377815329831816e-02
-3.186768704356239545e-02
-2.670466157538851568e-02
-1.610571395996999999e-02
-7.789126161569542850e-03
-4.037257997206317346e-03
-1.423871245453777259e-02
-3.141682822271588821e-02
-6.899370975189095256e-02
-1.075695650907252388e-01
-1.481433680488830062e-01
-1.776533784985014908e-01
-2.016314926938529983e-01
-2.031478721481852212e-01
-1.999357145434907668e-01
-1.872664828207434018e-01
-1.708428689567243197e-01
-1.525420640220704616e-01
-1.295515995754585037e-01
-1.056540243762691678e-01
-7.994222767192199486e-02
-5.864308851757923935e-02
-3.955027813823747129e-02
-3.121748894230941263e-02
-2.230157677641994574e-02
-1.221941867060729638e-02
9.042605551274963613e-03
3.589456283119381308e-02
7.621375157882512297e-02
1.156462916853751022e-01
1.533055345097571742e-01
1.836121070761823626e-01
2.102423445136271385e-01
2.268619432274057712e-01
2.394288913637391270e-01
2.438905383451840936e-01
2.383178906230687399e-01
2.277280955491735315e-01
2.102486398400367218e-01
1.944590318412643681e-01
1.820491192632229249e-01
1.704943391218091409e-01
1.593671251987099358e-01
1.314877185082563571e-01
9.503241260871689300e-02
4.142530829100188328e-02
-2.164811148648922504e-02
-8.945468899387176709e-02
-1.535480599639884591e-01
-2.137988520033196616e-01
-2.663644861810827158e-01
-3.111699187388594079e-01
-3.520952504866455834e-01
-3.761312041278557783e-01
-3.905182068542745744e-01
-3.856073077511086300e-01
-3.582004273187167631e-01
-3.195455562217137113e-01
-2.604766599250181724e-01
-2.018510811510597636e-01
-1.441121374225678431e-01
-9.420724146720367564e-02
-4.821936939839958219e-02
-8.783892277723956421e-03
3.096814424086819645e-02
7.135329955528811607e-02
1.133693354915109308e-01
1.562008117386323724e-01
2.016336367027697363e-01
2.477436117790107750e-01
2.952078870794652699e-01
3.373114140671489292e-01
3.767345668984490858e-01
3.894634254390901273e-01
3.899782379312559111e-01
3.660649583264717899e-01
3.243249441014383616e-01
2.736715625662768936e-01
2.157764310088276793e-01
1.600441060309371333e-01
1.086373942121713621e-01
6.569543366229083081e-02
2.698584874685577145e-02
4.344222122653538382e-03
-1.376687507129666435e-02
-2.281691340474582830e-02
-3.157548909310905344e-02
-4.018833345892990072e-02
-6.521900460939514255e-02
-9.788966327688214397e-02
-1.458402969784083347e-01
-2.033725307822956963e-01
-2.656955646373597713e-01
-3.253531398934262908e-01
-3.776049132165996136e-01
-4.150450826739944254e-01
-4.257959120751020343e-01
-4.232020714480664858e-01
-3.762931034388729001e-01
-3.214949114131435692e-01
-2.509182713543531840e-01
-1.868888740065548504e-01
-1.261330980142500169e-01
-8.994060817142437991e-02
-5.656334023983999870e-02
-2.881651613074259072e-02
7.800718275087145659e-03
4.885315782928061068e-02
1.033121663778566734e-01
1.570575681155916836e-01
2.093757562316518328e-01
2.537383561757060035e-01
2.941231620337606545e-01
3.202892956378846634e-01
3.398499004435368009e-01
3.461994476522424757e-01
3.367241109031276491e-01
3.193363321751031547e-01
2.897300465906534894e-01
2.626505602335149070e-01
2.406246723309947155e-01
2.264981428593537405e-01
2.163212926031506944e-01
2.013056578018116438e-01
1.793481834903519756e-01
1.435070301586568176e-01
9.556234988713929734e-02
4.156590614570784131e-02
-1.681644223524051546e-02
-7.415067881656475790e-02
-1.293886917986331042e-01
-1.838784513846269397e-01
-2.379940842725798422e-01
-2.927606137482499649e-01
-3.458454826148261163e-01
-3.955670302632215973e-01
-4.337442528708633782e-01
-4.661493129581302797e-01
-4.671295882087653228e-01
-4.549800209736808432e-01
-4.165707687671589277e-01
-3.575590747303762362e-01
-2.882461597784671259e-01
-2.141306876985566710e-01
-1.472241757110615834e-01
-9.473558390838732191e-02
-5.948263993687505358e-02
-3.284751988094049974e-02
-1.059724972815949059e-02
1.954061884918879138e-02
6.545368427566444769e-02
1.355000578384938648e-01
2.176130854695046135e-01
3.231378092320771334e-01
4.248170296097177889e-01
5.188052432174811157e-01
5.777937765244808288e-01
6.192824696810947938e-01
5.882074234872568530e-01
5.392877512784080007e-01
4.546788270395335507e-01
3.642776427470286182e-01
2.709803284277038649e-01
2.031252633290410170e-01
1.437520661818335599e-01
1.013426049375446836e-01
6.055392386275933181e-02
2.057563287272844155e-02
-3.381938701920774587e-02
-9.110329170353251294e-02
-1.541649659726417321e-01
-2.100527100044575768e-01
-2.623534889176299401e-01
-2.916753638620800393e-01
-3.149396471438684064e-01
-3.260887471003327542e-01
-3.335681630906536244e-01
-3.392127370979029499e-01
-3.472075817448632695e-01
-3.565761808517676767e-01
-3.686922888785589270e-01
-3.816435819099917581e-01
-3.950124674437445194e-01
-3.945901515277748794e-01
-3.803117212708949091e-01
-3.383210623321942223e-01
-2.585157941188548358e-01
-1.598032212681919084e-01
-2.881723386751827709e-02
9.630607299105645169e-02
2.097040187654166388e-01
2.914802969920411435e-01
3.574457414447924086e-01
3.844444168453597377e-01
4.040857945048101918e-01
4.090125766820234543e-01
3.961832159144733079e-01
3.744757836745426505e-01
3.136753915016946559e-01
2.440480201619826539e-01
1.567666904885365309e-01
7.747031270385262847e-02
2.166410863549349773e-03
-3.291852620253568618e-02
-5.754064787160064615e-02
-6.123713874663725548e-02
-6.344844668628590867e-02
-6.491716315824082317e-02
-7.485228294219582745e-02
-8.168941461909091928e-02
-8.233057008186533965e-02
-6.749427805848798312e-02
-4.491926229203568183e-02
-1.715717610139067331e-02
2.550729826026127984e-03
6.150275226984674298e-03
-4.596911768804502231e-03
-2.251746496296642627e-02
-2.700694895784462590e-02
-2.120360402325890958e-02
5.185398770250339989e-03
3.218934001727049438e-02
5.950075049104605607e-02
4.791154092823390886e-02
2.536019629235627265e-02
-1.911541848964855989e-02
-5.463704733079512849e-02
-8.568168320151239858e-02
-7.731439119845319452e-02
-6.387818372616560492e-02
-4.030414531542398510e-02
-2.836862567176098859e-02
-2.225236541163597842e-02
-2.751884813403256483e-02
-2.838928532792016693e-02
-2.046763146478863815e-02
-9.782796410900415976e-03
2.283629238364910836e-03
-1.796343300585947350e-02
-4.960551714386021716e-02
-1.040376450694215499e-01
-1.463533640341608544e-01
-1.826108785184923922e-01
-1.554666581836320893e-01
-1.135693858474791096e-01
-4.216600950875593057e-02
1.997288732445458986e-02
7.747954440490940897e-02
9.090031530926390158e-02
9.596145509725365064e-02
8.430333265252078212e-02
7.749004491768464453e-02
7.309917453779762875e-02
8.524886913656656851e-02
9.844961049125754149e-02
1.137524453577920536e-01
1.234096734931572764e-01
1.302440982629388677e-01
1.342043677879252439e-01
1.406971521959070048e-01
1.522549663698801736e-01
1.630967068643949247e-01
1.735804105191789959e-01
1.565821651477165288e-01
1.263598122239079635e-01
6.968924419539855586e-02
9.326010726987410404e-04
-7.386707959709799820e-02
-1.321404686287824815e-01
-1.790637170588339211e-01
-2.032866842856098644e-01
-2.072580784249320740e-01
-2.011036860205287768e-01
-1.776902354120893923e-01
-1.538958696497868817e-01
-1.293396735797540942e-01
-1.124821291807511503e-01
-9.947391061726254535e-02
-9.896213788763338903e-02
-1.007890575323384247e-01
-1.072933619257105675e-01
-1.184854789382551732e-01
-1.320215022603869193e-01
-1.503089585031497366e-01
-1.634291251321439153e-01
-1.662147125335994291e-01
-1.429852704557843246e-01
-1.067483136383352571e-01
-3.736445788959993908e-02
3.223745229270028045e-02
1.022754713421365758e-01
1.587813445221859521e-01
2.085211447675459073e-01
2.435642227336984322e-01
2.759568374615814501e-01
3.030485257129175158e-01
3.188636517803422610e-01
3.290404967558120952e-01
3.151326475569762864e-01
2.964993078532170978e-01
2.684149871396112053e-01
2.392077494524905978e-01
2.094390532786097880e-01
1.756822527395566214e-01
1.377638520191776794e-01
9.152225093614932416e-02
3.911586320354668717e-02
-1.637291785384761486e-02
-6.756455754914809930e-02
-1.144287018965299690e-01
-1.526378555480734367e-01
-1.823371790181146090e-01
-2.077815873974000749e-01
-2.201453284163537860e-01
-2.271807738721568770e-01
-2.235596282016568959e-01
-2.141390710574729850e-01
-2.018188081764473174e-01
-2.040298295741765910e-01
-2.171412675805048098e-01
-2.520535388040245905e-01
-2.979567116355113510e-01
-3.493553352709808379e-01
-3.694489674137013124e-01
-3.666654039235196505e-01
-3.181274491675495364e-01
-2.308535280551745339e-01
-1.242116237645893434e-01
-8.330571733980579596e-03
9.599718700520322445e-02
1.772183591615432707e-01
2.285757046985788243e-01
2.650011369259673288e-01
2.735730994094952018e-01
2.806607913097916573e-01
2.847799420436247786e-01
2.972254289670285821e-01
3.138340839852165054e-01
3.451656335367674910e-01
3.750455907692913926e-01
4.020223633637629579e-01
4.051401633552045300e-01
3.963284770451337979e-01
3.358522601930579721e-01
2.644932759945537448e-01
1.713687571032146417e-01
8.221622037890966017e-02
-4.950325261878460968e-03
-6.278709730216425200e-02
-1.130963015773236297e-01
-1.483503703222444625e-01
-1.811098858920035248e-01
-2.126221248741849146e-01
-2.467188692117768811e-01
-2.783214308541536175e-01
-3.049356271061013368e-01
-3.176358406026495995e-01
-3.233790627214995772e-01
-3.014095475574719574e-01
-2.707971202061870697e-01
-2.228988684803853704e-01
-1.671512904412307543e-01
-1.074790492454065771e-01
-6.397003645014504025e-02
-3.409699251947473364e-02
-3.149588631799027372e-02
-5.211734690247420837e-02
-8.435009087994066457e-02
-1.122784458770332561e-01
-1.269614580268893511e-01
-1.151537844822721479e-01
-8.039431082808631834e-02
-3.415893711911770214e-02
8.281384204702001151e-03
4.069078462207280367e-02
5.303834322655863465e-02
5.603308984596930276e-02
5.435143047284515805e-02
7.850669845710500638e-02
1.167698916286201150e-01
1.832489351746383055e-01
2.590823198765269120e-01
3.395928751563572767e-01
3.914049248772306644e-01
4.285118474005679690e-01
4.362085155288292770e-01
4.208083686226142817e-01
3.938598141991617174e-01
3.340187021101890252e-01
2.612589658785928748e-01
1.626619813617378174e-01
5.212721246527211860e-02
-6.437644862100247445e-02
-1.514582830302568794e-01
-2.208137621020981323e-01
-2.547165304990993695e-01
-2.690626154369973322e-01
-2.736303586453449621e-01
-2.786150971541882515e-01
-2.814797245909698153e-01
-2.801041298836299265e-01
-2.569283163139927106e-01
-2.228523933132021684e-01
-1.527612732678285123e-01
-8.071264624355858897e-02
-4.749005261497185604e-03
4.819684599923911711e-02
8.963380239930891780e-02
7.554330157994226802e-02
4.849407834961425023e-02
-4.472589702639959142e-03
-5.458252648399468387e-02
-1.032640976298928037e-01
-1.188802386101995706e-01
-1.272121226078204992e-01
-1.209754926400672115e-01
-1.167888317532823905e-01
-1.136271554069813866e-01
-1.114852312329111389e-01
-1.014370819280166480e-01
-7.557648236147841703e-02
-2.800965651886535429e-02
3.041028246178367409e-02
9.903887400131800023e-02
1.610135524109691241e-01
2.096804045608696154e-01
2.369309879774750272e-01
2.534734370274335236e-01
2.441572236779931404e-01
2.291318695751402290e-01
2.026882339654653142e-01
1.672290249348202251e-01
1.272620291936959469e-01
8.156836147713383833e-02
4.007151669051677023e-02
6.968317763790851660e-03
-9.056621996223868098e-03
-1.654243217287971676e-02
-9.346591206166914717e-03
-5.533308511360694043e-03
-8.485142360368798375e-03
-2.658892208343936053e-02
-5.226867474354026516e-02
-9.401414877542356441e-02
-1.348662289722714069e-01
-1.739315214990376224e-01
-1.911756835147131739e-01
-1.975092802748448784e-01
-1.445969613853130831e-01
-7.765911900751315544e-02
1.732977034682489648e-02
9.517869023519145988e-02
1.644576253905725149e-01
1.542246921214286415e-01
1.236808598295632833e-01
5.251522949226571091e-02
-2.089075983231721001e-02
-9.541692865053084949e-02
-1.489033925785894774e-01
-1.994580082663167664e-01
-2.441489274733805170e-01
-2.807140709538407664e-01
-3.132163265709939082e-01
-3.041373246411288589e-01
-2.783068033740186409e-01
-2.189732434324081489e-01
-1.505977408942708040e-01
-7.770126705786797872e-02
-3.589930887225341316e-02
-5.499542683983872637e-03
2.095839509590540287e-03
1.287918583902397315e-02
2.525651423638670262e-02
7.648721127764204764e-02
1.375729734855708208e-01
2.183688660268502391e-01
2.939397354718309430e-01
3.668980933686665780e-01
4.115196796343925101e-01
4.491167168711659996e-01
4.726646560500384897e-01
4.842136042925265782e-01
4.897630570668196626e-01
4.622932682329326526e-01
4.227506261141247834e-01
3.590622774254717542e-01
2.884789612470714526e-01
2.144481613238063689e-01
1.510575073106924515e-01
8.564010407138514247e-02
1.616920237968422214e-02
-7.641324018594124190e-02
-1.805514531885305252e-01
-3.099364472665015469e-01
-4.317972113213099372e-01
-5.386095153297626448e-01
-6.066584471354815600e-01
-6.553256928398359937e-01
-6.553317262863239678e-01
-6.487205606199735186e-01
-6.288749967279496644e-01
-5.983384378038566487e-01
-5.624563813637232235e-01
-4.891727290311211340e-01
-4.016725475062271067e-01
-2.857393075967569196e-01
-1.607532574481584930e-01
-3.124080218001537221e-02
8.206800873495301296e-02
1.902479566724860072e-01
2.881701786551467692e-01
3.828240941348231008e-01
4.758438563629943663e-01
5.489984219229028239e-01
6.062215599234829222e-01
6.315818428054045253e-01
6.246413744672585366e-01
6.015505305190821383e-01
5.586734282564826959e-01
5.160310056220329678e-01
4.738579422438940481e-01
4.278058618688097559e-01
3.798142729952531105e-01
3.117853387522804831e-01
2.364503361693152395e-01
1.465031969063566586e-01
4.778364795553945166e-02
-5.532210583921569336e-02
-1.586070847236253911e-01
-2.564848110786741020e-01
-3.435480323750037535e-01
-4.112577267644672019e-01
-4.692906577004888335e-01
-5.010341751073646988e-01
-5.286380493831543959e-01
-5.479626373967704245e-01
-5.603777178820135152e-01
-5.693380446030680275e-01
-5.476578281872606091e-01
-5.092747282241274487e-01
-4.374858611663318686e-01
-3.405410422901690715e-01
-2.310182475048211947e-01
-1.238382716792457150e-01
-2.732206582102858841e-02
4.786660010244894042e-02
1.045504825696688816e-01
1.519819733087612590e-01
1.900698426572469957e-01
2.257277156407665464e-01
2.565255958943617465e-01
2.738532603822533829e-01
2.844458169872929321e-01
2.706735095459983920e-01
2.526237372417611260e-01
2.260190352116407397e-01
1.992113153374605872e-01
1.723020865412545621e-01
1.501135094370790735e-01
1.306845115963531090e-01
1.167746722825268868e-01
1.114793732222271322e-01
1.104913442886918812e-01
1.220770757918192007e-01
1.356377849758879928e-01
1.531484495218417841e-01
1.691988027628171520e-01
1.845190003513041410e-01
1.884871331560967478e-01
1.852963220440605741e-01
1.677876230983695316e-01
1.350413116931586111e-01
9.467619405818872291e-02
4.505155688789475033e-02
-3.165281280177017695e-03
-4.856652144381396613e-02
-9.417343956544042827e-02
-1.398831966660666337e-01
-1.960534346795387295e-01
-2.513077551173614199e-01
-3.047302404038857437e-01
-3.345057385866294641e-01
-3.524577432174778036e-01
-3.232010088772682699e-01
-2.876133587596475527e-01
-2.393638770871984733e-01
-2.008889850430381485e-01
-1.673013878130193977e-01
-1.481708350249335282e-01
-1.266761370859136315e-01
-1.004531488450227383e-01
-6.826820506377739850e-02
-3.310228351235405125e-02
-1.055895321495641664e-02
5.604535613728915677e-03
9.008341504993046950e-03
1.732888694409030761e-02
2.810780215710191252e-02
7.195405324544294767e-02
1.227138091440079237e-01
1.873005746630171664e-01
2.410336113189815999e-01
2.893397835434222132e-01
3.030580189607400277e-01
3.095583342163649720e-01
3.016228091486005680e-01
2.883418737698640322e-01
2.723882332356429292e-01
2.379092705908243677e-01
1.915129816052905665e-01
1.212820399383326558e-01
3.462137533768959441e-02
-6.025415072979824205e-02
-1.375133485407202816e-01
-1.972108235537662901e-01
-2.217848529710968741e-01
-2.157194632476591156e-01
-1.943343639538453460e-01
-1.635756986932644652e-01
-1.379222801656530273e-01
-1.224793551039777828e-01
-1.151094797849297052e-01
-1.117761293371971609e-01
-1.138475574975214566e-01
-1.200623493717462853e-01
-1.345638686737699874e-01
-1.575848747809061590e-01
-1.848656242905997171e-01
-2.004334110215144349e-01
-2.040035124371510356e-01
-1.835782432222294591e-01
-1.457608739530598663e-01
-9.924745465677085876e-02
-5.784831595782596175e-02
-2.131463634650111044e-02
5.488125089586275845e-03
3.792323399578029219e-02
7.317451663702835563e-02
1.390700729068199970e-01
2.118077270895958319e-01
2.982295770983597327e-01
3.730257419909449035e-01
4.420090643254437346e-01
4.594298394450241907e-01
4.590540335220457679e-01
4.230850655139590799e-01
3.693421347059320237e-01
3.067122224979491607e-01
2.379398691653953624e-01
1.650737269836518584e-01
8.402000710353113577e-02
-9.081962636258454624e-03
-1.082080573058840922e-01
-1.981251317365979037e-01
-2.720416933157456252e-01
-3.139572291917218094e-01
-3.234583658780766924e-01
-3.167523029696295289e-01
-2.991089070387168425e-01
-2.861577818935014395e-01
-2.825911983196778832e-01
-2.788834648080480982e-01
-2.751051563275098699e-01
-2.451052632819255561e-01
-2.046355093084841203e-01
-1.432260334793339640e-01
-7.077054997904613787e-02
7.207937356807552452e-03
8.383841372423644911e-02
1.558277487045343079e-01
2.185348009105725631e-01
2.660839400970826940e-01
3.060541227738160508e-01
3.131561742347113708e-01
3.057090285504682758e-01
2.691634885759562890e-01
2.053630550102163999e-01
1.279351746488589237e-01
3.755132350047064860e-02
-4.535940281880805613e-02
-1.133238794798234611e-01
-1.602164106729469795e-01
-1.965729691321301542e-01
-2.215107024891895815e-01
-2.477022257919661297e-01
-2.764013289861763090e-01
-2.982938336019392844e-01
-3.167830389284746473e-01
-2.994377161565823231e-01
-2.685579122656904794e-01
-2.106091461368069517e-01
-1.408930363575588429e-01
-6.529325475313156601e-02
3.120483063952378400e-04
6.003332564795492432e-02
1.079865515535835263e-01
1.519759017637461740e-01
1.939833141261640970e-01
2.377150885998955132e-01
2.784273213758248766e-01
3.131004707561517719e-01
3.323796288459011095e-01
3.439617912903595864e-01
3.357118299172881515e-01
3.248685479221750105e-01
3.088386246829843418e-01
2.856557750072645230e-01
2.588964621132820998e-01
2.067106275325525100e-01
1.470779643771900624e-01
7.255164407256591008e-02
3.461724352383586945e-03
-6.290999507558235615e-02
-9.233495112850607922e-02
-1.106772061493153381e-01
-1.068540591059015388e-01
-1.015359890603133586e-01
-9.547045751363836263e-02
-1.140847108492849399e-01
-1.413029930715632987e-01
-1.857293330671006548e-01
-2.339128753671531336e-01
-2.839750188194503089e-01
-3.160597033436377545e-01
-3.374503774040498172e-01
-3.374530305369169425e-01
-3.156318730203631073e-01
-2.828988101790958498e-01
-2.301926709934365434e-01
-1.780680815504327996e-01
-1.271065915927679646e-01
-8.943791413926462097e-02
-5.841564293783847034e-02
-4.846903685236370052e-02
-3.996711508682412872e-02
-3.435456196115416194e-02
-1.763332239995144685e-02
4.642260379027828704e-03
5.359471173767199614e-02
1.092418617776137191e-01
1.782784091801469795e-01
2.487266123270571450e-01
3.198806433461553467e-01
3.744470074141690308e-01
4.193310226501829052e-01
4.448503402222022118e-01
4.459702539282539013e-01
4.348904657013214492e-01
3.835911079482919317e-01
3.216460622449236473e-01
2.384096406408832969e-01
1.502765216573838658e-01
5.969505398415424907e-02
-1.294667521760412693e-02
-7.793642447497348136e-02
-1.276222138435301190e-01
-1.699884497499947467e-01
-2.086949089254153122e-01
-2.432698452350905427e-01
-2.746862048381650268e-01
-2.997854110280395723e-01
-3.159324722556378084e-01
-3.276034610020968629e-01
-3.285938304929285625e-01
-3.252393872617161952e-01
-3.131953185864178590e-01
-2.857144877460043864e-01
-2.505152758230375087e-01
-1.919763120956195779e-01
-1.324833607997306650e-01
-7.108243436690035721e-02
-2.309792983905343058e-02
1.817836373628899452e-02
4.001051644683258079e-02
6.293699653865231225e-02
8.805213139302374425e-02
1.254029317557059653e-01
1.688715648725451768e-01
2.182692139222477956e-01
2.617121166206736183e-01
2.932455266165228114e-01
3.085704747521377800e-01
3.157911919576399939e-01
3.097045418914011194e-01
3.002703683907775867e-01
2.841411480213866803e-01
2.536371472721529741e-01
2.159457563329848229e-01
1.535256748839522734e-01
8.898580896005536811e-02
2.020637408643091715e-02
-3.938118533698171247e-02
-9.437280703529084269e-02
-1.334367024349546738e-01
-1.693637787014496132e-01
-1.990172167016084903e-01
-2.214881800495666908e-01
-2.403679060714185300e-01
-2.423099677943227059e-01
-2.382247348433288447e-01
-2.220849125445421846e-01
-1.958939940285356340e-01
-1.646775274039178616e-01
-1.240404018871564817e-01
-8.421956835229160721e-02
-4.603131878124093468e-02
-1.755336114405029943e-02
6.069450526212888039e-03
1.519928821545183349e-02
2.192945166087688358e-02
2.386026661867541795e-02
1.933721240351096021e-02
1.158722360185956632e-02
-1.420033450067128590e-02
-4.323932432915589263e-02
-7.878117760954628235e-02
-1.035367487648325702e-01
-1.228991788575696936e-01
-1.105595571635999697e-01
-9.152340913594129990e-02
-5.909420844090827046e-02
-2.758746348811665430e-02
3.458053593545857424e-03
2.738070023034757175e-02
5.342650597871839713e-02
8.371862995022633092e-02
1.273290606909462108e-01
1.775986448162738263e-01
2.391809419882291732e-01
2.934021742848340608e-01
3.329012768307091363e-01
3.375900718546323009e-01
3.248737131175887805e-01
2.667983767956291219e-01
2.069338478830072270e-01
1.434909337890616365e-01
9.636095073000247591e-02
5.738743318838425422e-02
3.244354832772317065e-02
2.097593898932411174e-03
-3.905249966611479967e-02
-9.625966643403055523e-02
-1.614953698033763374e-01
-2.252605224190451227e-01
-2.784155421768812477e-01
-3.103502962190576864e-01
-3.177529360771659817e-01
-3.128895188432382346e-01
-2.892071918372956518e-01
-2.638473762053204497e-01
-2.351325833212810634e-01
-2.004731285203508184e-01
-1.628413427609743946e-01
-1.133384643034671124e-01
-6.578983617359288050e-02
-2.214970869901005529e-02
2.963916042390342571e-03
1.881428941720444947e-02
1.443306446120656492e-02
1.458703735949827898e-02
2.381140596636676862e-02
5.303763167815844781e-02
9.226478594242218390e-02
1.361692391287354087e-01
1.697046614281186583e-01
1.825020219536475363e-01
1.740364993885863132e-01
1.549395352782357294e-01
1.381326415713222955e-01
1.305405970509721514e-01
1.413782509037437018e-01
1.606814915049957493e-01
1.842175254804829521e-01
1.839982838991610636e-01
1.711458272218129850e-01
1.330269403524192984e-01
8.396468737426562856e-02
2.943075134173051693e-02
-1.500633472634294030e-02
-5.479220451614598419e-02
-8.527564174938702390e-02
-1.105901735000866803e-01
-1.333202525095170399e-01
-1.410593977836048785e-01
-1.402833445064267659e-01
-1.224768941267213307e-01
-9.522830430644532718e-02
-6.325864476587905738e-02
-4.226967328927343226e-02
-2.721977631404523881e-02
-2.404802834156873070e-02
-2.245833465640157886e-02
-2.165966811488868188e-02
-1.300671154571106554e-02
-4.029739789455847113e-03
5.595262340954398547e-03
1.124190720459555815e-02
1.489937343485066810e-02
1.607421059706522562e-02
1.730280280099464468e-02
1.863890508835376603e-02
1.612543114729328778e-02
1.168716909202250319e-02
-3.536666788477164577e-03
-2.039204324688974335e-02
-4.051050086111916693e-02
-5.437651313192245345e-02
-6.511630273101433330e-02
-5.466552581841493952e-02
-3.807649310167929291e-02
-9.210948776674429683e-03
1.854118817056967655e-02
4.573662142893424043e-02
5.123192594812284867e-02
5.025361063842026521e-02
3.632805567093874699e-02
2.260928518044398247e-02
8.993906928442537557e-03
5.309641429321588189e-03
2.115637686588704800e-03
-9.784254336830944254e-05
-4.422290505640412081e-03
-9.802222334068905543e-03
-8.236695057392074207e-03
-2.606578158578323236e-03
1.115271798450710034e-02
2.385572769695783191e-02
3.603059419409107567e-02
3.130247572623611613e-02
2.242311195934951207e-02
5.241257594404365172e-03
-7.964196976563073238e-03
-1.918145165054271906e-02
-1.231067294386700706e-02
-5.920850835984771063e-04
2.082212108385310401e-02
4.158543114367985183e-02
6.202329314969445839e-02
6.403820058958746564e-02
5.805084716463219940e-02
3.605897200998466751e-02
6.486124841112567846e-03
-2.687720833486980168e-02
-5.301488420359769249e-02
-7.433799462013894466e-02
-8.603197413230945223e-02
-9.088573468450135417e-02
-9.231938575670267655e-02
-8.686405985491568726e-02
-7.898149058458472926e-02
-6.624443457716715222e-02
-5.024510575940720203e-02
-3.261464053647562811e-02
-1.562774787722561939e-02
2.362733020819266991e-04
1.385455152149607690e-02
2.587833509207367738e-02
3.710487133823343192e-02
4.720426305111691950e-02
5.733425047200346042e-02
6.752542930889610107e-02
7.860697067799425619e-02
9.013369331319716349e-02
1.007467312755847832e-01
1.088424593975585997e-01
1.119035678387061417e-01
1.064846022657486985e-01
9.682559968574101783e-02
7.601636359668802190e-02
5.386662659624468635e-02
2.903588777302138629e-02
7.284806396628925457e-03
-1.292644625634232353e-02
-2.228158731255973010e-02
-2.821697087032358497e-02
-2.731283943118215443e-02
-2.523634278843982226e-02
-2.257366354389687621e-02
-2.767079686148599463e-02
-3.584606227909408610e-02
-5.017759189673577647e-02
-6.565189784805253170e-02
-8.169759196620650366e-02
-9.048387198263307951e-02
-9.596184657934971052e-02
-9.482321033664826981e-02
-9.051632087220723433e-02
-8.462530479689533980e-02
-8.086712254893596574e-02
-7.771261370408397151e-02
-7.576545166544647325e-02
-6.985563083588630651e-02
-6.196448061086587411e-02
-4.555828955249378170e-02
-3.007809398445826510e-02
-1.644988939709298575e-02
-1.277980539892389564e-02
-1.408878169534903343e-02
-2.288972956693316116e-02
-2.661617682547769148e-02
-2.019362285794572623e-02
2.606263600649253581e-03
3.359481630477791775e-02
7.108032616311171781e-02
1.025908648606535106e-01
1.221514612365945107e-01
1.273319713082115556e-01
1.253224382276704463e-01
1.178871452397092651e-01
1.134905585628111779e-01
1.151713845080376275e-01
1.230895169954244056e-01
1.341263027538939501e-01
1.439298089813262349e-01
1.490169121090682558e-01
1.446712090374322468e-01
1.265111167168603556e-01
1.014438297718242288e-01
6.206587988709484638e-02
2.288889991625545767e-02
-1.588614022681095889e-02
-4.804812066159976081e-02
-7.690357124225495611e-02
-9.658439383570080472e-02
-1.131561897364621871e-01
-1.235099322518562609e-01
-1.237918901387896065e-01
-1.190379557114912557e-01
-1.000800001074215739e-01
-8.119649077851003038e-02
-6.246187399992479683e-02
-5.299266926977362624e-02
-4.815617056383702382e-02
-5.624913923349049438e-02
-6.582233319017134765e-02
-7.835597772090617530e-02
-9.118233886482182693e-02
-1.041550583153297294e-01
-1.143981304711913921e-01
-1.205754889862201418e-01
-1.186214202195852302e-01
-1.032024036526714567e-01
-8.105091318562185343e-02
-4.366871456781953875e-02
-5.864141852111539113e-03
3.278517905941447097e-02
6.547646086606873084e-02
9.518872312029214022e-02
1.133000395646101138e-01
1.276713214344288305e-01
1.345625341552510179e-01
1.352272894624292066e-01
1.327788160627845770e-01
1.257228211160509868e-01
1.187776778775923442e-01
1.120542380556873580e-01
1.054356162994325302e-01
9.886940357600275397e-02
8.632690337046571016e-02
6.972832810894205591e-02
4.501760273544731794e-02
1.327661736265931328e-02
-2.197949800978230006e-02
-5.598576077008282637e-02
-8.470023965960510326e-02
-1.028311508075736846e-01
-1.068586178080684762e-01
-1.038343627348301129e-01
-8.928663268347575288e-02
-7.663383134940156272e-02
-6.777088744988511715e-02
-6.975111884573302612e-02
-7.715293788925943474e-02
-9.621439840757632644e-02
-1.140739540226068244e-01
-1.295296998310651870e-01
-1.338774238704354136e-01
-1.326711370252600941e-01
-1.123887631883157268e-01
-8.766021477122711014e-02
-5.403931719386318583e-02
-1.663867565652555822e-02
2.265183786079790623e-02
5.977570398656583545e-02
9.378729585435967298e-02
1.215743392062069717e-01
1.418130366406337717e-01
1.582775611163509677e-01
1.676097022637779710e-01
1.753680008566450566e-01
1.799786143403931393e-01
1.783386162327777191e-01
1.735733123294821989e-01
1.556841702881350542e-01
1.354309782564666054e-01
1.104496862441523841e-01
8.667034102933145190e-02
6.349196921325460374e-02
4.027469456522224378e-02
1.346511286253038869e-02
-2.052908294947854845e-02
-6.355241655263055289e-02
-1.110903190513553157e-01
-1.574907322737770510e-01
-1.961135730794817955e-01
-2.191812690517319639e-01
-2.189359190479468753e-01
-2.070340460561503615e-01
-1.681655234514415620e-01
-1.274196829301830480e-01
-8.291920657582618759e-02
-4.725918290656391796e-02
-1.601938557984768433e-02
-2.251980692658875349e-03
8.604382348488039470e-03
1.363866169755271161e-02
1.882245995779445458e-02
2.408101767362469392e-02
2.950718556395126591e-02
3.323537490401123895e-02
3.356760714353897862e-02
3.030568438674164505e-02
2.524668413178301693e-02
2.157108215271603610e-02
1.971470073856139080e-02
2.149676045423044857e-02
2.239442353079963699e-02
2.284988828781877451e-02
1.262706588601655334e-02
7.084212079784268923e-04
-1.460186802252516278e-02
-1.922873821997730243e-02
-1.851389890090656201e-02
9.935361781527856512e-03
4.165109562583604874e-02
7.989977579389004325e-02
1.041063530673167065e-01
1.212918788934259223e-01
1.104944041567407637e-01
9.833954794327355586e-02
8.346992877624295759e-02
7.897709509334110978e-02
7.967265415250085470e-02
8.284398269383264068e-02
7.817128896952739436e-02
5.781055071394863160e-02
2.291204197623790406e-02
-1.925535200253492354e-02
-5.112887129939139297e-02
-7.241177444899435378e-02
-7.251344530409595257e-02
-6.318543634713230661e-02
-4.914258748413480316e-02
-5.485375743505385704e-02
-6.956471517682788486e-02
-1.022752485003040335e-01
-1.352164837797361907e-01
-1.682730700371462829e-01
-1.747333903892402951e-01
-1.724427865644402591e-01
-1.526503343858568451e-01
-1.267458395229955070e-01
-9.778532331798890642e-02
-6.695827944480373106e-02
-3.356217500835575324e-02
4.972050554616490314e-03
4.781692529838170447e-02
9.281712463254224166e-02
1.268299752561883320e-01
1.520426297041117814e-01
1.596548918005960827e-01
1.536914231354492011e-01
1.409400890894907943e-01
1.268199325330719718e-01
1.146671842216033105e-01
1.064492524000339169e-01
9.513158443774494266e-02
8.226404840509574101e-02
5.533965759364863762e-02
2.599040011420155130e-02
-8.208590701229860620e-03
-3.761352571289110214e-02
-6.462143282266853694e-02
-7.847004950256906974e-02
-8.908236855251515374e-02
-9.322209234255400545e-02
-9.228550093232150420e-02
-8.881075192195025947e-02
-7.534756042109458374e-02
-5.908216816565971252e-02
-3.721237440106795608e-02
-1.677295208412803856e-02
2.951284508986347626e-03
9.154715455619443984e-03
1.073602563551148865e-02
3.073094281922528898e-03
-6.768067742383420370e-03
-1.769834510204696537e-02
-2.300912915577644352e-02
-2.699681026544479764e-02
-2.833828548699159761e-02
-3.066039349026382019e-02
-3.347281788439888245e-02
-3.526302146206618249e-02
-3.382123930661899702e-02
-2.591548568494358301e-02
-1.020085503952619828e-02
9.418214117760097953e-03
3.245042150176988965e-02
5.397040937156465101e-02
7.246595821293012885e-02
8.743794398464539708e-02
1.006481482215364764e-01
1.084926468122981019e-01
1.131383693454293959e-01
1.113865397633017340e-01
1.028015659204466609e-01
9.080001994722972092e-02
7.701367227500938162e-02
6.501238193021391387e-02
5.658120624026576062e-02
4.760477536426023504e-02
3.835571689522306732e-02
1.587049422194816359e-02
-1.117196086870461853e-02
-4.732888079411071147e-02
-8.222754283902140859e-02
-1.164970759436842473e-01
-1.329295214015679683e-01
-1.429934199700319541e-01
-1.403202247596510854e-01
-1.324471852360562529e-01
-1.219742235558558124e-01
-1.138580277604772512e-01
-1.066190379213414474e-01
-1.011344599946906592e-01
-9.357303439058063665e-02
-8.497318494773811737e-02
-7.042173279244919037e-02
-5.470693148208268658e-02
-3.666543186156163980e-02
-1.803547039004007105e-02
8.887220069816032225e-04
2.101394314876596850e-02
4.135912700421740668e-02
6.214423628700656288e-02
8.036080625167152380e-02
9.729310655727545221e-02
1.059941293238391979e-01
1.122196257077607284e-01
1.134940693263991607e-01
1.121136732443948070e-01
1.094058573120687133e-01
1.028265088480910111e-01
9.409767999848869802e-02
8.106989037764181227e-02
6.442483117726981179e-02
4.597113718713620456e-02
2.837727737956050045e-02
1.300431473570215143e-02
2.073146419277329539e-03
-4.054365191752996173e-03
-7.780048450085352146e-03
-7.340020566591725845e-03
-6.624691011347840462e-03
-5.358758112603582632e-03
-5.934763742681055561e-03
-7.431738637168902074e-03
-1.499154287630333204e-02
-2.407549917096773670e-02
-3.620775957669343514e-02
-4.592465785237186821e-02
-5.443387506302647255e-02
-5.211311834954982652e-02
-4.739149459986809199e-02
-3.786813677777744330e-02
-3.157890390975587325e-02
-2.690673351876927272e-02
-3.367132247813965640e-02
-4.195327281814897891e-02
-5.326994591943176593e-02
-5.943377940952597471e-02
-6.302119309402726133e-02
-5.465998994839424419e-02
-4.451015085595787929e-02
-3.078303986991576952e-02
-1.893337308027693427e-02
-8.022428388838724958e-03
-8.930026458555413021e-04
6.681937034504022675e-03
1.514790458961611137e-02
2.648474998382981810e-02
3.925703429759357099e-02
5.202823699657201095e-02
6.215623020763162698e-02
6.699780444285584335e-02
6.405826650456122873e-02
5.722817247950831576e-02
4.252849497203146922e-02
2.777379328833802161e-02
1.290904325221139265e-02
1.651150370708611911e-03
-7.803313933481760729e-03
-1.153640416163559737e-02
-1.447813753919283651e-02
-1.583715721555531766e-02
-1.733339129122716399e-02
-1.889823256655365560e-02
-2.001860947737893817e-02
-2.048220188118134860e-02
-1.963222527093836170e-02
-1.794343032464562615e-02
-1.583522621032756525e-02
-1.393021389363561548e-02
-1.185165010713227531e-02
-9.425983381006246276e-03
-6.215580619691034661e-03
-2.612809840781441222e-03
-1.366000116697207696e-03
-2.462738363666154388e-03
-8.246572552741238821e-03
-1.732872543591282288e-02
-2.806003766613149666e-02
-3.432018330611217444e-02
-3.659149340750568469e-02
-3.088513243172699360e-02
-1.859061384915887405e-02
-3.002016463195166397e-03
1.329343518391508036e-02
2.724239711017824653e-02
3.649837959473981042e-02
4.069236548108797619e-02
4.235535306833078384e-02
4.176696822158645905e-02
4.205175296484271741e-02
4.408287688809965632e-02
4.750397677221879222e-02
5.162006463676951235e-02
5.333391619073552664e-02
5.309581690864905584e-02
4.895381595445864875e-02
4.094802414059628415e-02
3.101033689689896081e-02
1.877885787555963124e-02
8.012917247457174152e-03
1.780534058262936425e-04
-5.655245794572965733e-04
2.236540363431650195e-03
1.335024926002703095e-02
2.291695483738464059e-02
2.938965377626752765e-02
2.509771342919319553e-02
1.542345343913881749e-02
-6.756453747822700404e-03
-2.806708082756458403e-02
-4.763914769287554835e-02
-5.938812822768919919e-02
-6.722556559725627323e-02
-6.859423913459773703e-02
-7.087631363513152705e-02
-7.498519006204942827e-02
-8.058984479983019589e-02
-8.694238869304249384e-02
-8.645709389448655302e-02
-8.210110225787239924e-02
-7.000371694514384568e-02
-5.443155624124768749e-02
-3.712200784176863250e-02
-2.429941224456935028e-02
-1.345242577768954173e-02
-6.556657571446402807e-03
7.291947660812651139e-04
8.210089169252452607e-03
1.989154777533984342e-02
3.141439250987070053e-02
4.262000950128857352e-02
4.964483787228418654e-02
5.457927193306811448e-02
5.441827118627971804e-02
5.435484811424315388e-02
5.448658039171017098e-02
5.571839258852891857e-02
5.750024474502324345e-02
5.696386113352844976e-02
5.470865209784302879e-02
4.901579221377726225e-02
4.175168430378811690e-02
3.370195238083622397e-02
2.889483373155957158e-02
2.599807696337668589e-02
2.692204395738031011e-02
2.969761277127977092e-02
3.339898249512665562e-02
3.449714237981663795e-02
3.369421486765901419e-02
2.908911256180733707e-02
2.131017332484278978e-02
1.194431562231935105e-02
8.717727108125856994e-04
-9.891078240201654770e-03
-2.003454527022298370e-02
-2.871940994960937854e-02
-3.667497345368370826e-02
-4.263705532905504719e-02
-4.835031748882086255e-02
-5.356594021736953842e-02
-5.874910335720040511e-02
-6.391603670266961246e-02
-6.771117850253867421e-02
-7.035478034748959830e-02
-7.069530228260413607e-02
-6.870670679359117128e-02
-6.555355259251553768e-02
-6.102435289069929603e-02
-5.645930035824777565e-02
-5.182254216452086143e-02
-4.621436657727363839e-02
-4.012048229326842241e-02
-3.036629093440834301e-02
-1.924604754101076620e-02
-5.393700078527807057e-03
9.949466272167894684e-03
2.603804206697734464e-02
4.167836877717245869e-02
5.666102757668086548e-02
7.032835055480475550e-02
8.284326447082319966e-02
9.478197385579618939e-02
1.046914651134035618e-01
1.126377578544206920e-01
1.166576535622488586e-01
1.130973110143674853e-01
1.057468493386332226e-01
8.694733041184718458e-02
6.698820156268121828e-02
4.470985286876336118e-02
2.548644366827713947e-02
7.790504214516981614e-03
-6.284083566742795258e-03
-2.135109259274665938e-02
-3.840294410825369209e-02
-5.755048944031435076e-02
-7.774588168064464067e-02
-9.201039748720923894e-02
-1.020998696582663123e-01
-1.038392545583235183e-01
-1.007394982344408246e-01
-9.522017129858911799e-02
-9.203295872514621889e-02
-8.949302877029551018e-02
-8.824766405263145819e-02
-8.131943924717252581e-02
-7.154978439781549404e-02
-4.798897772041330057e-02
-2.294879199555434693e-02
5.050151824191453920e-03
2.670484179028556615e-02
4.518740482954230336e-02
5.133178999846615964e-02
5.613276121083120296e-02
5.824690451007786401e-02
6.122937853107642686e-02
6.464601791294935507e-02
6.494018143102829599e-02
6.260669782932487548e-02
5.501791998805706518e-02
4.523574579809814394e-02
3.435687343379753567e-02
2.890522308893815964e-02
2.559074488225823729e-02
2.655061095193141443e-02
2.674247424375485530e-02
2.655033614665393976e-02
1.993974501497246601e-02
1.255680118884260413e-02
3.629151973820663596e-03
-1.512191258597508610e-03
-4.760381499718554024e-03
-4.741998698370875759e-04
4.182190169839220505e-03
9.578997029100248806e-03
1.102066183678226952e-02
1.048475561867401838e-02
4.015664857389410723e-03
-2.661880932068088658e-03
-9.756336777868851798e-03
-1.558385719827115254e-02
-2.077790990597111823e-02
-2.676017815077727860e-02
-3.334725208824836779e-02
-4.114393741105568797e-02
-4.655202308901418978e-02
-5.076580894454679055e-02
-4.619919507031103323e-02
-4.004369516933259376e-02
-3.071042321486391891e-02
-2.481046457101297384e-02
-2.062716258246591675e-02
-2.485124492240201738e-02
-2.934920862665320318e-02
-3.439493505953154784e-02
-3.453929464640623920e-02
-3.223297081028179967e-02
-2.397221126151349163e-02
-1.617253066843544335e-02
-9.295007986746242970e-03
-4.889022304990313199e-03
-1.718805123201804777e-03
2.683811164821393001e-03
8.718407399999411264e-03
1.801696352948063684e-02
2.831724966604821231e-02
3.911840080615346799e-02
4.589192854469965194e-02
5.104606882877558982e-02
5.296143420391827977e-02
5.326087242982999181e-02
5.275234708112640919e-02
5.015313167038892850e-02
4.643020697286672632e-02
4.045986370177230562e-02
3.333290954862110078e-02
2.562764995443832933e-02
2.030411421798350435e-02
1.622535625748327062e-02
1.463615384889598373e-02
1.347359464594565306e-02
1.252435704581295224e-02
8.598859989929864139e-03
3.468086721761017704e-03
-4.073238970973878416e-03
-1.260485902872559780e-02
-2.163162626898385704e-02
-2.916267243901081441e-02
-3.566412638223091791e-02
-4.010639587183040256e-02
-4.342870652324958003e-02
-4.619103775557684144e-02
-4.991645067310689077e-02
-5.381030191382715072e-02
-5.804102980093180097e-02
-5.999772066071904636e-02
-6.081739300684730481e-02
-5.631349540025366168e-02
-5.105269308941247364e-02
-4.427808137007138711e-02
-3.792594147185983366e-02
-3.178503748420943853e-02
-2.355164436061921163e-02
-1.298793170610651471e-02
2.236420010245262352e-03
2.148144219233806898e-02
4.273679960730950717e-02
6.205832150146472354e-02
7.813921731206202592e-02
8.773886095552638209e-02
8.994460859638567229e-02
8.845340823593832169e-02
8.016661554858750538e-02
7.141120421103508420e-02
6.171855557308876528e-02
5.324708046034799802e-02
4.538619211021451688e-02
3.953540309915223178e-02
3.361625532960673540e-02
2.756039004308857149e-02
1.986359143256541740e-02
1.134632616004279011e-02
8.110177234704578353e-04
-9.440444507535743560e-03
-1.912421432742091379e-02
-2.712351711531427872e-02
-3.428058638721689227e-02
-4.024605554070714852e-02
-4.618482177539053740e-02
-5.207018217245594494e-02
-5.639914946104006288e-02
-5.994992019538665506e-02
-5.854097157266443391e-02
-5.615093256451417908e-02
-5.179871278551038960e-02
-4.874514476681921643e-02
-4.634090262828614859e-02
-4.680961804084374234e-02
-4.682574979502454604e-02
-4.593671423245173496e-02
-4.227250410148886139e-02
-3.722070668633290641e-02
-3.047486156166644838e-02
-2.415053936076832705e-02
-1.866926300739968347e-02
-1.283427783602459835e-02
-6.822438255648427888e-03
3.531809135987936527e-03
1.521130992040615332e-02
2.954131749039911464e-02
4.326614643345576272e-02
5.668838606305189737e-02
6.520008490560327830e-02
7.212021358721887321e-02
7.585720194695687313e-02
7.758933768489426064e-02
7.831904711193332647e-02
7.573845701861094126e-02
7.148277282139091360e-02
6.387690041638009741e-02
5.355422470958162012e-02
4.187314735189091863e-02
3.091404577500043993e-02
2.151822896039021910e-02
1.524898167035053029e-02
1.106123339698300220e-02
7.914234631953785334e-03
3.284842415305367844e-03
-2.142336146141871935e-03
-9.165087397191691576e-03
-1.534307859249553659e-02
-2.109868975992434947e-02
-2.385998316597411073e-02
-2.685665243566965135e-02
-3.032407343265970667e-02
-3.659382262149087073e-02
-4.426473590624444010e-02
-5.309418156448032777e-02
-6.012885979453202329e-02
-6.357400316820908948e-02
-6.236500897635766094e-02
-5.882894600174382732e-02
-5.340159025051634256e-02
-4.883393016506940021e-02
-4.598566141118839296e-02
-4.346411744440560609e-02
-4.110593587117078451e-02
-3.413943879935200237e-02
-2.553273720549406253e-02
-1.364562656756697009e-02
-2.152676946561828120e-03
9.143192165976215049e-03
1.566692132378356972e-02
2.136890952795755111e-02
2.542741582487173871e-02
3.086491551516140977e-02
3.699191190213665242e-02
4.445674868172762306e-02
5.045088307819312057e-02
5.350361270841563766e-02
5.157879326823891497e-02
4.716519929286418916e-02
3.922719999663479978e-02
3.219155424953432793e-02
2.696061560069735324e-02
2.462202977699532933e-02
2.372962036585800003e-02
2.370163932216344874e-02
2.282459491445646901e-02
2.024942377872556570e-02
1.626518008434468462e-02
1.157640011063950682e-02
7.546877820281087425e-03
4.073323036905249911e-03
1.711703267498281954e-03
-1.004689311212847175e-03
-3.898468294574608615e-03
-9.648556189512673756e-03
-1.593774646130204781e-02
-2.330514148680017800e-02
-2.916203288562026555e-02
-3.426367247109951553e-02
-3.527135820313097997e-02
-3.567285321682477084e-02
-3.486196679384429703e-02
-3.482640630996471087e-02
-3.517850879563513139e-02
-3.663677955377014905e-02
-3.773168827774919798e-02
-3.809987293341529635e-02
-3.688345501141764710e-02
-3.487473580058831485e-02
-3.048617825845713336e-02
-2.525951200453472809e-02
-1.835662832703546105e-02
-9.923367946721089322e-03
-7.249192150002893575e-04
8.767693424295846735e-03
1.749814502962428533e-02
2.470427456700802910e-02
3.010398642609715680e-02
3.460048944603609511e-02
3.804468321497930100e-02
4.145018523628819784e-02
4.477830376233215420e-02
4.739771038729091723e-02
4.966276106170628563e-02
4.966221644430102167e-02
4.880483131945770325e-02
4.623376517973828287e-02
4.191060731411924700e-02
3.671140358554903643e-02
2.888382398721682162e-02
2.053570605922475437e-02
1.114651147191854201e-02
2.204392990496463825e-03
-6.514187437988550218e-03
-1.263157695787532273e-02
-1.776932648034593512e-02
-2.094779600797874730e-02
-2.316077542233762124e-02
-2.489100978005937340e-02
-2.778681551960703391e-02
-3.158828466578508798e-02
-3.720108062521988723e-02
-4.328823109016348425e-02
-4.961255880785824662e-02
-5.217972788534205875e-02
-5.285178859727545503e-02
-4.973363257811076743e-02
-4.486596848833331042e-02
-3.912355036325151220e-02
-3.458515875107689985e-02
-3.031451040860771301e-02
-2.657934860554453035e-02
-2.130425584454525428e-02
-1.525919760457594178e-02
-6.230607525058978052e-03
2.909332105661522651e-03
1.227197083878268057e-02
2.035775787078528826e-02
2.780511905223361294e-02
3.358346902481279539e-02
3.914363196099330394e-02
4.426742082437054582e-02
4.884897126033151821e-02
5.315940248258276685e-02
5.557116144014830061e-02
5.708863650553243352e-02
5.681754378655214793e-02
5.493067245445862334e-02
5.223591181580949233e-02
4.822399705552264659e-02
4.400565568988910187e-02
3.937446111355785705e-02
3.371098356404325647e-02
2.753136452793915681e-02
1.803843137608344277e-02
7.427357320215690652e-03
-5.419998543686259732e-03
-1.851681759975087882e-02
-3.173836825190367444e-02
-4.126940177493937378e-02
-4.899080476713463250e-02
-5.309294669764223762e-02
-5.484731896631568626e-02
-5.542780640407424936e-02
-5.568998898083888510e-02
-5.614186875641074409e-02
-5.697314292959654303e-02
-5.682281789471781142e-02
-5.618169325580548573e-02
-5.221460056186567195e-02
-4.736953219699813894e-02
-4.076851249028032309e-02
-3.343776549473599646e-02
-2.574215485478233492e-02
-1.689311255571916692e-02
-7.506944591890917992e-03
2.953474701476929698e-03
1.335137448138651491e-02
2.371801450456328605e-02
3.113662714250331476e-02
3.733487848666813824e-02
4.109240724329045469e-02
4.358935944173718963e-02
4.545602336109812180e-02
4.690707098554004056e-02
4.810676956948699984e-02
4.880377007244301318e-02
4.826733637285320760e-02
4.711418557199086726e-02
4.350192585373292842e-02
3.915823401895171529e-02
3.335167795112856798e-02
2.683955101119043368e-02
1.997463863519587102e-02
1.322131507972850936e-02
6.503174071488576798e-03
-1.446018422893314420e-04
-7.041922148859604269e-03
-1.406401465182238568e-02
-2.017723330197061793e-02
-2.504101048310031566e-02
-2.740590472619944262e-02
-2.661764881834772015e-02
-2.425281783502141256e-02
-1.977414714531163312e-02
-1.575581208693062688e-02
-1.265814829120240001e-02
-1.123705334650195245e-02
-1.065424282731374309e-02
-1.166321774300835105e-02
-1.291489533602379475e-02
-1.465197828368019171e-02
-1.665957637840178446e-02
-1.880243204665690143e-02
-2.069122035919172473e-02
-2.213274510909064505e-02
-2.267974273371623634e-02
-2.190570408414355130e-02
-2.047114729747106371e-02
-1.742244712305483778e-02
-1.418165439693202731e-02
-1.055667656739949813e-02
-7.135395287124242023e-03
-3.815962281479444787e-03
-1.008516994584835597e-03
1.686944821436525688e-03
4.158439695714385292e-03
6.409935858774456346e-03
8.551432666224873316e-03
1.030154787401065149e-02
1.200635266125578936e-02
1.362053660742151319e-02
1.527868708734741489e-02
1.695882083415426594e-02
1.818508103438055620e-02
1.897297842724754782e-02
1.888415020539507480e-02
1.788161209511448385e-02
1.642221904061978363e-02
1.467418559951634907e-02
1.327353913314928240e-02
1.256766661625644162e-02
1.286682699928630609e-02
1.366850383227786840e-02
1.508423372425935632e-02
1.612364821148021612e-02
1.641043188917870946e-02
1.516626062561735912e-02
1.315661189142674874e-02
9.342198011038338121e-03
5.427908498515274585e-03
1.313867721718840753e-03
-2.375075477466740120e-03
-5.851469887845658739e-03
-8.747076869375182417e-03
-1.152468248493852820e-02
-1.406628536857260081e-02
-1.639455193249925516e-02
-1.861615033657355173e-02
-2.073561996355339013e-02
-2.289982473849691905e-02
-2.515349980936633367e-02
-2.717108038494319908e-02
-2.907061371287499724e-02
-2.936636784796659710e-02
-2.875552292823319381e-02
-2.633147989885044338e-02
-2.201095184422390688e-02
-1.674218127697528827e-02
-9.709611142157296287e-03
-2.657554004274924504e-03
4.433477139728691195e-03
1.080949733627592849e-02
1.682801205909157868e-02
2.175129286307520352e-02
2.626919126073531952e-02
2.997632484575366713e-02
3.191538900370819581e-02
3.297041844813043687e-02
3.000344098715972824e-02
2.610552047596106581e-02
2.034571386430333514e-02
1.491394289222215848e-02
9.646189739926192691e-03
6.646009860808927208e-03
3.999085594964204085e-03
2.058672555666695055e-03
-1.496169826763057639e-04
-2.491844770543086372e-03
-4.529792143511715899e-03
-6.068203904880489427e-03
-6.607544443047911643e-03
-6.808730286941481677e-03
-6.840838783698602668e-03
-8.482730931103486804e-03
-1.064049715168247090e-02
-1.383001151860735814e-02
-1.636782916116546333e-02
-1.857979844153882440e-02
-1.814591977969564479e-02
-1.721723186534602698e-02
-1.529892544598305919e-02
-1.364530261204664578e-02
-1.212402157082405167e-02
-1.091415799038733536e-02
-9.408407716310074331e-03
-7.310884054950427154e-03
-4.944185160389365230e-03
-2.442898649226477904e-03
-1.690905584403867238e-03
-1.703362517031214215e-03
-3.244719444559011207e-03
-4.515206081581348355e-03
-5.650257573351777189e-03
-3.488905563528697275e-03
-5.038413424821512436e-04
4.128647301008144671e-03
7.973062175279857847e-03
1.142344016494043109e-02
1.198398770297526110e-02
1.234127939001287109e-02
1.229205937505565768e-02
1.368871014108438006e-02
1.580829629760532179e-02
1.952086719384108285e-02
2.282850221282483119e-02
2.532626547730850580e-02
2.617872470469921609e-02
2.620853191354343206e-02
2.477620568950067437e-02
2.309044116429883123e-02
2.089780003677729758e-02
1.771828126306189410e-02
1.404532366624838824e-02
8.553551863972611718e-03
2.890658817694337097e-03
-3.114476716585030600e-03
-8.362877707716563636e-03
-1.323291142727737318e-02
-1.655988459135983651e-02
-1.954623466380510724e-02
-2.185133855297280783e-02
-2.365822671793992721e-02
-2.521600702080599443e-02
-2.577870191609022213e-02
-2.594492552959819578e-02
-2.531820657955347401e-02
-2.409385628452339820e-02
-2.257069031700130110e-02
-2.071823404613209324e-02
-1.881799276396979581e-02
-1.682218145921934166e-02
-1.442453692306144668e-02
-1.182597577120075329e-02
-8.290573361210312395e-03
-4.678461525098506421e-03
-9.129308367402033317e-04
2.153772268535299877e-03
4.871061582271410222e-03
6.072666877479687871e-03
6.966797970830700820e-03
7.245980660466328285e-03
7.320314870883539403e-03
7.292224841691691099e-03
7.272525396728577243e-03
7.527926437978507516e-03
8.333528451654253696e-03
1.049245493825963320e-02
1.332804366133040486e-02
1.818653105912596685e-02
2.307749501109321658e-02
2.803341207139864108e-02
3.156451840060093411e-02
3.438321936424977576e-02
3.438625879729484414e-02
3.366236958505854776e-02
3.148462308225952883e-02
2.811962814561572502e-02
2.416100899205093910e-02
1.812846997752921505e-02
1.143382701641654578e-02
3.414976162115555477e-03
-5.043893036106745879e-03
-1.372277140629397582e-02
-2.116119162882168503e-02
-2.784739162551355326e-02
-3.302915117052844518e-02
-3.695394000864242467e-02
-4.025024349330871831e-02
-4.232747022548656590e-02
-4.387904070486720043e-02
-4.437929867865172961e-02
-4.307445159802708590e-02
-4.086705199019668305e-02
-3.563128101203693471e-02
-2.979237746999987071e-02
-2.274720880021441349e-02
-1.555531158153844636e-02
-8.290050088421053662e-03
-1.454120568434050416e-03
5.190956757075464861e-03
1.145432969363729091e-02
1.681774838059686694e-02
2.173118994275357804e-02
2.430340558466014683e-02
2.621364038352454184e-02
2.679991349630734057e-02
2.721964786437332251e-02
2.755611286008121524e-02
2.872340374750079889e-02
2.984751671746467550e-02
3.088527385251629842e-02
3.062806427737590695e-02
2.972337134714006165e-02
2.631335242899145166e-02
2.242933988306921103e-02
1.759734008160386554e-02
1.273639981673011998e-02
7.860989320153211751e-03
3.476679538279953477e-03
-7.869403852247556022e-04
-4.809180591987820448e-03
-8.554522481657755514e-03
-1.216141521277912772e-02
-1.477572679358922329e-02
-1.687898443044805533e-02
-1.796013417940713758e-02
-1.817197608065347636e-02
-1.794916405804351800e-02
-1.726774147409389573e-02
-1.660520737591511878e-02
-1.598045024927731428e-02
-1.525295435214180442e-02
-1.447408906975711056e-02
-1.329971102850692477e-02
-1.207025463554169120e-02
-1.073064153914719994e-02
-9.347422061262463180e-03
-7.942399392631889835e-03
-5.976243506616956726e-03
-3.744769470470953650e-03
-9.826591340651898154e-04
1.736634317273283087e-03
4.434519326077218659e-03
6.001676687744669433e-03
7.222738429614608893e-03
7.751608931888222080e-03
8.101847713440895465e-03
8.362770634632914202e-03
8.270495898916411029e-03
7.803079949738893524e-03
6.585381573639252813e-03
4.773659781824196070e-03
2.664926282152180279e-03
1.125477650092031367e-03
5.885180616549474155e-05
-6.212846149545713653e-05
3.075675329600830398e-04
9.226016584738046689e-04
1.476833876060801038e-03
2.121706909522536391e-03
2.947861574733356797e-03
4.299870117861827844e-03
5.914805599949565264e-03
7.671236240190831314e-03
9.037796781914192099e-03
9.624617126600286052e-03
9.044016711253937899e-03
7.879705915890782356e-03
5.355714908851928746e-03
2.608245665262847769e-03
-5.861800514237636324e-04
-3.750258499764796624e-03
-6.899163313931355561e-03
-9.252948381582757134e-03
-1.121049355196482647e-02
-1.237555892781074494e-02
-1.289380843635202535e-02
-1.308865001124091647e-02
-1.266092500863386094e-02
-1.202034709565825629e-02
-1.095406336194509889e-02
-9.365612533494013445e-03
-7.516078157673396730e-03
-5.011901035573646489e-03
-2.411393304641405375e-03
3.817756439540367919e-04
3.030840744704951274e-03
5.607853921535090741e-03
7.300313978381890376e-03
8.544073829257708627e-03
8.890433268190238783e-03
8.535387261949913332e-03
7.829638533122998748e-03
6.845914301912028183e-03
5.888625427818192093e-03
4.984207267959640635e-03
4.021983319284227337e-03
3.030856476200895298e-03
2.052307156696939021e-03
1.263251564150598373e-03
8.531834255184469551e-04
9.918808364745991101e-04
1.404961022224756034e-03
2.291187481832713570e-03
3.220166446110974984e-03
4.234650419730787846e-03
5.272756312185886488e-03
6.322673164059169904e-03
7.044145752621695789e-03
7.441945939645978371e-03
7.192401323593260870e-03
6.257698068781291333e-03
4.980415494589562203e-03
3.447080233355297261e-03
2.022095458239814812e-03
8.138116553634163180e-04
-4.321412965228198428e-04
-1.696928822914035634e-03
-3.737194305530508118e-03
-6.041040962101399542e-03
-8.872049966578674646e-03
-1.170159321337633021e-02
-1.453040358133266853e-02
-1.645637296573287944e-02
-1.794613818016307233e-02
-1.856349505465528654e-02
-1.840171281072922743e-02
-1.785036100759422942e-02
-1.637978118828197632e-02
-1.458174539264720133e-02
-1.212879764436580743e-02
-8.956426109437896216e-03
-5.424342681185415765e-03
-1.419735663634723657e-03
2.343369435505155904e-03
5.623470697820565425e-03
8.051942580387402501e-03
1.005459977308170022e-02
1.147345554703049254e-02
1.295145582768924761e-02
1.454774512176635129e-02
1.593084948203872531e-02
1.720736137540791744e-02
1.698356226870401109e-02
1.619963763607155591e-02
1.429546195158282879e-02
1.208613564783291364e-02
9.724234034453582351e-03
8.216768693146461397e-03
7.048775499586517300e-03
6.559726601519323165e-03
6.176854594345754755e-03
5.847071032619116301e-03
4.773815215470503248e-03
3.376057321899410789e-03
1.329295275482215034e-03
-1.080336479428324397e-03
-3.671403088586626482e-03
-6.159164343529485199e-03
-8.432348383536075395e-03
-1.027637799366836434e-02
-1.144385474945525463e-02
-1.227305507807042832e-02
-1.199801656004924853e-02
-1.148592377645704654e-02
-1.049972246172333964e-02
-9.489160615772065238e-03
-8.466418504212281163e-03
-7.730577264589307690e-03
-7.012793042738180854e-03
-6.331122856431514040e-03
-5.563698297067333140e-03
-4.753396551174804592e-03
-4.120297898111999896e-03
-3.631738260019290628e-03
-3.432256651866095239e-03
-3.223365360022194519e-03
-3.009769226333016377e-03
-2.055320024991240217e-03
-8.447880835608974218e-04
8.779093380475954094e-04
2.619198533136063607e-03
4.369783614965437428e-03
5.519355133932512744e-03
6.456040647827541307e-03
6.966954151577661042e-03
7.164478884565744603e-03
7.205309232173081994e-03
6.889484112876416086e-03
6.586983641270686973e-03
6.311132465047150641e-03
6.508291390386554930e-03
6.941955366507747416e-03
8.135354619549679811e-03
9.210097310649477051e-03
1.004752687786386600e-02
9.797233151160258599e-03
9.003077777497788328e-03
6.681400022194301618e-03
4.336064800452188624e-03
1.943414645830348914e-03
2.293738192282522396e-04
-1.145362343363483726e-03
-1.970782750215970859e-03
-2.986454470545145748e-03
-4.382628817828575218e-03
-6.186129499866832235e-03
-8.193293349283247221e-03
-9.623341053130753803e-03
-1.060919828759314572e-02
-1.070667458328682965e-02
-1.043393320524267816e-02
-9.976082990329660991e-03
-1.012487557288426106e-02
-1.038198796659010881e-02
-1.085573998259817437e-02
-1.055106261646223363e-02
-9.857170559253579378e-03
-7.402713448923290904e-03
-4.780632867115148718e-03
-1.823305342354091148e-03
4.618605929351475136e-04
2.410945733487260788e-03
3.358656218208900830e-03
4.298111755200733838e-03
5.221057396733963692e-03
6.242916331171669345e-03
7.314231912061233860e-03
7.690696651204972228e-03
7.733501605625275020e-03
7.108986990599106513e-03
6.526037343983354978e-03
5.963870181572480597e-03
6.638073726365308590e-03
7.604353109594012144e-03
9.154784169695185866e-03
1.021847456723399064e-02
1.103879463349243840e-02
1.016491460882308108e-02
8.933203813584526809e-03
6.985831477208890965e-03
5.024113119681342284e-03
3.055221751578224461e-03
1.200924983762785992e-03
-7.246303520805209668e-04
-2.792702823977513595e-03
-4.735845943104718264e-03
-6.616524385845993540e-03
-7.477170831768674766e-03
-8.017629023352311479e-03
-7.917710706258778569e-03
-7.809369170055598108e-03
-7.696816024297635506e-03
-7.997283893284986775e-03
-8.245227268945684237e-03
-8.388121657953396745e-03
-8.148904103361401252e-03
-7.718630576969628086e-03
-7.196867249785873430e-03
-6.819190322098169464e-03
-6.729686193402008298e-03
-6.653904540276019651e-03
-6.584984124935069558e-03
-5.611175488514351731e-03
-4.241963934692680530e-03
-2.081946546070563217e-03
3.902605577579545352e-04
3.018562519189116420e-03
5.163897103113289366e-03
7.047401905882040400e-03
8.407247146337939667e-03
9.461470464623721044e-03
1.036288282182388359e-02
1.098064645854196150e-02
1.138713827782890028e-02
1.137108646225422001e-02
1.075757153122759539e-02
9.845325042475322128e-03
8.426530878499316479e-03
7.014518246284114598e-03
5.616068677589008441e-03
4.170736220992865041e-03
2.701962320445457522e-03
8.130307967213637552e-04
-1.121489698281162095e-03
-3.147188135842565043e-03
-4.752979905488811593e-03
-6.148818341178559702e-03
-6.654791304628227336e-03
-7.014746671446395535e-03
-7.082666845001182356e-03
-7.078608569121902505e-03
-7.038561068525455745e-03
-6.654715338067446716e-03
-6.090019846761075654e-03
-5.163624833758583346e-03
-4.158362824337448645e-03
-3.113667316707527909e-03
-2.570004155701076896e-03
-2.171736551565092710e-03
-2.064260061169464078e-03
-1.734208090107702219e-03
-1.292868378713030956e-03
-1.037383682641001247e-04
1.094932847905094511e-03
2.312686475516083535e-03
2.825288353312344243e-03
2.985314356201889795e-03
2.124712858132067530e-03
1.353024368690972914e-03
7.591618965064162545e-04
9.860755027464463557e-04
1.623377148198453142e-03
2.995086786749628222e-03
4.228283294775065683e-03
5.184453541747714722e-03
5.614490798785607729e-03
5.781461560855832155e-03
5.607980874348094183e-03
5.394097435151398029e-03
5.099408490577012759e-03
4.477016440926760710e-03
3.690772838738907036e-03
2.226683095874678556e-03
7.246853595033760477e-04
-8.531283638836342515e-04
-2.021820963516357105e-03
-2.985953001271593899e-03
-3.390347488442904764e-03
-3.864258212372339088e-03
-4.477201409818450974e-03
-5.483897723937845164e-03
-6.687470596394206636e-03
-7.784996519398664459e-03
-8.485329275660789122e-03
-8.391275698439419270e-03
-7.314879543403789673e-03
-5.747312099460979463e-03
-3.435868278869721928e-03
-1.192831334764044710e-03
9.133918563680803408e-04
2.512126101400996916e-03
3.857115873383602789e-03
4.268954653175188567e-03
4.418824940867051819e-03
4.044758244359307822e-03
3.477043648808842129e-03
2.812505103737317214e-03
2.376771994026823272e-03
2.028884475598795919e-03
1.856688139735237705e-03
1.601642635855032165e-03
1.305172547966607912e-03
6.998727803103297349e-04
1.025426793582549085e-04
-4.788480881860583162e-04
-7.434512385073297792e-04
-8.496605802173901045e-04
-4.546639047268181554e-04
-4.164283226729082951e-05
4.074270341305681912e-04
5.864582543506070790e-04
6.304701514819753463e-04
2.921236275981488328e-04
-7.436196311629049774e-06
-2.294226202729903732e-04
-1.042328021863612292e-04
1.945451369244253451e-04
8.389717889774580065e-04
1.425344864096828208e-03
1.895610785348248502e-03
2.077064940856180285e-03
2.114113213492271100e-03
1.823643354676733521e-03
1.443933829996022541e-03
8.857449735846559778e-04
9.554968811703948035e-05
-8.106488118783801390e-04
-1.856511510021664584e-03
-2.739813068021914287e-03
-3.297992345737209285e-03
-3.244713897254979280e-03
-2.885706585674284279e-03
-1.961018177069555335e-03
-1.114680163378812920e-03
-4.250429395150578070e-04
-1.361930284191470561e-04
-4.773677370686951255e-05
-1.801641805296622014e-04
-2.107065555195029687e-04
-3.747886684340746150e-05
3.355812060008429008e-04
8.085574709290768800e-04
1.104144969548427483e-03
1.223366531871398089e-03
9.898562216014814182e-04
4.924320561515607274e-04
-1.369490368880970754e-04
-7.264511246639860850e-04
-1.189091644519841120e-03
-1.398009028536256661e-03
-1.352145214850003800e-03
-1.178890802312478319e-03
-9.331540066672693338e-04
-7.754405193453724416e-04
-7.937736486698376837e-04
-9.887632368889239833e-04
-1.272081054555330515e-03
-1.406558045912073649e-03
-1.337954490828279636e-03
-8.631898428635544421e-04
3.291855228343301513e-05
1.139698821021840978e-03
2.348525317882373380e-03
3.355898595142725420e-03
3.960365433201644240e-03
3.948584972832188712e-03
3.628680863248229856e-03
2.721540300778349866e-03
1.840713238100594911e-03
1.012513175008027426e-03
4.595335591119683455e-04
4.416416681445849287e-05
-2.009737104972541990e-04
-4.986254264927402575e-04
-9.013048198560345316e-04
-1.328949133467384773e-03
-1.769075907202606818e-03
-1.882707680515239819e-03
-1.882979737460245117e-03
-1.656532361670116221e-03
-1.444434138579143469e-03
-1.239510491837628008e-03
-1.202572072957457626e-03
-1.110864199162904086e-03
-9.096174155395453072e-04
-3.897739299183542306e-04
2.893679067019477988e-04
1.214343772688461932e-03
2.028673795999179266e-03
2.621712133957434555e-03
2.791963732744914828e-03
2.750821961946741962e-03
2.260474601706474306e-03
1.722405696059844948e-03
1.088893699601065513e-03
4.109105505084175596e-04
-2.893081749008034778e-04
-1.121538230575682077e-03
-1.973875339285609525e-03
-2.866426554066521439e-03
-3.623705155111968043e-03
-4.313347449289436746e-03
-4.534998703910405812e-03
-4.575969069483611616e-03
-4.255577656961526817e-03
-3.686015243178948717e-03
-2.991867328765952880e-03
-2.218749918264357676e-03
-1.483617822746462547e-03
-8.244563571951439010e-04
-2.164317700969778336e-04
3.660243777749800850e-04
9.959744623863611354e-04
1.639526080852880905e-03
2.310280767028992030e-03
2.928191712090721585e-03
3.519680786595081896e-03
3.944508987247883486e-03
4.286588313641100101e-03
4.463169891514782474e-03
4.369183869084078582e-03
4.139914046501233166e-03
3.435513827732664810e-03
2.651889927416048627e-03
1.709818664002586957e-03
8.827688074604982333e-04
1.132296543543694864e-04
-2.390875077201539203e-04
-4.551319181552604832e-04
-3.986308253119088445e-04
-1.530612696036922531e-04
1.870425175369869826e-04
6.042524448394209421e-04
9.485717976427834701e-04
1.147110001448447929e-03
1.058572882466427868e-03
8.264981020905367085e-04
2.161760087537697344e-04
-4.426693662054670192e-04
-1.198561304408940660e-03
-1.909408196748203258e-03
-2.597732566155154174e-03
-3.083834575183201990e-03
-3.478394492784472620e-03
-3.689870227531768642e-03
-3.722530888933353946e-03
-3.665784013662065893e-03
-3.382410833485642240e-03
-3.022820696583573222e-03
-2.510796646229910330e-03
-1.863754525397237020e-03
-1.149203369325311986e-03
-4.143727699139730528e-04
2.503405989129831098e-04
7.748195065719571751e-04
1.135245021531955043e-03
1.413643840142744237e-03
1.593362015182443921e-03
1.767968721782644690e-03
1.932352491504039319e-03
2.049233869828119385e-03
2.142364052453597355e-03
2.144476891584591507e-03
2.147164443552936151e-03
2.151001421195979178e-03
2.181186818265291351e-03
2.224546425047700584e-03
2.161881074978893799e-03
2.002337886634022578e-03
1.649039021737191838e-03
1.121957912509381674e-03
5.079856811163628236e-04
-9.497617661647717383e-05
-6.148124260258079014e-04
-9.683974587887630211e-04
-1.188876984036573532e-03
-1.342803755526757311e-03
-1.518963462310117616e-03
-1.717890425780868808e-03
-1.962351902626589557e-03
-2.120517840921082482e-03
-2.235536009940092359e-03
-2.111222058340256075e-03
-1.967288351853609812e-03
-1.784115135593211969e-03
-1.681881070745211426e-03
-1.620116581603297645e-03
-1.518626081378365552e-03
-1.302466625973687335e-03
-8.569692602097474807e-04
-2.185997210199456652e-04
5.162059048826497624e-04
1.086476254295247034e-03
1.503247583084553821e-03
1.613020870626834897e-03
1.588298149949099502e-03
1.496327425161368989e-03
1.658819774087415006e-03
1.902210509704129046e-03
2.307398018702351734e-03
2.522765603580212884e-03
2.643223226397850220e-03
2.126336825955540879e-03
1.505689068470819885e-03
6.775185969007254620e-04
4.520538035916098164e-05
-4.891792086685798789e-04
-5.988806110787897683e-04
-6.930900603865536606e-04
-7.563156034895424356e-04
-9.183837388593866970e-04
-1.129873170362631542e-03
-1.170348068538532363e-03
-1.058704949627071578e-03
-6.428257965410067365e-04
-1.221160477728683649e-04
4.510089988360961653e-04
6.395257880308980770e-04
6.800589063822178558e-04
4.246246830465302173e-04
1.583293461312627252e-04
-1.133965475736527717e-04
-1.658287828316107858e-04
-2.300691499261953827e-04
-3.179257806940889546e-04
-6.098945364752246349e-04
-1.003919354762841318e-03
-1.542795806323633530e-03
-2.005019920972460866e-03
-2.313939361797932425e-03
-2.381657589991237420e-03
-2.328775211868624150e-03
-2.057917567336709982e-03
-1.757134119603126488e-03
-1.396499065465914638e-03
-9.782994335281625532e-04
-5.313175126899286060e-04
-3.042361842104811167e-05
4.354755290526928771e-04
8.313851829356581815e-04
1.047199974041868389e-03
1.172967333759539774e-03
1.043342272524738724e-03
9.044537154638473964e-04
7.470381667509236150e-04
7.362115687751494449e-04
7.986794461679557183e-04
1.096928584964829232e-03
1.396241102424745006e-03
1.697680377211062972e-03
1.860053126991996529e-03
1.952892614270205140e-03
1.860013602035178858e-03
1.752197175354318565e-03
1.614505919781691152e-03
1.466991904572834127e-03
1.314566509545788678e-03
1.086839700836951224e-03
8.468221032891649859e-04
5.822229280632385331e-04
3.865518546914311878e-04
2.253448322465921604e-04
2.041626820473893252e-04
1.803297160633672526e-04
1.511951185097320214e-04
1.240159218948404664e-05
-1.812213985141188587e-04
-5.258534162558252270e-04
-8.738678406067597240e-04
-1.228647078175779898e-03
-1.515809433289429199e-03
-1.769163347175240191e-03
-1.895030355004194899e-03
-1.979641613711180265e-03
-1.981741374174361171e-03
-1.904387677621318439e-03
-1.787307252560205520e-03
-1.600652188696869045e-03
-1.430505068891552503e-03
-1.293373837202077634e-03
-1.268767992565141044e-03
-1.300424841454400626e-03
-1.500446466579351441e-03
-1.697311416551314234e-03
-1.887863016217513918e-03
-1.898485209818806096e-03
-1.819142700387606140e-03
-1.345990186883025148e-03
-7.942610455495503416e-04
-8.537864855887608660e-05
5.722781440801175861e-04
1.204322134543057976e-03
1.591620171111684037e-03
1.927420609578302333e-03
2.160225851840547311e-03
2.386112943466797438e-03
2.608540959774930008e-03
2.802243381849022722e-03
2.945272692173180398e-03
2.986955778997673564e-03
2.897094813716201856e-03
2.741461822381802572e-03
2.443861019693670169e-03
2.116426915089496610e-03
1.729326206652924153e-03
1.302844487924031958e-03
8.566722640487737855e-04
4.220226561001042377e-04
2.389698614515956671e-05
-3.011808078227985763e-04
-5.327580449131833450e-04
-7.175850035649333639e-04
-8.424867505281212433e-04
-9.877442910995902145e-04
-1.173713418887466870e-03
-1.425043762018407545e-03
-1.709054712820841848e-03
-1.978359754733471747e-03
-2.182830167028228675e-03
-2.257631320087021085e-03
-2.154663983632269190e-03
-1.962812402420799785e-03
-1.605427161015130465e-03
-1.242843720169587796e-03
-8.698638804439177670e-04
-5.342412372217888398e-04
-2.172971922515432204e-04
1.266210343201751667e-05
1.895321797608154053e-04
2.602238173803327623e-04
1.853013412744912447e-04
3.757180830600799287e-05
-2.553065958851139417e-04
-5.291656262873688146e-04
-7.649859091122015705e-04
-8.333421822328347705e-04
-8.179664505013855939e-04
-4.979391409546737998e-04
-1.143461787104745389e-04
3.963780889282906943e-04
9.113537659710677693e-04
1.428455147715724117e-03
1.844049983686781718e-03
2.227317485256763950e-03
2.545930318024186047e-03
2.790448680218966283e-03
2.997919807127295486e-03
2.966386330974327048e-03
2.820737348931801666e-03
2.446857355110129001e-03
1.927948616700548559e-03
1.336525505997224455e-03
8.150757600327930607e-04
3.640358064383730774e-04
5.381543758342009981e-05
-2.229446127287522156e-04
-4.829745037696995136e-04
-9.460563860130722248e-04
-1.486043311342124650e-03
-2.179840322843029816e-03
-2.857827534347373490e-03
-3.527909845853689687e-03
-3.870484708461140871e-03
-4.066015184793271911e-03
-3.967456888574551893e-03
-3.641961529269713976e-03
-3.202997638421775043e-03
-2.599233062208807822e-03
-1.985946616610816812e-03
-1.353616432243433514e-03
-7.609475083106339178e-04
-1.881092145954422709e-04
2.641405959355973667e-04
6.717285357764294241e-04
9.899927342373285744e-04
1.255744039351679945e-03
1.495238897792672533e-03
1.730644699078263309e-03
1.967421938189900781e-03
2.206942052953882530e-03
2.400563041147672164e-03
2.571234466056493244e-03
2.602593925719373820e-03
2.589624380869022958e-03
2.487996826992242613e-03
2.332935417948643099e-03
2.151157081321559625e-03
1.913737503507675431e-03
1.656418759893110021e-03
1.359301684677456483e-03
1.038548818276899613e-03
7.059780562839494070e-04
3.899919097303406064e-04
8.744759896919811106e-05
-1.882130402066891695e-04
-4.425602591818906216e-04
-6.862507680566135460e-04
-8.964670226942452131e-04
-1.097973029196825431e-03
-1.282058539429527071e-03
-1.486291202952933800e-03
-1.700597443121617180e-03
-1.969347965190704468e-03
-2.210880614482493237e-03
-2.397977518219971630e-03
-2.382546565329211104e-03
-2.265851684124430866e-03
-1.798205498552376234e-03
-1.291014242740614118e-03
-7.047328464489381909e-04
-2.364622300747036467e-04
1.728029963410263146e-04
3.114463526225238988e-04
4.004947325600285253e-04
3.903531598094522057e-04
3.872495797583930320e-04
3.876649960571233581e-04
4.701893556256128140e-04
5.757696799311399919e-04
7.274619337106302906e-04
8.857674701611240953e-04
1.047379647947035411e-03
1.132899715600366218e-03
1.169034695529253768e-03
1.106399500009346091e-03
9.557351302518974669e-04
7.610561733757474330e-04
5.599252274024644430e-04
3.988494215857827795e-04
3.178838960820895305e-04
3.067988387657726566e-04
3.306540155431008732e-04
3.228040785430278704e-04
2.803919544687788132e-04
1.688554562461691631e-04
4.338329992710400083e-05
-8.905668544022268362e-05
-1.491347182130871329e-04
-1.996908183875024945e-04
-2.312030533649657958e-04
-3.047296282898758575e-04
-3.992633731885145035e-04
-5.243290318532620262e-04
-6.189847552522600863e-04
-6.528206081196588238e-04
-6.068553751252263491e-04
-5.209895991999028255e-04
-4.228686643565539999e-04
-3.553481453113108493e-04
-3.490284578621743691e-04
-4.029823366513318912e-04
-4.870729985596064905e-04
-5.937398810127751322e-04
-6.887710413521562058e-04
-7.605307574640757674e-04
-7.984469102578871510e-04
-8.194412813926825554e-04
-8.108121861973286619e-04
-7.995879024466866474e-04
-7.831732415854595003e-04
-7.435675478127143443e-04
-6.923663375841673578e-04
-5.449897705880607643e-04
-3.633163494098026617e-04
-1.130492198674351795e-04
1.481189293211423183e-04
4.147375883327521825e-04
6.020373712128034797e-04
7.582639420532441294e-04
8.523440888142967339e-04
9.154585176521535259e-04
9.630900875283788555e-04
1.004946150941835687e-03
1.055565252952613562e-03
1.123710432158078840e-03
1.235570093327129299e-03
1.369286995477924859e-03
1.558058681530614465e-03
1.724950993935219553e-03
1.848084559043856618e-03
1.821485846242808107e-03
1.720020994486982186e-03
1.357116285102750661e-03
9.547439243188700093e-04
4.734362607353044799e-04
5.089029695483278945e-05
-3.422748169242779493e-04
-5.371697354132861420e-04
-6.805507733605985774e-04
-7.209040502243668422e-04
-7.468637973358435711e-04
-7.656267795711962703e-04
-8.650071711873920551e-04
-9.865265998632308589e-04
-1.152324102658226464e-03
-1.292852624806516137e-03
-1.420746656631378252e-03
-1.436202922893466431e-03
-1.424076228449910929e-03
-1.356783612595084546e-03
-1.281835573199399453e-03
-1.203059822033312977e-03
-1.127089963677827163e-03
-1.042279742671643056e-03
-9.397887963639812645e-04
-8.301418852728701531e-04
-7.169169917899797378e-04
-6.602211949317721195e-04
-6.277949088759961519e-04
-6.439076444250229877e-04
-6.410272697237144601e-04
-6.286503398971865888e-04
-4.468238065301471398e-04
-1.994642543707774254e-04
1.789613353729891418e-04
5.916800866868714669e-04
1.021545418785693845e-03
1.309440923664489335e-03
1.532343793429941786e-03
1.625261392968470938e-03
1.664160106059237596e-03
1.676049375926102298e-03
1.705443954466165238e-03
1.719222114562560027e-03
1.701767437771649306e-03
1.570240881620245214e-03
1.381678385788661333e-03
1.044167353648551341e-03
7.136839032998586359e-04
3.972556165336400629e-04
1.707015732367721684e-04
-1.091534832558911754e-05
-1.079494431744521524e-04
-2.067698514173288231e-04
-3.091628864483361543e-04
-4.076556582539802263e-04
-5.041982984469728368e-04
-5.318224358472649002e-04
-5.431308744508656257e-04
-5.218079154610716407e-04
-5.350732014214948850e-04
-5.656326098570635527e-04
-6.896474768547770657e-04
-8.146125566940165541e-04
-9.414780622161745280e-04
-9.903166212340574516e-04
-1.000141706999776612e-03
-8.880033528107734910e-04
-7.712416530127838045e-04
-6.452332619968801850e-04
-5.665534212242845325e-04
-5.115378555733849850e-04
-5.046607493841598520e-04
-4.920738608304302568e-04
-4.680674075476840392e-04
-4.251738842793449961e-04
-3.728368260181967467e-04
-3.150787178661097038e-04
-2.449455688168197570e-04
-1.500623379730625553e-04
2.157025907425644468e-05
2.315775392234479927e-04
5.572198350618673846e-04
8.755068364428782472e-04
1.179083248908733075e-03
1.363892477570569908e-03
1.489318114330277342e-03
1.426410761313821147e-03
1.343335625711455711e-03
1.219924924937360695e-03
1.120997363209741676e-03
1.034311371005413238e-03
9.533217789860307665e-04
8.528629249041633697e-04
7.134655466974383371e-04
5.550711417095967196e-04
3.871782233312811607e-04
2.741479072122030144e-04
1.760026620039851044e-04
1.076275586173672933e-04
-1.522747444886801899e-05
-1.653224723549485313e-04
-4.814426236189210998e-04
-8.234899813760015704e-04
-1.217391752119635195e-03
-1.541880020741475841e-03
-1.831661538302561650e-03
-1.928529980318995475e-03
-1.979718870910288434e-03
-1.939548658651244796e-03
-1.855705873730814940e-03
-1.750026802479670183e-03
-1.562854663638391225e-03
-1.337398856691931646e-03
-1.035375713535351952e-03
-7.001762954123623775e-04
-3.483887398063465401e-04
-7.371427744267512261e-05
1.623772939731865943e-04
3.213030834934958052e-04
4.689877562039756597e-04
6.110518705094620823e-04
8.494330799476727464e-04
1.116039431044950478e-03
1.439096065460616697e-03
1.729792923767220231e-03
2.004309894019464921e-03
2.101838614710208053e-03
2.135909849080241084e-03
2.043066110808958429e-03
1.882739829516292054e-03
1.688672276712877007e-03
1.474577901174493671e-03
1.254582819441430906e-03
1.022786325319243687e-03
7.653722657093185375e-04
4.951494233555664903e-04
2.270851391367780252e-04
-1.788239458863918413e-05
-2.166564273270526976e-04
-3.765609384253494315e-04
-5.170306887035025674e-04
-6.819383079728002454e-04
-8.651629205771988297e-04
-1.085021519851662184e-03
-1.293061934829385640e-03
-1.495193257658628287e-03
-1.599521548714291034e-03
-1.671256804166046991e-03
-1.677805988410100389e-03
-1.646683361106399471e-03
-1.596724828028824863e-03
-1.498268946984400484e-03
-1.378539462627492544e-03
-1.216262771645512750e-03
-1.025135636285226916e-03
-8.195832787357079392e-04
-6.323161122136772153e-04
-4.651811015100484718e-04
-3.383104024434018778e-04
-2.339162944727017309e-04
-1.407604820499831831e-04
-7.654277462015661969e-06
1.540283504326216786e-04
3.728638249404263782e-04
6.265037914645592981e-04
8.975460039967212908e-04
1.135718658022281816e-03
1.342082805109764097e-03
1.484829938321140849e-03
1.561424838685723576e-03
1.604943622626868851e-03
1.575192045560840472e-03
1.527227677082660263e-03
1.442837725780317121e-03
1.333506526927446699e-03
1.211704704299325754e-03
1.089680988672477860e-03
9.792894318583190115e-04
8.921621926693156695e-04
8.128979798436160005e-04
7.375652801996568017e-04
5.881059364889556183e-04
3.940275889284239048e-04
1.107112336679346560e-04
-2.257025577886252808e-04
-5.886650673432929862e-04
-9.023029313305090324e-04
-1.174634460131389075e-03
-1.364353318560218575e-03
-1.489720750078226894e-03
-1.582912468140925018e-03
-1.619833028769720107e-03
-1.629604049416726128e-03
-1.585075990100064461e-03
-1.460356391485954008e-03
-1.295541023223146159e-03
-1.050456531534406726e-03
-8.140413216162961435e-04
-5.949646752399286595e-04
-4.411741980658096451e-04
-3.200268054927801168e-04
-2.774350313207271830e-04
-2.372464160797220663e-04
-2.018641187007419208e-04
-1.349594242186834899e-04
-5.229353118514045156e-05
8.787901522249619995e-05
2.404024788212883032e-04
4.176277768025435724e-04
5.959825850143152031e-04
7.749021483414072478e-04
9.091544925520591604e-04
1.014279789578448505e-03
1.061150992236627785e-03
1.046754912797865722e-03
1.001725192310633748e-03
9.137581292589148528e-04
8.326962370823273599e-04
7.654446866559692789e-04
7.261462429390431192e-04
7.008243525767941058e-04
6.851827941573818918e-04
6.568914957860595011e-04
6.033007175110038185e-04
5.085177901967163254e-04
3.931387883628348822e-04
2.308772334293673803e-04
6.796530563383436645e-05
-9.624736788605757032e-05
-2.353997416006219361e-04
-3.620219654123609161e-04
-4.548857069493963002e-04
-5.473396696720717958e-04
-6.389740747660914823e-04
-7.302234639656624438e-04
-8.212803452180418400e-04
-8.666407986323235862e-04
-8.888985504408226414e-04
-8.649508990379193782e-04
-8.237258894876801039e-04
-7.738622008637466949e-04
-7.497741221428906718e-04
-7.283077360772917614e-04
-7.120847353222010045e-04
-6.607119517993577775e-04
-5.917642768926511089e-04
-4.588465518777392043e-04
-3.221243063826316347e-04
-1.777930199274319479e-04
-4.877519601460532394e-05
7.258589662704298146e-05
2.006666325892209751e-04
3.407575032402296701e-04
5.048686432690306040e-04
6.628838901223020001e-04
8.178511903876369438e-04
8.838002914068504882e-04
9.180871778156528750e-04
8.890496350035446927e-04
8.543585463632707554e-04
8.168406848089065139e-04
8.367761168427423086e-04
8.597254527363086063e-04
8.887025963493513057e-04
8.568692866773358532e-04
7.946307503627794526e-04
6.263576810282131188e-04
4.522082379122724068e-04
2.663060472334384684e-04
1.124015646107220777e-04
-2.550406398401872801e-05
-1.539379804277313376e-04
-2.983706709481383072e-04
-4.748009096215918563e-04
-6.552248579143460502e-04
-8.376456610167483169e-04
-9.217477487043055804e-04
-9.654661701057807004e-04
-9.284172589353832921e-04
-8.723296811732742830e-04
-8.067227701153591298e-04
-7.934666992304163476e-04
-7.880963623538283233e-04
-7.984974934939741012e-04
-7.760826203056673872e-04
-7.372597449531557859e-04
-6.417063781501222437e-04
-5.420416747930838740e-04
-4.341542983279177799e-04
-3.218671149476377662e-04
-2.073800281097217273e-04
-4.847432131784200023e-05
1.230013754540410908e-04
3.196170521860975788e-04
4.880011625675108365e-04
6.422694897736873181e-04
6.926314712550200089e-04
7.222088392595197442e-04
7.102169803103350288e-04
7.213769030123656474e-04
7.441127165399917358e-04
8.330677764811894028e-04
9.201584532075067014e-04
1.003520363504197812e-03
1.024637590573483029e-03
1.014632476029009951e-03
9.002650389633917857e-04
7.691040455126988079e-04
6.043559392917032241e-04
4.364601746473940999e-04
2.669905807913713121e-04
1.081211668585496319e-04
-4.033829590546758121e-05
-1.679778563321460431e-04
-2.567201013291943792e-04
-3.260136886114976817e-04
-3.531389921400322047e-04
-3.872530790144755185e-04
-4.353447325807853659e-04
-5.192088973377869277e-04
-6.209593176901323681e-04
-7.302064855435661363e-04
-8.206246907164337513e-04
-8.733849705280167294e-04
-8.870484742988748962e-04
-8.811635900493915282e-04
-8.555841153631907336e-04
-8.245521721502715659e-04
-7.826152918839026414e-04
-7.048260010327413606e-04
-6.091105048892477610e-04
-4.513100199898059943e-04
-2.902606829814055101e-04
-1.227136417549616067e-04
1.083375620464477026e-05
1.273813325309100400e-04
1.828262754595200222e-04
2.299082415220254103e-04
2.602642538524359934e-04
2.979654583329990739e-04
3.393392588886638955e-04
3.983513060072238683e-04
4.578253354891174184e-04
5.182233296977219791e-04
5.688206963639195904e-04
6.145177492589404527e-04
6.413138135564371879e-04
6.609456677629609424e-04
6.662491017875120641e-04
6.482468478556005064e-04
6.185917499454698064e-04
5.430972813835045852e-04
4.588148028331092798e-04
3.569563043057837667e-04
2.673813487388541671e-04
1.839481646522245478e-04
1.421279409226323194e-04
1.047197950409903158e-04
7.613580485523791961e-05
2.550330241137107392e-05
-3.615345616155139395e-05
-1.380230860608832764e-04
-2.402886292329994866e-04
-3.433459989508273855e-04
-4.213067870018005149e-04
-4.867192842194061888e-04
-5.113014101332864119e-04
-5.291360534465931091e-04
-5.334757315587412623e-04
-5.341493503651294173e-04
-5.329899395186411511e-04
-5.245411912472233576e-04
-5.096662767482754283e-04
-4.819390297943124926e-04
-4.327195577890687603e-04
-3.727539732581960680e-04
-2.791065154796176437e-04
-1.810509102125339078e-04
-7.417900996832505704e-05
2.056527951213688949e-05
1.092457636106179903e-04
1.661741276636979707e-04
2.173629521444196471e-04
2.570726974804405447e-04
2.973196197209842097e-04
3.378351304138030547e-04
3.761622459049530649e-04
4.087540067520839689e-04
4.298750583112554281e-04
4.361053175182362041e-04
4.348901805491287129e-04
4.137721284459987053e-04
3.837070801868512496e-04
3.357480396156158260e-04
2.631772426838848876e-04
1.783005675719022615e-04
7.128604113539348036e-05
-2.787770564947623366e-05
-1.113398931308731042e-04
-1.520314714924986981e-04
-1.713377452942332056e-04
-1.315806977220167835e-04
-8.765196587487108278e-05
-3.537986547788460551e-05
-1.979983998516971600e-06
2.198378802199559064e-05
1.777720379994151496e-05
1.186062246035839504e-05
2.524046885706912128e-06
-7.943403092159169175e-06
-1.897629027163526272e-05
-5.118661527219987519e-05
-9.089646598944240504e-05
-1.456053681400545864e-04
-1.919290794533928379e-04
-2.340601953481285342e-04
-2.335787017777073897e-04
-2.248110969820346801e-04
-1.994712697358231430e-04
-1.860876914862682379e-04
-1.786822377350262938e-04
-1.995651510619680469e-04
-2.188128547936953310e-04
-2.347901393349562181e-04
-2.259742343476231095e-04
-2.047617345959670094e-04
-1.495463568140938094e-04
-9.183482626884146237e-05
-2.913099019684148728e-05
2.464751693021180072e-05
7.396335958472969154e-05
1.048713267813845644e-04
1.308531831373321787e-04
1.469828178118661973e-04
1.562609254456343217e-04
1.621132695590288503e-04
1.619827926391362337e-04
1.620270764009895648e-04
1.624208815263337882e-04
1.674471722097810875e-04
1.747897056722826623e-04
1.869675492413043071e-04
1.968681858897431325e-04
2.022144086970151808e-04
1.979102308313011296e-04
1.887808526291010218e-04
1.701091414598695551e-04
1.500819983184480252e-04
1.273439912326918780e-04
9.856058699402449157e-05
6.675448417887317419e-05
2.240298937368179032e-05
-2.237338291130129672e-05
-6.799951015586599436e-05
-1.049705511162135304e-04
-1.376140489344084602e-04
-1.560628082655539850e-04
-1.714178916957216170e-04
-1.805856233239334094e-04
-1.838676446310044395e-04
-1.842068107775114716e-04
-1.802198262722639786e-04
-1.789072791613393492e-04
-1.829436068390433981e-04
-1.925932754778230250e-04
-2.050496145971462687e-04
-2.059171979582775783e-04
-1.985910229905721162e-04
-1.748773313651587683e-04
-1.449580319292937259e-04
-1.119359285881977271e-04
-9.123231201265649855e-05
-7.455060971214867163e-05
-6.591273596173465824e-05
-5.670299950387316761e-05
-4.720733169227757744e-05
-3.218433529870866783e-05
-1.399300041807770356e-05
1.053501143666388189e-05
5.350667658535285335e-05
1.057001683809795503e-04
2.012247268049025136e-04
3.054214416051508865e-04
4.269624691581550566e-04
5.333554556901567295e-04
6.321744217117084095e-04
6.639548068279622082e-04
6.704399751592959736e-04
6.263347099209428705e-04
5.489711535581198731e-04
4.549784516330129228e-04
3.471860373131367716e-04
2.421137154820497098e-04
1.424815786284758831e-04
4.956969372578159196e-05
-3.998206520151187122e-05
-1.278967131851131353e-04
-2.179124788936474854e-04
-3.121304800518515500e-04
-4.103883669780268259e-04
-5.106661967882492222e-04
-6.003699802066134791e-04
-6.757239278843432890e-04
-7.223782040808656791e-04
-7.227098191197155056e-04
-6.998801035797041136e-04
-6.140091755500525720e-04
-5.196673750698196275e-04
-4.083838296883263532e-04
-3.051885147809795819e-04
-2.060373151106621790e-04
-1.317234257806277004e-04
-6.323542887703677631e-05
-6.399216826202531842e-06
4.434593893459329327e-05
9.204556655040705619e-05
1.307759275915034390e-04
1.655262413184185497e-04
1.923164604169816058e-04
2.123167103936184877e-04
2.289219758093054692e-04
2.417633719718841306e-04
2.543908591709203985e-04
2.665905284428454519e-04
2.754307549392534830e-04
2.825912600479037347e-04
2.810832951659170500e-04
2.792276663394852726e-04
2.766767096241647193e-04
2.822895573332186050e-04
2.919843072544580026e-04
3.133131179280626197e-04
3.307187486774346911e-04
3.402780195783401533e-04
3.233986382386961830e-04
2.932999307787949794e-04
2.215629709603188918e-04
1.465978081768903657e-04
6.517623946346869470e-05
1.147497821909408515e-06
-5.418483028376729142e-05
-8.269515908751473446e-05
-1.131204754110575817e-04
-1.473757667742196299e-04
-1.980009380623073717e-04
-2.568110493128614299e-04
-3.119547530707556860e-04
-3.506911136772709187e-04
-3.566127879809804536e-04
-3.262775544426298083e-04
-2.778138669832264400e-04
-2.188242702716248545e-04
-1.700084225644878523e-04
-1.415400728662365940e-04
-1.308823678820526457e-04
-1.291299852549231825e-04
-1.244535334266212701e-04
-1.149671098737984536e-04
-9.586074287191008480e-05
-7.506034526489897656e-05
-5.341293235532062355e-05
-3.297075456568194173e-05
-7.738498064444624820e-06
2.707391585999859522e-05
7.500523309197451864e-05
1.294960019777485261e-04
1.767174447471378355e-04
2.106010338652079318e-04
2.178089156806163455e-04
2.004689959403498090e-04
1.708551754222614640e-04
1.410028546720165795e-04
1.197652398855183261e-04
1.157570370265402775e-04
1.219359837492341636e-04
1.332085052627582573e-04
1.327401976940785077e-04
1.245213443596761868e-04
1.008013994938617103e-04
6.739923882855202396e-05
2.915597026352518187e-05
-1.127245501561772678e-05
-5.055974758386182818e-05
-8.756477473033216416e-05
-1.203483507388229342e-04
-1.510212011783393035e-04
-1.690512922305262679e-04
-1.802765567834060218e-04
-1.778921683377260527e-04
-1.611539021770671903e-04
-1.372386971589095435e-04
-1.026019702415204428e-04
-7.033325772159294668e-05
-4.280057399657413833e-05
-2.823255646692814986e-05
-2.014687203495187123e-05
-3.018593104566231282e-05
-4.272528668900362039e-05
-6.026523559757459127e-05
-7.672848101926268494e-05
-9.265337469751744781e-05
-1.032523312985004403e-04
-1.105728198523064844e-04
-1.113363723117725772e-04
-9.919542831676863713e-05
-8.060223609453573857e-05
-3.653161949841416902e-05
1.289222929520588074e-05
7.302254248387701297e-05
1.292525632321837674e-04
1.835324377603317586e-04
2.158732697085990939e-04
2.411054566133926616e-04
2.521203534313148594e-04
2.541142687052952106e-04
2.515976932073076878e-04
2.372127624813478812e-04
2.183157299722968960e-04
1.903944938970341446e-04
1.574811465642584566e-04
1.220717436027191039e-04
9.072918029787987526e-05
6.158416072126962496e-05
3.683422860117480086e-05
1.004804261448330512e-05
-1.775627030553027894e-05
-5.271924452411418105e-05
-8.469525299727365857e-05
-1.106973299795969924e-04
-1.161955961616303510e-04
-1.114419569435019032e-04
-7.891543093986052334e-05
-4.794400251096780669e-05
-2.008276923155595018e-05
-1.479547211532438377e-05
-2.079514308066103442e-05
-5.682721550956614892e-05
-9.395839520898928389e-05
-1.332877894494949517e-04
-1.627793144504849593e-04
-1.873519048317398236e-04
-1.986460363675834461e-04
-2.076773103284781084e-04
-2.121828691394733052e-04
-2.117396505126108326e-04
-2.088220431668237945e-04
-1.930509766263826870e-04
-1.717622463143012577e-04
-1.394381884589962950e-04
-9.781967361284851781e-05
-5.155393027124913159e-05
-2.112261876164460200e-06
4.419332169207040406e-05
8.422673560661906428e-05
1.156611403598459546e-04
1.427960405323738910e-04
1.618112943440803454e-04
1.782875577592114391e-04
1.896858403811943863e-04
1.919830256282853908e-04
1.897296621879393009e-04
1.741354007814989837e-04
1.577282934728585820e-04
1.396954943597993363e-04
1.249635393481239045e-04
1.118820063871293072e-04
9.773184374140885618e-05
8.002125634221934100e-05
5.518981943606647632e-05
2.417307896821534267e-05
-9.936313280490436260e-06
-3.908753922197343527e-05
-6.092108136553765443e-05
-6.811925591323338364e-05
-5.701083816535040989e-05
-3.674912426966496243e-05
-4.533490167531372881e-06
2.226370228748223058e-05
3.822401144827896214e-05
3.294940950315837172e-05
1.705735200507344179e-05
-1.837602861746488541e-05
-5.191831568510937378e-05
-8.167841564298328780e-05
-9.958465547361361968e-05
-1.115639652406390470e-04
-1.116307509025808514e-04
-1.104570192095821296e-04
-1.068022528067077357e-04
-1.008921518511034509e-04
-9.385438361913041219e-05
-8.169930407151615372e-05
-6.916704409108742678e-05
-5.588042324501953074e-05
-4.635169010911735726e-05
-3.870190082829131625e-05
-3.720232059225421462e-05
-3.513932303833061974e-05
