1.118640745010022614e-01
1.123306757996924282e-01
1.139438306244606874e-01
1.143374818081192429e-01
1.150037244204118042e-01
1.165996688109019602e-01
1.192731453102626044e-01
1.756014313079849454e-01
1.537175691297202884e-01
1.761599325671356353e-01
1.772198610563744392e-01
2.230176931248817884e-01
2.444836083075302979e-01
2.083734629624257595e-01
2.558809848221190730e-01
3.099606213432075652e-01
3.497748865480784231e-01
3.442225944293575979e-01
2.993371615879369396e-01
3.392592361399918155e-01
3.664376024137309673e-01
4.036513963928522464e-01
3.532724798678258948e-01
4.276766859745836369e-01
3.999197209733702518e-01
5.007495529410348478e-01
6.658913339110247298e-01
4.583693208030931721e-01
4.988793443489827339e-01
4.761819387694696815e-01
3.397508568931055239e-01
2.599789278818437910e-01
2.490139922208163270e-01
2.484382560140696028e-01
2.580392198931176773e-01
2.341029399367323682e-01
2.531542331843710802e-01
2.543830944130712202e-01
2.405518149227308389e-01
2.743502321240430253e-01
2.936014042944935509e-01
2.845157497114107481e-01
3.005599168554725087e-01
3.308499598134901909e-01
2.848723032628309171e-01
2.950988121903913575e-01
3.387149474615193667e-01
3.547998225797417415e-01
3.134879028039992410e-01
3.716202070476437580e-01
4.479065537611429670e-01
4.494129785282349188e-01
3.692994529925499037e-01
4.087140707408695173e-01
4.623560496160105115e-01
4.664406679766721076e-01
4.321560119003187705e-01
4.569667104193743112e-01
4.839615767517991829e-01
4.835416197739459965e-01
5.625393330616115239e-01
6.050777564451614854e-01
5.515340249865490208e-01
5.925258428124148269e-01
5.877720523109560835e-01
5.785632368080710908e-01
5.865957879172690737e-01
5.568178185672919556e-01
6.042388420318055564e-01
6.236147753699671226e-01
6.645181395813428704e-01
6.614038291270413206e-01
6.308353405197779651e-01
6.553548716189355750e-01
6.584092243897229357e-01
7.737493372166138750e-01
8.057387287482310478e-01
7.873091086011475559e-01
7.848216051401081250e-01
8.155223051434469239e-01
8.719413748091223715e-01
9.263664158518301051e-01
9.282565011302975622e-01
8.883436934357882286e-01
8.263249677659380010e-01
7.862534149750287638e-01
7.708769711948862957e-01
7.400429680231138674e-01
6.910014529769799019e-01
6.390374493677390966e-01
5.966177073158809296e-01
5.348080202105566228e-01
5.157868216704865061e-01
5.109802474940630113e-01
4.982570912109548500e-01
4.915948368337839103e-01
4.776172420235166860e-01
4.574623663654734940e-01
4.327021764280741811e-01
4.027609491750912540e-01
3.771704807888786037e-01
3.618041293597999974e-01
3.507235632199077191e-01
3.295821881591737279e-01
3.561134438559387938e-01
3.735753081652576357e-01
3.631004779678780880e-01
3.399932750798894121e-01
3.311269116535659474e-01
3.315157442355857742e-01
3.192294417669068185e-01
2.995169560452805024e-01
2.700267143411649307e-01
2.444470136389560733e-01
2.315812461417850188e-01
2.290452595977932049e-01
2.291700697380452678e-01
2.259318964185116629e-01
2.173286770343008933e-01
2.040989956380763748e-01
1.887297492969985391e-01
1.773737731668646456e-01
1.741950882085500363e-01
1.835584858709805034e-01
1.927124507774534146e-01
1.963552865311789242e-01
1.928713285837020397e-01
1.836247126321804424e-01
1.722412659901315646e-01
1.624819059953084843e-01
1.562233392285902467e-01
1.530774224825310892e-01
1.473681438102243391e-01
1.374568605835713997e-01
1.248993264339110232e-01
1.133248347233089259e-01
1.061971344519798133e-01
1.045003319869339531e-01
1.060014927641400595e-01
1.071829097991437857e-01
1.055253844160966292e-01
1.041444097057702967e-01
1.038415691667762125e-01
1.028132575505649460e-01
1.010035617725388718e-01
9.833466738575417920e-02
9.472596231554433754e-02
9.899674478933945254e-02
1.034550791086668586e-01
1.040259255521818332e-01
1.004409713136317495e-01
1.004696395322960817e-01
9.647027525285817307e-02
9.776821496812433676e-02
9.500309385898474124e-02
8.976797653321151593e-02
8.409952887995313098e-02
7.994794990106873778e-02
7.837522787550561809e-02
7.903820300935186782e-02
8.061617020242509146e-02
8.153200008433432455e-02
8.067046541357925094e-02
7.747723262160571833e-02
7.697247645428907659e-02
7.485008096399947686e-02
7.106967706773070770e-02
6.656559580625207029e-02
6.225089731229344753e-02
5.874551655165517056e-02
5.640264074226489233e-02
5.578197517105702719e-02
5.728491867447925434e-02
5.845165745878661001e-02
5.864364137469345317e-02
5.734576739055558675e-02
5.810728265275691418e-02
5.886511248448883515e-02
5.863369752481505798e-02
5.731293966753920471e-02
5.982706698267301754e-02
6.203836010207490481e-02
6.340556907167188561e-02
6.388196211450188067e-02
6.350917583745605000e-02
6.228844679954122915e-02
6.029242214924564192e-02
5.761574809426073251e-02
5.436512375447572626e-02
5.065148053389563476e-02
4.898665607827498020e-02
4.790811891675877260e-02
4.640675473079417662e-02
4.452643834302683762e-02
4.514616244350880964e-02
4.549356690363651201e-02
4.549733231048815052e-02
4.517268374046753965e-02
4.455501554087479971e-02
4.370123615928692140e-02
4.262528489179299995e-02
4.142416817622546210e-02
4.011177547629837109e-02
3.879423904383165478e-02
3.749249856468588049e-02
3.625939435645823827e-02
3.513927127148373103e-02
3.417358452525363910e-02
3.336834192407303612e-02
3.272658469533529235e-02
3.224102336385292755e-02
3.189336539822682642e-02
3.165652395139383068e-02
3.149714774155389085e-02
3.137826965546069297e-02
3.126435121996196803e-02
3.113628652365898336e-02
3.094347995252592562e-02
3.065702390310078018e-02
3.027331886584426826e-02
2.976820376888968112e-02
2.912097656725751160e-02
2.835632490553836177e-02
2.745146324888160516e-02
2.641505804759671644e-02
2.527971204225624643e-02
2.484820097385877571e-02
2.490897311715396106e-02
2.489427339498670455e-02
2.481353336988780314e-02
2.465060458807130997e-02
2.440836983523441903e-02
2.410939964643083258e-02
2.373595802609920064e-02
2.329276597648703706e-02
2.280438082960521001e-02
2.235643985374949697e-02
2.183333856751076482e-02
2.129353236262457316e-02
2.066853222955500335e-02
1.997929768510908061e-02
2.041075894956485490e-02
2.083629891307403961e-02
2.119755219053990128e-02
2.150531026190911910e-02
2.175326070254527192e-02
2.193685965470395377e-02
2.205747752704058720e-02
2.211718443656779387e-02
2.213572677031759237e-02
2.209880883079397978e-02
2.201004539990012582e-02
2.187347920038791235e-02
2.169747609750530618e-02
2.149289327083505480e-02
2.125345563554060027e-02
2.098407524233872334e-02
2.068971470002937615e-02
2.037531319489495341e-02
2.005343819389659651e-02
1.972227272686243732e-02
1.938409913657795219e-02
1.904314383392183285e-02
1.870331805437996930e-02
1.836817518028048546e-02
1.804087569471617136e-02
1.772416007616825148e-02
1.742048090065571528e-02
1.713479007773995033e-02
1.686477655786762855e-02
1.661146911213057936e-02
1.637545872637501121e-02
1.615691584832582364e-02
1.595561373070261343e-02
1.577095714532074019e-02
1.560201568136659889e-02
1.544756079587010673e-02
1.530610576292761385e-02
1.525510886584370562e-02
1.524645709736226901e-02
1.524383125796107200e-02
1.524514282702009102e-02
1.524974296564901577e-02
1.525654236079765531e-02
1.526406296393813602e-02
1.527049692165678187e-02
1.527377074506734017e-02
1.527161279147823576e-02
1.532832360169341691e-02
1.542739679930638097e-02
1.550961599072818442e-02
1.557158420249007968e-02
1.560989397684121351e-02
1.562330517627508533e-02
1.561412306035512253e-02
1.557226055800755432e-02
1.549518813835822247e-02
1.538081088029145602e-02
1.538292432322113136e-02
1.533100941862502835e-02
1.521775867830285796e-02
1.515809496639362874e-02
1.528021004949223390e-02
1.534366132289765629e-02
1.535845527147790095e-02
1.531156191165188550e-02
1.520953111756029319e-02
1.511172205262653438e-02
1.497531849260956734e-02
1.476048322848609248e-02
1.446761443633423107e-02
1.410054838646622802e-02
1.384935838965753278e-02
1.405951273468355155e-02
1.418640997899079347e-02
1.423360288389057503e-02
1.421078748864582075e-02
1.410953245935515042e-02
1.394066652467502825e-02
1.370952890937554396e-02
1.341518178625718781e-02
1.307213890024057183e-02
1.268361613176423319e-02
1.225365350702858555e-02
1.180916606899035451e-02
1.155197713032136454e-02
1.126880650534767096e-02
1.100545696053000302e-02
1.080673084880654292e-02
1.060168808833690003e-02
1.039214124978745865e-02
1.017830692365420155e-02
1.023815487242688872e-02
1.030020932791530716e-02
1.034568940376037055e-02
1.037507821602432455e-02
1.038894099962314570e-02
1.038791553753228188e-02
1.037270255756688950e-02
1.034405620074103048e-02
1.030277465611170382e-02
1.025193354184040367e-02
1.019162581481074248e-02
1.012108477283111575e-02
1.004119029296143308e-02
9.952826173136253285e-03
9.856873119472961409e-03
9.754202277252068537e-03
9.645669324516745885e-03
9.532109141076005460e-03
9.414331056799386116e-03
9.293114678095449471e-03
9.169206284428551082e-03
9.043315782004044540e-03
8.916114197100505345e-03
8.789242695127250093e-03
8.662749095618102815e-03
8.536552869187382861e-03
8.411161442640070762e-03
8.287038394456047730e-03
8.164603558291022231e-03
8.044233470200822314e-03
7.926262125552887422e-03
7.810982013510402167e-03
7.698645395302417156e-03
7.589465794793972056e-03
7.483619669426272610e-03
7.381248231779310998e-03
7.282459393357057671e-03
7.187329802671877862e-03
7.095906952837857141e-03
7.008211333901304477e-03
6.924238608821292953e-03
6.843961792142120096e-03
6.767333413328123840e-03
6.694287648354493511e-03
6.624742404260672984e-03
6.558601344489803711e-03
6.495755843488347503e-03
6.436086860600881941e-03
6.379466726422020062e-03
6.325760834036465476e-03
6.274829230681558921e-03
6.226528106248892767e-03
6.180711176023704484e-03
6.137230956221824407e-03
6.095939932094955778e-03
6.056691619518821124e-03
6.019341521073549861e-03
5.983747979158404728e-03
5.949772928952849413e-03
5.917282554431033473e-03
5.886147851534798831e-03
5.856245102653765203e-03
5.827456267224724075e-03
5.799669292829445072e-03
5.772778352137439978e-03
5.746684011077590401e-03
5.721293332714882246e-03
5.696519922647562233e-03
