1.204293386216106626e-01
1.206623296706402920e-01
1.239835293910771519e-01
1.215750861569402375e-01
1.225817297966282637e-01
1.243493278494365167e-01
1.276664927123382920e-01
1.328583550675473124e-01
1.489453242390868792e-01
1.954403449609290466e-01
1.624272844136468996e-01
1.910323653566032287e-01
2.799796488258501914e-01
2.410513822745999624e-01
2.296358108852530888e-01
2.491715430156695443e-01
3.314442417642781136e-01
3.823427926166448887e-01
3.254311024490409987e-01
3.160625455639537451e-01
3.377428133529278842e-01
3.475856918869428824e-01
3.415332874133783503e-01
4.060404406034199276e-01
3.728324528264855831e-01
3.770399759737248502e-01
4.275241400255112012e-01
4.076797887703878520e-01
5.068613300081675765e-01
6.434057229905818520e-01
4.742378169862594417e-01
4.079521035908914572e-01
3.452660739448018545e-01
3.536769752197217453e-01
3.030679313668495078e-01
2.952321119797966520e-01
2.687956312483025245e-01
2.972187586840002171e-01
3.157438697748425893e-01
2.936338220862580450e-01
2.656601797144155230e-01
3.203333309291168107e-01
3.136200705822388413e-01
3.033679000994897179e-01
3.111256676552184852e-01
3.189453981029353180e-01
3.026320611741734612e-01
2.575415738261145338e-01
2.705962156428337595e-01
2.825538010021111934e-01
2.885158899752687245e-01
2.920707986240411724e-01
2.986872033871227350e-01
3.088228319100825847e-01
3.148626532089729979e-01
3.162203747189240577e-01
3.137555264349033424e-01
3.062553197616893486e-01
3.523447859690591599e-01
3.589132456751288891e-01
3.495675924308860871e-01
3.233039601310705446e-01
3.165338944343742966e-01
3.770250022705692872e-01
4.438452751143909247e-01
4.769839787708191059e-01
4.531470803257069968e-01
4.060182417848125502e-01
3.942408937348877429e-01
4.083567081448547520e-01
4.296166289685647288e-01
4.591994602859064689e-01
4.887483454239247016e-01
5.214027850629174843e-01
5.554867378544020573e-01
5.835035715421396096e-01
5.979282692861237480e-01
5.995714694087742602e-01
6.308549593373793396e-01
6.380424428433312256e-01
6.433211680921805398e-01
6.828221082533809660e-01
6.976874960734739117e-01
6.865728623557521004e-01
6.523734431557201008e-01
6.053397783949627797e-01
7.275749660194154034e-01
8.018823684432497823e-01
8.448122177622500173e-01
8.577222456007126405e-01
8.634844814890912934e-01
8.675297605306457882e-01
8.745927051274711150e-01
8.953883261550121819e-01
8.794583909020551316e-01
8.210559129820486080e-01
7.482889025329139132e-01
7.061037811757681082e-01
7.019945501942208566e-01
6.928182973275148759e-01
6.462775918558382182e-01
6.075081925740936084e-01
6.167410935465882371e-01
5.996896206264357154e-01
5.623606970840540065e-01
5.035388723701932356e-01
4.422293697831979342e-01
3.829395842646620696e-01
3.380664037090303498e-01
3.141303365985907980e-01
3.105241707810189045e-01
3.153586988777360989e-01
3.224967816073762150e-01
3.249103482060775039e-01
3.200650989204109620e-01
3.079769430968016808e-01
2.903559759666070050e-01
2.696210680426407991e-01
2.521910799136116710e-01
2.350913816764113595e-01
2.237604308363267680e-01
2.177672430680960003e-01
2.111007738220524454e-01
2.041911947101630043e-01
1.978477090666529714e-01
1.926501721364250463e-01
1.910571971839443994e-01
1.961112532574639800e-01
1.991827869636904891e-01
1.990658804348208188e-01
1.949214405754635948e-01
1.898006685916519276e-01
1.812658139897322940e-01
1.810465276473737783e-01
1.774253418342453259e-01
1.721644932113878257e-01
1.740119137508170100e-01
1.721711459676779632e-01
1.662240998730285524e-01
1.569406417502147155e-01
1.576867227356319456e-01
1.579301281727698569e-01
1.571350179629464605e-01
1.553368386712668525e-01
1.525927727025115366e-01
1.489795539421646109e-01
1.445884756556598816e-01
1.395206246866924349e-01
1.338829773856305416e-01
1.277844882741043242e-01
1.224156916948060669e-01
1.199528088023150280e-01
1.171737050401348151e-01
1.146477591021720505e-01
1.172400020348150496e-01
1.208229630851338499e-01
1.220281215519842394e-01
1.211433814295137107e-01
1.184608265740341726e-01
1.142916807452841466e-01
1.090383030162081074e-01
1.029765347963432914e-01
9.644373215421873924e-02
9.316924719983274428e-02
9.210337059872830689e-02
9.042822338148497063e-02
8.830138321477364050e-02
8.589074562213894204e-02
8.347762267066077824e-02
8.106834050038999595e-02
7.885068830815240848e-02
7.682770007421417524e-02
7.499350845701666102e-02
7.339475293582969906e-02
7.193047221958001614e-02
7.051433732895447115e-02
6.914519161240040290e-02
6.766679332910499611e-02
6.604312804766795941e-02
6.419289610091229170e-02
6.439225586278221614e-02
6.541376876716872846e-02
6.628923559159613510e-02
6.697359401852925886e-02
6.740523692273248102e-02
6.755392417061985288e-02
6.739832130594836102e-02
6.692551348665501387e-02
6.612949745107934985e-02
6.500970027953041630e-02
6.356910045852588731e-02
6.181282951061919245e-02
5.974904270361881820e-02
5.739051335953307409e-02
5.475573512875700488e-02
5.477509308404325539e-02
5.489364841706389359e-02
5.476182046824522309e-02
5.443483527189329346e-02
5.390929760610040089e-02
5.316177096634568111e-02
5.218849051411237477e-02
5.099727639773973809e-02
4.997429617580390754e-02
4.981802939738733116e-02
4.896636800643187210e-02
4.746090864477720689e-02
4.540983891688592927e-02
4.302581022370027125e-02
4.301896442521330188e-02
4.271604504863362600e-02
4.218960026606517755e-02
4.141840729841216040e-02
4.046975043091659285e-02
3.934219116828960999e-02
3.810153900787479481e-02
3.674543881965540437e-02
3.577686823455747400e-02
3.487841536200723264e-02
3.396586574128705738e-02
3.303931675609131369e-02
3.210911841267045236e-02
3.118216363399400545e-02
3.025158801477152368e-02
2.997111259040034781e-02
2.988286309343774969e-02
2.976068290396683899e-02
2.960626972325977602e-02
2.942137137789560195e-02
2.920936289987371634e-02
2.898507734189925342e-02
2.873509446436661383e-02
2.846120681411029238e-02
2.816520007776769641e-02
2.784884389783203254e-02
2.752345040196548659e-02
2.718480138581960345e-02
2.683025807196987370e-02
2.646145387036295815e-02
2.607997712959118919e-02
2.568736693469467203e-02
2.529208411357660932e-02
2.489164255466200931e-02
2.448370921870682282e-02
2.466222403301211383e-02
2.500191122725577836e-02
2.530800241733213371e-02
2.557519620845407488e-02
2.579925443335662205e-02
2.597697360856957363e-02
2.610614169379531918e-02
2.618683650763639278e-02
2.622826486526536743e-02
2.621999154718782088e-02
2.616297446567839025e-02
2.605882095272263332e-02
2.590970482836392821e-02
2.572962037804522525e-02
2.551068187429169493e-02
2.525530781439524683e-02
2.496704568484002171e-02
2.464962601825438152e-02
2.431222020944646262e-02
2.395704460497872362e-02
2.358355066754383444e-02
2.319555216530725869e-02
2.279676473250387067e-02
2.239076398479147162e-02
2.198094954943670756e-02
2.157059630133241479e-02
2.116672612509036891e-02
2.076723850933083482e-02
2.037462473332350352e-02
2.024490573042128302e-02
2.012374621273114658e-02
1.996077512681307398e-02
1.976438714674284489e-02
1.953732369448180767e-02
1.928414055045523517e-02
1.901288438914482473e-02
1.872099822349029483e-02
1.842156679161464916e-02
1.811073650037518107e-02
1.779112564942653477e-02
1.747298874912987451e-02
1.715029603573970524e-02
1.682482237740663689e-02
1.650392612619663510e-02
1.618270085079544576e-02
1.589675197050149577e-02
1.576632402393692359e-02
1.564601376632096530e-02
1.553464250086216726e-02
1.543101161962327772e-02
1.533391633351506057e-02
1.524215836734437411e-02
1.515455758153347668e-02
1.506996249786972386e-02
1.498725972055090297e-02
1.490538225646585724e-02
1.482331674936274851e-02
1.474010965323508879e-02
1.470025667412659491e-02
1.482203385518648074e-02
1.493340359658904166e-02
1.503856635731335052e-02
1.513003174567634224e-02
1.520616260569229369e-02
1.526537811685932736e-02
1.530857719894443240e-02
1.533697709674637123e-02
1.534448184747408926e-02
1.533000314760821041e-02
1.529404114085767923e-02
1.524088756902923503e-02
1.516362892518039948e-02
1.506196106954156913e-02
1.493740905496406847e-02
1.479456575050509468e-02
1.462756208377649983e-02
1.443694756110644288e-02
1.422429229585227793e-02
1.399586978588994099e-02
1.374637126531841162e-02
1.347708192369953366e-02
1.318944345283043322e-02
1.288789695543429530e-02
1.265224914575625338e-02
1.270773743543023200e-02
1.275986410628644242e-02
1.280825328007921537e-02
1.285255795084961315e-02
1.289246048260628968e-02
1.292767290587840644e-02
1.295793702551063971e-02
1.298302435336808058e-02
1.300273587970837176e-02
1.301690169537869472e-02
1.302616499898798241e-02
1.303137394681046224e-02
1.303072140610924551e-02
1.302414032493096584e-02
1.301158923590226349e-02
1.299305127923715796e-02
1.296853315977408369e-02
1.293806404766967462e-02
1.290169443429130432e-02
1.285949495064514503e-02
1.281155515918829327e-02
1.275798232584843261e-02
1.269890018097850903e-02
1.263444767570539966e-02
1.256477774081059089e-02
1.249005605412166139e-02
1.241045982188685934e-02
1.232778049211680736e-02
1.224138264849385094e-02
1.215063246584633348e-02
1.205573873951602294e-02
1.195691637024697690e-02
1.185438531389249907e-02
1.174836956996224042e-02
1.163909621052646760e-02
1.152679445190242166e-02
1.141169476966479024e-02
1.129402805882873465e-02
1.117402483904713154e-02
1.105191450593628888e-02
1.092792462877269395e-02
1.080228029379949259e-02
1.067520349384700092e-02
1.054691256305019358e-02
1.041762165639957376e-02
1.028754027336415029e-02
1.015687282442626939e-02
1.002581824005785785e-02
9.894569619793031762e-03
9.763596845087244361e-03
9.633409634120468704e-03
9.503496433455042858e-03
9.374026019463280526e-03
9.245160242009600390e-03
9.117053880720527720e-03
8.989854532460581082e-03
8.863702528052543744e-03
8.738730877163796568e-03
8.615065239420393109e-03
8.492823920403080179e-03
8.372117890928823872e-03
8.253050827951535079e-03
8.135719175644299042e-03
8.020212225516113250e-03
7.906612213201340625e-03
7.794994431855686162e-03
7.685427359423833461e-03
7.577972799388666032e-03
7.472686033096245448e-03
7.369615983244101956e-03
7.268805386014716430e-03
7.170290972314466958e-03
