1.997828240477059758e-01
2.003136193658960340e-01
2.026054633941211658e-01
2.018416269565017351e-01
2.080786763409681051e-01
2.124766152505639105e-01
2.309484002950757953e-01
4.353350359478265208e-01
3.493920180855178415e-01
2.955477727058866133e-01
3.387362221591230793e-01
3.309056815542197882e-01
3.755805107975361268e-01
4.231540297009804830e-01
6.076815914941876562e-01
4.049149170344065740e-01
4.325234979495956034e-01
3.906576015499403920e-01
4.121125255862579939e-01
4.474821442320244813e-01
5.100735866822048159e-01
5.250672995408356414e-01
4.888110426676646192e-01
5.715158449292843112e-01
5.939226042678147355e-01
6.914974822972856927e-01
5.838357262875037978e-01
7.571873569994951314e-01
7.486308293384799084e-01
8.199230871985081492e-01
8.907439974998423438e-01
1.051624321812239415e+00
7.785465124590141839e-01
9.719644004123262349e-01
1.002003789002105405e+00
1.070942627131418856e+00
1.037553930871149888e+00
1.098247412246732280e+00
1.072232927954086312e+00
1.279312151090816529e+00
1.311674715127128410e+00
1.505856531323170877e+00
1.901067301983189850e+00
1.634167535349425160e+00
2.091587412302716942e+00
1.949147311993835618e+00
1.543972684787727756e+00
1.228142093653224798e+00
1.118211304783127913e+00
1.098425077000239503e+00
1.083864338564050289e+00
1.014130900728507534e+00
1.000229203527798871e+00
9.672401666791036190e-01
8.686454685287624544e-01
7.260059854787812572e-01
7.311140267034654805e-01
6.771290393426860899e-01
6.419277398522419409e-01
5.879752273051939149e-01
5.546815601190652201e-01
4.955772838460661411e-01
4.089060929487392526e-01
3.891471679130354966e-01
3.968158972265273254e-01
4.173730008868305474e-01
4.148043818921987591e-01
4.123802442598112350e-01
3.655723802574842862e-01
3.284579359563863932e-01
3.178995737133482602e-01
3.082078473316002265e-01
2.961859418554445011e-01
2.795838431907107791e-01
2.600909141246043887e-01
2.753491619016210645e-01
2.557392818534578449e-01
2.435479656580190055e-01
2.432373516673242420e-01
2.349788823589196440e-01
2.072513706747425299e-01
2.106269426804632250e-01
2.120779219118656134e-01
2.005144425033433819e-01
1.904357443069620848e-01
1.844589378725075002e-01
1.840842250762944610e-01
1.845675139947443866e-01
1.704099983989935396e-01
1.704910229485576412e-01
1.611162141390980740e-01
1.441661062755729972e-01
1.280432353755034669e-01
1.155319724383982727e-01
1.047247139333757626e-01
9.722041498578454233e-02
9.338802657401136520e-02
9.252393644559298025e-02
9.323786093149870335e-02
9.430373778292999720e-02
9.481880387234993546e-02
9.429447365111826018e-02
9.293008382501866116e-02
9.062393413556883714e-02
8.772103863353919451e-02
8.431589318174080583e-02
8.042129116441867898e-02
7.634040312094121650e-02
7.194525856007320808e-02
6.898929088758581907e-02
6.627344696373904664e-02
6.347227607742979283e-02
6.505222521557627036e-02
6.653748626590418047e-02
6.719480716674954002e-02
6.717687128447415168e-02
6.677661205829429902e-02
6.623590090302643174e-02
6.551052626075472285e-02
6.468055012334472664e-02
6.360027467609766227e-02
6.203423326285131822e-02
6.001331427655721279e-02
5.721947046501703327e-02
5.378358199079468632e-02
5.152917390429703759e-02
5.091151953862894930e-02
5.008531047552185200e-02
4.932801770741578745e-02
4.736030871118269286e-02
4.448468598607945718e-02
4.199664787034453756e-02
3.970613991485622690e-02
4.018000389549820223e-02
4.032247507153913224e-02
4.013123962759596042e-02
3.970763926442408970e-02
3.899469911763237678e-02
3.803487161025467800e-02
3.688175862422871099e-02
3.564015000296912039e-02
3.432145015760506429e-02
3.297537452686214593e-02
3.319830946737230282e-02
3.422178284243916624e-02
3.513687532328225310e-02
3.584449425135256828e-02
3.634784507380724866e-02
3.662382575371864180e-02
3.669470447492284571e-02
3.661163249849386236e-02
3.642272262393114746e-02
3.615952414144819188e-02
3.588644690239532059e-02
3.577755701688968559e-02
3.571770350020614382e-02
3.539310311773912615e-02
3.470256753508924735e-02
3.363564727866063392e-02
3.237637405387992773e-02
3.079847649329855649e-02
2.870112731506084883e-02
2.769220665944991180e-02
2.646330357933448021e-02
2.711720414801159149e-02
2.810883549178781401e-02
2.881589255132102970e-02
2.922929787349606498e-02
2.935689082383175982e-02
2.922859009605730321e-02
2.891834649949432193e-02
2.841385146558635805e-02
2.775937295632299739e-02
2.699983649275206413e-02
2.617780737883900269e-02
2.533116728531467979e-02
2.449155265408143115e-02
2.369004288919306436e-02
2.294203732698146120e-02
2.225015663388452136e-02
2.161980687715188421e-02
2.105142337474806905e-02
2.054167632072128463e-02
2.008471106582805296e-02
1.967332707375670994e-02
1.930002359326015576e-02
1.895786376908427731e-02
1.864113051569220997e-02
1.834576595813812092e-02
1.806960113906496551e-02
1.781239396067435532e-02
1.757570122670774893e-02
1.736261558594642124e-02
1.717740062708548315e-02
1.702505781837527696e-02
1.691085784811910755e-02
1.683986658192138802e-02
1.681649261424718322e-02
1.684554714755326713e-02
1.693035915157377336e-02
1.706762942848403380e-02
1.725546704733633280e-02
1.749004441837164608e-02
1.776561556999861624e-02
1.807462279440150144e-02
1.840788396903660085e-02
1.875484986988908143e-02
1.911093728718751134e-02
1.946035905146433972e-02
1.978918840970809306e-02
2.008479549209707740e-02
2.033495860468699512e-02
2.052823838420706273e-02
2.065432153763803805e-02
2.070432285438344316e-02
2.067103638680278799e-02
2.054912911045557108e-02
2.035570922304830513e-02
2.007264180601338668e-02
1.969655173334653245e-02
1.922992347422339265e-02
1.867718045760929230e-02
1.804453425543702319e-02
1.759580717809290651e-02
1.771399388900630686e-02
1.771855912453572379e-02
1.758169310729847112e-02
1.732176424047337029e-02
1.694714904724386323e-02
1.668636558229529346e-02
1.633758429803371798e-02
1.590788581832753776e-02
1.565831990191616369e-02
1.528329344433565495e-02
1.481331400364883227e-02
1.424038864535475193e-02
1.385870236949883309e-02
1.344261518674607324e-02
1.300085421170027455e-02
1.255390095434032009e-02
1.256296108933749149e-02
1.255201125073315653e-02
1.252856529224898562e-02
1.248715396175661095e-02
1.242741504434753154e-02
1.235012370885111253e-02
1.225612969149279981e-02
1.214634630436409526e-02
1.202173964495048542e-02
1.188331810348571341e-02
1.173212225284767270e-02
1.157205244514489771e-02
1.140450720143779302e-02
1.122705817024583982e-02
1.104077858924928067e-02
1.084673347255518325e-02
1.064597275683200513e-02
1.043952509319256289e-02
1.022839228779389396e-02
1.001354438616729875e-02
9.795915390678455389e-03
9.576399594364131893e-03
9.355848510075263219e-03
9.135068369021427659e-03
8.915687668241249059e-03
8.698808012521304020e-03
8.483544663590483759e-03
8.270521082619917280e-03
8.060310843282861293e-03
7.853437762883726247e-03
7.650376375812220284e-03
7.451552715380871904e-03
7.323727006350148200e-03
7.287746779039348116e-03
7.247804923965318370e-03
7.205460221855336522e-03
7.160747371264635647e-03
7.209203918574940036e-03
7.286209321082991013e-03
7.343390656604304768e-03
7.380369460212467432e-03
7.397148156136875222e-03
7.394074771688492233e-03
7.371804363058599707e-03
7.331258337348912045e-03
7.273582756397080178e-03
7.200106598240011736e-03
7.112300833044335989e-03
7.046817780052045885e-03
7.066679166884138642e-03
7.076545463488959076e-03
7.074003917983751229e-03
7.059819882154662850e-03
7.034851839790517460e-03
7.000029462062828597e-03
6.956332788762295896e-03
6.904772762343398471e-03
6.846373291531855296e-03
6.782154971984172276e-03
6.713120547948444802e-03
6.640242158061573571e-03
6.564450373457669623e-03
6.486625004062170942e-03
6.407587622718043108e-03
6.328095733758983855e-03
6.248838494712040913e-03
6.170433884140132108e-03
6.093427199608042119e-03
6.018290760289011360e-03
5.945424685993227869e-03
5.875158621343468113e-03
5.807754275461680417e-03
5.743408649463061649e-03
5.682257829201269733e-03
5.624381225935080886e-03
5.569806154905220658e-03
5.518512649627892869e-03
5.470438418164112922e-03
5.425483856373952696e-03
5.383517042484324208e-03
5.344378646163923038e-03
5.307886694448512091e-03
5.273841145480490100e-03
5.242028229531785211e-03
5.212224524566814142e-03
5.184200741361764432e-03
5.157725199689520285e-03
5.132566983617122512e-03
5.108498769798834431e-03
5.085299327720888343e-03
5.062755694719379626e-03
5.040665033872402875e-03
5.018836184604023518e-03
4.997090920007749709e-03
4.975264926069178882e-03
4.953208520731305041e-03
4.930787131045419151e-03
4.907881548879371864e-03
4.884387984563584757e-03
4.860217939811243594e-03
4.835297920051711586e-03
4.809569006134426818e-03
4.782986305207487243e-03
4.755518299960103876e-03
4.727453529564331139e-03
4.698683588137346490e-03
4.668998960163101529e-03
4.638411918222044676e-03
4.606944030007659521e-03
4.574625245488179830e-03
4.541492982713155914e-03
4.507591222232522343e-03
4.472969619185118359e-03
4.437682640786060582e-03
4.401788735650538111e-03
4.365349540470431569e-03
4.328429128717605108e-03
4.291093304841801272e-03
4.253408946664523869e-03
4.215443397854743215e-03
4.177263911738123003e-03
4.138937146601313205e-03
4.100528712929013553e-03
4.062102771188689024e-03
4.023721679767621601e-03
3.985445691079803412e-03
3.947332693990088064e-03
3.909438000724752178e-03
3.871814175619390890e-03
3.834510903170531594e-03
3.797574892828251177e-03
3.761049817638349203e-03
3.724976283998798505e-03
3.699892739978728664e-03
3.682092984832941417e-03
3.664521331625356093e-03
3.647176007895987053e-03
3.630055162302887797e-03
3.613156870341426279e-03
3.596479139900883928e-03
3.580019916480798627e-03
3.563777088340371220e-03
3.547748491134880468e-03
3.531931912655263735e-03
3.516325097134990422e-03
3.500925749376653830e-03
3.485731538752673275e-03
3.470740102998082655e-03
3.455949051757213359e-03
3.441355970006246007e-03
3.426958421362040659e-03
3.412753951021613597e-03
3.398740088849407353e-03
3.384914351986691682e-03
3.371274247666097758e-03
3.357817275536398305e-03
3.344540930075776825e-03
3.331442702835747498e-03
3.318520084573955194e-03
3.305770567184377999e-03
