1.525733386323763485e-01
1.516577729559310528e-01
1.528335852640947956e-01
1.552878076400163732e-01
1.560869444426202235e-01
1.626920581313928971e-01
1.933381001318452419e-01
2.031132847653843443e-01
1.869377480820381132e-01
1.950147717205706344e-01
2.658881513675961927e-01
3.626560392328579407e-01
3.378211383016883063e-01
3.055113155872666852e-01
3.716405771539540437e-01
3.162597949676870246e-01
3.757028321357516742e-01
4.750398554064910184e-01
4.136651884035209559e-01
5.071750643391371716e-01
5.564432436228323731e-01
7.496572132733569926e-01
5.261868809149549131e-01
4.536784609251228728e-01
4.639492530597318365e-01
4.396149059818743599e-01
3.907054095227525670e-01
3.675761424984199111e-01
2.933416345993103969e-01
3.038447903727306554e-01
4.107573472874526677e-01
3.842596724776188299e-01
3.079314771418408814e-01
3.153636612645437931e-01
3.126995342353712792e-01
3.315049855684220059e-01
3.625571408889618485e-01
4.368042699690120045e-01
4.783492190762973495e-01
4.340601414326121232e-01
4.394765101920148909e-01
4.635705718643624018e-01
4.896444813467031310e-01
4.529503470825019806e-01
4.624546375850575597e-01
4.907671955611632719e-01
5.283913092286809388e-01
5.422148888978475245e-01
4.986153225675666323e-01
5.090327105371414973e-01
5.425968843313327961e-01
5.600761934791804730e-01
5.661975749629343246e-01
5.682731561171593393e-01
5.726775831590544819e-01
5.795259607380629507e-01
5.881955545911200511e-01
6.175601988160576150e-01
6.532713705423434103e-01
6.975184980463607909e-01
7.469384931001847860e-01
7.928830924568707195e-01
8.238422658677030386e-01
8.739313839523272787e-01
9.667337072561221767e-01
1.045584192380569322e+00
1.065020927767755365e+00
1.022214676961576307e+00
9.363151103333969827e-01
8.306090200306897042e-01
7.382260375273353992e-01
6.649577062572145092e-01
5.947916271873328053e-01
6.937350124981169763e-01
6.934299339906283555e-01
6.156975903353942847e-01
5.228672664289502059e-01
4.837694933493388305e-01
5.005128975020600723e-01
5.111367640179771410e-01
4.763910728574199394e-01
4.148032468124069339e-01
3.534612793067434811e-01
3.488371554607384017e-01
3.406991138922778051e-01
3.288136217708222953e-01
3.136042240312534868e-01
2.957468129606380947e-01
3.162468291182549129e-01
3.185764872084908550e-01
3.182546309200703916e-01
3.024655072283164992e-01
2.749444283144400480e-01
2.433042557935155004e-01
2.154614793046826515e-01
2.012923160138215817e-01
1.933805164020775680e-01
1.914299440782505080e-01
1.982427393490655554e-01
2.135734996043862632e-01
2.230542459339952821e-01
2.225234713723547308e-01
2.274172262289567981e-01
2.228354731523817522e-01
2.060181391553324026e-01
1.796136604381693425e-01
1.487691022398291152e-01
1.389207360324203333e-01
1.348992366845115920e-01
1.307033347309923266e-01
1.260806586364875137e-01
1.212954099945855319e-01
1.162029656117996024e-01
1.129313358188594046e-01
1.122760076829599912e-01
1.113975518582132618e-01
1.102177646108897513e-01
1.088894046964116041e-01
1.072300081249875359e-01
1.054888396896208197e-01
1.034617303292394014e-01
1.012832752877691617e-01
9.894542407976029963e-02
9.636866891716680539e-02
9.375981798323429484e-02
9.096238386675294108e-02
8.798503524390335895e-02
8.501035778197101045e-02
8.189765109706712010e-02
7.866195509872370151e-02
7.538495660687616340e-02
7.209477092983712643e-02
7.220981007196117241e-02
7.375288152485739990e-02
7.445296939059586894e-02
7.465545205236820414e-02
7.308366153385617570e-02
6.959092465655819515e-02
7.109577676569116267e-02
7.368722600807038614e-02
7.542448688946408464e-02
7.617614583259933736e-02
7.586184282539368273e-02
7.445142201995769149e-02
7.204293862606499232e-02
6.935560791352077259e-02
7.063137200140617855e-02
7.028203480777302226e-02
6.925044223319343217e-02
6.822103799575995886e-02
6.638863416752441293e-02
6.380996718332318518e-02
6.108640097240830569e-02
6.035964962121790484e-02
5.942904557362036627e-02
5.822820588429392791e-02
5.688499364991753127e-02
5.564210671472433201e-02
5.516823740253271047e-02
5.444062362953269729e-02
5.348919424958828439e-02
5.235493453559601079e-02
5.102232693540038194e-02
4.957110592595661419e-02
4.798808851629579597e-02
4.631013405743328315e-02
4.459754604796578592e-02
4.283227286397805339e-02
4.104679696812994077e-02
3.930439826593437602e-02
3.759326572916943388e-02
3.593106730407741312e-02
3.433696976816727475e-02
3.282660390689329244e-02
3.141219077619313710e-02
3.010272489245239061e-02
2.890420165546299380e-02
2.781987720472222508e-02
2.685054997896449760e-02
2.599485442531260238e-02
2.524955853342684964e-02
2.460985811162185941e-02
2.417599519667579591e-02
2.380900239756698553e-02
2.341770831499757899e-02
2.300532178662852492e-02
2.275173054527110383e-02
2.259058350824970363e-02
2.247920742333575292e-02
2.240897768433781218e-02
2.237156929764420876e-02
2.235905531683776704e-02
2.236398516958145594e-02
2.237944438653646784e-02
2.239909737574582657e-02
2.241721496146502693e-02
2.242868843262832770e-02
2.242903182984445215e-02
2.241437415110665229e-02
2.238144308020049295e-02
2.232754174683267839e-02
2.225051991666676318e-02
2.214874089143192143e-02
2.202104527350870478e-02
2.187679903832458195e-02
2.170852341571996233e-02
2.151331299108766998e-02
2.129143184768948760e-02
2.104343263840589839e-02
2.082558971322077263e-02
2.114791008261283564e-02
2.139088415883014932e-02
2.155266588943109338e-02
2.163627099321741368e-02
2.162668164229581899e-02
2.153249081107388649e-02
2.134798177312154099e-02
2.108143178496584003e-02
2.072175519281330841e-02
2.029824905306861979e-02
1.978920635751900414e-02
1.921061239859393061e-02
1.915690273118720449e-02
1.922926199200734182e-02
1.924620711734651574e-02
1.922214882664519120e-02
1.915377325782830972e-02
1.903528864974124435e-02
1.888315124446532031e-02
1.869094384327845554e-02
1.845575328581132782e-02
1.818713208909890008e-02
1.789201571184692585e-02
1.756200877901608129e-02
1.720021515533720624e-02
1.681864726695318432e-02
1.641679554469551577e-02
1.599149911797891760e-02
1.554580209066582473e-02
1.508648859946917949e-02
1.461970959543274114e-02
1.446249776467590543e-02
1.445701484818025587e-02
1.444641614798658318e-02
1.443083336240989778e-02
1.441040411177512900e-02
1.438527077265243717e-02
1.435557942744671196e-02
1.432147892153072533e-02
1.428312002033333902e-02
1.424065465868285148e-02
1.419423527552656460e-02
1.414401422670218123e-02
1.409014326967161605e-02
1.403277311350350359e-02
1.397429171753806348e-02
1.391355368730845705e-02
1.384969003628727310e-02
1.378284252470055038e-02
1.371315063352223154e-02
1.364075137902194361e-02
1.356577915970855024e-02
1.348836563231418928e-02
1.340863961357748914e-02
1.332672700456190296e-02
1.324521259845165902e-02
1.316201226223608425e-02
1.307690928813203847e-02
1.299001776346407275e-02
1.290144883868091057e-02
1.281131072991958421e-02
1.271970873033316171e-02
1.262674522906030369e-02
1.253387637290704487e-02
1.244081022039871323e-02
1.234659944304210451e-02
1.225133594351425839e-02
1.215510894094743582e-02
1.205800500931208073e-02
1.196010811767963047e-02
1.186149967204086671e-02
1.176225855818701163e-02
1.166307963923494950e-02
1.156468243788761306e-02
1.146580846676520382e-02
1.136652809515621872e-02
1.126690941101239803e-02
1.116701826217063147e-02
1.106691829738964093e-02
1.096667100691303166e-02
1.086633576290983554e-02
1.076596985929378913e-02
1.066562855116214015e-02
1.056536509372976371e-02
1.046523078078567641e-02
1.036527498263272937e-02
1.026585408068778592e-02
1.016764511901234978e-02
1.006970003064969199e-02
9.972062067233611327e-03
9.874772734457661766e-03
9.777871825930194508e-03
9.681397457415955379e-03
9.585386100323268349e-03
9.489872615098284697e-03
9.394890284426056851e-03
9.300470846023865465e-03
9.206644525404837631e-03
9.113440068273434211e-03
9.020884772833626802e-03
8.929004521874816733e-03
8.837823814627662061e-03
8.747365798552161897e-03
8.657652300870630549e-03
8.568703859957232591e-03
8.480539756553497413e-03
8.393178044815227321e-03
8.306635583180982385e-03
8.220928065090589779e-03
8.136070049463341863e-03
8.052074991008854182e-03
7.968955270348507258e-03
7.886722223972394974e-03
7.805386173737333642e-03
7.724956456583888589e-03
7.645441453461410998e-03
7.566848618435538174e-03
7.489184507307438537e-03
7.412454806030048873e-03
7.336664358747832342e-03
7.261817195671402964e-03
7.187916560444975074e-03
7.114964937412168386e-03
7.042964078227203877e-03
6.971915028505842188e-03
6.901818153679436033e-03
6.832805374253301915e-03
6.764768771566907583e-03
6.697666414367324864e-03
6.631496839147666897e-03
6.566258010212621711e-03
6.501947343364299775e-03
6.438561729391988411e-03
6.376097556990695595e-03
6.314550735218265980e-03
6.253916715600594395e-03
6.194190513726118529e-03
6.135366730403365998e-03
6.077439572290186179e-03
6.020402872243375836e-03
5.964250108907632845e-03
5.908974426068400176e-03
5.854568651514769316e-03
5.801025315343178237e-03
5.748336667727892667e-03
5.696494696454471214e-03
5.645491143670414852e-03
5.595317522551489751e-03
5.545965133023676198e-03
5.497425077467589863e-03
5.449688275625027417e-03
5.402745479317450777e-03
5.356587286416523638e-03
5.311204154659762353e-03
5.266586414762726952e-03
5.222724283295647127e-03
5.179607874972493899e-03
5.137227214549657840e-03
5.095572248374972968e-03
5.054632855400241834e-03
5.014398857876156169e-03
4.974886643287101951e-03
4.936125123954824244e-03
4.898039542224036369e-03
4.860619400431940261e-03
4.823854199977615012e-03
4.787733449289726696e-03
4.752246671618999031e-03
4.717383412465686945e-03
4.683133246518761915e-03
4.649485784497473136e-03
4.616430679449468402e-03
4.583957632873612506e-03
4.552056400461620099e-03
4.520716797556697045e-03
4.489928704302236125e-03
4.459682070579958080e-03
4.429966920577885214e-03
4.400773357103720911e-03
4.372091565737292775e-03
4.343911818554093210e-03
4.316224477800109822e-03
4.289019999159385255e-03
4.262288934913049249e-03
4.236021936794907676e-03
4.210209758706217990e-03
4.184843259110511415e-03
4.159913403416676259e-03
4.135411265933581874e-03
4.111328031840470396e-03
