1.717608228205087240e-01
1.713137333931480100e-01
1.733329727591388647e-01
1.728130369102033326e-01
1.757420643366371660e-01
1.779100495560992368e-01
1.935252905233487697e-01
2.256966982217703810e-01
2.380771436267309915e-01
3.194070187729974308e-01
2.881095394587659952e-01
3.491384475731804105e-01
2.905580976042612673e-01
4.007177050888556247e-01
4.464093633204239686e-01
5.301454324567865806e-01
5.247940369603413258e-01
4.705996047646311409e-01
6.504928244114578373e-01
5.949444243668821075e-01
4.981281433782712709e-01
4.149941137542145775e-01
3.975495963728526427e-01
4.132029053828113474e-01
4.085006267620923115e-01
4.168428405456934827e-01
3.916862782573904411e-01
3.514624913928383609e-01
3.599670716663575520e-01
4.118211557806015222e-01
4.507317184296172341e-01
5.407704827603848630e-01
4.731330995210316637e-01
5.227791843962429352e-01
4.391421711767141689e-01
4.632704804020446043e-01
5.441492379009086333e-01
5.674985082932203495e-01
6.197545385515565997e-01
6.804935252449906269e-01
7.659294086174366356e-01
8.310930342501682278e-01
8.336371687398409502e-01
8.913606436127998744e-01
9.885651864411335588e-01
8.984471447725285165e-01
1.019409526719920800e+00
1.183098142393615326e+00
1.290932552673064171e+00
1.295689875209775188e+00
1.154304562584293370e+00
1.054020789513082423e+00
1.132270515494560037e+00
1.296208722792947965e+00
1.541173400668596649e+00
1.656651759373853228e+00
1.393166453303114505e+00
1.508584690281100649e+00
1.409867853359242806e+00
1.275499654180510145e+00
1.136060791820423077e+00
1.043850694119133005e+00
8.778187181276494444e-01
7.592360473736164961e-01
7.503471078265404604e-01
7.285449300372393022e-01
6.929864288583205134e-01
6.492773455530072013e-01
6.272969019723545481e-01
6.197405387397277865e-01
6.200919633159455158e-01
6.065357564001536694e-01
5.774540180265965716e-01
5.332666027088669436e-01
4.830398859780470899e-01
4.316908610458571327e-01
3.888247621943615173e-01
3.680422579255024362e-01
3.607395203793488103e-01
3.610022692452661275e-01
3.580892028686769590e-01
3.219210218462458806e-01
2.996926790077341085e-01
2.756049107415675659e-01
2.517493954666468192e-01
2.413716815705060081e-01
2.441407292857329103e-01
2.484438722316312520e-01
2.449872198252652788e-01
2.318416922323340290e-01
2.175443940405539234e-01
2.058173878305136761e-01
1.916359850610905857e-01
1.775998734170700921e-01
1.658774178751437067e-01
1.572008028886902054e-01
1.519156838041461899e-01
1.496914688043850528e-01
1.496759564263079878e-01
1.507848757214333424e-01
1.521458682997673673e-01
1.532726331452160806e-01
1.535286678560443818e-01
1.527366727145950398e-01
1.537042032999015040e-01
1.514292579873011413e-01
1.445529211845023310e-01
1.358913441490699481e-01
1.263664060799903899e-01
1.211146111616817761e-01
1.120143875925255078e-01
1.051109967941701306e-01
1.005050441995693628e-01
1.045417513270998217e-01
1.064383705628079574e-01
1.061962521321517389e-01
1.039455348589225364e-01
9.991452022521121745e-02
9.439225633672888860e-02
8.769233754969586736e-02
8.830485244888686136e-02
9.086136363460035892e-02
9.254343940686177161e-02
9.242662127935739880e-02
8.983038352699489193e-02
8.838101778719094359e-02
8.399698751717828149e-02
7.740460908022678277e-02
7.442264818593012643e-02
7.431479119704750835e-02
7.356652328974634669e-02
7.206541180989776973e-02
7.012406134047420581e-02
6.803162814870120090e-02
6.599189253598612692e-02
6.423628082538593298e-02
6.291662074058966547e-02
6.213610743939070036e-02
6.183025308214355753e-02
6.189023962948872470e-02
6.214308615955863729e-02
6.237074249500994261e-02
6.242807102511547385e-02
6.206893419049815813e-02
6.107591103493190121e-02
5.943950835425933221e-02
5.694775487938414510e-02
5.371966178000600611e-02
5.132482172811886345e-02
5.328076481643172213e-02
5.461803136546840298e-02
5.538634991245701411e-02
5.543923552519329501e-02
5.484787391416383329e-02
5.362158741538936707e-02
5.177070587966205173e-02
4.943442134212652078e-02
4.664914839206556196e-02
4.348842482859160974e-02
4.298590720793728226e-02
4.249896485571238308e-02
4.242589596462315732e-02
4.242563007420031840e-02
4.219969409268260058e-02
4.170078622959397241e-02
4.096767774743326901e-02
4.010068473547916124e-02
3.908735578636599040e-02
3.795188023813467898e-02
3.673097780310824456e-02
3.547459961493237141e-02
3.421876980787552647e-02
3.295886102961004954e-02
3.212239882583801248e-02
3.248056602402785153e-02
3.245957425929636708e-02
3.218192106409108882e-02
3.163265825862674602e-02
3.090557907810587840e-02
3.002866627329188465e-02
2.902450677447786925e-02
2.796622532051562526e-02
2.684848948766978272e-02
2.569013658024715471e-02
2.451372420577476244e-02
2.335293740358933973e-02
2.240747637105585527e-02
2.213569857400037380e-02
2.184399569230842039e-02
2.153407977927988479e-02
2.120722850661177494e-02
2.086454888442886360e-02
2.050717204457945531e-02
2.013638121344236628e-02
1.975367945047275947e-02
1.936080666535678133e-02
1.895971700114796460e-02
1.855252809300576844e-02
1.814509122401580105e-02
1.773785379892867109e-02
1.734891484813709875e-02
1.710996588059891799e-02
1.712654359051279593e-02
1.726083874652214675e-02
1.735656325617578738e-02
1.742596679052966016e-02
1.746452870840939017e-02
1.747798910641712444e-02
1.747057093203461392e-02
1.744972812901368631e-02
1.742411348702668089e-02
1.738190132706941143e-02
1.732244345187165108e-02
1.724423388429660933e-02
1.714506505047834126e-02
1.703847904571684224e-02
1.690590522258964695e-02
1.674304356442049210e-02
1.654628668622282889e-02
1.631473659179867933e-02
1.605755068429332716e-02
1.575604424302009740e-02
1.540743964349109395e-02
1.539381727595295381e-02
1.542445173326166021e-02
1.544629765064406239e-02
1.545612382917749619e-02
1.545074499921448088e-02
1.543478170480152081e-02
1.545158958688018849e-02
1.548965908887628418e-02
1.546874963193547309e-02
1.538588362386652912e-02
1.525222887853065062e-02
1.506094321388299316e-02
1.480732591796838672e-02
1.450062914231871856e-02
1.414645281845629265e-02
1.403737226310544130e-02
1.405825220399325136e-02
1.405257315062420111e-02
1.401934343735719048e-02
1.395797194149603349e-02
1.386827175676042141e-02
1.375744126489855321e-02
1.362113920368297586e-02
1.345797800299659668e-02
1.326919694277613714e-02
1.305635076464886982e-02
1.282127442429469889e-02
1.256604430761828865e-02
1.229293695420151725e-02
1.200438631034063397e-02
1.170664339185084439e-02
1.150034888870289651e-02
1.155312098971658652e-02
1.159537130023883915e-02
1.162667549808864970e-02
1.164672305811146127e-02
1.165531425037398539e-02
1.165235603420666961e-02
1.163785699000061125e-02
1.161192143275125571e-02
1.157474285018533777e-02
1.152659680473495235e-02
1.146783343452272702e-02
1.139886968043568767e-02
1.132018135881717943e-02
1.123229519007235520e-02
1.113578088313633974e-02
1.103124336542391469e-02
1.092006568108649066e-02
1.080448908555721281e-02
1.068266804066235996e-02
1.055527056392893334e-02
1.042296719266174419e-02
1.028642529985650776e-02
1.014630388763751966e-02
1.000324887154902496e-02
9.857888862148214346e-03
9.710831443803212559e-03
9.562659944442563481e-03
9.413930684975337776e-03
9.265170693218338291e-03
9.116875862180164047e-03
8.969509530869125211e-03
8.823501462681212007e-03
8.679247194552897407e-03
8.537107728857467812e-03
8.397409539163767228e-03
8.260444860694771130e-03
8.126472236218013068e-03
7.995717288235821771e-03
7.868373689261586729e-03
7.744604303052937330e-03
7.624542469901645150e-03
7.508293411473628692e-03
7.395935731133172417e-03
7.287522987908434148e-03
7.183085323187160705e-03
7.082631121494307493e-03
6.986148687856773461e-03
6.893607926041028962e-03
6.804962003684858311e-03
6.720148991741627630e-03
6.639093467312139930e-03
6.561708070476367227e-03
6.487895006681691258e-03
6.417547488556120047e-03
6.350551110749245130e-03
6.287118789002216386e-03
6.237099160205500196e-03
6.187387742742471615e-03
6.138012920183975006e-03
6.089001023443365440e-03
6.040376386680381370e-03
5.992161406105747309e-03
5.944376601228839631e-03
5.897040678183516384e-03
5.850170594496782554e-03
5.803781625275998557e-03
5.761028568031100958e-03
5.725760338909476749e-03
5.692033179985120546e-03
5.659732425921401230e-03
5.628747738628071817e-03
5.598973303983652630e-03
5.570307982214435689e-03
5.542655415255807669e-03
5.515924094879220106e-03
5.490027394917899352e-03
5.464883570953517344e-03
5.440415730449742887e-03
5.416551777058053671e-03
5.393224331457078212e-03
5.370370631823126115e-03
5.347932416734080090e-03
5.325855792835948802e-03
5.304091089861321870e-03
5.282592705020433543e-03
5.261318939006333698e-03
5.240231825433150359e-03
5.219296955544549740e-03
5.198483299622981210e-03
5.177763026851039778e-03
5.157111324641962431e-03
5.136506218909469429e-03
5.115928395925664271e-03
5.095361027442931248e-03
5.074789598847801765e-03
5.054201742032990094e-03
5.033587073038554328e-03
5.012937035122793858e-03
4.992244747683426305e-03
4.971504861284799411e-03
4.950713419265890050e-03
4.929867725773053738e-03
4.908966220775507101e-03
4.888008361644121010e-03
4.866994511737166886e-03
4.845925835792960074e-03
4.824804201821962166e-03
4.803632089972334658e-03
4.782412507611148202e-03
4.761148910811663706e-03
4.739845131937668599e-03
4.718505313214711554e-03
4.697133845903071585e-03
4.675735315009757302e-03
4.654314449099146433e-03
4.632876075171587886e-03
4.611425078154681237e-03
4.589966364808392707e-03
4.568504831924354199e-03
4.547045338263212139e-03
4.525592680241843045e-03
4.504151570945289819e-03
4.482726622401672981e-03
4.461322330651520257e-03
4.439943063416130001e-03
4.418593050516850425e-03
4.397276376111115652e-03
4.375996973204986269e-03
4.354758619973856347e-03
4.333564937582652828e-03
4.312419389528050935e-03
4.291325282250584364e-03
4.270285766967490786e-03
4.249303842198765870e-03
4.228382357498255105e-03
4.207524017505533294e-03
4.186731386961079458e-03
4.166006895771408314e-03
4.145352844871101616e-03
4.124771412116075807e-03
4.104264658281759660e-03
4.083834533489563018e-03
4.063482883462462246e-03
4.043211455700566372e-03
4.023021905836374548e-03
