2.671459998454522866e-01
2.664781145116973948e-01
2.680862384583734270e-01
2.692381246807343809e-01
2.925430178854678820e-01
2.884155119753289420e-01
3.396567180471227188e-01
3.467813604897730939e-01
4.256784642005093100e-01
3.632377943057313874e-01
4.678117218230789520e-01
4.920644534953770299e-01
4.972050627105152332e-01
6.405937274932922421e-01
6.329691745226817545e-01
5.356048529369227262e-01
5.552925404918499508e-01
6.633315220557547409e-01
7.845609136474919199e-01
7.899010093654802445e-01
7.895906908774958932e-01
1.036632242816709848e+00
9.532159503201467210e-01
1.132207115979343204e+00
1.271685997707141746e+00
1.134908518419610823e+00
1.180580628406971533e+00
1.315638393753329360e+00
1.691470682587337127e+00
1.761810546360063512e+00
1.628023508755624293e+00
1.696419022733484105e+00
2.108149997307335877e+00
2.119352226469222611e+00
1.873422475007880506e+00
1.694268333562631401e+00
1.396539209540377247e+00
1.148228891332963908e+00
9.884817708492750210e-01
9.547715739641994270e-01
8.578049560324566558e-01
7.751659796418068904e-01
6.948788786936055395e-01
6.569105663464239742e-01
6.584299254097603082e-01
6.079088537626873290e-01
6.618101061720642608e-01
6.675299710482671678e-01
5.607504974668329201e-01
4.979678645970359585e-01
4.212658214529109713e-01
4.099040077792163173e-01
3.956956022400285322e-01
3.412274803430377923e-01
2.915725970116516685e-01
2.715101385162664860e-01
2.677843068810807914e-01
2.585181526067347191e-01
2.394221763516147239e-01
2.502795222016532262e-01
2.336211768839305536e-01
2.059564872607246577e-01
1.900008718610548819e-01
1.982433843734258683e-01
2.018221612919615937e-01
1.930661052692888013e-01
1.829759775215486217e-01
1.509403246484895544e-01
1.282494115575931459e-01
1.261167869653634921e-01
1.242534390698850771e-01
1.134829963385862728e-01
1.071399982429251385e-01
1.120544988424113514e-01
1.135164886965695924e-01
9.984050632954701021e-02
8.539822962311249821e-02
8.315545574548936780e-02
8.247500905459488607e-02
8.400270093831932461e-02
9.140830322231571770e-02
8.966143679820452739e-02
8.328934734626909642e-02
7.650088289702768052e-02
7.054434220497704522e-02
6.482696308719462785e-02
6.030725010345337755e-02
5.961706037011258591e-02
6.404893001505755634e-02
7.114514719010721355e-02
7.563235807715436299e-02
7.381728919959490431e-02
6.648002545877668146e-02
6.574490589438769517e-02
6.445380756672203226e-02
6.253385332374977734e-02
6.102268865864732966e-02
5.843455600308847947e-02
5.502571557275736519e-02
5.249035001321439298e-02
5.124145538682025464e-02
4.981928631130318197e-02
4.823452199187708289e-02
4.652603753227352312e-02
4.670434209346727150e-02
4.689385813674490366e-02
4.681475123609561001e-02
4.642056620110478898e-02
4.574314788593308173e-02
4.483426384075938492e-02
4.373069932982025926e-02
4.245619033035117479e-02
4.114261002569702397e-02
3.967842700826378077e-02
3.868756353393043579e-02
3.841255087702038357e-02
3.910095040301476282e-02
3.886944804135229053e-02
3.755467487467614718e-02
3.541960042361941285e-02
3.351054006869665092e-02
3.308457734216832535e-02
3.282909031015848050e-02
3.290982596080322536e-02
3.270074139740155456e-02
3.221357924390320926e-02
3.153251881081548663e-02
3.123623643028842004e-02
3.075741552289495626e-02
3.045740249740595817e-02
3.008779161131082749e-02
2.968843469823230496e-02
2.921975376546676051e-02
2.868713742566133054e-02
2.809662346148163528e-02
2.745469837462296073e-02
2.676811235572229553e-02
2.604371324395175422e-02
2.528830160882653694e-02
2.483214748892342491e-02
2.439321917341287158e-02
2.393438747696254726e-02
2.345876748088640204e-02
2.296936695596789313e-02
2.246905373954864379e-02
2.196053094141720355e-02
2.144631918939225723e-02
2.092874508798679006e-02
2.040993506049804118e-02
1.989181376509248020e-02
1.938598012716724606e-02
1.888521932553369892e-02
1.838859639614620969e-02
1.789735093147639192e-02
1.741255548793236088e-02
1.693512675990603567e-02
1.646583737561919600e-02
1.600532797980435198e-02
1.555411932443087966e-02
1.511262414221909746e-02
1.468489092190517799e-02
1.451492515795507754e-02
1.434293493648683068e-02
1.416938947671157224e-02
1.399471211822373232e-02
1.381928325596294867e-02
1.364344334688305516e-02
1.346749592948812309e-02
1.344827147990810233e-02
1.350626018644265555e-02
1.348631176416056378e-02
1.388747147436527295e-02
1.438171877610259185e-02
1.483812819678273845e-02
1.524592440396629889e-02
1.559697704270487408e-02
1.590240824311478160e-02
1.613870831897442834e-02
1.630178191118395598e-02
1.638926175803482113e-02
1.640041651054893745e-02
1.633602922753733810e-02
1.619825342095485010e-02
1.599045307649308439e-02
1.571703253569053937e-02
1.539628213773773686e-02
1.502837278846641707e-02
1.461088291268826909e-02
1.415052561146474402e-02
1.365425082496559382e-02
1.312910100665200600e-02
1.263357547207394349e-02
1.251930400285290734e-02
1.272877545144654628e-02
1.322192202012289694e-02
1.361454702776413936e-02
1.391538599582836135e-02
1.412729215119836249e-02
1.424124632062103747e-02
1.426226833082379700e-02
1.419713490516640551e-02
1.405401134064258352e-02
1.384208413921142120e-02
1.357120592113687796e-02
1.325156199759563135e-02
1.289336599598881611e-02
1.251313179328018832e-02
1.211870256451417355e-02
1.171221604613684533e-02
1.130178692409892355e-02
1.089463006272346421e-02
1.049698032039719092e-02
1.011404769917729173e-02
9.750004586330828990e-03
9.408001371696060253e-03
9.090206436884821703e-03
8.797866381278069553e-03
8.531382361539914874e-03
8.290398549728458105e-03
8.073898935969716154e-03
7.880308998412671045e-03
7.827849636024956231e-03
7.779060828382340122e-03
7.725930956014653503e-03
7.668696489945283148e-03
7.607592607732153490e-03
7.542852284825840060e-03
7.474705485734781281e-03
7.403378449924837360e-03
7.329093067098405891e-03
7.252066336408462439e-03
7.172509904446205953e-03
7.090629676255951613e-03
7.006625494461402211e-03
6.920690881045583019e-03
6.833012836726498271e-03
6.758042613336277295e-03
6.821094097689633928e-03
6.884749276248131045e-03
6.947386174170548483e-03
7.007425361282620425e-03
7.063354316904657884e-03
7.113748497797270018e-03
7.157289119245443219e-03
7.195285792935953058e-03
7.225637170781458452e-03
7.246090669928408057e-03
7.255836449574891954e-03
7.254212482891646274e-03
7.240705817838886948e-03
7.214951665213212469e-03
7.176730543093494744e-03
7.125963710391629118e-03
7.062707118483386830e-03
6.987144105955141182e-03
6.899577052932538181e-03
6.800418201107309539e-03
6.690179833980586070e-03
6.569463998775624050e-03
6.438951936885599532e-03
6.299393375727215319e-03
6.151595819876037874e-03
5.996413964440225515e-03
5.834739339202026955e-03
5.669425519605620321e-03
5.500028574156095619e-03
5.485733188131394593e-03
5.507471001030919168e-03
5.525038235336716605e-03
5.538343485780708453e-03
5.547318386370883071e-03
5.551916617242988981e-03
5.552112876080730203e-03
5.547901822324410002e-03
5.539297002344352461e-03
5.526329762331312623e-03
5.509048155150217223e-03
5.487515847204879268e-03
5.461811030281051547e-03
5.432025342905979701e-03
5.398262805595415922e-03
5.360638773272463457e-03
5.319278908451007329e-03
5.274318177533643230e-03
5.225899873242290106e-03
5.174174664714395640e-03
5.119299677407382690e-03
5.061437604297332020e-03
5.000755849429552695e-03
4.937425705103201147e-03
4.871621563122120573e-03
4.803520161262430851e-03
4.733299864655144198e-03
4.661139983063302544e-03
4.587220123513428144e-03
4.511719578679924264e-03
4.434816750799849654e-03
4.356688610424020412e-03
4.277510190361954491e-03
4.219429901090733515e-03
4.173391675334084915e-03
4.125874588119736799e-03
4.076965756606367938e-03
4.026752702542383405e-03
3.975323133061455308e-03
3.922764732257053195e-03
3.869164963382309280e-03
3.814610881606239363e-03
3.759188957013324603e-03
3.728549774934696547e-03
3.713028601755271208e-03
3.697362119901754368e-03
3.681553283600338261e-03
3.665605045690738684e-03
3.649520359234843542e-03
3.633302179166270508e-03
3.616953463449330136e-03
3.600477174256372717e-03
3.583876278810997889e-03
3.567153750164912818e-03
3.550312567745824658e-03
3.533355717705484195e-03
3.516286193214654323e-03
3.499106994596735791e-03
3.481821129200778075e-03
3.464431611301818648e-03
3.446941461883003006e-03
3.429353708131173926e-03
3.411671383116002699e-03
3.393897525069005522e-03
3.376035176833431031e-03
3.358087385106919062e-03
3.340057199633531069e-03
3.321947672329005410e-03
3.303761856426788539e-03
3.285502805437997588e-03
3.267173572144126733e-03
3.248777207622614415e-03
3.230316760095548138e-03
3.211795273815890028e-03
3.193215787999632675e-03
3.174581335605432438e-03
3.155894942233542725e-03
3.137159624901340350e-03
3.118378390899360399e-03
3.099554236604202401e-03
3.080690146289754260e-03
3.061789091000023146e-03
3.042854027333663763e-03
3.023887896312662821e-03
3.004893622262419343e-03
2.985874111652579883e-03
2.966832252060159613e-03
2.947770911003308979e-03
2.928692934942683703e-03
2.909601148224321213e-03
2.890498352079521813e-03
2.871387323610131298e-03
2.852270814897357558e-03
2.833151551992625118e-03
2.814032234097948657e-03
2.794915532669290867e-03
2.775804090563590686e-03
2.756700521271924446e-03
2.737607408143991235e-03
2.718527303662282048e-03
2.699462728707079182e-03
2.680416171926648401e-03
2.661390089086953549e-03
2.642386902493792846e-03
2.623409000399383809e-03
2.604458736501513889e-03
2.585538429414556937e-03
2.566650362222438423e-03
2.547796782039980692e-03
2.528979899659125619e-03
2.510201889114627508e-03
2.491464887385877545e-03
2.472770994127721552e-03
2.454122271291332702e-03
2.435520743020808121e-03
2.416968395359488011e-03
2.398467176079806164e-03
2.380018994543488167e-03
2.361625721568984260e-03
2.343289189336164504e-03
2.325011191298536131e-03
2.306793482187582088e-03
2.288637777937637535e-03
2.270545755716476492e-03
2.252519053939147555e-03
2.234559272343732313e-03
2.216667972044608723e-03
2.198846675667721819e-03
2.181096867394172103e-03
2.168473012319645492e-03
2.156960208150631147e-03
2.145498582192430573e-03
2.134087914571335121e-03
2.122727991601767745e-03
