1.509364562307297930e-01
1.512466091490947129e-01
1.529367804540216480e-01
1.510771128364190863e-01
1.529297100658109643e-01
1.570953556714666244e-01
1.720629121465637179e-01
2.152571937863432261e-01
2.642570101565446805e-01
3.102117749339567410e-01
2.696317457814573215e-01
3.157382922034539519e-01
3.457013311187411286e-01
4.390244080603982746e-01
3.039162528661699114e-01
4.029938544886810803e-01
4.133023820801478565e-01
4.839937458175128104e-01
6.773882315802391973e-01
5.559101759441885671e-01
7.288397815468437013e-01
4.958394851899255995e-01
4.361969937224675076e-01
3.935512546866866690e-01
3.731009976531856620e-01
3.870427175286794697e-01
4.247956550311515200e-01
4.214395722176940140e-01
3.809177085748229885e-01
3.943919817130750460e-01
3.540742087918062886e-01
4.344052288287944541e-01
4.261943135291605955e-01
3.987728939760227798e-01
4.223816275860315939e-01
4.535958740922339527e-01
5.664736123855977912e-01
6.447848677398061445e-01
6.176641848925840117e-01
5.276494672189770974e-01
5.129999409743838390e-01
5.935142680739284859e-01
6.905383262941392486e-01
6.138958858871523816e-01
7.532929272346868821e-01
7.847638452235452533e-01
7.759835957485279323e-01
7.505911665281661538e-01
9.159921048610182304e-01
8.973812230876407892e-01
8.730716160134465165e-01
7.400729015708681358e-01
7.634734617897025455e-01
8.699149188131710675e-01
9.445816599221275034e-01
1.014492631713315607e+00
1.103236533892498983e+00
1.285269095427888919e+00
1.326230065901383037e+00
1.388451767314910601e+00
1.354450710585302975e+00
1.177461075686263126e+00
8.758182033518793208e-01
7.674916062466172750e-01
7.871982809934316982e-01
7.956267614011329758e-01
7.527054781078618140e-01
6.962946686825580711e-01
5.994195482684888665e-01
5.488270344659793576e-01
6.066477743846042658e-01
6.305885348547104474e-01
5.641097957300810206e-01
5.606665656609208792e-01
5.425050724332745045e-01
5.007518587802518573e-01
4.735052070106276489e-01
4.948465875081747289e-01
4.650749345248231803e-01
4.448295437465907276e-01
4.217887396792970867e-01
3.751303669610179803e-01
3.272896036458461944e-01
3.227497279459708990e-01
3.380374369746551033e-01
3.574736668378021842e-01
3.777475551460599545e-01
3.659685477456086078e-01
3.624695210829620984e-01
3.418983597012086317e-01
3.075066822411159917e-01
2.922712484753795525e-01
2.713242974737453128e-01
2.468348218665862848e-01
2.236419917265648205e-01
2.087141342161536739e-01
1.928191745911088661e-01
1.768127503029841840e-01
1.636782427868893053e-01
1.717890390793795630e-01
1.818887783476439424e-01
1.825218138218008546e-01
1.746302187012334917e-01
1.617977678849115974e-01
1.484979673772792164e-01
1.430397629781319513e-01
1.377088738234029941e-01
1.340519046945868320e-01
1.320092325800590882e-01
1.306211025942315418e-01
1.288943525317452765e-01
1.261377870805365509e-01
1.216309911701300150e-01
1.155844533039523808e-01
1.079619496985540356e-01
9.961047328919729604e-02
9.119339987115715473e-02
8.363565072394098243e-02
7.777363188679820016e-02
7.430174369000891454e-02
7.311559227665842542e-02
7.386395414431946860e-02
7.600097918963805155e-02
7.860745354583942301e-02
8.100679882771719131e-02
8.284517865684816462e-02
8.375140552237327063e-02
8.364732272490392473e-02
8.279200697405070253e-02
8.105575580342069819e-02
7.869941557345784544e-02
7.557147122995561128e-02
7.178919902789626661e-02
7.283380445112004609e-02
7.436510489932630918e-02
7.514396627536383544e-02
7.481809938806327498e-02
7.318993115162870933e-02
7.027550254149392273e-02
6.594120492728110239e-02
6.045504599930288242e-02
5.719182670823162035e-02
5.789068095928640023e-02
5.790749121587575321e-02
5.730250346826071955e-02
5.605105304201392358e-02
5.415361580863508467e-02
5.176987955261968394e-02
4.889843797778586909e-02
4.564629961375546441e-02
4.600014901898900888e-02
4.671936936733295936e-02
4.614651925029597535e-02
4.450801291277566019e-02
4.449829705754378140e-02
4.718063431787868078e-02
4.905916004545845394e-02
5.013456260406286974e-02
5.047777840287379775e-02
5.011003809843345841e-02
4.927451455771707234e-02
4.800549023053514441e-02
4.645911387564085476e-02
4.482521016258624730e-02
4.317410240634157043e-02
4.158300312687590594e-02
4.011252475101562132e-02
3.879436058118655717e-02
3.763583897088215724e-02
3.662599093038521048e-02
3.574209121841041836e-02
3.495582187378522970e-02
3.423844942814960324e-02
3.356466171930188452e-02
3.291494505468368220e-02
3.227657555116700272e-02
3.164664827624754512e-02
3.102952153999527854e-02
3.041978502156770722e-02
2.982287434193861206e-02
2.924468703369166936e-02
2.869003191040827780e-02
2.816145928230479392e-02
2.765854784002585651e-02
2.717766056908680478e-02
2.671213039143428836e-02
2.625279886086852310e-02
2.578880868479065808e-02
2.530854208428793412e-02
2.480059995872117493e-02
2.425472878260951509e-02
2.366262023107426962e-02
2.301883791271465071e-02
2.250150335131620785e-02
2.286704078662822603e-02
2.324497478583582508e-02
2.358587460060474275e-02
2.388114990472132299e-02
2.410791368423070152e-02
2.425637064911921603e-02
2.431943336001197303e-02
2.430424482443378081e-02
2.421195490330512942e-02
2.403034218452351420e-02
2.376367764530552817e-02
2.341873655725883185e-02
2.302398951208779396e-02
2.256991811091321742e-02
2.206652013811180243e-02
2.152607856279376702e-02
2.096115770972878725e-02
2.038416054109611422e-02
1.980693292782427506e-02
1.924617434491892459e-02
1.870521468163163434e-02
1.819141657908969478e-02
1.771190343917476012e-02
1.727221646068786629e-02
1.687628398730654788e-02
1.652644288085437091e-02
1.622350471283296250e-02
1.596685907643807453e-02
1.575460623174225472e-02
1.558371153026250587e-02
1.545017454239935861e-02
1.534920646020627999e-02
1.527541010403085653e-02
1.522295766920756487e-02
1.518576216214924043e-02
1.515763926013955973e-02
1.513245706078563714e-02
1.510427185004173910e-02
1.506744860160231202e-02
1.501676542560230476e-02
1.494750161061577168e-02
1.485550925712812893e-02
1.473726878897270963e-02
1.458992886186189983e-02
1.449141491284306957e-02
1.447620268542678355e-02
1.444325788968798402e-02
1.438662115633287941e-02
1.430242766312777442e-02
1.418917030273831627e-02
1.404582125228681991e-02
1.387182840834510524e-02
1.366710563554643203e-02
1.343201729782411182e-02
1.332029349271129058e-02
1.327350955679509024e-02
1.320080864111762391e-02
1.310684494865747320e-02
1.328040550681191222e-02
1.342582412434646828e-02
1.354750860682836858e-02
1.363899269016378459e-02
1.369693208164802709e-02
1.372020037137896761e-02
1.370810425319525690e-02
1.366037946442395269e-02
1.357718099516370264e-02
1.345906799552112378e-02
1.330698386499222508e-02
1.312223205288526144e-02
1.291073812921868062e-02
1.267413989581367070e-02
1.241010750777566361e-02
1.212102560775247216e-02
1.180948157922132383e-02
1.147822810636747043e-02
1.113014542189893173e-02
1.076820377605829625e-02
1.039542661821086199e-02
1.001485494646912021e-02
9.709752376475149979e-03
9.670561317076187616e-03
9.620094930372517783e-03
9.558643154671376749e-03
9.486536724929387626e-03
9.404143814879402027e-03
9.311866606325332196e-03
9.210137812867277146e-03
9.099417184637012546e-03
8.983469031401798699e-03
8.860182006631205434e-03
8.729237337971458913e-03
8.591162285746719099e-03
8.454533138493119937e-03
8.343503636362428408e-03
8.262556423038676032e-03
8.160824043298983005e-03
8.039504055025967558e-03
7.899896347738509864e-03
7.824249364814874624e-03
7.950237831989203849e-03
8.057891071611891082e-03
8.146698331420246242e-03
8.216332909822094202e-03
8.266644475673988121e-03
8.297650130467567470e-03
8.309524403006430734e-03
8.302588366111413390e-03
8.277912916486733844e-03
8.239386139164429565e-03
8.183672284613918713e-03
8.111531788539842747e-03
8.023812698593495510e-03
7.921438104675503772e-03
7.805393751576451995e-03
7.676715945374949952e-03
7.596442405090332063e-03
7.659248462966988108e-03
7.709859600976321989e-03
7.748366897110666590e-03
7.774932914325008958e-03
7.789785967001846244e-03
7.793214284972397807e-03
7.785560133380932564e-03
7.767213941504955838e-03
7.740204941576593264e-03
7.704894034443687811e-03
7.660207366700419636e-03
7.606661051761537569e-03
7.544792901381742502e-03
7.475157443642021192e-03
7.436692761832009758e-03
7.509600347220120667e-03
7.574399859688410626e-03
7.631038143890596197e-03
7.679514519466476043e-03
7.719877121611108325e-03
7.752219157307088659e-03
7.776675114910603856e-03
7.793416961741650786e-03
7.802650361217806051e-03
7.804610938027449138e-03
7.799560617264874283e-03
7.787784059602467779e-03
7.769585213079509625e-03
7.745283997810561115e-03
7.715213138400747739e-03
7.679715155592068028e-03
7.639139526862259201e-03
7.593840022954616645e-03
7.544172225410141971e-03
7.490491228309247539e-03
7.433149525629832201e-03
7.372495083960589092e-03
7.309201437587469277e-03
7.244377708502669488e-03
7.177162534662728105e-03
7.107870470487973741e-03
7.036804950930547649e-03
6.964257366569894837e-03
6.890506290816026877e-03
6.815816851345891068e-03
6.740440237884824139e-03
6.664613337807370405e-03
6.588558491416891989e-03
6.512483357750758171e-03
6.436580882894294038e-03
6.361029361775513008e-03
6.285992584931582132e-03
6.211620062344517731e-03
6.138047315756297619e-03
6.065396231680675321e-03
5.993775468199135509e-03
5.923280906866056593e-03
5.853996144631918620e-03
5.785993017498926479e-03
5.719332151159503032e-03
5.654063531700287935e-03
5.590227091816362369e-03
5.527853307042439324e-03
5.466963797448884735e-03
5.407571930810056542e-03
5.349683423130515043e-03
5.293296933047618620e-03
5.238404647290926912e-03
5.184992854040800132e-03
5.133042501769942423e-03
5.082529742012217855e-03
5.033426453193736577e-03
4.985700744998521235e-03
4.939317441403311831e-03
4.894238541363635751e-03
4.850423656938062517e-03
4.807830427160485719e-03
4.766414908600960162e-03
4.726131941444300724e-03
4.686935491384587246e-03
4.648778967581572268e-03
4.611615516706342975e-03
4.575398293700547875e-03
4.540080709427060657e-03
4.505616656173687049e-03
4.471960711273210119e-03
4.439068319806606551e-03
4.406895957227346949e-03
4.375401272612159526e-03
