2.357465793571417167e-01
2.354737158251504758e-01
2.354406128493106987e-01
2.366913937586756222e-01
2.407172540144213169e-01
2.456423360259889777e-01
2.647636312649274681e-01
2.438378927141176822e-01
2.828805949575511347e-01
3.424549623962353517e-01
3.334258923376446915e-01
3.696500052588647112e-01
4.454076395682875500e-01
3.955477666149176952e-01
4.441557336558396574e-01
6.515709990833626897e-01
7.214998944199343400e-01
5.399393242345078558e-01
4.743556712454508051e-01
5.413710558352916591e-01
5.127795129463615931e-01
5.462240728947769242e-01
6.011911925618872443e-01
5.052399707548711483e-01
5.368497029431950063e-01
5.518142773716495642e-01
5.931657959806063696e-01
5.903640130512280981e-01
5.705999190507849983e-01
6.757996175428728769e-01
7.067425803218533309e-01
7.153096988489520136e-01
7.225675125115368358e-01
8.334641524868839912e-01
8.539481022336509186e-01
7.515366665270002411e-01
8.695314288323847673e-01
9.461931364110397480e-01
1.145515329594837040e+00
1.214606833820894405e+00
1.304744470035667847e+00
1.483919721772684053e+00
1.431145421954049590e+00
1.381279287687558144e+00
1.334441326555351415e+00
1.279758800121301165e+00
1.226957252622162597e+00
1.408755816162804875e+00
1.751573829552336203e+00
1.929307618881193065e+00
1.991601888316069102e+00
1.834099157729464302e+00
1.535750207936809941e+00
1.553704753304226749e+00
1.545389185513477814e+00
1.474303375820958939e+00
1.478036044829479145e+00
1.481388596901607846e+00
1.250987532174944850e+00
9.771851006216940583e-01
8.961627031038478242e-01
8.141020246249698333e-01
8.707184980997114687e-01
8.635746566362617616e-01
7.691410145624670847e-01
6.490672281043208258e-01
5.768101611999101319e-01
5.744460184498553224e-01
5.975263691472573191e-01
5.964427714510068812e-01
5.802327376653847457e-01
5.549237409611776917e-01
5.163850904768551020e-01
4.811596813482943436e-01
4.577225020741684802e-01
4.473355177039036734e-01
4.387372035315783569e-01
4.168548298843206545e-01
4.180619583379036053e-01
3.996511745534929161e-01
3.632767487653350558e-01
3.407629951943582092e-01
3.167315884236723833e-01
2.913566599716311267e-01
2.683880075699307532e-01
2.440383477479920460e-01
2.338231465214458960e-01
2.160456372732206809e-01
2.112891208871155169e-01
1.998915446925838557e-01
1.925188913852569350e-01
1.860569012955960722e-01
1.800663516224469130e-01
1.743814250965499413e-01
1.691222928208587772e-01
1.638087301782767402e-01
1.580307660969010042e-01
1.518633598510431004e-01
1.451413504265915422e-01
1.377203061985777521e-01
1.390724837254842250e-01
1.401114882102168779e-01
1.402913358710443370e-01
1.397689013830926419e-01
1.385016382750990094e-01
1.362663619599057685e-01
1.335083709866272950e-01
1.298230895273749519e-01
1.255453002546458308e-01
1.207018664506590705e-01
1.152280575267444623e-01
1.095068756173499247e-01
1.037812745769616934e-01
9.769855304798158446e-02
9.577538890977435604e-02
9.183553272622406449e-02
9.438105504216084962e-02
9.519159697668189146e-02
9.413392606970875931e-02
9.149706928274632667e-02
8.923954976035837483e-02
8.639831057287776506e-02
8.311288761725353635e-02
7.945131647720589385e-02
7.565473519754187248e-02
7.173324024333346816e-02
6.785877889646291239e-02
7.213241454205736314e-02
7.567300814188314406e-02
7.685893249809203076e-02
7.570893351249458059e-02
7.246583308181761551e-02
6.776451226419355489e-02
6.792654561421307413e-02
6.672018358082702771e-02
6.621714253200637612e-02
6.641665645899044734e-02
6.637618837685375917e-02
6.598806288908688755e-02
6.530691417626328932e-02
6.437128455056291554e-02
6.302197864303792085e-02
6.132374983925380912e-02
5.918654662896340179e-02
5.654089778018569351e-02
5.350442148063237757e-02
4.995242361037249834e-02
4.626036168072955590e-02
4.623958742067933031e-02
4.813173221745973424e-02
4.949509189710118995e-02
5.032515113705542109e-02
5.055487109360430609e-02
5.021408457026734634e-02
4.980294844850893105e-02
5.013466599886884367e-02
5.012473373530182408e-02
4.987762567413592946e-02
4.929150325145141565e-02
4.838144319743063054e-02
4.724132252394895592e-02
4.585090008276238721e-02
4.421287832932742357e-02
4.236388773584665729e-02
4.040092799592104322e-02
3.830971967030621234e-02
3.789499272630315191e-02
3.746840394260958496e-02
3.697140326193307236e-02
3.640878155854651577e-02
3.578577864644273687e-02
3.510797942946773664e-02
3.438121678177489399e-02
3.361148171904618231e-02
3.281729128382380317e-02
3.200332606267307367e-02
3.116212458098772606e-02
3.029957571174779138e-02
2.955718070389449018e-02
2.890707472330458425e-02
2.818914510994645697e-02
2.742348606475802572e-02
2.660712660764215712e-02
2.575736966130508926e-02
2.489042916427472094e-02
2.402123172883043750e-02
2.316326549841871835e-02
2.232847365421187710e-02
2.152718936376853479e-02
2.135673495558213300e-02
2.186145768865648334e-02
2.234669937405157208e-02
2.271515556617662718e-02
2.296317991643026524e-02
2.309679046169792541e-02
2.314218147346669072e-02
2.309051935018963456e-02
2.295712907934243166e-02
2.275919567245772088e-02
2.251454622204428213e-02
2.224055404296016239e-02
2.195320333890107140e-02
2.167372309427795241e-02
2.141065273217676590e-02
2.116624772222790510e-02
2.094578229559580784e-02
2.075135028253622879e-02
2.058201387876126484e-02
2.043408434364218582e-02
2.030150716031470931e-02
2.017632321401166551e-02
2.004917792798334777e-02
1.990985180348516653e-02
1.975033242166697109e-02
1.957189783638952491e-02
1.935134644407674603e-02
1.907976614827174705e-02
1.874957502029839934e-02
1.872585613762924039e-02
1.880877999770143652e-02
1.880907807779407664e-02
1.874172451142815110e-02
1.857872777797603750e-02
1.831308802689848164e-02
1.794255949227629640e-02
1.747321149907107504e-02
1.709554607143199192e-02
1.702440470321767846e-02
1.683749963627413984e-02
1.681251452095711835e-02
1.709112262847877275e-02
1.725135004750530041e-02
1.729062183659014346e-02
1.723585997749486898e-02
1.706155951147706948e-02
1.677211331301449795e-02
1.639393677338337602e-02
1.622359663490804960e-02
1.611291920478300291e-02
1.592258454993454586e-02
1.565780955282572093e-02
1.534040053072583711e-02
1.495674349118860172e-02
1.467831933897735877e-02
1.470156638138116548e-02
1.471649418712848295e-02
1.472303285888675213e-02
1.472114398888005847e-02
1.471081879660168443e-02
1.469207629208095153e-02
1.466496147125356288e-02
1.462954354798846023e-02
1.458591422749041903e-02
1.453418602459346891e-02
1.447449063051142217e-02
1.440697733026837478e-02
1.433181147323657131e-02
1.425099164212376493e-02
1.416575362216506394e-02
1.407336278461971540e-02
1.397402731209425146e-02
1.386796521558657236e-02
1.375540313069728744e-02
1.363657517053343954e-02
1.351172183516047981e-02
1.338108897706727016e-02
1.324492682153786266e-02
1.310348904166780924e-02
1.295703188608874831e-02
1.280581335942353183e-02
1.265009245279079611e-02
1.249012842429527564e-02
1.232618012709686163e-02
1.223297841822203885e-02
1.216901843548474915e-02
1.208915855263773161e-02
1.199397488765988583e-02
1.188408234165706963e-02
1.176012990042429353e-02
1.162279606711063423e-02
1.147278444142095510e-02
1.131081945864895882e-02
1.113764229907355727e-02
1.095624978530798828e-02
1.076786568212052819e-02
1.057028414994668972e-02
1.036427154449137689e-02
1.017637117989316116e-02
1.016885861187543511e-02
1.015809614843561984e-02
1.014414094072776593e-02
1.012705223195612195e-02
1.010689115527702714e-02
1.008372054068330630e-02
1.005760473059870257e-02
1.002860940380680480e-02
9.996801408027951308e-03
9.962248600186317249e-03
9.925019694812485527e-03
9.885184119950853054e-03
9.844535427441679018e-03
9.802025011384532874e-03
9.757079594010354892e-03
9.709769319063149204e-03
9.660164511820491101e-03
9.608335572979588221e-03
9.554352878431617707e-03
9.498286685206365487e-03
9.440207042811524230e-03
9.380183710304927994e-03
9.318286078498133618e-03
9.254583097250195997e-03
9.189143207598376301e-03
9.122034278671711793e-03
9.143490843549055905e-03
9.169958508784699022e-03
9.193771870018192793e-03
9.214949199106852590e-03
9.233511101634034324e-03
9.249480380742655314e-03
9.262881905022979021e-03
9.273742480425711115e-03
9.282090726209082238e-03
9.287956955068024656e-03
9.291373056893518015e-03
9.292372386823758920e-03
9.290989657022657999e-03
9.287260832294788951e-03
9.281223029601576302e-03
9.272914421206738048e-03
9.262374141577224204e-03
9.249642197785718986e-03
9.235033509586491191e-03
9.219823342612674597e-03
9.202526001676196443e-03
9.183183379766134483e-03
9.161837895694352821e-03
9.138532423172869568e-03
9.113310223238716909e-03
9.086214879421431953e-03
9.057290236046667414e-03
9.026580339373587586e-03
8.994129381454003813e-03
8.959981646780953990e-03
8.924181461475907615e-03
8.886773145156488113e-03
8.847800965138125084e-03
8.807309093113469337e-03
8.765341564184047848e-03
8.721942238108194509e-03
8.677154762690592396e-03
8.631022539245141942e-03
8.583588690289601156e-03
8.534896028929940190e-03
8.484987030295373239e-03
8.433903804820177055e-03
8.381688073140830184e-03
8.328381142795460504e-03
8.274023886552095766e-03
8.218656722214844751e-03
8.162319594005181325e-03
8.105051955374446490e-03
8.046892753199695256e-03
7.987880413298318466e-03
7.928052827141813044e-03
7.867447339965690650e-03
7.806100739945766830e-03
7.744049248337956347e-03
7.681328511047457244e-03
7.617973590820305112e-03
7.554018960680207277e-03
7.489498498225490193e-03
7.424445480680717455e-03
7.358892581001855691e-03
7.292871864544220317e-03
7.226414786835664780e-03
7.159552191600162402e-03
7.092314309883306252e-03
7.024730759653000957e-03
6.956830545910381788e-03
6.888642061693876946e-03
6.820193089256119424e-03
6.751510802053933315e-03
6.682621767073356790e-03
6.613551947651750973e-03
6.544326706776965562e-03
6.474970810712580432e-03
6.405508433077017685e-03
6.335963159192074465e-03
6.266357990966089746e-03
6.196715351720971134e-03
6.180900521905836713e-03
6.168565924120966368e-03
6.155783264322880165e-03
6.142561798758491148e-03
6.128910704899365874e-03
6.114935273524219062e-03
6.101067852391836750e-03
6.086790457763465063e-03
6.072111926093683339e-03
