1.848552487304178371e-01
1.841222266704228838e-01
1.881504446271239361e-01
1.878421050451267726e-01
1.893748149992431351e-01
1.933204573468259302e-01
1.980768646810942557e-01
2.156334361229788610e-01
2.427985984178599177e-01
2.447996882265725260e-01
2.956557376035169882e-01
3.774070028969000457e-01
3.866658426162579709e-01
4.462490751440726378e-01
5.295051492432942819e-01
4.118139540925342401e-01
4.320567911532272043e-01
4.395323276679426461e-01
5.865176589399198059e-01
5.137896992484171088e-01
6.523855368193837156e-01
8.169476517003572136e-01
6.582652328310634182e-01
7.307079368933647734e-01
6.239001933109480369e-01
5.017787670830829994e-01
4.873545764401809310e-01
4.830418686287320518e-01
4.071256551236497878e-01
3.440177586773717766e-01
3.527909344825839733e-01
3.954331806160135132e-01
3.419128077934693866e-01
4.110686855190299194e-01
4.268553732745003493e-01
4.358454975541206644e-01
4.097945164622343595e-01
4.210871293042134367e-01
4.951871539639571274e-01
4.195119200237480972e-01
4.697246857463314718e-01
4.797751610920573118e-01
5.485382612588939333e-01
5.766710313429677104e-01
5.973193986097530273e-01
5.772193751626907288e-01
5.672597036258053560e-01
5.381905897246650472e-01
5.910589375422441449e-01
7.192998398267129723e-01
7.911278706136072314e-01
7.709666522750390216e-01
6.747966422494674488e-01
6.923120393861422750e-01
7.161501874845219717e-01
7.376067611741448093e-01
7.681482429221189179e-01
8.884863242293427055e-01
8.986580328931321748e-01
8.361862736375127447e-01
7.736201811287204411e-01
7.300022342412079146e-01
8.210593823740809372e-01
9.232969948399398774e-01
1.014362995075154927e+00
1.099117142341380804e+00
1.170289243756661657e+00
1.216468607614778374e+00
1.216140445388948832e+00
1.244188317362916241e+00
1.306420416719718647e+00
1.266682792950466929e+00
1.158765709024289547e+00
1.024741122951740246e+00
9.076678105597664192e-01
8.349559206249560495e-01
8.115344731124197741e-01
8.106466930278255489e-01
8.084668630317674021e-01
7.835623716618328460e-01
7.800161259283996396e-01
8.065009721766804862e-01
7.643678272723705147e-01
7.715427570581447902e-01
7.366646923298308947e-01
6.793192036704893688e-01
6.024179298646756830e-01
4.990958001863529114e-01
4.034399155977848594e-01
3.695224023306507566e-01
3.904776180234472704e-01
4.089996143298484932e-01
3.896066106836894583e-01
3.510942344004991944e-01
3.245023255410277585e-01
3.292125972674505574e-01
3.534439129986375883e-01
3.568860384119006413e-01
3.284678026123672989e-01
2.877073090209276707e-01
2.459864601696908071e-01
2.379592077701827846e-01
2.225296299277707557e-01
2.275411112937545111e-01
2.404670593874540241e-01
2.508870295792004490e-01
2.601012174340834315e-01
2.694257484421427318e-01
2.756477358526325250e-01
2.753096388503298853e-01
2.778682176212138311e-01
2.655539100735964109e-01
2.496269652107654113e-01
2.360751421063968791e-01
2.118506816852743502e-01
1.913193703439922677e-01
1.890202963839065220e-01
1.842091570949157542e-01
1.773076404362002034e-01
1.687623835346442336e-01
1.590109897004770290e-01
1.484572605315377380e-01
1.375061129307140195e-01
1.385274774269129316e-01
1.375977837303278550e-01
1.424766168220883977e-01
1.452146494305057434e-01
1.448270670235767832e-01
1.416380826945933535e-01
1.449758334530941162e-01
1.469844882682490861e-01
1.471670754239449430e-01
1.458200990744322467e-01
1.430246626652289799e-01
1.391577040967953149e-01
1.342863239970559786e-01
1.285997039882726956e-01
1.222458297578914860e-01
1.153424887600164872e-01
1.079947477096908498e-01
1.037626224782172840e-01
1.008494999868501107e-01
9.767832110520767441e-02
9.421712542704266391e-02
9.051862246007449930e-02
8.773515124512520913e-02
8.541978677564135425e-02
8.294528469985600061e-02
8.034815274017405307e-02
7.766299710892460295e-02
7.492309830181297092e-02
7.216052270354354758e-02
6.940508803691304573e-02
6.668213392233457437e-02
6.400839593109866610e-02
6.477281855343131056e-02
6.527582005177817726e-02
6.483937301154785171e-02
6.353923938271731353e-02
6.145695235225512310e-02
5.868062186952033299e-02
5.530676594788550698e-02
5.262874856540598195e-02
5.192390219343898106e-02
5.123687497207331937e-02
5.057137332632202081e-02
4.989679721889064834e-02
4.921976916273190089e-02
4.852679066971848226e-02
4.780589387409308472e-02
4.705417493096399062e-02
4.627628585798650857e-02
4.545329841291904927e-02
4.457702407700359776e-02
4.365870585215889804e-02
4.335186959310009802e-02
4.365899580176890726e-02
4.391536443761052261e-02
4.411410375143674789e-02
4.424980599961942512e-02
4.431858379242666068e-02
4.431807411324725082e-02
4.426008386660081756e-02
4.415155934616445121e-02
4.397462799953939100e-02
4.373197662483103293e-02
4.342731075884983388e-02
4.306518895609574848e-02
4.265085079680661084e-02
4.220289598116134383e-02
4.172780311365797967e-02
4.121687724625448801e-02
4.067638076369107375e-02
4.011250242116790737e-02
3.953123573235941407e-02
3.893827399008979034e-02
3.833892257162217071e-02
3.773802864743674990e-02
3.714903383382681806e-02
3.657135072099060302e-02
3.600220601340738819e-02
3.544436024732289942e-02
3.490000407579131603e-02
3.437077197526934580e-02
3.385776577764327416e-02
3.336158644805096996e-02
3.288237254838841106e-02
3.241984387917216243e-02
3.197334887001709869e-02
3.154191438886134319e-02
3.112429675276177574e-02
3.071903284735970005e-02
3.032449039063886062e-02
2.993891650925587650e-02
2.956110535665785327e-02
2.919553761699325220e-02
2.883339263961498186e-02
2.847287139437016182e-02
2.811224386016129839e-02
2.774987773959949194e-02
2.738426303107778167e-02
2.701403246444564199e-02
2.678538499434524739e-02
2.654029442269255704e-02
2.619982490010169807e-02
2.577993123344464454e-02
2.527371980794605733e-02
2.467424554650042567e-02
2.421411421385393642e-02
2.377854807100827222e-02
2.333506291088788959e-02
2.288854399165777750e-02
2.243356001348354931e-02
2.197075421310204155e-02
2.150089284464598918e-02
2.102485115964292800e-02
2.054359892840568191e-02
2.005818573044179307e-02
1.978171734847204016e-02
1.962914860534921424e-02
1.939549370893059455e-02
1.909299792253279365e-02
1.871689932630737907e-02
1.828408998454216297e-02
1.778982185161006105e-02
1.725141057265320091e-02
1.666881323347048707e-02
1.605215881332094918e-02
1.573587446933570611e-02
1.571855614207340671e-02
1.569328806344877716e-02
1.565997056829751197e-02
1.561855128506804344e-02
1.557306687258660713e-02
1.552032869616380879e-02
1.545954465161761618e-02
1.539081613188966399e-02
1.531428054047191852e-02
1.523010866353027674e-02
1.513850200423147614e-02
1.503969009952128497e-02
1.493392784073351541e-02
1.482149281550579692e-02
1.470268268759233020e-02
1.457781262918804097e-02
1.444721281898696079e-02
1.431488521433125875e-02
1.417781301627686619e-02
1.403590918490685291e-02
1.390163316118905867e-02
1.380844565214937522e-02
1.371178036481272497e-02
1.361177386511000509e-02
1.350856997617295649e-02
1.340231881246976842e-02
1.329317585118635660e-02
1.318130104282433379e-02
1.306685796191591441e-02
1.295001299912623346e-02
1.283093459535960927e-02
1.270979251809655104e-02
1.258686262305803299e-02
1.246401537192900512e-02
1.258509217614698500e-02
1.278813363405463012e-02
1.296799781334882946e-02
1.312374342946434624e-02
1.325899779404781167e-02
1.337129386459836797e-02
1.345880507864801595e-02
1.352180103515974313e-02
1.356708489685521865e-02
1.358938884163921230e-02
1.358931900195672372e-02
1.357171094297412832e-02
1.353660103186737906e-02
1.348252917314983826e-02
1.341225639055312543e-02
1.333038764525515743e-02
1.323359710115147234e-02
1.312335642471212406e-02
1.300431420299116674e-02
1.287668077430362962e-02
1.273965741786721624e-02
1.259460274644017518e-02
1.244399256530502769e-02
1.229093495594036321e-02
1.213325226354120163e-02
1.197200805176567261e-02
1.180817486527557456e-02
1.164263086455408734e-02
1.147762756359605764e-02
1.131395699113513752e-02
1.115044061438101239e-02
1.098758931896308237e-02
1.082582452706084240e-02
1.066548228582755303e-02
1.050681813604916783e-02
1.035001261888196349e-02
1.019517728468452913e-02
1.004351872950153338e-02
9.894674761693139989e-03
9.747698787825385611e-03
9.602500829633178053e-03
9.458954345753374168e-03
9.316902827055932590e-03
9.176166194662141798e-03
9.036546935675980607e-03
8.897835921936703835e-03
8.777685604669667116e-03
8.694885349928216031e-03
8.612783876593463339e-03
8.531161769377468632e-03
8.449799766118730113e-03
8.368481752389611214e-03
8.286997488013507149e-03
8.205145060078286590e-03
8.122733062267004089e-03
8.039582500755405869e-03
7.955528431671316653e-03
7.870421335642275099e-03
7.784128238230392412e-03
7.696533585967078005e-03
7.608473127451460989e-03
7.519150462316585674e-03
7.428265254753283441e-03
7.335773207871630792e-03
7.241648564377865457e-03
7.145883823168220662e-03
7.048489306342568296e-03
6.949492591134431158e-03
6.943977628343300616e-03
6.968940900968534878e-03
6.990883019306060910e-03
7.009665985908574391e-03
7.025163728433652006e-03
7.038547399897167496e-03
7.048872870457441667e-03
7.055619888813782076e-03
7.058714771701174104e-03
7.058098966286300603e-03
7.053729297279777086e-03
7.045578083407949208e-03
7.033633130486292850e-03
7.017897609257182402e-03
6.998389825735220476e-03
6.975142893352506701e-03
6.948204314732876405e-03
6.917635482184566684e-03
6.883629609108580898e-03
6.847687947350027289e-03
6.808339158952399911e-03
6.765691227193827012e-03
6.719862772136082560e-03
6.670982248031937650e-03
6.619187114356129935e-03
6.564622987850271194e-03
6.507442781981335155e-03
6.447805840143171208e-03
6.385877068159003488e-03
6.321826072076014436e-03
6.255826305437260475e-03
6.188054231533101843e-03
6.118688503559918321e-03
6.048632466197348921e-03
5.977619713202786747e-03
5.905495528375233512e-03
5.832439763311154761e-03
5.758630928859246288e-03
5.684245545631923420e-03
5.609457529808317862e-03
5.539062185168886279e-03
5.524453890578882691e-03
5.509540014448051533e-03
5.494485385572964523e-03
5.479263369712242433e-03
5.463737847266737432e-03
5.447910089670830042e-03
5.431781817627437219e-03
5.415355174156364845e-03
