3.253153064449198495e-01
3.251695139230039167e-01
3.254217631192240501e-01
3.259293399126366175e-01
3.322804638931223242e-01
3.355667763524712854e-01
3.424433149771206053e-01
3.449710745501104459e-01
4.209164212984438658e-01
4.791513165830667553e-01
4.979547687405483369e-01
4.583834799897253953e-01
5.073508960512481680e-01
5.580223085454977250e-01
6.387119776087897272e-01
7.893466481898999687e-01
7.354628212172232837e-01
6.796140532771254295e-01
1.074191471704619483e+00
9.842832083767162343e-01
1.152094750877169060e+00
1.133271860086552341e+00
8.877367777746384414e-01
9.359255098035437204e-01
9.859163661063456985e-01
9.661494835249350155e-01
6.589663094921764941e-01
5.510397255227409419e-01
6.301571014391483816e-01
6.660028856762305605e-01
6.844054796861667178e-01
6.860250180785139040e-01
6.974255178605879291e-01
7.596704203466898564e-01
9.030137812612528680e-01
9.486489565686152536e-01
9.955692847638559773e-01
1.242778964531698449e+00
1.298550289352347953e+00
1.191151686605279592e+00
1.138194380108080495e+00
1.236214250429730654e+00
1.314627482634074251e+00
1.301430186888751672e+00
1.452285408833240421e+00
1.552159580032624220e+00
1.493150601533482558e+00
1.586629347981045601e+00
1.583000312173296509e+00
1.408865590672944146e+00
1.659502250861208283e+00
1.941086188615705144e+00
2.049646596136571297e+00
2.035756643446274605e+00
2.076558237104059401e+00
1.975561790939945661e+00
1.791158729869671618e+00
1.608095750053169404e+00
1.852369910679696918e+00
2.308735720126916302e+00
2.366860068826834862e+00
2.034702126134463995e+00
1.664201020148701415e+00
1.750463560607223412e+00
1.905255522040116833e+00
2.014984890960317188e+00
2.406533967763577753e+00
2.791778018648908066e+00
2.803652333209407210e+00
2.487835524997919823e+00
2.134975056986871067e+00
1.843152863051452428e+00
1.546202234191905500e+00
1.232726942253723035e+00
1.021439716177912294e+00
9.490006947931298731e-01
8.922863365014246373e-01
8.377916989121577673e-01
7.824095670755537579e-01
7.280016706017639061e-01
6.743854133549096463e-01
6.266464533782356572e-01
5.963831044960163918e-01
5.650785981316113205e-01
5.351863800656107006e-01
5.046595396068647155e-01
4.754381168608803887e-01
4.463432868433006018e-01
4.180107684016761138e-01
4.135128206843276533e-01
4.370574226188412847e-01
4.494491136668718467e-01
4.379559059547718514e-01
4.292606280232272864e-01
4.049528990848363930e-01
3.676378922434066499e-01
3.420393923802135250e-01
3.281037798504806702e-01
3.181820595458917933e-01
3.102710936366191441e-01
2.991607894055705597e-01
2.808284192181045302e-01
2.781727469510731909e-01
2.764632055462992177e-01
2.743985066378729076e-01
2.725171791169250790e-01
2.691894989302195951e-01
2.625219217974158470e-01
2.663168989895353111e-01
2.736756710924650449e-01
2.739770420347253932e-01
2.653861247196274142e-01
2.473252751975947850e-01
2.207880169319822727e-01
2.171929217416340985e-01
2.098328845441563839e-01
2.055540245617683281e-01
2.024892525165361001e-01
1.969457944772981528e-01
1.891586902808286841e-01
1.794274143476618788e-01
1.679079430209564350e-01
1.548871412198148945e-01
1.497587241347792808e-01
1.492344184303291132e-01
1.470983887574141835e-01
1.438867192549266316e-01
1.398164254591731381e-01
1.336128671699351178e-01
1.292713295793589401e-01
1.261034734329624374e-01
1.310595688640378564e-01
1.366230656352940553e-01
1.392520566848185759e-01
1.390487546258485085e-01
1.363894240684324077e-01
1.315648631607294061e-01
1.249827604004603993e-01
1.232256777637690814e-01
1.241896053255030635e-01
1.226544157285535397e-01
1.192970660854993648e-01
1.145548762513450142e-01
1.092480278429495133e-01
1.038910817740344716e-01
9.892127105353878957e-02
9.468583488013093685e-02
9.134647900688226685e-02
8.889446360994922303e-02
8.718289873651355326e-02
8.596937502773879802e-02
8.500947486510440632e-02
8.400409994704888250e-02
8.266396054397667781e-02
8.077943403276666157e-02
7.981579445498353242e-02
7.889901794768415522e-02
7.925655287086939838e-02
8.080857026310976632e-02
8.187397409362776046e-02
8.221126067457731890e-02
8.174067745465515844e-02
8.051937253207126777e-02
7.857928485180797062e-02
7.591257830607878176e-02
7.263922914383882934e-02
6.895504291076126613e-02
6.501119857841723693e-02
6.177627928261490015e-02
6.132186934938346073e-02
6.084967414109125616e-02
6.036098867716442606e-02
5.985706458203739894e-02
5.933910943787606973e-02
5.880828641676789925e-02
5.826571416037219092e-02
5.771246687479677367e-02
5.714957461407206563e-02
5.657802372654292117e-02
5.601355733524639169e-02
5.544805159521060817e-02
5.487575165992281817e-02
5.429749320047690120e-02
5.371407282434027819e-02
5.312624897345179231e-02
5.253474287908504320e-02
5.194023956239744721e-02
5.247178630337717697e-02
5.304109932231169250e-02
5.327986467188002701e-02
5.317071966483707252e-02
5.271731366880599845e-02
5.193580886169029548e-02
5.085318968088293340e-02
4.953273872463188204e-02
4.800810347296623204e-02
4.630049145715796344e-02
4.536575502797713516e-02
4.477699600807846791e-02
4.419133790583005400e-02
4.360907123653859352e-02
4.303046606079687780e-02
4.245577290747115651e-02
4.188522367015973941e-02
4.131903247670332124e-02
4.075739653144713759e-02
4.020049693006020469e-02
3.965200728286950166e-02
3.911286017875181820e-02
3.857850478279976209e-02
3.804908009819552711e-02
3.752471227320652858e-02
3.700551525668764608e-02
3.649159142917970944e-02
3.598303220904482125e-02
3.547991863520334049e-02
3.498232192602335894e-02
3.449030401538026591e-02
3.400391806675252815e-02
3.352320896527548333e-02
3.409266045999382461e-02
3.500911104771876892e-02
3.588505634970053787e-02
3.670981545253251821e-02
3.746082337239708265e-02
3.812456138536517158e-02
3.868990870442269581e-02
3.914815231366253895e-02
3.949294844894187667e-02
3.972024185823083003e-02
3.982814913746144520e-02
3.981681243772059592e-02
3.968822969582837951e-02
3.947558789012441116e-02
3.915500580823814969e-02
3.873129548054491528e-02
3.821164132560356946e-02
3.760411402230846162e-02
3.691746914997388190e-02
3.616095357156805939e-02
3.534412217345810070e-02
3.447666706984628404e-02
3.358311979887121379e-02
3.265963889205472648e-02
3.171178195739170896e-02
3.074841618229368426e-02
2.977794429651831054e-02
2.880822530715953372e-02
2.784651097611708787e-02
2.689939739683573292e-02
2.597279084487195619e-02
2.507188694018539291e-02
2.420116205226931563e-02
2.336437580438937081e-02
2.256458348832571237e-02
2.211991820475283851e-02
2.217304616773269760e-02
2.218339553302886222e-02
2.215428796747330106e-02
2.208921292360834995e-02
2.199177054806952455e-02
2.186561845525968398e-02
2.171442266945624797e-02
2.154181294972909444e-02
2.135134262768420901e-02
2.114645301560326082e-02
2.093434876681159879e-02
2.071697495199037800e-02
2.049389344860756690e-02
2.026785882354751461e-02
2.004140688704516074e-02
1.981684373618523495e-02
1.959623837604092603e-02
1.938141866061865795e-02
1.917397028238895448e-02
1.897523853125118731e-02
1.878633254248107329e-02
1.860813175001978931e-02
1.844129426903764329e-02
1.830009121384661500e-02
1.845141439438286596e-02
1.852356963899078751e-02
1.851869839835272938e-02
1.843888829369947149e-02
1.830117202066085941e-02
1.809605518147626088e-02
1.782179916157200159e-02
1.748084391218136802e-02
1.740791736720797428e-02
1.735835474017864352e-02
1.731538260929460851e-02
1.727798165016472542e-02
1.724510225892774209e-02
1.721567676635004165e-02
1.718863091744075866e-02
1.716289457291578224e-02
1.713741160250499898e-02
1.711114894786983434e-02
1.708310484579650054e-02
1.705231620766755815e-02
1.701786516131752192e-02
1.697888476809141997e-02
1.693456393252575770e-02
1.688415152920112391e-02
1.682695977556308148e-02
1.676236688167801955e-02
1.668981901360462594e-02
1.660883160826041524e-02
1.651899007822739060e-02
1.641994995039126534e-02
1.631223071555691628e-02
1.619843169208102021e-02
1.607479128212037714e-02
1.594122173683660756e-02
1.579769937844171732e-02
1.564426231603153333e-02
1.548100787720000857e-02
1.530808979586082905e-02
1.512571519163896823e-02
1.493414137778277181e-02
1.473367252995868085e-02
1.452465624919642602e-02
1.430748004823421786e-02
1.408256778870689563e-02
1.385037609755060753e-02
1.380631179061075735e-02
1.382329777127633795e-02
1.382863288574641067e-02
1.382217523082920028e-02
1.380383708240755410e-02
1.377358359222206896e-02
1.373143124553078201e-02
1.367744610487260822e-02
1.361174186506935134e-02
1.353447774227994373e-02
1.344585622137908082e-02
1.334612068361067105e-02
1.323555293543785850e-02
1.323836586751765861e-02
1.326316706693793715e-02
1.328558736503340429e-02
1.330552514645565003e-02
1.332288742268253334e-02
1.333758964418299553e-02
1.334955550247581696e-02
1.335871672249548496e-02
1.336501284808275583e-02
1.336839101911513165e-02
1.336880574415897326e-02
1.336621866735766828e-02
1.336059833235916754e-02
1.335191994220943576e-02
1.334016511811864439e-02
1.332532165602839588e-02
1.330738328305917755e-02
1.328634941347719457e-02
1.326244010289004578e-02
1.323719355542946931e-02
1.320887677551754562e-02
1.317750730116644918e-02
1.314310723690756758e-02
1.310570302213874203e-02
1.306532520248675916e-02
1.302200820468766250e-02
1.297579011529196615e-02
1.292671246363334518e-02
1.287482000910796127e-02
1.282016053316468833e-02
1.276278463567561555e-02
1.270274553680271479e-02
1.264009888360831044e-02
1.257490256205502643e-02
1.250721651406617486e-02
1.243710256041474262e-02
1.236462422862754339e-02
1.228984658656383060e-02
1.221283608156298328e-02
1.213366038513685741e-02
1.205238824278965365e-02
1.196908933018720096e-02
1.188383411386938378e-02
1.179669371786036362e-02
1.170773979587902240e-02
1.161704440845378467e-02
1.152467990544998183e-02
1.143071881398235665e-02
1.133523373111805857e-02
1.123829722191029522e-02
1.113998172204007028e-02
1.104035944579525794e-02
1.093950229809403756e-02
1.083748179176230973e-02
1.073436896887572205e-02
1.063023432708086816e-02
1.052514774936129036e-02
1.041917843882667234e-02
1.031239485707225421e-02
1.020486466667884853e-02
1.009665467752060390e-02
9.987830796700339006e-03
