2.332262953651504378e-01
2.340183106678526692e-01
2.382165401542518657e-01
2.373597507983054022e-01
2.378934779242370123e-01
2.393516706832136132e-01
2.421506605424103287e-01
2.441384590722514569e-01
2.481228387016119474e-01
2.753854876506208749e-01
3.062870103915069087e-01
3.267074258266612352e-01
3.977787138647268517e-01
4.905403756790955305e-01
5.967920284993234459e-01
5.668729679139861144e-01
5.037208131190076266e-01
4.090831404665652982e-01
5.398788819743052247e-01
6.055945696618691976e-01
4.667862673062843637e-01
5.378525754158159922e-01
6.424462482750580294e-01
6.267563584268055488e-01
7.016327029687221550e-01
6.573465314576198981e-01
9.019951770043117545e-01
1.038609406710866656e+00
9.985568561884934358e-01
1.168742517540499959e+00
1.138570757454957727e+00
9.748103774773035912e-01
9.431776769334583310e-01
8.865838049528040887e-01
1.094518788601503090e+00
9.890963977191691292e-01
6.974988210812190781e-01
5.570327763966868018e-01
5.113944929949968410e-01
4.855196862022377324e-01
4.831202267485407154e-01
5.055508828083810080e-01
5.167596075064214700e-01
5.332906683680593840e-01
5.635334597492560604e-01
4.737321619815157980e-01
4.854574114898068671e-01
5.166462294991026605e-01
5.646889000218104915e-01
6.224217032785099857e-01
6.020296410428080947e-01
6.834638244344977132e-01
6.884143772745993095e-01
6.586173255591349918e-01
6.925442600504966295e-01
7.043521390925340242e-01
8.060625807815395838e-01
8.603805674578337559e-01
8.350624709965529524e-01
8.653995559008752503e-01
8.568318894008941644e-01
7.909405920273704371e-01
7.467434273464244043e-01
7.435145079563917347e-01
7.908841316237583685e-01
8.339809938035619430e-01
8.886837780952526744e-01
9.339455280483229815e-01
9.670060022475162054e-01
1.059772590248429847e+00
1.084316132931953502e+00
1.112996757530869685e+00
1.157890166876222704e+00
1.241456903923391364e+00
1.283868871818842461e+00
1.338469770210408916e+00
1.363386749921735808e+00
1.382858669837816468e+00
1.489559067897321398e+00
1.500585221985359707e+00
1.441828596481701252e+00
1.354278422284196592e+00
1.218453832690451932e+00
1.195928868760532060e+00
1.433992467628444123e+00
1.619764730814771125e+00
1.703659325127840463e+00
1.625826718808088378e+00
1.524641488710477777e+00
1.449602806478689221e+00
1.411751495393923417e+00
1.468264910462043105e+00
1.504143628815443501e+00
1.522765069679981931e+00
1.535886964067892713e+00
1.544363015046604337e+00
1.532330987492104724e+00
1.497219897442100933e+00
1.547220072625916876e+00
1.535636090046466951e+00
1.417899878171879680e+00
1.241979293967819142e+00
1.052324745728790312e+00
9.138795716417851267e-01
8.091286433739457440e-01
7.200850568418045716e-01
6.516454148746554376e-01
6.032555923088881444e-01
5.695839813430710885e-01
5.478353674983346133e-01
5.323139935361700381e-01
5.141729388029385728e-01
4.960972874062007376e-01
5.000545415560156970e-01
5.013094922644952822e-01
5.012610502160298465e-01
4.983306400247988766e-01
4.976804363211799198e-01
4.887213604426077218e-01
4.743623771137870926e-01
4.699374915621148951e-01
4.598235181474437105e-01
4.444207023768181886e-01
4.322671252228844629e-01
4.356828866434422354e-01
4.361630098646468445e-01
4.300948098612185633e-01
4.152380613606757587e-01
3.926099841370344068e-01
3.795779903680832623e-01
3.848192919796610822e-01
3.828861211988132118e-01
3.599508927100529276e-01
3.249908767890492545e-01
3.041285424712406038e-01
2.873606678035831030e-01
2.683803766804235824e-01
2.498047564303407519e-01
2.450010318765649675e-01
2.428648396733611992e-01
2.401455863660650059e-01
2.355907418311545543e-01
2.294569319988243872e-01
2.235393027543627342e-01
2.189479833429448241e-01
2.164734119188355399e-01
2.150984946502696449e-01
2.134895164964112080e-01
2.096853134771101967e-01
2.074398383692267755e-01
2.100293945209927571e-01
2.092527662565530633e-01
2.050831802753341204e-01
1.983958407686143566e-01
1.905753802781477990e-01
1.831249562507580031e-01
1.775321881119036604e-01
1.744463980939344461e-01
1.739168227153082280e-01
1.751380787177742593e-01
1.768372474886150680e-01
1.776698667794273934e-01
1.765278874493977912e-01
1.726477157309700694e-01
1.685450621774128854e-01
1.713820480575695138e-01
1.717472555115543420e-01
1.696931179195691475e-01
1.656607170495979775e-01
1.600309227429664305e-01
1.534928560858484781e-01
1.467208663548177916e-01
1.402689276810663022e-01
1.345040771058405860e-01
1.295770762111325414e-01
1.255189410353388380e-01
1.221784173439459942e-01
1.214682480380216145e-01
1.211271546487047018e-01
1.207994098186355170e-01
1.203566849774182074e-01
1.246353377331671647e-01
1.277812652965976403e-01
1.293802750853385863e-01
1.292743077938490193e-01
1.272865089396185423e-01
1.234257410068742705e-01
1.177879840048526028e-01
1.117380994143393341e-01
1.105075170964802261e-01
1.084470054346194645e-01
1.055523582490612844e-01
1.019603263705594204e-01
1.004888237208935720e-01
1.015900977758791984e-01
1.021134053476718817e-01
1.020085175803773780e-01
1.013225794560620036e-01
1.001890917112224499e-01
9.858194076942793094e-02
9.656456180750325191e-02
9.425263969921504614e-02
9.161764725647954244e-02
8.877016784743711753e-02
8.571242565864589658e-02
8.251234067010727868e-02
7.917845098872673681e-02
7.578379393587977852e-02
7.230704798105865028e-02
6.882150140910933689e-02
6.650993494946884355e-02
6.516574841330345647e-02
6.384215904460249780e-02
6.254823144857778183e-02
6.126306577662068292e-02
5.998298968339180193e-02
5.870458025653700618e-02
5.841473967723635058e-02
5.831328683375992805e-02
5.820875816649100087e-02
5.809885934490596066e-02
5.798102771289218027e-02
5.785252642879844254e-02
5.771053183360921185e-02
5.757023795159888629e-02
5.741302223463628368e-02
5.723432581314549794e-02
5.703164734630101346e-02
5.680270114116187097e-02
5.654545454170433610e-02
5.625815699422649641e-02
5.593936122750183676e-02
5.560184661156081232e-02
5.523934741599113157e-02
5.484268668616733289e-02
5.441163096984437397e-02
5.394625949824398414e-02
5.344695173860829901e-02
5.291437139083829400e-02
5.235486658731927645e-02
5.177964576391173163e-02
5.117394627726460504e-02
5.053931020300610200e-02
4.987745697560982266e-02
4.919025829743033790e-02
4.847971303199430371e-02
4.774792242926736985e-02
4.700330539599622409e-02
4.625145891611840560e-02
4.548410307656992890e-02
4.470351220665598480e-02
4.391195827550484210e-02
4.311169268564703227e-02
4.230492962772981758e-02
4.149383104469130806e-02
4.068049322708582050e-02
3.986693503999697019e-02
3.905508775739872929e-02
3.824804392433373001e-02
3.745237742494390148e-02
3.666281686154150565e-02
3.588090438010548694e-02
3.510806748254557963e-02
3.454652943554237243e-02
3.461184976998799012e-02
3.450876074691845014e-02
3.424837715188441822e-02
3.386249748922869757e-02
3.367755853980622383e-02
3.356239357771119425e-02
3.343264836171683241e-02
3.328921481756472872e-02
3.313298978204962109e-02
3.296486945496421295e-02
3.278574430167979087e-02
3.259649440373298818e-02
3.239798525464180484e-02
3.219597463835709855e-02
3.198829723927325980e-02
3.177354571825669743e-02
3.155249602363841693e-02
3.132589581752954350e-02
3.109446258373268351e-02
3.085888208162201538e-02
3.061980712430266080e-02
3.037785666196777049e-02
3.013361514882007680e-02
2.988763217277232848e-02
2.964042232718423417e-02
2.939246530373366278e-02
2.914420618655396908e-02
2.889605592707216938e-02
2.864839198122555441e-02
2.840155909028618808e-02
2.815587018701170771e-02
2.791492531501983676e-02
2.767556690501936367e-02
2.743794136007957421e-02
2.720225377805591399e-02
2.696868313905307485e-02
2.673738361580987530e-02
2.650848591380547056e-02
2.628209863117454692e-02
2.605830962768130449e-02
2.583718739445270765e-02
2.561878241603864070e-02
2.540312851757547258e-02
2.519024419061479184e-02
2.498013389143398724e-02
2.477278930751764321e-02
2.456819058688880855e-02
2.436630752703146038e-02
2.416710072058747202e-02
2.397052265373683308e-02
2.377651875742688506e-02
2.358502840729459829e-02
2.339598587317437764e-02
2.320932121609795354e-02
2.302496113282177098e-02
2.284282974806079586e-02
2.266284935383143864e-02
2.248494109750210843e-02
2.230902561813044582e-02
2.213502363292042460e-02
2.196285647468852048e-02
2.179244658096909926e-02
2.162371793774917408e-02
2.145659647738527853e-02
2.129101043431959675e-02
2.112689065875208300e-02
2.096417089103831677e-02
2.080278799856704816e-02
2.064268217639514402e-02
2.048379711407593076e-02
2.032608013077034231e-02
2.016976685966626742e-02
2.001513129986707412e-02
1.986149919225047369e-02
1.970883330315609250e-02
1.955710024094551788e-02
1.940627044534495860e-02
1.925631815675702893e-02
1.910722136826597042e-02
1.895896176084686108e-02
1.881152462369026918e-02
1.866489876175290649e-02
1.851907639064223621e-02
1.837405302198464804e-02
1.822982733843556136e-02
1.808640106187751201e-02
1.794377881395299926e-02
1.780196797133762332e-02
1.766097851640878111e-02
1.752082288413985001e-02
1.738151580619443429e-02
1.724307415343462324e-02
1.710551677718697219e-02
1.696886435022753464e-02
1.683313920801644478e-02
1.669836519140437125e-02
1.656456749017347699e-02
1.643177248941504742e-02
1.630000761819676292e-02
1.616930120103872437e-02
1.603968231316484430e-02
1.591118063953653877e-02
1.578382633756765518e-02
1.565764990450323191e-02
1.553268204922215664e-02
1.540895356898616154e-02
1.528649523084371631e-02
1.516533765828168012e-02
1.504551122291230766e-02
1.492704594158916244e-02
1.480997137856760945e-02
1.469431655328599581e-02
1.458010985314924131e-02
1.446737895187253514e-02
1.435615073315882166e-02
1.424645121935027778e-02
1.413830550547458959e-02
1.403173769852699565e-02
1.392677086137920905e-02
1.383035210858988250e-02
1.374916920440245015e-02
1.366716445075608598e-02
1.358438501110430588e-02
1.350087921803439645e-02
1.341669646485315823e-02
1.333188709733302939e-02
1.324650230605485708e-02
1.316059401969090284e-02
1.307421479922010049e-02
1.298741773401465918e-02
1.290025633900302414e-02
1.281278445424063016e-02
1.272505614616487556e-02
1.263712561141830913e-02
1.254904708283109335e-02
1.246087473805983920e-02
