3.996291787505058535e-01
4.002474071398183231e-01
4.028696573312352536e-01
4.027630743278411418e-01
4.062070593556574849e-01
4.097881402955307895e-01
4.179881403822660046e-01
4.429487282416528782e-01
5.062152096701106885e-01
4.863423762388057736e-01
5.334441283533233324e-01
6.249025525281802773e-01
6.200499071191231115e-01
6.803613984630084710e-01
6.089914287816975413e-01
8.251294280681478188e-01
9.591095739041236579e-01
9.621456340218869085e-01
8.419503259808691631e-01
1.097139568164772427e+00
9.298872472980195258e-01
8.109170840550858905e-01
8.621649952889248736e-01
1.005092965646849690e+00
1.068837948688937667e+00
1.048647450913826829e+00
9.277260693122851842e-01
1.037092775008652490e+00
1.279003468287236434e+00
1.285687016018277395e+00
1.290630522292553373e+00
1.384491973031001022e+00
1.548082212100698518e+00
1.436238306145688259e+00
1.605405838266559693e+00
1.982138437730763592e+00
1.891132592366013387e+00
1.981385116523439738e+00
1.817747418709443119e+00
2.268168280062754949e+00
1.912046648421528827e+00
1.970662117079782227e+00
2.699742383339402974e+00
2.847030786028160954e+00
2.470684070220790396e+00
2.265216764853791531e+00
2.231113569401489638e+00
2.463271410992270205e+00
2.703052259701574034e+00
2.577041497131030479e+00
2.646880666209335597e+00
2.838910318441228320e+00
2.607510845004332278e+00
2.759472098719975008e+00
2.807489847135186789e+00
3.263630172630235915e+00
3.360621595385767435e+00
2.790289979028330869e+00
2.203545087752282861e+00
1.667653931831819092e+00
1.319396106147050718e+00
1.055699294215981965e+00
8.991200524331387500e-01
8.216854178858625790e-01
7.791023296013178667e-01
7.764478567514159213e-01
7.687070269602606087e-01
7.360252106041246245e-01
6.969280555886935291e-01
6.664845315199511289e-01
6.121075451706285975e-01
5.681122675436723890e-01
5.180239517039031405e-01
4.760725776630647110e-01
4.488475975619439784e-01
4.360006942729026669e-01
4.404735876780984660e-01
4.435710805400371326e-01
4.371957891181010303e-01
4.173604460996750976e-01
4.090161664641411843e-01
3.860938740038031836e-01
3.939570619123271000e-01
3.896706434123978213e-01
3.648327742190362044e-01
3.261063267326349546e-01
2.925016962197298231e-01
2.819043445168368800e-01
2.697917847608280462e-01
2.574515274071580984e-01
2.451899941296429297e-01
2.329753601894531123e-01
2.211689841440730719e-01
2.100647819529606053e-01
1.992387520672419254e-01
1.891409551580996440e-01
1.987604977212540092e-01
2.048805278221214887e-01
2.065714597694051635e-01
2.044538758465342110e-01
1.978454624615841595e-01
1.878464071995564477e-01
1.911952437984225095e-01
1.932376781514352493e-01
1.911359252757150462e-01
1.854877292242842757e-01
1.772116909627140524e-01
1.746780385293473792e-01
1.705256077244194091e-01
1.641310778116312208e-01
1.563454918560880647e-01
1.484591922035168321e-01
1.409176078535668286e-01
1.342797982386024491e-01
1.287783010283368446e-01
1.243754008986457660e-01
1.209474905207004458e-01
1.180562637891825611e-01
1.153453295588595245e-01
1.124916175610298080e-01
1.126709835336676124e-01
1.126589921058927940e-01
1.119061946334620888e-01
1.106884683155945348e-01
1.152845608820367296e-01
1.175160168880287348e-01
1.174772384838183720e-01
1.155611520375936507e-01
1.120564257958249904e-01
1.079003729248374233e-01
1.045124794879516289e-01
1.011141875962015824e-01
9.793130438769258317e-02
9.498865351444930882e-02
9.243504266082280818e-02
9.008663911974634786e-02
8.774318056406482658e-02
8.598630299246749764e-02
8.454180564009318444e-02
8.259032159898146985e-02
8.142545207157689258e-02
7.926231162513039386e-02
7.605899269345735292e-02
7.185486420145072162e-02
6.676519585352401476e-02
6.804477990729720926e-02
6.908188155693630039e-02
6.978005387873628673e-02
7.008209156043991583e-02
6.999140884092180936e-02
6.954895263789948046e-02
6.866566443112245843e-02
6.736302575641803236e-02
6.568615811792595516e-02
6.378033376322510273e-02
6.158650428795192644e-02
6.121568087852245765e-02
6.133690528338036491e-02
6.122747969522850109e-02
6.090806280466868478e-02
6.043980500426804348e-02
5.978308076371356694e-02
5.895990665590763319e-02
5.799447371977271837e-02
5.691213389546070922e-02
5.573848948118826502e-02
5.449860301141891405e-02
5.321633736008440918e-02
5.191382921439893078e-02
5.061109347186223267e-02
4.932575161856992546e-02
4.807287373867377006e-02
4.687739117751152373e-02
4.573312372781496854e-02
4.464799170376169968e-02
4.362758938233643469e-02
4.267537262091038869e-02
4.179288022963600913e-02
4.097997519691226609e-02
4.023509508448944172e-02
3.955550245817136823e-02
3.893752780326367041e-02
3.837679892821493910e-02
3.786845233662584909e-02
3.740732340482425672e-02
3.698811341763245941e-02
3.660553257157354162e-02
3.625441894779782986e-02
3.592983418553315905e-02
3.562713715919489654e-02
3.534203739042031389e-02
3.507063021808897590e-02
3.480941593070845108e-02
3.455530514076759346e-02
3.430561267733159281e-02
3.405804219854718928e-02
3.381066360239810137e-02
3.356188514780922283e-02
3.331042201002672870e-02
3.305526278729670892e-02
3.279563526321540440e-02
3.253097251869447454e-02
3.226088028276989650e-02
3.198510621787949149e-02
3.170351165920601982e-02
3.141604616592082871e-02
3.112272510146521509e-02
3.082361033685864296e-02
3.051879406817667104e-02
3.020838565378857962e-02
2.989250131008863026e-02
2.957125645260516925e-02
2.924476043247210139e-02
2.891311339471500097e-02
2.857640497162693138e-02
2.823471452171804827e-02
2.788811263032226970e-02
2.753666359785145526e-02
2.718042866014366149e-02
2.681946970376002451e-02
2.645385326358418859e-02
2.608365461408354916e-02
2.570896178988413966e-02
2.532987939878428990e-02
2.494653211351226599e-02
2.466548799549264648e-02
2.452729790476789254e-02
2.438575809708186382e-02
2.424061941463693387e-02
2.409164268448081916e-02
2.393860139956077715e-02
2.378128423885238554e-02
2.361949739078264207e-02
2.345306664737719163e-02
2.328183924695169729e-02
2.310568544940168334e-02
2.292449983399627231e-02
2.273820231561939076e-02
2.254673888008072724e-02
2.235008204414206182e-02
2.214823104858184080e-02
2.194121179690237608e-02
2.172907655343883290e-02
2.151190341860580169e-02
2.128979559841965782e-02
2.106288048804410770e-02
2.083130858955280218e-02
2.059525228384010906e-02
2.035490447736247599e-02
2.011172496721541289e-02
1.986778582669614449e-02
1.962007762692121599e-02
1.936885588694132326e-02
1.911438925347031317e-02
1.885695779974632530e-02
1.859685132099829497e-02
1.833436763993782914e-02
1.806981093517237916e-02
1.780349010418271968e-02
1.753571717144965930e-02
1.726680574971085208e-02
1.699706956402252667e-02
1.672682104346913390e-02
1.645636998762955300e-02
1.618602231138555406e-02
1.603790533192138434e-02
1.593490497460959762e-02
1.582553591250948632e-02
1.571004708237480965e-02
1.558869922067475551e-02
1.546176331339249067e-02
1.532951907271180685e-02
1.519225344872929782e-02
1.505025918340088809e-02
1.490383341211036841e-02
1.475327631903835396e-02
1.459888984998852779e-02
1.444097648707002093e-02
1.427983808811224449e-02
1.411577479265261302e-02
1.394908399727126484e-02
1.378005940042835963e-02
1.360899011788611022e-02
1.343615986886640724e-02
1.326184623249399355e-02
1.308631997342627439e-02
1.290984443638516777e-02
1.273267500716478498e-02
1.255505863917014304e-02
1.237833588100416618e-02
1.220262323171974680e-02
1.202701849358110524e-02
1.186207461621889732e-02
1.184107821698035697e-02
1.181705814486626663e-02
1.179010697719108484e-02
1.176032025311006535e-02
1.172779603385323138e-02
1.169263448016223499e-02
1.165493744803495699e-02
1.161480810235941338e-02
1.157235054943519213e-02
1.152766948855226195e-02
1.148086988229467774e-02
1.143205664582517059e-02
1.138133435562744059e-02
1.132880697609136081e-02
1.127457760587436547e-02
1.121874824141260753e-02
1.116141955894953651e-02
1.110269071405792923e-02
1.104265915805363943e-02
1.098142047112756620e-02
1.091906821142752185e-02
1.085569378004421111e-02
1.079138630039790797e-02
1.072623251249869153e-02
1.066031668075545849e-02
1.059372051507190618e-02
1.052652310423543396e-02
1.045880086170028825e-02
1.039062748221776522e-02
1.032207390958692420e-02
1.025320831402057320e-02
1.018409607955760889e-02
1.011479979982913072e-02
1.004537928239845369e-02
9.975891560777409503e-03
9.906390913785503155e-03
9.836928890946627230e-03
9.767554344893722429e-03
9.698313468397418147e-03
9.629249837220280397e-03
9.560404457355911600e-03
9.491815815986948818e-03
9.423519937095631988e-03
9.355550439447931840e-03
9.287938598058251283e-03
9.220713407978952877e-03
9.153901650287871172e-03
9.087527959893810028e-03
9.021614894892036191e-03
8.956183006916364556e-03
8.891250912846147478e-03
8.826835366638778255e-03
8.762951331913083550e-03
8.699612054467476333e-03
8.636829135007266164e-03
8.574612601310451637e-03
8.512970980091584192e-03
8.451911368381654494e-03
8.391439503746864204e-03
8.331559833978480559e-03
8.272291950705792929e-03
8.214013607665960129e-03
8.156318040002275005e-03
8.099205855308592994e-03
8.042676678987406569e-03
7.986729216533072426e-03
7.931361313513721548e-03
7.876570014131840936e-03
7.822351618254888214e-03
7.768701736700020684e-03
7.715615344654423377e-03
7.663086833541904279e-03
7.611110060816337133e-03
7.559678398422292785e-03
7.508784778877004677e-03
7.458421740183529720e-03
7.408581468214306756e-03
7.359255838131972989e-03
7.310436453241700265e-03
7.288634163144966718e-03
7.273141470876889024e-03
7.257070621122342809e-03
7.240442658919733591e-03
7.223277580643363421e-03
7.205594368322840171e-03
7.187411026766341200e-03
7.168744621222247586e-03
7.149611316908784965e-03
7.130026418809045849e-03
7.110004412693695687e-03
7.089559006238975968e-03
7.068703170336047316e-03
7.047449180681600658e-03
7.025808659109967699e-03
7.003792614225182872e-03
6.981411482262099913e-03
6.958675166543588052e-03
6.935593077000088910e-03
6.912174167994638262e-03
6.888426975983998925e-03
6.864359655608748279e-03
6.839980014836381100e-03
6.815295548999911364e-03
6.790313473364144835e-03
6.765040754652513165e-03
6.739484141215665476e-03
6.713650191551792483e-03
