2.763461628969390849e-01
2.759013917407524552e-01
2.753885866310205044e-01
2.766803321460542531e-01
2.777780902049915568e-01
2.799772855315907916e-01
2.820049769865186629e-01
2.835312776821226066e-01
2.874345898464200633e-01
2.943802219560570088e-01
3.020460215210367672e-01
3.390704656008866613e-01
3.320851043875768793e-01
3.575112816192734799e-01
3.561765189508180329e-01
4.494228923265570774e-01
4.706286562185106881e-01
4.838783855439904857e-01
5.483849753239267155e-01
4.732178815350998602e-01
6.242685168512610572e-01
5.637731242020552758e-01
6.407811360037536375e-01
5.363153264711696400e-01
5.263355513701151178e-01
6.019068536271752201e-01
6.947007637493086696e-01
6.694057242898984184e-01
6.746758783408904891e-01
8.023232094063832420e-01
1.073826080158855500e+00
1.046374163170244120e+00
1.035285760270924005e+00
1.051664366380229421e+00
1.062532625952711696e+00
1.090460928294121556e+00
1.093625657542456997e+00
1.119861140863435800e+00
1.286955298866611752e+00
1.043066859595621620e+00
8.911293305406395859e-01
6.429255823312015616e-01
4.947548514286563837e-01
4.617612233658867082e-01
4.365477686841904292e-01
4.155766306019311185e-01
4.372789937736552002e-01
4.702960602219554698e-01
4.843103812269044517e-01
5.097384841313294945e-01
5.400500791082262220e-01
6.104330043885118906e-01
6.625196829457772330e-01
6.806652791389999901e-01
6.356994940242399750e-01
6.439265524345579861e-01
6.454515579942986525e-01
6.431303543091498875e-01
6.347402182460121223e-01
6.211763003510649694e-01
6.309730222235682140e-01
6.638348510330566166e-01
6.837557666911076026e-01
6.934093159347425317e-01
6.937651466702715597e-01
6.880475509254759814e-01
6.819558305208345272e-01
6.863535862629086548e-01
7.108121136270576512e-01
7.582434527593353568e-01
8.190975444827671703e-01
8.958369307468564413e-01
9.752627263011497405e-01
1.034459175067839798e+00
1.059308498458890968e+00
1.038615091853009265e+00
1.078054107601271072e+00
1.204698570642803501e+00
1.282392389413344880e+00
1.288342236752076486e+00
1.215769028747479608e+00
1.125055247353931476e+00
1.062687268782495531e+00
1.101786465892517608e+00
1.232940527037279965e+00
1.382143229366419535e+00
1.484449439473636057e+00
1.525760026833523408e+00
1.523942789661602015e+00
1.626931211032089264e+00
1.674580836554860008e+00
1.636153293322513580e+00
1.543860204983861673e+00
1.462034157251877575e+00
1.419586863888953943e+00
1.401843709034485297e+00
1.381068253952200342e+00
1.331519714199443261e+00
1.294439186382157159e+00
1.291130704262045681e+00
1.279227292472381095e+00
1.365193010760038073e+00
1.481696627171984915e+00
1.604463656155043827e+00
1.711719158313872446e+00
1.793669886837635064e+00
1.824742777480522271e+00
1.816345781598456943e+00
1.754047204505312596e+00
1.671286142583457757e+00
1.548836499821155899e+00
1.404814813323405742e+00
1.259955518066548930e+00
1.104867805891605048e+00
9.690746472779075971e-01
8.970094166273933078e-01
8.286838848835937910e-01
7.633720784165947126e-01
7.027243001396065170e-01
6.486545822662806993e-01
6.010544392946697290e-01
5.610395260534918327e-01
5.278273903155782376e-01
5.008728134828498435e-01
4.792019179436606824e-01
4.619203765480887625e-01
4.475472834445832770e-01
4.348710093742708671e-01
4.230352603691789337e-01
4.115084865644026979e-01
3.992868654334933987e-01
3.866754952917793031e-01
3.822087838796183190e-01
3.929941247883207978e-01
4.024713917211681369e-01
4.071262431336103438e-01
4.071571724988475305e-01
4.026180304812594923e-01
3.939490782274338021e-01
3.816973801691010415e-01
3.752312878378175065e-01
3.689382184846166091e-01
3.603357613692083072e-01
3.499938845703090551e-01
3.381918568906272515e-01
3.253469728902192437e-01
3.118149442991395848e-01
2.999378918657867321e-01
2.927483144858037956e-01
2.848510785892559016e-01
2.765832527923886008e-01
2.679748444255933282e-01
2.591402897543225170e-01
2.502830878105213874e-01
2.414116777118308910e-01
2.326348514301155579e-01
2.241534110211012010e-01
2.159335980977426239e-01
2.081021389586021064e-01
2.007932930407097250e-01
1.941204778832710254e-01
1.880962477991973969e-01
1.827753500992792546e-01
1.781835554699180979e-01
1.743157167022502951e-01
1.711355323774014781e-01
1.732490380540175345e-01
1.820974903222223329e-01
1.894237593977377010e-01
1.949110881632227510e-01
1.982369513050005194e-01
1.993362067666175075e-01
1.979524729820047457e-01
1.942848378503550244e-01
1.886560905848501946e-01
1.814931200554243673e-01
1.733079436275296314e-01
1.675720482170997561e-01
1.681229027728922687e-01
1.670837318771047908e-01
1.650008215709038162e-01
1.625294868522333125e-01
1.602509064637211433e-01
1.587414969051426927e-01
1.582545375575591939e-01
1.588385956803050614e-01
1.602748750504814634e-01
1.621620255928666599e-01
1.640285748181990744e-01
1.653047472558867026e-01
1.656289958129016915e-01
1.646781743661827613e-01
1.623048795392604826e-01
1.585456010951596939e-01
1.535848351671604828e-01
1.477246374192661693e-01
1.413429281767653589e-01
1.348261470075825808e-01
1.285426863041007617e-01
1.228782951793103012e-01
1.193990194830367307e-01
1.159678324792764448e-01
1.126496607785472948e-01
1.093900643977511328e-01
1.060413070029261329e-01
1.036939588257086708e-01
1.024276508202534020e-01
1.024921719108325829e-01
1.014353186884791314e-01
9.906719471768471452e-02
9.633850002396836254e-02
9.353579384613802672e-02
9.136563270698735972e-02
9.062990532018552758e-02
9.079384482763278030e-02
9.058069816321710765e-02
9.001461120054572718e-02
8.912799771141523275e-02
8.787626635222045568e-02
8.635249548924417429e-02
8.451629185063054550e-02
8.239728103653740088e-02
8.007299927068017853e-02
7.751360426224884748e-02
7.475655328795513532e-02
7.500093298166714273e-02
7.556311599284226688e-02
7.585552561342649713e-02
7.591911372165019434e-02
7.574050747055688371e-02
7.530040388065167845e-02
7.465705438736969235e-02
7.378892742269056726e-02
7.269307380230723148e-02
7.141968363903095085e-02
6.997608654270411066e-02
7.073618647041995944e-02
7.187271912065715251e-02
7.259998213828228186e-02
7.283939698614570746e-02
7.258700148884289494e-02
7.188289522433097267e-02
7.077195071053300757e-02
6.932410376822835396e-02
6.761460024791332568e-02
6.571998069362977590e-02
6.373738394105943339e-02
6.172942921896842211e-02
5.976589367529770019e-02
5.791015694172019224e-02
5.621146513712969167e-02
5.468636674009898224e-02
5.335840272649362837e-02
5.270088797658109558e-02
5.236897892315110770e-02
5.221518640331206107e-02
5.223924560083353930e-02
5.243177912889065984e-02
5.278880403373929081e-02
5.326182178429292313e-02
5.382227604376400854e-02
5.443084821306718585e-02
5.504567617488845960e-02
5.561699401146577570e-02
5.610968823028444213e-02
5.648894760944973836e-02
5.671128691495307128e-02
5.674490487478282136e-02
5.656212188239330418e-02
5.614031317961439005e-02
5.546259861799039681e-02
5.451840599420184480e-02
5.330366861814336138e-02
5.182084604043250831e-02
5.007882909581676256e-02
4.919997363600977364e-02
4.843989317029517155e-02
4.866409195309755881e-02
4.912373077924693521e-02
4.934042735290590509e-02
4.929357488406347493e-02
4.898220168741949931e-02
4.841240679168966332e-02
4.758613322268397811e-02
4.651402793482052600e-02
4.521123482643806674e-02
4.411772122160322052e-02
4.318014181517253886e-02
4.316688242082613453e-02
4.373009339989891719e-02
4.424458737217088627e-02
4.471844855213603226e-02
4.513854038556081028e-02
4.550376035231179506e-02
4.581337953224282056e-02
4.606702346745956272e-02
4.626465204539285253e-02
4.642179227816357889e-02
4.652654687982035048e-02
4.657695554317454328e-02
4.657402174807152156e-02
4.651898049145977015e-02
4.641327665929106255e-02
4.627373600485754079e-02
4.608945142116500915e-02
4.585948511854238963e-02
4.558586108240968160e-02
4.527071618992448143e-02
4.491628160655040947e-02
4.452878580000671493e-02
4.411823072746225843e-02
4.367484226753613752e-02
4.320103552760749810e-02
4.269924367954059524e-02
4.217190440310288752e-02
4.162144726262542727e-02
4.105028202062926262e-02
4.046078788300391804e-02
3.986455696492578749e-02
3.925560216102692845e-02
3.863447275517649382e-02
3.800334349995908301e-02
3.736432076340977931e-02
3.671943679111280140e-02
3.607064475100415363e-02
3.541981452180237994e-02
3.476872919463606243e-02
3.411908224974626730e-02
3.347247537172856613e-02
3.283041686698003753e-02
3.219432064302447938e-02
3.156550571446119918e-02
3.094519619688586298e-02
3.033452175049799332e-02
2.973451843849944654e-02
2.914612996379992507e-02
2.857020924784856031e-02
2.800752032059964508e-02
2.745874048517525645e-02
2.692446272886637321e-02
2.640519834889040046e-02
2.590137976352968954e-02
2.565430818214572278e-02
2.554891931446954395e-02
2.543709189392197659e-02
2.531877228397664409e-02
2.519427976873024957e-02
2.506393099652516263e-02
2.492803948133059944e-02
2.478691514103826404e-02
2.464086387190063052e-02
2.449018715701336765e-02
2.433518170834685079e-02
2.417613914023546140e-02
2.401334567321741775e-02
2.384708186756079318e-02
2.367762238359144220e-02
2.350523576969880749e-02
2.333018427459439617e-02
2.315272368429526634e-02
2.297310318157236991e-02
2.279278803129996742e-02
2.261208757131689950e-02
2.242982432564934875e-02
2.224622166102415560e-02
2.206149604130039008e-02
2.187585699175622136e-02
2.168950707881455581e-02
2.150264190481258192e-02
2.131545011614224827e-02
2.112811342433860984e-02
2.094080663909086981e-02
2.075369771223116791e-02
2.056694779228930570e-02
2.038071128825988051e-02
2.019513594271195658e-02
2.001036291239403561e-02
1.982652685649992363e-02
1.964375603219490132e-02
1.946217239524602668e-02
1.928189170738466018e-02
1.910302364806800574e-02
1.892567193062088746e-02
1.874993442286240417e-02
1.857590327075993655e-02
1.840366502546377653e-02
1.823330077274142036e-02
1.806488626471975181e-02
1.789849205342735131e-02
1.773418362596956843e-02
1.757202154037326020e-02
1.741206156293220383e-02
1.725435480519141307e-02
1.709894786201922659e-02
1.694588294907076187e-02
1.679519804010473280e-02
1.664692700377648493e-02
1.650109973994648080e-02
1.643669095320865817e-02
1.639275688634068279e-02
