3.960128903748317830e-01
3.969646054157870418e-01
4.010178502168595949e-01
4.014711478962277313e-01
4.010772180842773760e-01
4.022682807954185424e-01
4.063011772001015598e-01
4.191214145044340755e-01
4.499625885325299612e-01
4.493966920997233827e-01
4.577677427696105195e-01
4.436049598679105976e-01
6.173564196905958479e-01
5.295208692829964647e-01
6.484156733354313751e-01
7.568187282142263550e-01
7.655191080925599634e-01
8.702821277517693854e-01
8.339177695498611875e-01
8.962844757468066970e-01
9.238412124519582713e-01
9.574061324859490796e-01
7.792432130039679272e-01
7.399858256843498960e-01
6.711119142778855240e-01
7.323335822468687306e-01
7.726331717276763156e-01
9.736496111936775444e-01
1.014780546451542698e+00
1.118172360285053291e+00
1.057324654919782780e+00
1.160958179858278205e+00
1.177365292062515501e+00
1.255335779765834880e+00
1.165542528028612246e+00
1.107410466439208596e+00
1.361163007186507068e+00
1.360738273063246240e+00
1.421523686186441982e+00
1.476992104447550025e+00
1.452238586251807018e+00
1.655950760952868750e+00
1.835867166647420667e+00
2.022599600970298006e+00
2.177895562989657030e+00
2.112584860648231810e+00
1.986584646923787556e+00
2.288943509994693759e+00
2.178001348970915352e+00
2.413288193449075525e+00
2.526789835531315198e+00
2.487809386600988493e+00
2.539315112834784838e+00
2.322014941544760180e+00
2.009162954751881003e+00
2.311995289922389230e+00
2.465451980657917375e+00
2.521740534630839470e+00
2.664688910524453558e+00
2.602806052505521439e+00
2.717599968916886599e+00
2.893583982796779974e+00
3.113993376856046602e+00
3.092049977502868252e+00
2.770843091290678739e+00
2.172509485246572503e+00
1.772690102291690550e+00
1.452333888466751599e+00
1.156170856471067765e+00
9.308767845065646362e-01
8.228132945983654967e-01
7.906455459831931432e-01
7.633276878857092607e-01
7.117590485456362082e-01
6.432645154814045085e-01
5.873054015669162409e-01
5.631401294888396247e-01
5.666490561593452435e-01
5.765358829240169181e-01
5.720351454437819783e-01
5.419315732775830119e-01
4.874226987942255063e-01
4.344564763219253556e-01
3.824442540232352306e-01
3.408188112125207780e-01
3.010568844939303101e-01
2.786824227157129741e-01
2.880722876193053117e-01
3.065963552122822344e-01
3.179449431913861646e-01
3.135228117567159800e-01
3.135803369676670171e-01
3.175569253799343516e-01
3.201260700196568720e-01
3.184391582085804862e-01
3.122554796177836045e-01
3.029548247306209641e-01
2.895840381162205768e-01
2.733624229939745076e-01
2.546674685365898916e-01
2.358917349690861365e-01
2.281219807374157971e-01
2.180882136838821761e-01
2.056846912395665916e-01
1.918448181700543320e-01
1.778005967607695359e-01
1.639174917102359796e-01
1.508988194844458619e-01
1.412321850873970719e-01
1.423033935438016429e-01
1.421731874253839012e-01
1.397815901508062952e-01
1.346506813364714561e-01
1.312031829820652917e-01
1.319395979446053302e-01
1.325120898471090214e-01
1.329109594592240706e-01
1.331992782483374937e-01
1.334246784803465591e-01
1.335826182244842786e-01
1.336473660319154044e-01
1.335605296912376339e-01
1.332394675750215862e-01
1.325901171526574218e-01
1.315213725307726178e-01
1.299585281883439691e-01
1.278539415742213636e-01
1.251938028706834072e-01
1.221389805733101019e-01
1.186207883938881491e-01
1.146914583923829833e-01
1.104566410863724729e-01
1.060367983843947398e-01
1.015578879508867993e-01
9.742962981317447591e-02
9.613907478893936320e-02
9.457061323060773905e-02
9.267327848234936660e-02
9.051688558915163552e-02
8.818056297197607307e-02
8.574501225881267508e-02
8.328778500560250764e-02
8.087932581757090178e-02
7.857992246663721148e-02
7.643762063877652946e-02
7.448708953690208467e-02
7.274936741911253169e-02
7.123237427124505527e-02
6.993205187164276693e-02
6.883397819693079511e-02
6.791530148557782531e-02
6.714684703587057990e-02
6.649526456949646225e-02
6.592510343873771161e-02
6.540072501466331900e-02
6.488798447531433922e-02
6.435563648991982078e-02
6.377643986634089213e-02
6.312795435039691982e-02
6.239303797579261179e-02
6.156006546358652048e-02
6.062289717391534938e-02
5.958063417784335153e-02
5.843719843760686317e-02
5.720077819881125986e-02
5.588317791138624341e-02
5.451109335625418939e-02
5.309352390105406827e-02
5.164024962374859362e-02
5.017020230002458558e-02
4.870254242141214274e-02
4.725606357507900618e-02
4.584866956847018921e-02
4.449693172469199737e-02
4.321573002644236300e-02
4.336750458245968581e-02
4.358342679777382767e-02
4.381650225689572714e-02
4.404926253059253394e-02
4.426531406779594252e-02
4.444964402057362957e-02
4.458886124619748648e-02
4.467137363135076367e-02
4.468750456355066042e-02
4.462955270303408523e-02
4.449180020930798563e-02
4.427047526515043990e-02
4.396367515929255898e-02
4.359159348652223709e-02
4.313983337553386338e-02
4.260628197391961441e-02
4.199483862688774966e-02
4.131055486162651946e-02
4.055945184716883145e-02
3.974833706218780516e-02
3.888462406033508373e-02
3.828334404445872530e-02
3.854397308536351707e-02
3.878008321564591770e-02
3.898598235194120770e-02
3.915680243622775974e-02
3.928849994991974459e-02
3.937784364563301498e-02
3.942239114148041179e-02
3.942045601815462319e-02
3.937106701885102061e-02
3.927392088935616199e-02
3.912933031061096439e-02
3.893816827724277951e-02
3.870181016409599689e-02
3.842207460518614476e-02
3.810116418873704669e-02
3.774160684930154969e-02
3.734619871698566934e-02
3.691794906764062772e-02
3.646002790591246212e-02
3.597608221220530839e-02
3.548093761769139515e-02
3.496516674767875116e-02
3.443210429188220401e-02
3.388504538053145609e-02
3.332721394139709359e-02
3.276173488465022182e-02
3.219161004644681412e-02
3.161969778056138852e-02
3.104869605124863791e-02
3.048112885434999669e-02
2.991933576928707331e-02
2.936546443005151608e-02
2.882146569151989787e-02
2.828909125986858730e-02
2.776989355408301594e-02
2.726522756516371049e-02
2.677625448414527876e-02
2.630394687530093062e-02
2.584909517915635543e-02
2.541231534048164417e-02
2.499405736616538629e-02
2.459461463062325923e-02
2.421413375966306389e-02
2.385262493534774653e-02
2.350997247929386552e-02
2.318594558397859759e-02
2.288020907547378205e-02
2.259233410336193570e-02
2.232180866663673394e-02
2.206804789534386538e-02
2.183040401994476229e-02
2.160817597065007797e-02
2.140061855843349015e-02
2.120695119996853992e-02
2.102636615589237659e-02
2.085803626033743904e-02
2.070112212710477351e-02
2.055477882309840118e-02
2.041816200676819029e-02
2.029043353327754373e-02
2.017076653344518702e-02
2.005834997624827629e-02
1.995239272975769806e-02
1.985212713575681270e-02
1.975681211822561886e-02
1.966573584584652840e-02
1.957821797067517411e-02
1.949361146691630173e-02
1.941130409334749368e-02
1.933071950449774534e-02
1.925131803499803215e-02
1.917259718244941624e-02
1.909409181248580833e-02
1.901537411131503513e-02
1.893605330826066829e-02
1.885577519201638366e-02
1.877422144202019541e-02
1.869110879674954623e-02
1.860618807869832136e-02
1.851924309552069672e-02
1.843008943549666323e-02
1.833857317432233472e-02
1.824456950912101832e-02
1.814798133516995482e-02
1.804873777839403545e-02
1.794679269709894068e-02
1.784212316406683790e-02
1.773472794040061029e-02
1.762462595024646625e-02
1.751185476567802823e-02
1.739646910897383811e-02
1.727853938031396683e-02
1.715815021580940208e-02
1.703539908252608981e-02
1.691039491429575936e-02
1.678325679251405772e-02
1.665411267559796862e-02
1.652309817938088163e-02
1.639035541108780497e-02
1.625603185794671085e-02
1.612027933246186484e-02
1.598325297441310563e-02
1.584511031012092105e-02
1.570601036954624372e-02
1.556611286020219247e-02
1.542557739746595186e-02
1.528456279126844293e-02
1.514322638657709941e-02
1.500172345811768247e-02
1.486020665661002063e-02
1.471882550578885659e-02
1.457772594792246419e-02
1.443704993672962830e-02
1.429693507520636564e-02
1.415751429673279410e-02
1.401891558768517294e-02
1.388126174892313248e-02
1.374467019534391168e-02
1.360925278973060433e-02
1.347511571071494454e-02
1.334235935152713014e-02
1.321107824848334958e-02
1.308136103645816777e-02
1.295329042994345335e-02
1.282694322815226655e-02
1.270239034144283324e-02
1.257969683803344604e-02
1.245892200936703394e-02
1.234011945199054924e-02
1.222333716477273964e-02
1.210861765971813983e-02
1.199599808544461396e-02
1.188551036114667177e-02
1.177718132050432041e-02
1.167103286386108295e-02
1.156708211757627100e-02
1.146534159968824393e-02
1.136581939057066531e-02
1.126851930753933542e-02
1.117344108296116495e-02
1.108058054465824865e-02
1.098992979737634101e-02
1.090147740599367587e-02
1.081520857804621656e-02
1.073110534606425137e-02
1.064914674898078360e-02
1.056930901173385937e-02
1.049156572278003678e-02
1.041588800945993792e-02
1.034224470980750141e-02
1.027060254171351626e-02
1.020092626830239498e-02
1.013317885916103014e-02
1.006732164810348121e-02
1.000331448589012948e-02
9.941115889123179963e-03
9.880683184039172270e-03
9.821972645730883689e-03
9.764939632610247430e-03
9.709538715682617532e-03
9.655723802904095376e-03
9.603448258772070284e-03
9.552665018435210070e-03
9.503326697092589689e-03
9.455385694336706365e-03
9.408794293252486368e-03
9.363504754911610578e-03
9.319469407719610174e-03
9.276640732098400191e-03
9.234971440266925152e-03
9.194414551570231908e-03
9.154923463019694341e-03
9.116452015575040105e-03
9.078954555797788192e-03
9.042385993651839635e-03
9.006701855664784456e-03
8.971858334686990885e-03
8.937812335096771352e-03
8.904521514808517307e-03
8.871944323159861381e-03
8.840040035816981723e-03
8.808768785669477200e-03
8.778091591090714588e-03
8.747970380599131082e-03
8.718368014702288643e-03
8.689248305005593809e-03
8.660576030191087168e-03
8.632316949896185268e-03
8.604437815538870313e-03
8.576906379210798639e-03
8.549691400109041273e-03
8.522762648744982780e-03
8.496090909339847758e-03
8.469647980224532038e-03
8.443406672236674834e-03
8.417340805768995515e-03
8.391425205798145118e-03
8.365635695978522815e-03
8.339949090619247496e-03
8.314343186077819900e-03
8.288796750344081324e-03
8.263289511920643080e-03
8.237802147427678370e-03
