2.363737732271664616e-01
2.361079565825087156e-01
2.368400783208385041e-01
2.380762035583100511e-01
2.410433097912343947e-01
2.431507254024223297e-01
2.498737461274368465e-01
2.521557394321629064e-01
2.675899409957507302e-01
2.882165587518683014e-01
3.549268544303740280e-01
3.378473703580444076e-01
4.562144046509083450e-01
3.811483241071104699e-01
5.550353249161892322e-01
6.140240025564924764e-01
5.743567790051230526e-01
5.300783837305108603e-01
5.593837535834806918e-01
7.509895216804912677e-01
7.704805778693183393e-01
7.132031871415264179e-01
8.126889119270370720e-01
8.601241062347346755e-01
1.056544731666165804e+00
1.081008833659109714e+00
1.297932739058308194e+00
1.078517805417620545e+00
1.131119666521277267e+00
1.092194998694803187e+00
1.076896745352382334e+00
1.139303209960240038e+00
1.234744622041781703e+00
8.070294829561159844e-01
5.445773783765603948e-01
4.703212479925489298e-01
4.487424054438056142e-01
4.572567740095748734e-01
4.558329581043493728e-01
4.957375350221642218e-01
4.972825821989890760e-01
5.222330515860716948e-01
5.861738938376176433e-01
6.146219075379176777e-01
5.049536044819500358e-01
5.070432356040081023e-01
5.229685239921851858e-01
5.535861902835604864e-01
6.154931289925201776e-01
7.055866419373240106e-01
6.726622419430804412e-01
6.556716041890722213e-01
5.990278568716774776e-01
7.015519297390050424e-01
7.997495191991762509e-01
7.536698363727907246e-01
7.457053887543286796e-01
7.598096138346411843e-01
7.653589393492490345e-01
8.223606004802821445e-01
9.706439570115820148e-01
9.505713279598674292e-01
9.341856651317831384e-01
8.830578333731348151e-01
9.775104134736775086e-01
1.044346763880983131e+00
1.134131537804933254e+00
1.157876682832859272e+00
1.347979060676654628e+00
1.380680692876449234e+00
1.335763327591956928e+00
1.308714831793776678e+00
1.228143995934775523e+00
1.211672332659756712e+00
1.335701234655174208e+00
1.580343443304425444e+00
1.582223021445103628e+00
1.444329243218869019e+00
1.361791945063786757e+00
1.269627079045112739e+00
1.240961535096932966e+00
1.192209202329459927e+00
1.236298387871883619e+00
1.374127886290080092e+00
1.400717115908566734e+00
1.353524486412098327e+00
1.261764064248662720e+00
1.177855478330620542e+00
1.161230154105612700e+00
1.235037625992261523e+00
1.350537299495921495e+00
1.428378337575565649e+00
1.425290111319146735e+00
1.353367118082943632e+00
1.194955161706956925e+00
1.026234068185813975e+00
8.975368348714628519e-01
7.840306167359774037e-01
6.941571469191343269e-01
6.043695612920140237e-01
5.220694111498301870e-01
4.735723271139187784e-01
4.286838579795976267e-01
3.955612938594252892e-01
4.053838760441264011e-01
4.206390877969757303e-01
4.224259244479071085e-01
4.140020871185550178e-01
3.984727121362717783e-01
3.822903777342331888e-01
3.703816250198327387e-01
3.502869067454797425e-01
3.369212090460734776e-01
3.320534796500033137e-01
3.270236502330011730e-01
3.200803972376877748e-01
3.063842248980334082e-01
3.067383239176847409e-01
3.151024630450150465e-01
3.161712489306480189e-01
3.075085997425796025e-01
3.095346121913746251e-01
3.018823796155126193e-01
3.080998433422732496e-01
3.050259249103935422e-01
2.932933664239207872e-01
2.776125202257789804e-01
2.767872127250082803e-01
2.704660554222584889e-01
2.600292064339290166e-01
2.466292712931718034e-01
2.314950315872425779e-01
2.152481653819481866e-01
2.092047476160282249e-01
2.042619851073759485e-01
1.985199090584214565e-01
1.923402494887838099e-01
1.859127181688620123e-01
1.793015154634164665e-01
1.725868281359601020e-01
1.656979485887178360e-01
1.585354693368603018e-01
1.543049171341632497e-01
1.553527402056983919e-01
1.550018939870776158e-01
1.533749260552360882e-01
1.505152908852015192e-01
1.466680986451517898e-01
1.420917269062295929e-01
1.368702765996674120e-01
1.314384434918058342e-01
1.258237622405923850e-01
1.203462899577223272e-01
1.151805797956494126e-01
1.104467727126209331e-01
1.062780912311764581e-01
1.027555598712018708e-01
9.990719379451444560e-02
9.770967935284909089e-02
9.609272757740122684e-02
9.494615347703487529e-02
9.412947413346767211e-02
9.351475548730495135e-02
9.294536740187687995e-02
9.223984092108318544e-02
9.127138547618285358e-02
9.034701459529290157e-02
9.167813060052662499e-02
9.291974267294784984e-02
9.394921801736995370e-02
9.466282565413386418e-02
9.504206597388173416e-02
9.503007341282715403e-02
9.455380327953510911e-02
9.366041288026326350e-02
9.240624442943594363e-02
9.076328138046560468e-02
8.879566146161471663e-02
8.666732989890366112e-02
8.435618537602986022e-02
8.193979056436082042e-02
7.949113830956223981e-02
7.707418705236084022e-02
7.476831472889783337e-02
7.258716411753252107e-02
7.054709799118608071e-02
6.866154684768216443e-02
6.693186010194643321e-02
6.534914122786211754e-02
6.389647627138131392e-02
6.255134448481441956e-02
6.128802201204353040e-02
6.007982158787235349e-02
5.890104881206053439e-02
5.772859484253526491e-02
5.704972652245016151e-02
5.685465893301491075e-02
5.668054643344415389e-02
5.651086801755596245e-02
5.632952437311267851e-02
5.612171091487535429e-02
5.587459641349677014e-02
5.557780241645584457e-02
5.522369047643015116e-02
5.480747335094169476e-02
5.433893291770410666e-02
5.381999041051519633e-02
5.323964948348330894e-02
5.260268582961605266e-02
5.191557574822762422e-02
5.118609942859312506e-02
5.042294168087001899e-02
4.963530720081602704e-02
4.883256370472977004e-02
4.802548532124120695e-02
4.723157270365360011e-02
4.644683250450600681e-02
4.567867639555355658e-02
4.493356928555029828e-02
4.421693418605644049e-02
4.353309793612505224e-02
4.288527347252322347e-02
4.227557390562774325e-02
4.170505351359553997e-02
4.117377082991181131e-02
4.068086921882318324e-02
4.022467066645216138e-02
3.980277890496422555e-02
3.941218841742150786e-02
3.904939629787146371e-02
3.871051436054832873e-02
3.839137928222643298e-02
3.808765891816633109e-02
3.779495325490754565e-02
3.750888874833843700e-02
3.722520504790356038e-02
3.693983333238754635e-02
3.664896567981949099e-02
3.634911507251233076e-02
3.603716579905700407e-02
3.571041416129326629e-02
3.536659953186100519e-02
3.500392593235135408e-02
3.462572938090135999e-02
3.422988981688108306e-02
3.381251028534332237e-02
3.337360856927894942e-02
3.291364978421149751e-02
3.243352189122799406e-02
3.193450552337694787e-02
3.141823894167075637e-02
3.088667896764051360e-02
3.034205875370445463e-02
2.978684325323244925e-02
2.922368323722512179e-02
2.865536867784445815e-02
2.808478228044065245e-02
2.751485389258005038e-02
2.694851646163670678e-02
2.638866414119643219e-02
2.583811307444000213e-02
2.529956530389070729e-02
2.477557617538590426e-02
2.426852552205719868e-02
2.378059283433057655e-02
2.331373654161589259e-02
2.286967745858838746e-02
2.244988637546943208e-02
2.205557571009744353e-02
2.168769508075546817e-02
2.134693060575585874e-02
2.103370769536160381e-02
2.074819706184120871e-02
2.049032364832752487e-02
2.025977815259868628e-02
2.005603081026372317e-02
1.987834709217231599e-02
1.972978399450827161e-02
1.960660668090787040e-02
1.950599630382609390e-02
1.942654939667707789e-02
1.936675730946158663e-02
1.932502650201212840e-02
1.929969852600148597e-02
1.928906946866401975e-02
1.929140865646267189e-02
1.930497644316075956e-02
1.932804093579899157e-02
1.935889353616632863e-02
1.939586320370774442e-02
1.943732936874079109e-02
1.948173344925329190e-02
1.952758894673440118e-02
1.957349011587589116e-02
1.961811922160659055e-02
1.966025241378980062e-02
1.969876426347488829e-02
1.973263101799929350e-02
1.976093264113267314e-02
1.978285371556290015e-02
1.979768328795564886e-02
1.980481374693156965e-02
1.980373882176584416e-02
1.979405079684945154e-02
1.977543703458095950e-02
1.974767589849353924e-02
1.971063216917182809e-02
1.966425203984198747e-02
1.960855777695489841e-02
1.954364212676117096e-02
1.946966254290992404e-02
1.938683530723499596e-02
1.929542960764965912e-02
1.919576163418110562e-02
1.908818874664605647e-02
1.897310376186857675e-02
1.885304122249668521e-02
1.872676421662474930e-02
1.859422179234998876e-02
1.845588819104457615e-02
1.831224872093520709e-02
1.816379542483590598e-02
1.801102304878257968e-02
1.785442532090446635e-02
1.769449154512837963e-02
1.753170351155928022e-02
1.736653272079534058e-02
1.719943791936843699e-02
1.703086293754062577e-02
1.686123482187296477e-02
1.669096225028771086e-02
1.652043421862755060e-02
1.635001898362310052e-02
1.618006324829197873e-02
1.601089157456691073e-02
1.584280600653867679e-02
1.567608588852330287e-02
1.551098786115783293e-02
1.534774602032943497e-02
1.518657222075154786e-02
1.502765651036553143e-02
1.487116767930047288e-02
1.471725390837694963e-02
1.456604350339423155e-02
1.441764570120995792e-02
1.427215153543674037e-02
1.412963474879953309e-02
1.399015274183661693e-02
1.385374754659447240e-02
1.372044681681924144e-02
1.359026482438164055e-02
1.346320345563267046e-02
1.333925319892504020e-02
1.321839411813991068e-02
1.310059680572109309e-02
1.298582331048760662e-02
1.287402803657792041e-02
1.276515860871388006e-02
1.265915670193337207e-02
1.255595883292389033e-02
1.245549711052029197e-02
1.235769994534505721e-02
1.226249271608578426e-02
1.216979839296478995e-02
1.207953811804460265e-02
1.199163174200073255e-02
1.190599831881247912e-02
1.182255655804670402e-02
1.174122523690260267e-02
1.166192357210939570e-02
1.158457155363330424e-02
1.150909024190044372e-02
1.143540202935265995e-02
1.136343086918069865e-02
1.129310247172840218e-02
1.122434447165020915e-02
1.115708656669314562e-02
1.109126063063287787e-02
1.102680080196619117e-02
1.096364355015640342e-02
1.090172772128755567e-02
1.084099456523709287e-02
1.078138774560989319e-02
1.072285333437163028e-02
1.066533979290692526e-02
1.060879794073539550e-02
1.055318091375344151e-02
1.049844411302585517e-02
1.044454514574473698e-02
1.039144375944093916e-02
1.033910177074129182e-02
1.028748298943048256e-02
1.023655313937763510e-02
1.018627977672833911e-02
1.013663220647670511e-02
1.008758139819983940e-02
1.003909990148739266e-02
9.991161761752145876e-03
9.943742437243184573e-03
9.896818717312311914e-03
