2.820520276031605045e-01
2.814462370108585243e-01
2.817004070143817041e-01
2.827511359213634168e-01
2.838171873759294250e-01
2.872937770073324959e-01
2.909377926633986422e-01
3.007614611787824410e-01
3.219015060875930478e-01
3.240252098393693880e-01
3.611915009228575668e-01
5.645977015555537770e-01
5.194134024828784835e-01
5.129491339478731149e-01
3.834940071914235693e-01
5.299256461734920265e-01
6.009266423289406633e-01
6.083671113994890689e-01
7.138731159758400224e-01
8.371066442504792038e-01
8.326086915198803728e-01
1.222166043919538980e+00
9.924403804019888975e-01
1.072447259023827870e+00
1.055667995161082340e+00
1.258609498534186688e+00
1.103853991901860621e+00
1.225335513023359413e+00
1.126061661579320861e+00
6.814886406725364498e-01
4.915015366752464865e-01
4.461014403184425658e-01
4.699305661878107609e-01
4.935590431936247025e-01
5.077266581220690744e-01
5.503729469167161215e-01
4.986047783916162657e-01
5.751387077090261979e-01
6.054174714811452196e-01
5.820031295387700920e-01
6.272498154977925733e-01
5.877864710149005578e-01
6.169223613609453594e-01
6.785588150358947690e-01
7.359163558665644533e-01
8.307373614514605986e-01
8.447014213261687665e-01
7.691464107914606219e-01
7.619070788306639974e-01
6.936189820222433688e-01
7.956907477034436127e-01
8.697521101246776798e-01
8.895511775880187155e-01
8.554270009124218532e-01
8.914383359316229161e-01
9.047887011284323489e-01
1.006977443684993867e+00
1.221400594597696232e+00
1.295508354847472843e+00
1.343356283669607354e+00
1.363678251773888794e+00
1.308107640558812346e+00
1.364620757605292223e+00
1.412935206581432457e+00
1.523879336539640361e+00
1.583521811117422740e+00
1.605739463818640411e+00
1.494572710362777057e+00
1.511252797197129905e+00
1.486640152731546261e+00
1.475839342076775251e+00
1.571286643488656987e+00
1.546347824087042522e+00
1.267852228490257804e+00
1.345110970832154473e+00
1.364707948765802703e+00
1.339576929405331907e+00
1.455307972380861958e+00
1.661702342897318330e+00
1.807493214272576365e+00
1.711383241903445596e+00
1.433161923553935013e+00
1.112549924493912101e+00
8.603658900189830039e-01
7.100200035639930851e-01
6.133478732425022839e-01
5.377008276558090660e-01
4.801066267962553757e-01
4.665154446834336999e-01
4.537524952802510780e-01
4.326703676348764294e-01
4.067846297636102393e-01
3.851269420035716706e-01
3.732158386830941033e-01
3.687227075240581686e-01
3.651856159309699312e-01
3.568808747047803598e-01
3.526204886112783710e-01
3.484281713894479826e-01
3.368875241249632002e-01
3.161266094511434588e-01
3.225007401740180302e-01
3.302809365797469421e-01
3.348846240029150767e-01
3.354114245474836831e-01
3.313107916611926496e-01
3.223238134964026558e-01
3.083872007421661898e-01
2.917427186613559820e-01
2.910509224902446679e-01
2.827137232829454172e-01
2.671776199646819228e-01
2.731192805104412646e-01
2.660174353222957144e-01
2.480082129658801315e-01
2.360717681153198522e-01
2.251109327695994533e-01
2.156077759501373314e-01
2.112008659951808975e-01
2.056988771245690517e-01
1.993576304788612918e-01
1.923731868917662458e-01
1.847327835151126307e-01
1.769651523716588015e-01
1.737355791450668763e-01
1.800044494677575380e-01
1.871326286032619912e-01
1.861468095008514956e-01
1.752631388875360852e-01
1.631398154907993114e-01
1.671217791502217498e-01
1.673885880404632764e-01
1.635624320248819374e-01
1.558835665866441789e-01
1.499556143035167544e-01
1.495221173070504783e-01
1.473498810428848227e-01
1.436087710613258850e-01
1.384949786037883157e-01
1.323491791098672377e-01
1.276841576465006789e-01
1.227400553032731018e-01
1.172887219617477494e-01
1.144289499636870905e-01
1.135725958044142420e-01
1.119316396345401698e-01
1.097238781842498068e-01
1.070312614551449798e-01
1.039851453396253844e-01
1.007045704248967777e-01
9.908345270154374218e-02
1.004975082286312660e-01
1.007273269127241799e-01
9.978053118979375580e-02
9.787829601907085952e-02
9.520160636073693450e-02
9.777455385966066226e-02
9.759427831623528060e-02
9.495437035276574345e-02
9.013449140023999107e-02
8.366347057694691058e-02
8.330891704224661909e-02
8.335313520850966273e-02
8.259514992797283017e-02
8.082504459406263109e-02
7.829658101858801011e-02
7.487961728836033115e-02
7.081467296501171849e-02
6.612406894535077795e-02
6.300893927713213660e-02
6.225107872426056260e-02
6.287081543995069743e-02
6.609686915903638382e-02
6.895969903646072263e-02
7.057645259461937937e-02
7.089898382016177059e-02
6.975904133379479122e-02
6.729238819031596597e-02
6.373371072439461271e-02
6.287578627609691218e-02
6.229854008500495394e-02
6.158713684669595706e-02
6.075017452590335959e-02
5.982106230765720650e-02
5.882465194242048750e-02
5.773094767153280626e-02
5.655084322576882372e-02
5.531850477702293656e-02
5.404617090989641964e-02
5.271528657513340627e-02
5.133588867371002146e-02
4.991762081866987777e-02
4.850157508529867600e-02
4.706492064352045535e-02
4.561186526133120117e-02
4.415023723568484854e-02
4.393608761821031494e-02
4.458052052692346168e-02
4.478421888210705470e-02
4.457544773486966927e-02
4.400897246990654460e-02
4.315856292986178233e-02
4.210916358918121577e-02
4.094933000854410199e-02
3.976442134535473905e-02
3.863777582424249291e-02
3.762001789743367464e-02
3.675887825032924522e-02
3.608933043835515359e-02
3.562704816374973743e-02
3.536356731573386813e-02
3.527978110595246519e-02
3.534476291168092699e-02
3.551890545881692535e-02
3.575723854385555456e-02
3.601269987186338228e-02
3.624199203954924647e-02
3.641744905785794517e-02
3.648849536729359411e-02
3.642480658243392455e-02
3.620429228098996643e-02
3.581362460052734537e-02
3.524824597100361528e-02
3.451191949538956472e-02
3.361590164512572726e-02
3.258477348765941028e-02
3.145091805516329886e-02
3.022006533169985590e-02
2.998743618365119420e-02
3.037104974173499700e-02
3.060968397130476443e-02
3.068450147348183304e-02
3.060195326798496873e-02
3.039631324905690477e-02
3.006588316393809038e-02
2.967522809309988685e-02
2.933232178198913812e-02
2.890274069691428985e-02
2.840320096543359069e-02
2.785100012002045267e-02
2.726337599506095319e-02
2.666460605829626060e-02
2.606420716019938050e-02
2.547225298868071447e-02
2.490113373333358027e-02
2.436126495712274964e-02
2.386095826318059693e-02
2.340637424132898520e-02
2.300154914233445286e-02
2.264848535777222796e-02
2.234729498240012324e-02
2.209638544082339479e-02
2.189267629705880097e-02
2.173183685604134982e-02
2.160853493150583990e-02
2.151668812274488626e-02
2.144971004292802949e-02
2.140074511566669377e-02
2.136288674834757595e-02
2.132937486425106471e-02
2.129376988551679589e-02
2.125010129189186178e-02
2.119298980731720849e-02
2.111774308392702984e-02
2.102042544909930866e-02
2.089790286313340101e-02
2.074975794739100307e-02
2.057779786301554628e-02
2.037613241349124291e-02
2.014473827607307643e-02
1.988431896810918115e-02
1.959624612057142556e-02
1.928249119237735940e-02
1.894554997955039469e-02
1.858836215221341959e-02
1.821422790248996768e-02
1.797511995532061896e-02
1.783756897300852601e-02
1.770136407368052070e-02
1.756649100318095555e-02
1.743293415264791577e-02
1.730067674207748721e-02
1.716970099417532494e-02
1.703998829824050071e-02
1.691151936442855663e-02
1.678427436809913631e-02
1.665823308460097699e-02
1.653337501458188377e-02
1.640967949995591341e-02
1.628712583080212453e-02
1.616569334341857664e-02
1.604536150984975720e-02
1.592611001920420447e-02
1.580791885085331208e-02
1.569076834017466351e-02
1.557463923685769615e-02
1.545951275644778973e-02
1.534537062499491226e-02
1.523219511770744841e-02
1.511996909161180194e-02
1.500867601249407032e-02
1.489829997684665418e-02
1.478882572884379111e-02
1.468023867262572418e-02
1.457299533919104682e-02
1.446699965178500219e-02
1.436182852690416969e-02
1.425747047632752729e-02
1.415391466006078389e-02
1.405115087933661924e-02
1.394916956703871024e-02
1.384796177587531603e-02
1.374751916450896692e-02
1.364783398179520574e-02
1.354889904935782305e-02
1.345070774293844092e-02
1.335325397240287419e-02
1.333425297167214335e-02
1.331896330500091652e-02
1.328762311147673944e-02
1.323994260405595216e-02
1.317581068127073908e-02
1.309528725615485313e-02
1.299859416244470399e-02
1.288784715499037559e-02
1.276385057240526227e-02
1.262509275182410219e-02
1.251111123194430068e-02
1.242457908477079612e-02
1.233246852720671326e-02
1.223572722987575565e-02
1.213567784310763328e-02
1.203079349152189927e-02
1.192136413832897875e-02
1.180768681279760653e-02
1.169006393739886913e-02
1.156880172140000926e-02
1.147078727206118400e-02
1.138881292327771112e-02
1.130753133077061837e-02
1.122694251584644386e-02
1.114704650954568069e-02
1.106784333846899844e-02
1.098933301155632231e-02
1.091151550758344933e-02
1.083439076337835115e-02
1.075795866278525525e-02
1.068221902638570413e-02
1.060717160189357348e-02
1.053281605538812678e-02
1.045915196297142469e-02
1.038617880340631829e-02
1.031389595116444929e-02
1.024230267030878418e-02
1.017139810879050428e-02
1.010118129356957391e-02
1.003165112601436121e-02
9.962806378251087835e-03
9.894645689701624461e-03
9.827167564232209065e-03
9.760370367955802096e-03
9.694252327255622331e-03
9.628811527432832792e-03
9.564045911699263144e-03
9.499953280616944828e-03
9.436531291925698631e-03
9.373777460648045554e-03
9.311689159689946760e-03
9.250263620576314183e-03
9.189497934722972231e-03
9.129389054728057062e-03
9.069933796196583131e-03
9.011128839599064078e-03
8.952970732422188202e-03
8.895455891664195633e-03
8.838580606248504917e-03
8.782341040054849127e-03
8.726733234478778814e-03
8.671753111847231923e-03
8.617396478432858692e-03
8.563659027861816528e-03
8.510536344573358530e-03
8.458023907287472859e-03
8.406117092627308010e-03
8.354811178965422525e-03
8.304101350018702754e-03
8.253982698653910752e-03
8.204450230843781874e-03
8.155498869434866724e-03
8.107123458195348784e-03
8.059318765439825449e-03
8.012079488313984810e-03
7.965400256451898864e-03
7.919275635930990084e-03
7.873700133228652906e-03
7.828668199031833114e-03
7.784174232054993751e-03
7.740212582938442963e-03
7.696777557982354030e-03
7.653863422700297840e-03
