2.335740464094816227e-01
2.343025004051010052e-01
2.366640277658075830e-01
2.361046898193321364e-01
2.382178135865382629e-01
2.410408612176140331e-01
2.436310864352063954e-01
2.441835020748894802e-01
2.660240212208019872e-01
2.870995467870380291e-01
3.585221681309205266e-01
5.671430710831010247e-01
4.752430196992771250e-01
3.557818651536742705e-01
5.010798058040422109e-01
4.798238557954250250e-01
4.364188582987699738e-01
6.429516993433922467e-01
7.142016180792755131e-01
6.076956321176710807e-01
8.059533988026467144e-01
9.115003552076489379e-01
8.648543115815485738e-01
6.738892800870711630e-01
9.063368324367245821e-01
9.366113484370047759e-01
5.327420447035061679e-01
4.561388564628942599e-01
3.693698658105001864e-01
4.663501173335510841e-01
4.753933782194607605e-01
5.509468357837110641e-01
5.176826346347451757e-01
5.023555999056983357e-01
4.794549376196143853e-01
5.060321332399173588e-01
4.909507232908632557e-01
4.769011639221968912e-01
5.332297097952729548e-01
6.072881578468705133e-01
5.950106064628162272e-01
5.542565910154367836e-01
6.933364429763898551e-01
6.676023073729662194e-01
7.144056338057964695e-01
8.180254311422705538e-01
8.534899068267071121e-01
7.604095281306392229e-01
7.728230692051053508e-01
9.215653488593353870e-01
8.826400622595279577e-01
8.417455660214011592e-01
9.020582506368239883e-01
1.049955156609045925e+00
1.229797054802694634e+00
1.159520929564544556e+00
1.250786074500908729e+00
1.281354920990906310e+00
1.297446155288354941e+00
1.355466597335301282e+00
1.278340813158530542e+00
1.360479925899622522e+00
1.319819045813314551e+00
1.185604747231210343e+00
1.161536263890803777e+00
1.221626109602427013e+00
1.257663276279059827e+00
1.294821102524903011e+00
1.309334546651212738e+00
1.303356302142198109e+00
1.343409050174310115e+00
1.450818148028241827e+00
1.468225020225957689e+00
1.317304781243475720e+00
1.142205391353904531e+00
9.590261953418932617e-01
7.905566176228505659e-01
6.592628842620966712e-01
5.748751843960293595e-01
5.274224451983208217e-01
5.100953733598073692e-01
4.806376158088327966e-01
4.820783749609650060e-01
5.107152443460616364e-01
5.124525423764668686e-01
4.882701568737638498e-01
4.530521982469706277e-01
4.203853499423324536e-01
3.922620345014320442e-01
3.643164561305223259e-01
3.371820356005101882e-01
3.132604143775540861e-01
3.307776204511418960e-01
3.379255730084738119e-01
3.260479407233941584e-01
3.037476384755433134e-01
2.775156041089273384e-01
2.535252040848030575e-01
2.361624347629671106e-01
2.313557296798244844e-01
2.218494618637787685e-01
2.093530847236478865e-01
2.138236677236628192e-01
2.208152233086080329e-01
2.172788866368802752e-01
2.184400343214877305e-01
2.199628559228089530e-01
2.115394785101610831e-01
2.017977422155643186e-01
1.967670384274565476e-01
1.883249899554400308e-01
1.772898137690371578e-01
1.643689251405316687e-01
1.566001226160850246e-01
1.514206294130634456e-01
1.445248372478103172e-01
1.368150020023686519e-01
1.287003262235384971e-01
1.211862570041026821e-01
1.149394518832184270e-01
1.104798402970063320e-01
1.088815291239809691e-01
1.112811714497647930e-01
1.139785442922029157e-01
1.161029876629060126e-01
1.164719374694323240e-01
1.180691581395304224e-01
1.196840305435264845e-01
1.194022123817105041e-01
1.168072739064230370e-01
1.169334823512443305e-01
1.130990755629701777e-01
1.054192090472464011e-01
1.057342144978761639e-01
1.057984981490798504e-01
1.035102447938740372e-01
1.034357862932973188e-01
1.027442463093744679e-01
1.007255234355703966e-01
9.757228727990427397e-02
9.352075004482988951e-02
8.885019365426044535e-02
8.676251795607700656e-02
8.741990891551990051e-02
8.716952252911459864e-02
8.626917617498702784e-02
8.477029218113714404e-02
8.288067069580372370e-02
8.061399635073303316e-02
7.820626376575511018e-02
7.559234430435846086e-02
7.289590223020206428e-02
7.017424478968939394e-02
6.738717981441813554e-02
6.455787080947646139e-02
6.177084050653310759e-02
5.896485166547539569e-02
5.627440292160702795e-02
5.590883979427202499e-02
5.492670395627806401e-02
5.333557088511412664e-02
5.127226308617510719e-02
4.889534399471687914e-02
4.641248666869134121e-02
4.391095703014906426e-02
4.164911418523200431e-02
4.096389881430258922e-02
4.024219034733438061e-02
3.949005379488796513e-02
3.871403765249658430e-02
3.789534553970040631e-02
3.703523866489707994e-02
3.613632279916392798e-02
3.520235216952309620e-02
3.423802265287332475e-02
3.379481848743966232e-02
3.365985404401363595e-02
3.337864862782720377e-02
3.292769991398718232e-02
3.230506976128402069e-02
3.152853132256627777e-02
3.063845121722109238e-02
3.063583590740514770e-02
3.052798429609291861e-02
3.030867888535212010e-02
2.997632980577760384e-02
2.953812763783255149e-02
2.901315003348157659e-02
2.927365676369234407e-02
2.975534040188875309e-02
3.014633654266020771e-02
3.040570223056086527e-02
3.052489473731083772e-02
3.047061265220934317e-02
3.022100276809876890e-02
2.977393021225705275e-02
2.974109865540882150e-02
2.990355771077575844e-02
3.032565904036743643e-02
3.105726612439773521e-02
3.170732917393911943e-02
3.224845798967106852e-02
3.266656629469343737e-02
3.295366451904269828e-02
3.310754914670266391e-02
3.313126647883682385e-02
3.303240936076930895e-02
3.282230420331683912e-02
3.251514150356044075e-02
3.212709688402201613e-02
3.168209331468746504e-02
3.120150109773817126e-02
3.068977044400870643e-02
3.016331638062719547e-02
2.963718945956719114e-02
2.912468122895377556e-02
2.863703957443813550e-02
2.818328856244600722e-02
2.777014440977040172e-02
2.740201712228651498e-02
2.708108607774056473e-02
2.680743724775997219e-02
2.657924973227912546e-02
2.639301969081074214e-02
2.624381048600212679e-02
2.612551880132017723e-02
2.603114757743422644e-02
2.595307775947246556e-02
2.588333200723152636e-02
2.581382465604700055e-02
2.573659329919244371e-02
2.564400837506393763e-02
2.552895807636420752e-02
2.538500674836460802e-02
2.520652570873347861e-02
2.498879610423462849e-02
2.473099084694842936e-02
2.443786142084240429e-02
2.409733817301823802e-02
2.370864757255566543e-02
2.327204904822265802e-02
2.278879442397344426e-02
2.226106921601627223e-02
2.169191826972690154e-02
2.108515831673113058e-02
2.044528007638869369e-02
1.977734252099268286e-02
1.908686187546630372e-02
1.837969782575221353e-02
1.766193928062882723e-02
1.704035551902435136e-02
1.728530493361594284e-02
1.748778630226377126e-02
1.764966712861021705e-02
1.777263834765284087e-02
1.784777218113613867e-02
1.787437251042382075e-02
1.785237794531832622e-02
1.778233768823567901e-02
1.766537924299541040e-02
1.750316903442033362e-02
1.729786704658264895e-02
1.705417683382642532e-02
1.678185827028062793e-02
1.647462540041843074e-02
1.613601560068451957e-02
1.576979390365618877e-02
1.537989471469467830e-02
1.497036459200040345e-02
1.454530687749002772e-02
1.410882886657338457e-02
1.390037958362226773e-02
1.388022884393287811e-02
1.383306153809910587e-02
1.375963071079882444e-02
1.366349672920172745e-02
1.354800337944197727e-02
1.340921330386802765e-02
1.324844072669119355e-02
1.306710867638069193e-02
1.294268425761707295e-02
1.283764770728114922e-02
1.273067140305028655e-02
1.262189438154860677e-02
1.251145514568558631e-02
1.239949130013136454e-02
1.228613920798155533e-02
1.217153366886015130e-02
1.205580761910084349e-02
1.193909185362507924e-02
1.182151476975706883e-02
1.178017068614868081e-02
1.183533492616090435e-02
1.186915119010652914e-02
1.188139678906884912e-02
1.187206859180477483e-02
1.184136892786780831e-02
1.178969036509077903e-02
1.171759962832987119e-02
1.162582091303163666e-02
1.151521883144241733e-02
1.138678121174154997e-02
1.124160195123516393e-02
1.108086410657935228e-02
1.090582338299581414e-02
1.071867437417938461e-02
1.052217285998409586e-02
1.031513074007733670e-02
1.009893195875179173e-02
9.874963789002197401e-03
9.644604894996635161e-03
9.442890471688133655e-03
9.561578508299462681e-03
9.673913197107062573e-03
9.779084166325474614e-03
9.876376870302999017e-03
9.965171482129758090e-03
1.004494108906011859e-02
1.011524926761820167e-02
1.017574711369048819e-02
1.022616980198604378e-02
1.026633274526704033e-02
1.029612742268699518e-02
1.031732327187831824e-02
1.032931875157797746e-02
1.033105047537599339e-02
1.032265246801662879e-02
1.030431202907241932e-02
1.027626483779257166e-02
1.023879008827803180e-02
1.019220569195062633e-02
1.013686358006630692e-02
1.007314513466839485e-02
1.000145677360235463e-02
9.922225709628723633e-03
9.835895902660277135e-03
9.742924217354825139e-03
9.643776799388110998e-03
9.538925676674045104e-03
9.428845592481884669e-03
9.314011072543249697e-03
9.194893727485480700e-03
9.071959789415301456e-03
8.945667879665395242e-03
8.816467003139150105e-03
8.684794763684024893e-03
8.551075792826512770e-03
8.415720385140414150e-03
8.279123329575347259e-03
8.141662929308094918e-03
8.003700198267753654e-03
7.865578225354642738e-03
7.729888383763417609e-03
7.697052410013912813e-03
7.659035527243228912e-03
7.616117001226215683e-03
7.568580635270496897e-03
7.516713001117043477e-03
7.460801796688652093e-03
7.401220913637920548e-03
7.339686975974570038e-03
7.274896154044257698e-03
7.207125801046338626e-03
7.136648375489264458e-03
7.063730499723462099e-03
6.988632126891308922e-03
6.911605812426820615e-03
6.832896084222966904e-03
6.752738907905584363e-03
6.671361240532106170e-03
6.588980668496869329e-03
6.505805123990982333e-03
6.422032674364782159e-03
6.417551005987905989e-03
6.415100915588957051e-03
6.410800194990616020e-03
6.404711559424792512e-03
6.396898943214179324e-03
6.387427196826002754e-03
6.376361805209035394e-03
6.363768625721611359e-03
6.349713645947265180e-03
6.334262760443997060e-03
6.317765477422962635e-03
6.300384490569503441e-03
6.281788416938263384e-03
6.262040479373055975e-03
6.241203015869362103e-03
6.219337351380607032e-03
6.196503683414163709e-03
6.172760980951519025e-03
6.148166895889684534e-03
6.122777686109896582e-03
6.096648149723271626e-03
6.069831569821004975e-03
6.042379668552938336e-03
6.014342570588836374e-03
5.985768774751333218e-03
5.956705133619839658e-03
5.927196840143404526e-03
