1.642028264933218795e-01
1.643701237806046433e-01
1.652147124452281457e-01
1.657778410181829643e-01
1.671276634756241330e-01
1.698607084137023771e-01
1.752210002500625141e-01
1.948247196111439761e-01
2.247440918108573604e-01
2.976392826982869333e-01
2.868307143931617675e-01
3.746106518330105661e-01
4.899749101383257810e-01
4.124575752206563473e-01
4.351819804196249142e-01
4.405041362490418888e-01
4.855276491073131084e-01
6.378989775985837163e-01
4.958195405589022609e-01
4.975177002820317940e-01
6.130867817469658476e-01
5.896885024950289100e-01
6.959062188017381967e-01
8.864994577526876807e-01
6.793860781212679445e-01
8.930673304927394529e-01
8.005418164032540584e-01
7.757544782696376151e-01
8.729303781420799657e-01
9.880696642354093173e-01
5.809043116626274594e-01
4.112291823098232491e-01
3.310736348099755921e-01
3.088295084183552697e-01
3.076019735869567895e-01
3.227234931787376082e-01
3.968104603400705033e-01
3.593085978241071232e-01
3.975953762425736837e-01
4.382560103753125880e-01
4.739530527032362328e-01
4.334018350369640005e-01
4.627489714021694178e-01
5.266234765763523340e-01
4.964033518704292214e-01
5.161151135820531977e-01
4.701244423533186279e-01
4.153591602113181902e-01
4.298705534111847415e-01
4.957868594662975248e-01
6.291978107061313441e-01
6.836268348811369577e-01
7.009567298175326533e-01
7.371273253004442250e-01
7.275159744210989432e-01
6.879667864027124713e-01
7.066858337947776736e-01
8.066395059909570175e-01
7.829835177251005529e-01
8.486864761354482312e-01
8.842302934567082273e-01
8.813614112056892269e-01
8.845279901376926768e-01
9.805907745605498826e-01
1.130371826115217360e+00
1.165959427388311598e+00
1.116710914391866538e+00
1.025020341181468675e+00
1.065281180417084306e+00
1.220506800445650297e+00
1.313377834921606091e+00
1.308185242226230116e+00
1.189361446669316758e+00
1.046047535743215962e+00
9.671863715335514700e-01
1.069395293063626573e+00
1.082606330258035099e+00
1.115848552607429101e+00
1.162009319946477381e+00
1.185526749462494145e+00
1.186239567923486948e+00
1.199820577779399322e+00
1.221776011824312613e+00
1.149287328385832252e+00
1.045536065761561551e+00
8.544112393002222250e-01
6.531514564681842883e-01
5.100828479661916326e-01
4.287416986090515358e-01
3.864909687219699741e-01
3.597135485130619204e-01
3.536685409829286586e-01
3.813860260443702188e-01
3.939859071929174283e-01
4.031617589682185421e-01
3.949191432730723150e-01
3.721334645013685272e-01
3.494116667400922749e-01
3.341222526142942906e-01
3.235225700884856725e-01
3.107451079525112569e-01
2.887011156272966672e-01
2.798937792022596072e-01
2.935346449930889556e-01
2.952283093551666404e-01
2.854172773143139885e-01
2.806875900152409620e-01
2.706935896326014279e-01
2.553788795808558110e-01
2.373554771421164666e-01
2.193295397529350932e-01
2.210115778679318799e-01
2.199568603654905030e-01
2.120039161917749715e-01
1.986826270238292447e-01
1.821305527740590680e-01
1.664041371215558285e-01
1.575850245090852919e-01
1.494505327200162659e-01
1.437476151089615573e-01
1.394946187454162434e-01
1.345883716743615788e-01
1.293984783128647176e-01
1.312305004438191203e-01
1.362599350892935157e-01
1.442682377489490075e-01
1.511491701274029487e-01
1.540916356794995723e-01
1.527426944721017588e-01
1.474126741602372892e-01
1.390373172489149378e-01
1.302117359213756098e-01
1.275469547089403966e-01
1.239950380847070488e-01
1.197523725556284141e-01
1.195966721407914907e-01
1.196798738436397197e-01
1.177326229837570570e-01
1.140700246996178557e-01
1.090488391733444029e-01
1.028841849170778200e-01
9.584804628581361507e-02
8.972707994608100646e-02
8.827643798338868919e-02
8.676555238801920977e-02
8.519720402318523012e-02
8.363009537500851187e-02
8.201387493468707823e-02
8.041162045200460351e-02
7.877416061761761956e-02
7.713449709220060457e-02
7.548576571550719150e-02
7.380158395937957971e-02
7.214879608680820067e-02
7.045246419197155607e-02
6.902113471957525836e-02
6.720749736799787322e-02
6.537722629532637109e-02
6.370010054572509961e-02
6.202084353602112937e-02
6.121564356317830274e-02
6.520292151813182613e-02
6.772861856500202171e-02
6.869443465907242030e-02
6.812875308927740514e-02
6.617644714994669330e-02
6.304685315050802263e-02
6.040836516319048749e-02
6.255019925668997560e-02
6.351269126350915506e-02
6.345952031940535476e-02
6.246422477843553006e-02
6.072920945840648566e-02
5.842808373999626437e-02
5.581338849995563789e-02
5.303100068907109360e-02
5.028090832626923995e-02
4.772680938939632272e-02
4.549040250377756056e-02
4.365043607453853586e-02
4.224556145453162853e-02
4.163649401051000565e-02
4.119094186297790616e-02
4.067761443814078837e-02
4.068458588945009224e-02
4.106582476781646396e-02
4.162411056924501807e-02
4.228857316952035900e-02
4.298943127756017085e-02
4.365917737985790942e-02
4.423338380397354858e-02
4.465146225467740010e-02
4.488839571478894785e-02
4.489398908894907947e-02
4.460023130108783929e-02
4.400388920453567054e-02
4.309010239337319331e-02
4.180734596937511760e-02
4.021847263038764303e-02
3.828079762568031147e-02
3.853316011251071982e-02
3.957617444187402911e-02
4.029617009597028648e-02
4.072067466652976031e-02
4.078164564203457659e-02
4.048088820314550695e-02
3.983546016355208469e-02
3.882132064761235901e-02
3.747686615105415980e-02
3.582855659127457543e-02
3.389234929280177111e-02
3.174536010383058326e-02
2.940365118425681060e-02
3.004610960343085183e-02
3.054333296537506404e-02
3.074109676283076631e-02
3.068260879088914247e-02
3.051177220935778756e-02
3.068755356690396757e-02
3.074943028483528157e-02
3.069628019823071943e-02
3.054482985043824664e-02
3.028647175266909949e-02
2.994780758081941677e-02
2.951564342197896332e-02
2.902066581009313251e-02
2.845067797519400601e-02
2.783175676516788655e-02
2.716157755672795465e-02
2.644953854704653121e-02
2.571591177522862190e-02
2.528865254059163570e-02
2.537684903978554285e-02
2.530040009412874713e-02
2.507732375657758736e-02
2.473033918912259307e-02
2.429851429115795214e-02
2.377928242935650055e-02
2.319300843044440341e-02
2.255897325351637062e-02
2.189489512553871933e-02
2.121657980689607009e-02
2.054090415927877292e-02
1.988022934837331904e-02
1.923767009476911802e-02
1.862042973881005911e-02
1.803365338893603634e-02
1.748060988619863643e-02
1.742308950415364863e-02
1.738136254759017896e-02
1.731573427981970489e-02
1.723530166945416026e-02
1.714012898373764790e-02
1.703489847604132412e-02
1.692353964311573908e-02
1.680923224734556451e-02
1.669443620359544606e-02
1.658094268666300553e-02
1.646994098175288967e-02
1.636209594487632660e-02
1.625763141564035008e-02
1.615641549184507197e-02
1.605804419661160942e-02
1.596192071036772742e-02
1.586732797474740830e-02
1.577349308327484836e-02
1.567964243336293639e-02
1.558504711729938319e-02
1.549075498219339500e-02
1.539543426251260838e-02
1.529772037893719142e-02
1.519731731620395723e-02
1.509406161491307595e-02
1.498791851284408255e-02
1.487897293179609240e-02
1.476741641533432792e-02
1.465353109369622528e-02
1.453767169151477627e-02
1.442024650943374287e-02
1.430169820697840474e-02
1.418248510430732134e-02
1.406306359808288768e-02
1.394387216984842304e-02
1.382531734744447439e-02
1.370776186954066229e-02
1.359151520139041149e-02
1.347682645858756627e-02
1.336387971458296957e-02
1.325279160030874183e-02
1.314361104695680946e-02
1.303632098024085605e-02
1.293084174090657935e-02
1.282703598375797491e-02
1.272471479642147199e-02
1.262364477388043180e-02
1.252355578870887470e-02
1.242414920797293293e-02
1.232571625193714868e-02
1.222802770883316473e-02
1.213004256389055464e-02
1.203143085297334221e-02
1.193187333217650761e-02
1.183106827175959934e-02
1.172873754135043793e-02
1.162463191407000010e-02
1.151853554079558875e-02
1.141026956849282639e-02
1.129969489415516039e-02
1.118671406661866062e-02
1.107127236188354923e-02
1.095335807189065300e-02
1.083300205789308572e-02
1.071027662872045885e-02
1.058529380983116823e-02
1.045820307610990062e-02
1.032918862228566353e-02
1.019846624719482342e-02
1.006627992819449091e-02
9.932898159963420015e-03
9.798610129600024421e-03
9.663721795660697167e-03
9.528551936553988563e-03
9.393428225360734088e-03
9.258683385539213592e-03
9.124651475491506528e-03
8.991664342512405497e-03
8.860048283068480690e-03
8.730120938225028118e-03
8.602188448783378710e-03
8.476542887995396069e-03
8.353459984723253171e-03
8.283119629104355661e-03
8.217441543945814414e-03
8.148225575337102872e-03
8.075754214766037511e-03
8.000324155255995190e-03
7.923827657344393802e-03
7.874858906438625752e-03
7.826516386249626409e-03
7.778791979468047645e-03
7.731677425557474843e-03
7.685164338482559226e-03
7.639244223707985192e-03
7.593908494170970545e-03
7.549148485397914020e-03
7.504955469806416646e-03
7.461320670261534227e-03
7.418235272784396220e-03
7.375690438593375010e-03
7.333677315466390241e-03
7.292187048457988811e-03
7.251210789897703790e-03
7.210739708941766267e-03
7.170765000383196031e-03
7.131277893124805985e-03
7.092269657898664370e-03
7.053731614624391029e-03
7.015655139426408768e-03
6.978031670816320885e-03
6.940852715873620758e-03
6.904109855748576455e-03
6.867794750863696722e-03
6.831899145705316520e-03
6.796414873309325651e-03
6.761333859375186044e-03
6.726648126075297773e-03
6.692349795445514359e-03
6.658431092748077693e-03
6.624884349219210995e-03
6.591702004730868106e-03
6.558876610256836326e-03
6.526400829940597927e-03
6.494267443001716655e-03
6.462469345403737062e-03
6.430999551376813742e-03
6.399851194627013094e-03
6.369017529420429626e-03
6.338491931449631751e-03
6.308267898640469544e-03
6.278339051616778528e-03
6.248699134040434054e-03
6.219342013007647142e-03
6.190261678995333770e-03
6.161452245921476313e-03
6.132907950888438244e-03
6.104623154012714902e-03
6.076592337895020575e-03
6.056721454851063217e-03
6.042325072856287276e-03
6.027269031202235269e-03
6.011546384753127352e-03
5.995153377256440090e-03
5.978089177929228441e-03
5.960355627441503781e-03
5.941956994662016787e-03
5.922899744777688005e-03
5.903192319755753807e-03
5.882844931158735975e-03
5.861869365925599304e-03
5.840278805412316664e-03
