1.750084152868052190e-01
1.748618395082126298e-01
1.755519123069414211e-01
1.758597785047737450e-01
1.764534122233266666e-01
1.769063762730977984e-01
1.784326745092683630e-01
1.783396206807546513e-01
2.000437801281800265e-01
2.056701390305430144e-01
2.132320590454918341e-01
2.568407196688342609e-01
3.050633743942592901e-01
3.917823046763123651e-01
3.696549592567902609e-01
3.247571574176542630e-01
3.920680862398475131e-01
4.289807045973909605e-01
3.517730865292645892e-01
3.759156598487023992e-01
3.777066538129414952e-01
5.130341004140899219e-01
4.932574704695441015e-01
5.305424406609028365e-01
5.159375374557361171e-01
6.267456000901421298e-01
5.728908830383397932e-01
6.554074735728198098e-01
6.696111935231969792e-01
7.427969854667764160e-01
7.764706410944325343e-01
8.171459499846416286e-01
7.448352592296464403e-01
8.136919593598657130e-01
5.419787815188087388e-01
3.833001794726423328e-01
3.433128348243992822e-01
3.151104790419612112e-01
3.580778124774980919e-01
3.610134941749568172e-01
3.259275286538012573e-01
3.279220172229413421e-01
3.766646209360200448e-01
3.404979066303917001e-01
4.021451817290374597e-01
4.028741215711333368e-01
3.831861565083353738e-01
3.806285296783670224e-01
4.230354163761229080e-01
4.129787648331549321e-01
4.500201969772293920e-01
4.283591501505726873e-01
4.333786673525749089e-01
4.955533547199504341e-01
5.520029222937374858e-01
5.656016970885071604e-01
5.623520004629546376e-01
5.207513424052401252e-01
5.808752846370670575e-01
5.738936835601764486e-01
5.730859222847467516e-01
5.437562799899012811e-01
5.920973407092385843e-01
6.132237318698327000e-01
6.094855501301496004e-01
6.066139145393970589e-01
6.232663170799294106e-01
7.142455360342283566e-01
8.528600239764132507e-01
9.457694045493849622e-01
9.349064959130376495e-01
9.324404343326753164e-01
9.735412292206211404e-01
9.417368288806826637e-01
8.293039193810783916e-01
8.059391758255565197e-01
8.433224647168406918e-01
8.423556049498682752e-01
8.511699720859862150e-01
9.215705667054767680e-01
1.011930995217107832e+00
1.061081726525978874e+00
1.102686019657704630e+00
1.105797180096715238e+00
1.028782790762544863e+00
9.291963290340314874e-01
8.279553920521034449e-01
8.707709707605526539e-01
9.040132082222709364e-01
9.519796227332261163e-01
1.014008465399321768e+00
1.096900230730202708e+00
1.238909262389585653e+00
1.311584793518465242e+00
1.329514499255272097e+00
1.267266264645008800e+00
1.165692233309216119e+00
1.021996398168101505e+00
8.646378069973715830e-01
7.827533073430763544e-01
7.043920358434113682e-01
6.241221316592370227e-01
5.507873398282867594e-01
4.917322164419753450e-01
4.396560684734430180e-01
3.959087131909643786e-01
3.681575778350361094e-01
3.468657999161669503e-01
3.309910469032962821e-01
3.505910236581961659e-01
3.805573610969489318e-01
3.902422238943695221e-01
3.911871791706520995e-01
3.733932690749343086e-01
3.428594462909397289e-01
3.101157595910485898e-01
2.862070570573084782e-01
2.739568433911770406e-01
2.730681388211096405e-01
2.775881491549466729e-01
2.803880288854309621e-01
2.772198216327718678e-01
2.678993859278290812e-01
2.553423719725815277e-01
2.437153639265083049e-01
2.363870998546924451e-01
2.339781994881972582e-01
2.340004406387092284e-01
2.345250747644171685e-01
2.379781628745223365e-01
2.346560960043668487e-01
2.259026806728377246e-01
2.183770940245960690e-01
2.108802448508263760e-01
2.155018758908833765e-01
2.210378452730988041e-01
2.222108836759646988e-01
2.196838558230690130e-01
2.145134518538756863e-01
2.075181617637398557e-01
1.996187467527852366e-01
1.914182787895982174e-01
1.831915301807678365e-01
1.749496721495072682e-01
1.665486366998961409e-01
1.578065592762046832e-01
1.551405463769044979e-01
1.563320779947906525e-01
1.537290752675261885e-01
1.478179000891803319e-01
1.393578823279918166e-01
1.375806005477749061e-01
1.361650485354878592e-01
1.334745762878799535e-01
1.302088308323403054e-01
1.267930021827513021e-01
1.233838230938650027e-01
1.218055165907242637e-01
1.212176698369353267e-01
1.205883635398911358e-01
1.195803429433277276e-01
1.178993570582401035e-01
1.153430425978845958e-01
1.130647253955900655e-01
1.139134578236475209e-01
1.138568988715650820e-01
1.129205172332517493e-01
1.111639695155621083e-01
1.086531504923441832e-01
1.054386756526811408e-01
1.015449671696150163e-01
9.703644542350513269e-02
9.412141950095317955e-02
9.243179286456065791e-02
9.030152373345035066e-02
8.770476584101705164e-02
8.452922371493071241e-02
8.434122755187838105e-02
8.382078555636517103e-02
8.269427806907286849e-02
8.090326716969767351e-02
7.845226139220697059e-02
7.532302537664758990e-02
7.153972731436540611e-02
6.716233623619491389e-02
6.880651623873740297e-02
7.097416080469891309e-02
7.273025679278800892e-02
7.400397702643940478e-02
7.477059503365594828e-02
7.501327390805528905e-02
7.472464706280593227e-02
7.390783459679378664e-02
7.258906490638045161e-02
7.079709705056420888e-02
6.855236017196821019e-02
6.589446849305824472e-02
6.287326626738187763e-02
5.964962920870936491e-02
6.049132884749301720e-02
6.094383487326159032e-02
6.102305039875659948e-02
6.074925296943663178e-02
6.014672951896900266e-02
5.924339204811625986e-02
5.807013672510410313e-02
5.665986170951486933e-02
5.504629822974047709e-02
5.327877033359500192e-02
5.139927703656652080e-02
4.991061439978079772e-02
5.012123812780967802e-02
4.999881055021281051e-02
4.957841605552156666e-02
4.890979489848441136e-02
4.804482488284694125e-02
4.704514335500781935e-02
4.596748722913748808e-02
4.645900661279760840e-02
4.704387870580212933e-02
4.738274719991998618e-02
4.758178598587482072e-02
4.766228671365312780e-02
4.771746626254796259e-02
4.776207529608190311e-02
4.783960493533764152e-02
4.797301516647523717e-02
4.814568036224783909e-02
4.838146569064276370e-02
4.862345812243497323e-02
4.887658918668268820e-02
4.907957092320583414e-02
4.920761971837155774e-02
4.923069757150967674e-02
4.910445265061007258e-02
4.880006242014239132e-02
4.829248100631605006e-02
4.756183259180811473e-02
4.659464811327289346e-02
4.538469841297607804e-02
4.393328088360142630e-02
4.224905024970591894e-02
4.069724539283699899e-02
4.000712129969150738e-02
3.896434229607954186e-02
3.758773979364053025e-02
3.590403831182830546e-02
3.525654589797464628e-02
3.499988927845835290e-02
3.447373731578824707e-02
3.368384848019519845e-02
3.265667016266445705e-02
3.235365370210717406e-02
3.205008915739349096e-02
3.163429941356670633e-02
3.171788346821266535e-02
3.177960652784052320e-02
3.175110383776399287e-02
3.166119367285916142e-02
3.148505673522539877e-02
3.123913782280917512e-02
3.092522845525853825e-02
3.053745104157915696e-02
3.009878867539131711e-02
2.959088215369889627e-02
2.903783428734590943e-02
2.842959885547373042e-02
2.777733318831535764e-02
2.722029813122289060e-02
2.667783050645139084e-02
2.610099925621583647e-02
2.549846455468980644e-02
2.487954417358586440e-02
2.423674463652149974e-02
2.357380922940155096e-02
2.289438529958173069e-02
2.220296017769401303e-02
2.151128974573105965e-02
2.131970801062244014e-02
2.133747004022735344e-02
2.133473142823972407e-02
2.130998946550998266e-02
2.126423754351146334e-02
2.120142973313164994e-02
2.112578604866063511e-02
2.103200677941546165e-02
2.092115487640328758e-02
2.079429934467248026e-02
2.065306048767796485e-02
2.050534609036772093e-02
2.034450042786277446e-02
2.017155810051241352e-02
1.998753683536468387e-02
1.979343383957739635e-02
1.959022257423534766e-02
1.938115521293467050e-02
1.916864809349552029e-02
1.894946549129675542e-02
1.872446531654669774e-02
1.849447210703921221e-02
1.826027580198665012e-02
1.802263079552311742e-02
1.778225524985059883e-02
1.753983064839748432e-02
1.729600156888841736e-02
1.709975523174693188e-02
1.692156370295027495e-02
1.674393936644730935e-02
1.656705953242209803e-02
1.639109025585783544e-02
1.621618667285877960e-02
1.604249334381922451e-02
1.587014460167474744e-02
1.569926490365293123e-02
1.552996918505242067e-02
1.536236321343381617e-02
1.519654394265249758e-02
1.503259986511992427e-02
1.487061136113211959e-02
1.471065104516465667e-02
1.455278410733282755e-02
1.439706865014355776e-02
1.424368297199750562e-02
1.409302657283547158e-02
1.394459423197415282e-02
1.379842207090064068e-02
1.365454062064921405e-02
1.351297511627293398e-02
1.337374578376209974e-02
1.323686811880236611e-02
1.310235315722307371e-02
1.297020773731225214e-02
1.284043475360423237e-02
1.271303340195135793e-02
1.258799941645983266e-02
1.246532529754132423e-02
1.234500053156190914e-02
1.223138544470273731e-02
1.215411411232813696e-02
1.207348318756518851e-02
1.198988275292942225e-02
1.190366084167352248e-02
1.181512525329763211e-02
1.172454560295353027e-02
1.163215555798545117e-02
1.158212114505870888e-02
1.154881587369555214e-02
1.151528073948252309e-02
1.148162989480000160e-02
1.144795946259531509e-02
1.141434865466245570e-02
1.138086089968412366e-02
1.134754497206510310e-02
1.131443611419349557e-02
1.128197422526736743e-02
1.125036677623215617e-02
1.121898117591993253e-02
1.118781159005634296e-02
1.115684378823299412e-02
1.112605610675946981e-02
1.109542037342444061e-02
1.106490279120196478e-02
1.103446477914479980e-02
1.100406376956154612e-02
1.097365395979687554e-02
1.094318701850476895e-02
1.091261274592915387e-02
1.088187968858817661e-02
1.085093570836807852e-02
1.081972850693488711e-02
1.078820610599607287e-02
1.075631728494059157e-02
1.072401197638453256e-02
1.069124162161932783e-02
1.065795948717930715e-02
1.062456905595308802e-02
1.059109847152580643e-02
1.055698443096711459e-02
1.052218962752508521e-02
1.048667958340855980e-02
1.045042277387568490e-02
1.041339072425217192e-02
1.037555808158328874e-02
1.033690266251604054e-02
1.029740547935559247e-02
1.025705074598068887e-02
1.021582586493394521e-02
1.017372139786230402e-02
1.013073102010658699e-02
1.008685146179096916e-02
1.004208243614561867e-02
9.996426556789372517e-03
9.949889245321259790e-03
9.902478630127997672e-03
9.854205438142802850e-03
9.805181950956452092e-03
9.756102902986890993e-03
9.706192029775692967e-03
9.655468810087752471e-03
9.603954730017618888e-03
