2.511823825004986244e-01
2.516586866107901055e-01
2.523834229021128528e-01
2.531307674834665233e-01
2.567185457926856040e-01
2.605741037215006384e-01
2.649331962121460049e-01
2.906195097948309769e-01
3.785597232399078860e-01
4.101162961667547124e-01
3.807936706894940460e-01
3.863460131113418683e-01
4.442859822318679375e-01
5.181868201252604056e-01
4.934444342431079100e-01
7.759725180612835338e-01
5.049504256943860847e-01
6.943655786721001366e-01
6.857637154121881684e-01
6.117243498098097199e-01
5.994245358871630458e-01
5.864047382864980840e-01
5.941300103359763440e-01
6.480999608986059979e-01
6.651328445380229049e-01
6.991721330669420365e-01
7.219704688519655855e-01
9.497039841267667093e-01
1.032299460466171048e+00
1.086821856959029553e+00
1.064326437074623488e+00
9.155145221971909830e-01
1.138475691847718352e+00
9.906619777033192076e-01
1.255976458682662722e+00
1.208400044080857771e+00
1.373802600319728784e+00
1.268453777361738810e+00
1.231534025258558041e+00
1.591810420884945509e+00
1.633662393804182100e+00
1.941489683915758713e+00
2.131210618314427041e+00
1.970128937140109171e+00
2.046061783742533446e+00
2.060429602262061621e+00
1.933181728547119338e+00
1.822718674686008011e+00
1.766685384713585050e+00
1.692385344143412240e+00
1.930471777026405267e+00
2.238197996690000746e+00
2.259202680613169534e+00
1.952508722805843533e+00
1.489728813472680047e+00
1.163083479660929287e+00
9.408200091384182340e-01
8.517557733899370209e-01
8.298603236314426868e-01
7.817899092910642889e-01
6.983946488435582856e-01
8.109823138534614229e-01
7.953901008137073125e-01
6.966346361869855119e-01
5.968714347665609044e-01
5.732526220092785119e-01
5.314855706600705165e-01
4.799033308549503496e-01
4.131914790015088212e-01
3.669295780087711289e-01
3.757546372854227434e-01
3.840603065337593880e-01
3.706232338371167612e-01
3.400978466928753496e-01
3.118920479980333837e-01
2.886209379675976350e-01
2.719112776549803545e-01
2.548238774793415984e-01
2.392136851619591775e-01
2.273629852818569719e-01
2.244273237182898006e-01
2.255328519114499775e-01
2.251487377124263278e-01
2.253126798181220858e-01
2.390459459182569801e-01
2.358292952879133264e-01
2.269536496350287313e-01
2.311799329448274987e-01
2.242072748142717453e-01
2.095625965981410543e-01
1.907105326858868632e-01
1.785559912461473220e-01
1.741710864147655302e-01
1.707423498299852904e-01
1.669385387801557152e-01
1.619076109685072817e-01
1.542662376499394083e-01
1.433157151716387412e-01
1.357400338613273805e-01
1.360629657900486456e-01
1.342000403506615758e-01
1.298463955116168078e-01
1.231890957418233928e-01
1.142094961874728642e-01
1.037393333462517109e-01
1.032414389180957570e-01
1.038222978873468427e-01
1.027703381313639502e-01
1.003282610659492063e-01
9.634257629174798609e-02
9.121673497679187725e-02
8.965539190809272696e-02
9.526300203226369112e-02
1.003318000059729848e-01
1.034861512986668813e-01
1.033416166733972102e-01
9.946709201072695405e-02
9.213682421106493547e-02
8.266211060849738834e-02
8.618038462802726785e-02
8.651170633581382885e-02
8.380622492974845739e-02
8.116723184273254288e-02
8.147993261668105835e-02
8.057577049837783001e-02
7.883629927710252006e-02
7.611027774877054952e-02
7.276178613567003961e-02
6.880129357939196444e-02
6.457560399977273213e-02
6.497600533692338143e-02
6.492333022931086328e-02
6.438286156964158347e-02
6.341842962264683525e-02
6.212126947698262680e-02
6.063312317071804791e-02
5.900462300377727620e-02
5.741246669252964008e-02
5.567735475507651355e-02
5.375030146761116540e-02
5.168683888932090048e-02
4.954244849315972421e-02
4.736434106956734225e-02
4.519128137833162279e-02
4.305383668466646052e-02
4.097494706578855284e-02
4.037984088216532708e-02
4.076187916209779438e-02
4.071568569717771979e-02
4.145989576693590722e-02
4.143088749768880641e-02
4.070933046325223015e-02
3.940317081884777556e-02
3.753000499791717820e-02
3.618204322570406362e-02
3.585319149663622473e-02
3.551232287161690954e-02
3.613154838209631237e-02
3.681593157361406909e-02
3.719560839904650917e-02
3.727557665829234201e-02
3.706820999674131922e-02
3.665574844822601375e-02
3.599649082971221464e-02
3.512008629292773937e-02
3.406191967309386837e-02
3.286143415818224001e-02
3.156088038256691514e-02
3.051760564072437953e-02
2.996397148378503184e-02
2.938216808251134168e-02
2.877214962341015370e-02
2.813429223021719078e-02
2.748923354787615597e-02
2.700933447366552984e-02
2.679281227029381429e-02
2.657490031817202197e-02
2.657179345803405146e-02
2.654952042015787383e-02
2.646074882163514802e-02
2.630505615529483629e-02
2.609596700411050130e-02
2.583338335142512654e-02
2.550646627810745914e-02
2.511749564135205143e-02
2.466937351508195070e-02
2.472651363283570949e-02
2.530576822280812543e-02
2.583107602244652523e-02
2.627950809363359397e-02
2.663141964997417510e-02
2.687084524785902581e-02
2.698574918182111704e-02
2.696813630431503864e-02
2.681403275219890886e-02
2.652791412306609864e-02
2.613481813727051850e-02
2.561402546219937806e-02
2.497477091713369568e-02
2.422886261069437386e-02
2.339021812154027519e-02
2.247438251511257173e-02
2.247173682381394325e-02
2.293087068891936503e-02
2.323240599772940715e-02
2.336106731009986517e-02
2.331813271925265232e-02
2.311005078708231256e-02
2.276278767449047002e-02
2.229040157856698040e-02
2.169414836448846709e-02
2.099428506205863743e-02
2.021285179673933119e-02
1.958639636805810380e-02
1.925947584079689551e-02
1.932451160319612060e-02
1.939290381493359930e-02
1.943830264228750895e-02
1.946106951914924540e-02
1.946165843878457785e-02
1.944060677008137977e-02
1.939852627010094088e-02
1.933609434644681727e-02
1.925404561394705380e-02
1.915746330174930914e-02
1.904842859186776927e-02
1.892197362148810569e-02
1.877896353568190776e-02
1.862028661387656048e-02
1.844684803989296920e-02
1.825956409262469507e-02
1.805935675864104445e-02
1.784714876341115739e-02
1.762385901578934072e-02
1.739039845715369126e-02
1.714766630431043687e-02
1.689654667387138418e-02
1.663790557345586063e-02
1.637258824478446742e-02
1.624238057515214537e-02
1.641658282381311049e-02
1.654566418264696512e-02
1.676829622077963267e-02
1.695852931635036601e-02
1.709093246732401247e-02
1.716314765506466236e-02
1.717391316371503010e-02
1.712300746751571276e-02
1.701117951970002734e-02
1.684006812761103949e-02
1.662387500801063359e-02
1.635589455953294705e-02
1.603723710654513662e-02
1.567204568219547622e-02
1.526489009806073459e-02
1.482066971621950197e-02
1.434451944137549693e-02
1.384172017919351252e-02
1.406027829183475845e-02
1.420923659941922962e-02
1.426074184532463013e-02
1.421580085924594762e-02
1.407925587109289806e-02
1.385758523301233378e-02
1.356869296289673482e-02
1.321660473661942850e-02
1.280441614074019283e-02
1.234229008652138783e-02
1.189175140663217140e-02
1.191597798344347370e-02
1.193204417797270184e-02
1.194018517109719443e-02
1.194064672782152448e-02
1.193368351432579771e-02
1.191955751729854504e-02
1.189853656289411622e-02
1.187089293443392007e-02
1.183690208583557633e-02
1.179684144892667597e-02
1.175098933116712659e-02
1.169962390138497288e-02
1.164302225971743099e-02
1.158145958882122843e-02
1.151520838254475702e-02
1.144453774909944856e-02
1.136971278421168921e-02
1.129099401175186028e-02
1.120863688736840717e-02
1.112289136226196282e-02
1.103400150290270547e-02
1.094221377699513588e-02
1.085024725698895479e-02
1.075572983339112554e-02
1.065888002580774908e-02
1.055990948410614333e-02
1.045902285964651207e-02
1.035641771188656329e-02
1.025228444652453302e-02
1.014680628377901545e-02
1.004015925311244235e-02
9.932512213127566922e-03
9.824026893464881532e-03
9.714857956819119081e-03
9.605153079494955712e-03
9.495053047683813321e-03
9.384691868596244102e-03
9.274196894000613298e-03
9.163688955065770955e-03
9.053282506618716766e-03
8.943085779948645522e-03
8.833200942282843152e-03
8.723724262167106142e-03
8.614746279602758863e-03
8.506351979530835453e-03
8.398620968306855575e-03
8.291627651898161519e-03
8.185441415130823711e-03
8.080126801365114866e-03
7.975743691673305852e-03
7.872347483548938762e-03
7.769989267637312201e-03
7.668716002984690520e-03
7.568570689992617888e-03
7.469592540365135175e-03
7.371817144421185207e-03
7.275276634933282825e-03
7.179999847457587889e-03
7.086012476932617571e-03
7.052924525206577359e-03
7.075524641081736010e-03
7.093841031264624605e-03
7.107926207679333454e-03
7.117844689073099702e-03
7.123671967266855844e-03
7.125493507001610070e-03
7.123403781260492437e-03
7.117505343313008763e-03
7.107907936518455781e-03
7.094727643223011637e-03
7.078086072291235424e-03
7.058109586616002212e-03
7.034928569744943253e-03
7.008676731910194052e-03
6.979490455235052432e-03
6.947508177116514839e-03
6.912869811637004439e-03
6.875716207743191172e-03
6.836188644093925751e-03
6.794428358475006549e-03
6.750576112045867695e-03
6.704771786064454842e-03
6.657154010937273853e-03
6.607859825852394065e-03
6.557024368062332187e-03
6.504780590070763889e-03
6.451259004617332544e-03
6.396587454556872630e-03
6.340890908101659909e-03
6.284390972858456062e-03
6.227587364602053983e-03
6.170075001778778205e-03
6.111966193789402854e-03
6.053369753687958682e-03
5.994390908941792107e-03
5.935131228585243356e-03
5.875688566219000944e-03
5.816157017109730917e-03
5.756626889250928032e-03
5.697184686680918826e-03
5.637913104664362719e-03
5.578891035719463730e-03
5.520193585285677190e-03
5.461892096858772180e-03
5.404054185378498291e-03
5.346743778198678396e-03
5.290021163229918950e-03
5.233943043016495329e-03
5.178562594896032878e-03
5.123929535867431315e-03
5.070090192248652948e-03
5.017087573237795708e-03
4.964961447829291386e-03
4.913748425033494412e-03
4.863482036485009159e-03
4.814192821377016006e-03
4.765908413059812172e-03
4.718653627222150690e-03
4.672450551095263041e-03
4.627318633657661121e-03
4.583274776112158076e-03
4.540333422737647534e-03
4.498506651891963359e-03
4.457804266618776642e-03
4.418233884933129955e-03
4.393232513445924185e-03
4.369255740578574000e-03
4.345477647223957088e-03
4.321896013376945803e-03
4.298508641551576116e-03
4.275313356983929600e-03
