4.899922097448102809e-01
4.895565056426798289e-01
4.877761020724203922e-01
4.944899354049224205e-01
4.998346945438588151e-01
5.059784861839966563e-01
5.142661187998954775e-01
5.274770612942418779e-01
5.596489896138068243e-01
6.619922485912583809e-01
6.496926231676669605e-01
8.259131826882173399e-01
9.364289960464444729e-01
6.309658103936649498e-01
7.048223209570460002e-01
8.127821284620347919e-01
8.492431559412678688e-01
1.144200857592880149e+00
1.298940070059372287e+00
1.318169225519410848e+00
1.435608281253198948e+00
1.346181002501796620e+00
1.551879484351837979e+00
1.380259874297367961e+00
1.485891275425333502e+00
1.326908227339778756e+00
1.383705114932405333e+00
1.271295275384515255e+00
9.888949835857618886e-01
1.011081179955117371e+00
1.101922947160586919e+00
1.036151123097788451e+00
1.340446732963511245e+00
1.465710289032342795e+00
1.482118319036288545e+00
1.519453720030673916e+00
1.509308076353467420e+00
1.740004119458080645e+00
1.799004854918625274e+00
1.773552905434658822e+00
1.615535437309564948e+00
1.671620641370191063e+00
2.206141344504090718e+00
2.257738240855120537e+00
1.914106626925865973e+00
1.627242243914383657e+00
1.960458405197122334e+00
2.184661334463824822e+00
2.336843240254420806e+00
2.481437706501445462e+00
2.198213684841217042e+00
2.242066995165310495e+00
2.556031709652240025e+00
2.857031201899316031e+00
2.993242632424550020e+00
2.986102504051607376e+00
3.418822965094252986e+00
3.589761421579726441e+00
2.955158130195115085e+00
3.100863103800555187e+00
3.238925480894291109e+00
3.070135247903464482e+00
3.130634580628525843e+00
3.012520935533817834e+00
2.802113978874367639e+00
2.571970554395507147e+00
2.617378515653955962e+00
2.876552182766016319e+00
3.064206613351204922e+00
3.205276135190287423e+00
3.314415413872167537e+00
3.363881323461856976e+00
3.796434878140996450e+00
3.938875168237184088e+00
3.684681724801517788e+00
3.234872884662858272e+00
2.683888769808244756e+00
2.156807796377294473e+00
1.918487600735157450e+00
1.692679787597902052e+00
1.497175594204026128e+00
1.341497675839423476e+00
1.217255070325330868e+00
1.118197457102229952e+00
1.034321022704442816e+00
9.560952711490521283e-01
8.804576300533016875e-01
8.040631269542524162e-01
7.437947459713157849e-01
6.801372793233910752e-01
6.671291972326108821e-01
6.544142787176825404e-01
6.284458741259828507e-01
5.963315406737654811e-01
5.650704756877886759e-01
5.417588121144294444e-01
5.289509293169195603e-01
5.249926158827646905e-01
5.256545144434954242e-01
5.269380206248892584e-01
5.239572461549233395e-01
5.181317485611850460e-01
5.264411364851989683e-01
5.211572275721932934e-01
5.033128331335542383e-01
4.855660130906689353e-01
4.952383820318133623e-01
4.967603601182524753e-01
4.917882422250498542e-01
4.816430342841592771e-01
4.670995106024188326e-01
4.491455002415256637e-01
4.268534095232514036e-01
3.999738949778674502e-01
3.862612532939274090e-01
3.866348368030948501e-01
3.814595012252107731e-01
3.705572979085135499e-01
3.541849295888804261e-01
3.335605220507945612e-01
3.093706910874182148e-01
2.830293123842961278e-01
2.702735569238454150e-01
2.665030432033431151e-01
2.618704235628643295e-01
2.565149101506454810e-01
2.506069758160582861e-01
2.445116875270947066e-01
2.382475496077523514e-01
2.319287807598631734e-01
2.257044303582245448e-01
2.196965337661382356e-01
2.139968898615760284e-01
2.086663147677472463e-01
2.037358717743836811e-01
1.992095766555720127e-01
1.950681166411861733e-01
1.912731818809463025e-01
1.877720765271591596e-01
1.845023433304721627e-01
1.813961957206562392e-01
1.783846026736405910e-01
1.754009142908168895e-01
1.724139975850112749e-01
1.694004819442084531e-01
1.662594465424233614e-01
1.629567473721579285e-01
1.594699476495574086e-01
1.557885825276199288e-01
1.519139104663968787e-01
1.478582114499584488e-01
1.436437027169759906e-01
1.393011499876021242e-01
1.356913516543647169e-01
1.327551564330038125e-01
1.289705302673462839e-01
1.246336508787754815e-01
1.200713297300923382e-01
1.153681680688003336e-01
1.107409959179225384e-01
1.079149376722372822e-01
1.072543155790991048e-01
1.058009663027241198e-01
1.047250358761318278e-01
1.073248546888446175e-01
1.094293835781295354e-01
1.138590910452611099e-01
1.174785879189881449e-01
1.202577972942949908e-01
1.221140363178480487e-01
1.229283132071349732e-01
1.225692157847385333e-01
1.209192219712128952e-01
1.180056048764675514e-01
1.193886891582027626e-01
1.201976273725267608e-01
1.202740655969815053e-01
1.195253810918571469e-01
1.180153238973921381e-01
1.156124165486354521e-01
1.125176850636871173e-01
1.086221292926741744e-01
1.042030412834128034e-01
9.924229813646975873e-02
9.389930578483696166e-02
8.864289011092521542e-02
8.613586133162069725e-02
8.597600393738684399e-02
8.569453116382176605e-02
8.531341187972357742e-02
8.482602109238557286e-02
8.421509710538474525e-02
8.348292057802447763e-02
8.263323821408787018e-02
8.167106244732323661e-02
8.060247453329305589e-02
7.943443423166754447e-02
7.817459864982184703e-02
7.683115224430676904e-02
7.541264944771357281e-02
7.392787091391760101e-02
7.238569395554722563e-02
7.079497738188159084e-02
6.916446063953317347e-02
6.751992356946825979e-02
6.585686943441330932e-02
6.417586765876653887e-02
6.248449737703608980e-02
6.089375591624502509e-02
6.107570462322081672e-02
6.120368064633131128e-02
6.129573478357005362e-02
6.133932061552795079e-02
6.132932860591819996e-02
6.126639076458762628e-02
6.115145007183266784e-02
6.098572055597254599e-02
6.077064969594826727e-02
6.050788327373678166e-02
6.019923274778642835e-02
5.984664517031799968e-02
5.945217562989673493e-02
5.901796217104261083e-02
5.854620311299025409e-02
5.803913667087670647e-02
5.750824073841193096e-02
5.695977456565368829e-02
5.638193392535418430e-02
5.577693253262756140e-02
5.514695786690183843e-02
5.449416152794076679e-02
5.382065100404283958e-02
5.312848272746661243e-02
5.241965629482583933e-02
5.169610973807893528e-02
5.095971573596896204e-02
5.021227866610118717e-02
4.945553240111347920e-02
4.869113876305743160e-02
4.792068655500601043e-02
4.714569109667719055e-02
4.636759419838824836e-02
4.558776451290032228e-02
4.481036811050616991e-02
4.404066795276024432e-02
4.327215921802814169e-02
4.252786551785391750e-02
4.221762851596723432e-02
4.187393294483193057e-02
4.149850727666723471e-02
4.109312533084189673e-02
4.065959401846538923e-02
4.019974200523564190e-02
3.971796622083619693e-02
3.922535000380362319e-02
3.871127304663894014e-02
3.854580172689144046e-02
3.895743272669351803e-02
3.932445295330020546e-02
3.962893111445354305e-02
3.986865081413103196e-02
4.004359981863765683e-02
4.015417410309608803e-02
4.020114823189394754e-02
4.018564501211834700e-02
4.010910475859322949e-02
3.997325447446011676e-02
3.978007722635250321e-02
3.953178195675504519e-02
3.923077395276806933e-02
3.908071382115327341e-02
3.909105342329289440e-02
3.901841208814840062e-02
3.887116939206918670e-02
3.863455905709121951e-02
3.831231189737902693e-02
3.790863249750887204e-02
3.744158774393205324e-02
3.691516492652257425e-02
3.632085050074460725e-02
3.566399247346244139e-02
3.495010236165600054e-02
3.491520072598685437e-02
3.509341794785126450e-02
3.522976880931118909e-02
3.533506930473011287e-02
3.539780281437968773e-02
3.541914261802036473e-02
3.540039606224313490e-02
3.534298778663756690e-02
3.524844351511319945e-02
3.511837448065058265e-02
3.495446254089468185e-02
3.475844603126592575e-02
3.453210639052740200e-02
3.427725558498064679e-02
3.399572434972202017e-02
3.368935125372410355e-02
3.336591058136807730e-02
3.302691304584334103e-02
3.266801076452161001e-02
3.229097506931738470e-02
3.189754531650195596e-02
3.148942255926818340e-02
3.106826394770135016e-02
3.063567782866935887e-02
3.019321951333403878e-02
2.974238768158467966e-02
2.928462138757687364e-02
2.882129763293029417e-02
2.835372947086498355e-02
2.788316460690445572e-02
2.741078445954785864e-02
2.693770364513570215e-02
2.651981300620948750e-02
2.621205630480701737e-02
2.590586228683180309e-02
2.560365755274002925e-02
2.530276158655002036e-02
2.500347662474615082e-02
2.470608511459237294e-02
2.441085023948143598e-02
2.418736957821996519e-02
2.409365563714104680e-02
2.399768105997364398e-02
2.389954888424980148e-02
2.379936082699841277e-02
2.369721715979626261e-02
2.359321659576865682e-02
2.348745618885983086e-02
2.338003124398034885e-02
2.327103523771586330e-02
2.316055974904806386e-02
2.304869439945100504e-02
2.293552680175975703e-02
2.282114251727630772e-02
2.270562502086503204e-02
2.258905567282597920e-02
2.247151369809295002e-02
2.235307617128932597e-02
2.223381800778310644e-02
2.211381196026371634e-02
2.199312862022801199e-02
2.187183642402022038e-02
2.175000166335474064e-02
2.162768849952266190e-02
2.150495898119045290e-02
2.138187306559435202e-02
2.125848864256823026e-02
2.113486156099689955e-02
2.101104565844172031e-02
2.088709279161397522e-02
2.076305287003295599e-02
2.063897389064834123e-02
2.051490197388189385e-02
2.039088140129102431e-02
2.026695465404500934e-02
2.014316245221423052e-02
2.001954379519021998e-02
1.989613600227420342e-02
1.977297475395240617e-02
1.965009413307366656e-02
1.952752666712036927e-02
1.940530336945658907e-02
1.928345378131590335e-02
1.916200601353760732e-02
1.904098678771489958e-02
1.892042147761428469e-02
1.880033414997319893e-02
1.868074760473259488e-02
1.856168341517445627e-02
1.844316196726164536e-02
1.832520249847898255e-02
1.820813017080222945e-02
1.809198253885638957e-02
1.797642548435820706e-02
1.786147458231101409e-02
1.774714443579225934e-02
1.763344871057336699e-02
1.752040016893053470e-02
1.740801070268681652e-02
1.729629136541227519e-02
1.718525240391038586e-02
1.707490328919345282e-02
1.696525274612409317e-02
1.685630878282762604e-02
1.674807871905462445e-02
1.664056921366377159e-02
1.653378629161754432e-02
1.642773537016127550e-02
1.632242128381353879e-02
1.621784830922059703e-02
1.611402018886933657e-02
1.601094015420221131e-02
1.590861094797522274e-02
1.580703484584839238e-02
1.570621367737204052e-02
1.560614884627477966e-02
1.550684135005388729e-02
1.540829179874808434e-02
