3.324693859326280920e-01
3.326557951156884352e-01
3.333558622174950803e-01
3.330442402350710651e-01
3.336395680202919878e-01
3.352495340860282558e-01
3.371795029792298282e-01
3.397292456892588297e-01
3.406890004355627721e-01
3.449767020392504047e-01
3.495133324690020138e-01
3.794493305973013486e-01
3.797747041857288952e-01
4.156002550653338234e-01
4.659203688885293904e-01
5.649945801911491206e-01
6.621508374050445456e-01
8.056160042700803992e-01
7.068371777245632259e-01
7.948198694653169083e-01
8.135323337404021249e-01
7.023901555853706569e-01
8.063167744473911380e-01
8.110003910195990873e-01
8.438001361019505930e-01
6.687872932000252790e-01
8.924224679451746578e-01
1.081456954062698816e+00
1.296086237482976466e+00
1.140687214053990095e+00
1.454343092142516669e+00
1.245307958755710098e+00
1.022944840040509007e+00
1.035777818947650308e+00
1.173959754557063029e+00
1.278527254111530675e+00
1.536549834055721986e+00
1.104551537195881172e+00
1.291878545625941843e+00
1.432346442200847170e+00
1.566469173549519311e+00
1.657790052221620014e+00
1.402604521663978865e+00
1.045208371471312514e+00
8.097126783747672363e-01
6.969455533211764697e-01
6.382641389442175184e-01
5.994914055237612338e-01
5.570024803023656546e-01
5.428334556881813100e-01
5.406991739139622721e-01
5.259994300156579650e-01
5.481825605763236409e-01
5.803478513245925452e-01
5.786877478164150768e-01
5.747092393370202279e-01
5.979421146835459666e-01
6.465944635393867657e-01
6.747013657589620017e-01
6.475931272240729175e-01
7.286964773112034610e-01
8.760748145590355751e-01
9.828381408195964175e-01
1.114399347700233411e+00
1.082378627391164638e+00
1.079793979293760309e+00
1.210596141074199217e+00
1.260393200139800829e+00
1.197285419028505160e+00
1.165312772836935018e+00
1.098335475158137564e+00
1.074099343239073967e+00
1.077927272520187607e+00
1.091793409515116053e+00
1.108900366991538045e+00
1.096360401314574684e+00
1.052255929828199266e+00
9.709210061679386383e-01
9.060541829269866954e-01
8.419820606850966227e-01
8.963518023580077099e-01
1.067688114038155778e+00
1.265907623853716135e+00
1.430791669024080726e+00
1.525842446080871495e+00
1.587434964850856778e+00
1.642834551898577189e+00
1.727936383621732519e+00
1.663658029844279573e+00
1.567658105634613053e+00
1.495344563416158845e+00
1.499962929822387991e+00
1.708936743224010790e+00
1.876629957077778688e+00
1.948735303137040020e+00
1.904104443752741016e+00
1.751332776754032317e+00
1.525419508228115895e+00
1.505048219997809023e+00
1.501565195065084346e+00
1.494905518459144433e+00
1.488507253329008462e+00
1.482997195939718793e+00
1.622072562036859233e+00
1.792602017902408695e+00
1.918165041928311387e+00
1.972349285242563477e+00
2.010590545753394132e+00
1.979775603214687152e+00
1.900958925611001993e+00
1.791086965426098576e+00
1.770106814716445598e+00
1.770767424159943149e+00
1.779965899336253932e+00
1.774711736491726422e+00
1.751713716894428119e+00
1.710635845156181389e+00
1.652910962850792975e+00
1.580157469661829683e+00
1.493691413388408717e+00
1.396181383813810850e+00
1.304054345004150184e+00
1.217004182257272804e+00
1.148921212207668185e+00
1.081047560016087150e+00
1.025528878548965128e+00
9.681760565235874028e-01
9.105229449583136514e-01
8.595908277060647640e-01
8.135193766006542093e-01
7.678155449349735040e-01
7.343304579416611855e-01
7.023577985480444763e-01
6.704996630474308050e-01
6.393662423406604178e-01
6.090375146867257339e-01
5.794965350330480991e-01
5.512817902331538233e-01
5.482753658403498598e-01
5.496888287195544898e-01
5.448147487085365226e-01
5.338826380932911730e-01
5.176531976727944961e-01
5.093027983046429785e-01
5.006620666012936427e-01
4.888590413266627466e-01
4.747586660620306542e-01
4.595248800101812692e-01
4.436896709392477156e-01
4.279685282060155527e-01
4.132650207591638813e-01
4.120675057601882463e-01
4.116160861204075094e-01
4.095180548492852735e-01
4.062002859478606731e-01
4.018413035059866800e-01
3.966227203695919523e-01
3.902030658347976910e-01
3.823222229292396745e-01
3.737612803013819485e-01
3.801587709451981212e-01
3.823735330095469065e-01
3.799979996615021061e-01
3.727450354574797231e-01
3.664293810102720594e-01
3.592778596799285906e-01
3.500523038472850845e-01
3.390559609968487598e-01
3.264185169879321169e-01
3.125718627986778242e-01
2.977341249123742761e-01
2.853555626329635775e-01
2.779930936137192665e-01
2.703216586961957324e-01
2.625100860608029496e-01
2.546277111449607999e-01
2.468703328085511128e-01
2.393338895351720952e-01
2.320667907060248447e-01
2.251956009559605287e-01
2.188011941334430388e-01
2.128607119424234251e-01
2.073935413287307239e-01
2.023986234632773606e-01
1.978589460472116590e-01
1.937461061213572311e-01
1.900246174031727242e-01
1.866557145546249852e-01
1.836004882156066498e-01
1.808222626262528110e-01
1.782926768864895595e-01
1.759955683273462801e-01
1.738924699983194766e-01
1.719649019525425759e-01
1.701982222606201467e-01
1.685806594733346431e-01
1.671021914786439966e-01
1.657533905015989295e-01
1.645243364741624803e-01
1.634036798727493967e-01
1.623779124081468073e-01
1.614669859998380530e-01
1.606302235466053885e-01
1.598353543159939383e-01
1.590581308688442663e-01
1.582720843604253913e-01
1.574801859824919992e-01
1.566667813925469444e-01
1.557624702664342220e-01
1.547386503269362057e-01
1.536202130784999897e-01
1.523707115180199245e-01
1.509298116780428967e-01
1.493067170584097825e-01
1.475299314536224482e-01
1.455168770504442488e-01
1.432810392952831025e-01
1.408801300144490176e-01
1.382341489350056296e-01
1.353597541123641446e-01
1.323409193897026603e-01
1.291046349558654105e-01
1.256692325530673893e-01
1.221156217902638480e-01
1.190397402925828935e-01
1.192424228202356024e-01
1.192243430678443933e-01
1.190331903868066393e-01
1.186486706958284898e-01
1.180411504105280118e-01
1.172247254475413530e-01
1.162692456879249742e-01
1.151108065666680003e-01
1.137612063477374674e-01
1.122748591004612967e-01
1.106553943225858649e-01
1.088860025609623694e-01
1.089287627833753352e-01
1.092371966139709383e-01
1.091627348131338909e-01
1.088327465059664573e-01
1.081747745109343933e-01
1.072973667455611457e-01
1.061728941215594330e-01
1.048649925202384536e-01
1.033986985820287974e-01
1.017807906228871129e-01
1.000957265635039894e-01
9.831457723390300829e-02
9.649394959722862319e-02
9.466438343726982230e-02
9.282299686582165532e-02
9.100923638051816589e-02
8.924995214776745844e-02
8.753884946011056267e-02
8.838150781608807016e-02
8.910918687089805501e-02
8.969824990380732832e-02
9.015800427155248875e-02
9.049804622846344127e-02
9.077489703177370195e-02
9.096633566316025821e-02
9.110508596993473207e-02
9.119773168899861226e-02
9.124083611852777664e-02
9.125968474032736255e-02
9.122293509353783525e-02
9.117146788799863899e-02
9.105906282423741060e-02
9.091311064009287290e-02
9.070921201649069510e-02
9.043652447186398269e-02
9.011439130947199172e-02
8.970985593304241223e-02
8.922061873502407092e-02
8.864408018399878852e-02
8.798478288476586917e-02
8.722788380206901448e-02
8.637034265583606873e-02
8.540900524813095640e-02
8.434062351918614198e-02
8.316207588183974209e-02
8.187086285203190594e-02
8.046554047355153338e-02
8.028793910778352083e-02
8.116558577414349773e-02
8.181848940637961864e-02
8.224449566699305880e-02
8.244511002005629197e-02
8.241307379634074670e-02
8.215044993307152321e-02
8.166129357698087565e-02
8.095149884207779312e-02
8.002869765702529115e-02
7.890218933999638973e-02
7.758293125012297176e-02
7.608347330680430287e-02
7.442198616776074527e-02
7.261150789218201451e-02
7.066896909977717078e-02
6.861323056474355475e-02
6.654619243624965153e-02
6.684834224602063946e-02
6.701818594865603662e-02
6.706487354242907095e-02
6.699861846793440934e-02
6.683028887457981293e-02
6.657634204004804490e-02
6.624514392735139645e-02
6.584260127290060549e-02
6.537612303479610476e-02
6.485359892289134509e-02
6.427644741442416210e-02
6.365123932554894726e-02
6.298266240371072633e-02
6.227315080553566529e-02
6.152613757821528973e-02
6.076455448181025676e-02
5.997469100870794073e-02
5.918165562297257598e-02
5.837309010659481878e-02
5.757677701926373209e-02
5.677989614685828579e-02
5.599288331318669210e-02
5.522865603253544753e-02
5.447934302612767593e-02
5.374916630671228851e-02
5.305184584373353468e-02
5.238091800069649695e-02
5.173583773524988855e-02
5.111768449967186989e-02
5.053002707277596400e-02
4.997565466870418360e-02
4.944699220745893409e-02
4.894273807062630294e-02
4.846112388203095006e-02
4.799998228377346660e-02
4.756447193332095924e-02
4.714499608286614601e-02
4.673774651969607452e-02
4.633966696112077482e-02
4.594761867004430733e-02
4.556277180796493992e-02
4.518233505956589097e-02
4.479864022867020845e-02
4.440875077993509945e-02
4.400988753126114372e-02
4.360568659823208654e-02
4.319093893556882197e-02
4.276013823579963291e-02
4.231141413529787565e-02
4.184581324722388279e-02
4.136647234318446137e-02
4.086518800106551247e-02
4.034124546890698743e-02
3.979506528448611274e-02
3.923406838418842107e-02
3.864977351752722085e-02
3.804262295506428276e-02
3.741333497652633844e-02
3.676952851954796292e-02
3.610671467691094205e-02
3.542491029602461150e-02
3.472573943209722458e-02
3.445516902908647011e-02
3.432137715192399435e-02
3.416794439237264697e-02
3.399442803795464652e-02
3.380053140363172004e-02
3.359052620370045483e-02
3.336399035060765711e-02
3.311689664827140167e-02
3.284946490612458692e-02
3.261715064551808096e-02
3.259459926038486832e-02
3.256315594085486265e-02
3.252459211470822009e-02
3.247830652895707104e-02
3.242189392934426151e-02
3.235502102076594222e-02
3.227741246134462061e-02
3.218884933885558797e-02
3.208916747359061294e-02
3.197825556817070897e-02
3.185605322196184697e-02
3.172254882876064663e-02
3.158230739872445320e-02
3.143123201932220695e-02
3.126904736479810265e-02
3.109590353414194708e-02
3.091198821006101161e-02
3.071752420428182709e-02
3.051276698749481875e-02
3.029800221509437383e-02
3.007354325896531566e-02
2.984309094414464014e-02
2.960471441578282903e-02
2.935760580458890087e-02
2.910215921928504049e-02
2.886507046435530036e-02
