5.498258125991329903e-01
5.509254880392521203e-01
5.550883873778376110e-01
5.540215639818326654e-01
5.551413861787442006e-01
5.592844356081670965e-01
5.577902782326826792e-01
5.602566815440737091e-01
5.516523434975386664e-01
6.203414949033531078e-01
6.524821296903384749e-01
7.019269942587702538e-01
8.904888642394404030e-01
1.110409258198775007e+00
9.253946034426727696e-01
8.896154827924855901e-01
9.692028746237258963e-01
1.223079498169535650e+00
1.217035343874768749e+00
1.144950785827082873e+00
1.378126974684071193e+00
1.155112762524965309e+00
1.519433133510079470e+00
1.255418174860967628e+00
1.447022484179530943e+00
1.177267304323742048e+00
1.321204504762844012e+00
1.398846532207127513e+00
1.482005946095970472e+00
1.693201067896173528e+00
1.397777868210091201e+00
1.453845877303874934e+00
1.535339816318143535e+00
1.579463456311648084e+00
1.669828822817658098e+00
2.095503972521668867e+00
2.261252947841109417e+00
2.142378872390736433e+00
2.587199971223302697e+00
2.680885238803252690e+00
2.921509417460252944e+00
3.238398404359084548e+00
2.991520877778008014e+00
3.230641526030980426e+00
3.279341381681851963e+00
3.248380685002615120e+00
3.488904987419584547e+00
3.476900702391056530e+00
3.424956135390738510e+00
3.388569120508503119e+00
3.479666830745451023e+00
3.756936959466285586e+00
4.036350734660088868e+00
4.231777459611090642e+00
4.061450657707584178e+00
3.373767107647919872e+00
3.647129167926344895e+00
3.826405002165675917e+00
3.892937417112252163e+00
4.513824837273578972e+00
4.410247367487107439e+00
3.584189692906814884e+00
3.506129790246360844e+00
4.153430832209218160e+00
4.521948289012168054e+00
4.726076720411144017e+00
4.648332364163556107e+00
4.041176465171919752e+00
3.152581311691342592e+00
2.386603592515626371e+00
1.897549815145926466e+00
1.612628921048059771e+00
1.420373435079743007e+00
1.284182942057350285e+00
1.178739705811587823e+00
1.136160713627482055e+00
1.144293354466365153e+00
1.176477563364624945e+00
1.207091668723373479e+00
1.156230453541964076e+00
1.082192266280155302e+00
1.000492555249912208e+00
8.711092628388364956e-01
8.032464549158486733e-01
8.109903360577250808e-01
7.797549501800071781e-01
7.143386294894142896e-01
6.417436953000322797e-01
5.856022343733566782e-01
5.597614310392460268e-01
5.868253958916135327e-01
6.247637481333404574e-01
6.864834528113326062e-01
7.357230108017694947e-01
7.154734361849994784e-01
6.729844142979090060e-01
6.250508677228860943e-01
6.321123148648239987e-01
6.321842939783238746e-01
6.164346486942405834e-01
5.864153902524330553e-01
5.660825532508704239e-01
5.430613436619674550e-01
5.084442879589985420e-01
4.660816935018002316e-01
4.422894351161646975e-01
4.255618546095149557e-01
4.138771829253289902e-01
3.986133624145771215e-01
3.810420082130917541e-01
3.619209018920760967e-01
3.416039648952778895e-01
3.321672353557860169e-01
3.174854726627004964e-01
2.987640605267858351e-01
2.938886268120663448e-01
2.932745350796543971e-01
3.090265487687699486e-01
3.175988411102590447e-01
3.135019700907428764e-01
2.992968747118646688e-01
2.788260098012986243e-01
2.581565575171923532e-01
2.405033443733430309e-01
2.262442910268926133e-01
2.170841169573781704e-01
2.128207877790276870e-01
2.115978766279561218e-01
2.122387242580024702e-01
2.126749142837734696e-01
2.099439094196221267e-01
2.036035713241057254e-01
2.040637209704682375e-01
2.098740484019959718e-01
2.133074114686815681e-01
2.137769360707502675e-01
2.115958102866853652e-01
2.070874753207561925e-01
2.005764077164084724e-01
1.929644415966705884e-01
1.848918985895159350e-01
1.768870854418770344e-01
1.695246255457296125e-01
1.632135935099699175e-01
1.581780492930460191e-01
1.544601984657182903e-01
1.519416710895658551e-01
1.503774815853229918e-01
1.494370480783862032e-01
1.487470652834841922e-01
1.479318674133727474e-01
1.468065971607033504e-01
1.449879951509137899e-01
1.422261130194021062e-01
1.383870301755205090e-01
1.336116540206058190e-01
1.292058807695792011e-01
1.329053309279072947e-01
1.359423782896268529e-01
1.382881342298831751e-01
1.397983777962591989e-01
1.403296384799505025e-01
1.400661503420213005e-01
1.387760970048307063e-01
1.367450107354257760e-01
1.338467776438494183e-01
1.302769368104636227e-01
1.261325111699060086e-01
1.214323520636452908e-01
1.164591890635027910e-01
1.112271599662819771e-01
1.058364173365259342e-01
1.004144148152842642e-01
9.511917169389794147e-02
9.001023529998614103e-02
8.513372700221806533e-02
8.054820973509414783e-02
7.632481311489835996e-02
7.723195849376945921e-02
7.891149188277646331e-02
8.025898014370023981e-02
8.125853762972660987e-02
8.197774367653490324e-02
8.248345161843514961e-02
8.283708235661324526e-02
8.309084403165044319e-02
8.328498689406849120e-02
8.345053387667432376e-02
8.365371654296704929e-02
8.383570772318413300e-02
8.398343203863560535e-02
8.407281911765902838e-02
8.407116605924291886e-02
8.393986426206213880e-02
8.363730766860436039e-02
8.319680290247268017e-02
8.251985008629479645e-02
8.155844193156770727e-02
8.028467452620043077e-02
7.867938209944053130e-02
7.679101122818378367e-02
7.459437762166130914e-02
7.206425493878021449e-02
6.922179757097102204e-02
6.609808183764269429e-02
6.273304679856371580e-02
6.462830895665684638e-02
6.577486230909000697e-02
6.607920741946265997e-02
6.690999223229848747e-02
6.795482031786979904e-02
6.874160989515198938e-02
6.927668646308419997e-02
6.950108488987485900e-02
6.940991882092138743e-02
6.900414762610203312e-02
6.829128996146086039e-02
6.736192191573024679e-02
6.614877166352643723e-02
6.467146045161499546e-02
6.295321093297712167e-02
6.102019448748273456e-02
5.892468019948186170e-02
5.670178028626181310e-02
5.434650017241703795e-02
5.248441984283043482e-02
5.128269454006380984e-02
4.996674331773795497e-02
4.873990751275893152e-02
4.832971775695907996e-02
4.859945908231926015e-02
4.932429929014523623e-02
4.989681292668615015e-02
5.027461102178095581e-02
5.046295344497580410e-02
5.046922352497859587e-02
5.030264947902141071e-02
5.001729863722209624e-02
4.958168868086014480e-02
4.900677549778631459e-02
4.830609336817914823e-02
4.749370507423612831e-02
4.701087674708213926e-02
4.660315221027333532e-02
4.602487667054194070e-02
4.529339838824023717e-02
4.514828121894291085e-02
4.509089023593115808e-02
4.512515639578374566e-02
4.527864681513809469e-02
4.525488451816340324e-02
4.509641463201888301e-02
4.479219506156590508e-02
4.434890537465450977e-02
4.378261087065538765e-02
4.311013715030496268e-02
4.236176583108513388e-02
4.155515775204206286e-02
4.069046008646325097e-02
3.978369604531257347e-02
3.922291900615675064e-02
3.873217442936335853e-02
3.819457935176284041e-02
3.762105765842442551e-02
3.702200887107767735e-02
3.640718520705184258e-02
3.578559421520744604e-02
3.516542572951893153e-02
3.455400155651885963e-02
3.395774605791691131e-02
3.338217561401143202e-02
3.283190484804980602e-02
3.231066744027882159e-02
3.182134936674926862e-02
3.136603244463427587e-02
3.094604615005027565e-02
3.056202578925125771e-02
3.021397523990400347e-02
2.990133263033763200e-02
2.962303748753882318e-02
2.937759805518513553e-02
2.916315764800990473e-02
2.897755908069749378e-02
2.881840636670656916e-02
2.868312303966006477e-02
2.856900659029024125e-02
2.847327864764661806e-02
2.839313065286474744e-02
2.832576488070978615e-02
2.826843076088698253e-02
2.821845653431392931e-02
2.817327634743600068e-02
2.813045294858204995e-02
2.808769619727735645e-02
2.804287763325108776e-02
2.799404138255490171e-02
2.793941169283360379e-02
2.787739740832169758e-02
2.780659369153995475e-02
2.772721445314840771e-02
2.764056478809905071e-02
2.754215923880587447e-02
2.743128001731102647e-02
2.730737386004571804e-02
2.717004376036801297e-02
2.701903985175777706e-02
2.685424965550615647e-02
2.667568788649021805e-02
2.648348599044786714e-02
2.627788156762527957e-02
2.605920781814093784e-02
2.582788312625936694e-02
2.558440088328621867e-02
2.532931963334656561e-02
2.506325360948685049e-02
2.478686371578428180e-02
2.450084899727269713e-02
2.420593862637893806e-02
2.390288442987868398e-02
2.359245396283324997e-02
2.327542413628224185e-02
2.295257539451847628e-02
2.262468643089740258e-02
2.229252943041752644e-02
2.195701172872211934e-02
2.162171332912906155e-02
2.128413685298891425e-02
2.094499313889583436e-02
2.060497074886557742e-02
2.026473381929939921e-02
1.992492026876325345e-02
1.958614033684299635e-02
1.924897542749650151e-02
1.906046175058313807e-02
1.895440220240162191e-02
1.884174481003522347e-02
1.872363530547250382e-02
1.861803438799768812e-02
1.851340703472699467e-02
1.840974615744575549e-02
1.830704456770392355e-02
1.820529498615284028e-02
1.810449005118356866e-02
1.800462232772566396e-02
1.790568431518606632e-02
1.780766845520515007e-02
1.771056713900539051e-02
1.761437271464256701e-02
1.751907749325379987e-02
1.742467375583994435e-02
1.733115375900856972e-02
1.723850974082906037e-02
1.714673392620260153e-02
1.705581853208236812e-02
1.696575577225646614e-02
1.687653786204344405e-02
1.678815702255301648e-02
1.670060548479415999e-02
1.661387549361852123e-02
1.652795931128050316e-02
1.644284922108692898e-02
1.635853753009442260e-02
1.627501657274643340e-02
1.619227871334467245e-02
1.611031634880049843e-02
1.602912191106075843e-02
1.594868786944692376e-02
1.586900673284128913e-02
1.579007105162773261e-02
1.571187341946724339e-02
1.563440647523641272e-02
1.555766290443067607e-02
1.548163544061408742e-02
1.540631686687166969e-02
1.533170001694954786e-02
1.525777777627438693e-02
1.518454308323649408e-02
1.511198892994991549e-02
1.504010836295680345e-02
1.496889448412176520e-02
1.489834045134113237e-02
1.482843947885232466e-02
1.475918483805991818e-02
1.469056985771703509e-02
1.462258792445098737e-02
1.455523248284730162e-02
1.448849703607065810e-02
1.442237514573634430e-02
1.435686043206726645e-02
1.429194657409482878e-02
1.422762730974219160e-02
1.416389643563769653e-02
1.410074780718417048e-02
1.403817533852807532e-02
1.397617300237119671e-02
1.391473482974494268e-02
1.385385491011205221e-02
1.379352739082492958e-02
1.373374647710813926e-02
1.367450643169122390e-02
