3.751330281512142428e-01
3.748274330396692555e-01
3.772980164028073014e-01
3.759056864630325734e-01
3.782993597911153416e-01
3.791972364668774187e-01
3.811225013576368670e-01
3.852525894616618540e-01
3.891044125667245113e-01
3.932506922444086728e-01
3.900644498031023422e-01
4.418838942117870316e-01
5.178349317504516991e-01
6.182245826476406858e-01
7.870976994363020340e-01
8.173329324843143784e-01
5.149615670758965758e-01
5.879583186150015850e-01
6.540245504468777948e-01
5.692476272322972708e-01
7.003108375194504465e-01
8.096381983341932598e-01
1.064055280171701590e+00
1.103628655831000227e+00
8.424348315617851135e-01
9.271394672093906664e-01
9.567157001847387265e-01
1.117850039230192660e+00
1.418499274884921668e+00
1.323936727471555441e+00
1.527602498285045352e+00
1.590702636451603036e+00
1.328131840046227419e+00
1.360717212354902061e+00
1.324360975989029132e+00
1.439598713706512045e+00
1.350425764138840190e+00
1.567494054172292817e+00
1.019223220262672536e+00
7.503099928943387509e-01
6.482258585448742449e-01
6.063042925921099391e-01
6.128498538320030775e-01
6.825463176291028944e-01
6.506377009102507492e-01
7.996645597532676675e-01
7.980140195391856039e-01
7.830275931526703426e-01
8.738547632955228073e-01
9.350498052689188988e-01
9.352719789493322278e-01
9.187718854647602962e-01
9.344332666838611745e-01
9.420600952196692690e-01
8.993906035767667007e-01
8.275068808568987189e-01
8.956222736505571325e-01
9.337883079058776348e-01
9.599741258496650165e-01
9.976810535158804338e-01
1.039737045314135466e+00
1.069675200033167295e+00
1.087756987875612369e+00
1.241945822889696460e+00
1.464701005755141283e+00
1.459635212584516228e+00
1.561490205354324701e+00
1.620083642202971408e+00
1.650061896688886698e+00
1.581466638313052675e+00
1.766570300190509535e+00
1.779888712421135333e+00
1.647876943288528073e+00
1.780902754217071893e+00
1.837223394638555662e+00
1.821615307539977691e+00
1.759412599683018996e+00
1.779639455598471143e+00
1.922775173880813870e+00
2.050795348762963766e+00
2.120024394919917121e+00
2.076003033722047864e+00
2.055564500624813995e+00
2.061298903088287116e+00
2.037503170985767831e+00
2.105000975233943361e+00
2.277352987749232671e+00
2.313941563545370617e+00
2.246365584100036283e+00
2.102595299532526330e+00
2.263130400945950971e+00
2.408890210491781314e+00
2.405398204900683012e+00
2.315342982872875766e+00
2.168704571383798019e+00
2.003221260442949792e+00
1.805963328515410637e+00
1.711100041334437272e+00
1.835032430260852498e+00
1.969509755582871779e+00
2.121165502055168517e+00
2.236450204751085025e+00
2.297811592677502457e+00
2.295757516809515231e+00
2.229010406096497032e+00
2.103920167976930156e+00
1.987462374099212559e+00
1.841469276678899591e+00
1.678389876877647291e+00
1.535296396062058921e+00
1.411559786145446305e+00
1.289285805137158514e+00
1.171630840685034203e+00
1.063850734573374091e+00
9.714960295827889114e-01
8.954765451709688628e-01
8.367643942348438335e-01
7.920905423570876458e-01
7.579132045829550801e-01
7.308308914608451223e-01
7.070484929339995173e-01
6.836884353244124801e-01
6.594879854373890682e-01
6.333924083644668634e-01
6.168554685468166099e-01
6.016183228477760547e-01
5.851600881211573846e-01
5.675290607545657728e-01
5.497105342510235637e-01
5.316399634034859600e-01
5.134611802887651955e-01
4.958928058994858667e-01
4.806029045913954856e-01
4.744969007260190219e-01
4.685698315862552032e-01
4.627644770346451830e-01
4.567532983712865313e-01
4.500652250990341829e-01
4.423936185999995940e-01
4.334599996550405065e-01
4.230379001692612384e-01
4.109706686492584082e-01
3.971818558125827514e-01
3.836797979329180097e-01
3.815240869215018038e-01
3.854182632818398124e-01
3.793355574518118556e-01
3.640507502034632248e-01
3.617360599704991242e-01
3.584475560300266483e-01
3.541442157808324942e-01
3.484727302969010121e-01
3.419964557309653208e-01
3.345709387918245903e-01
3.267441417156998762e-01
3.183638454632461423e-01
3.099930116362822341e-01
3.015867086627286309e-01
2.933000493673645903e-01
2.854934440814028695e-01
2.781665814736197784e-01
2.713695836435858766e-01
2.651757336373714580e-01
2.596182260666838881e-01
2.548191597563192468e-01
2.506176540147096454e-01
2.469439763510552777e-01
2.437120807160008396e-01
2.408170141751142246e-01
2.382417011749896896e-01
2.358405136787790901e-01
2.334185492029944298e-01
2.308573843798259750e-01
2.282573660877056099e-01
2.252972090545290462e-01
2.219728818083861466e-01
2.182852813551061366e-01
2.140272714111941810e-01
2.093786993197247481e-01
2.040710624797698325e-01
1.983417838590181836e-01
1.969142920929091156e-01
1.980047750943878249e-01
1.986408847048429516e-01
1.988823261373680318e-01
1.985817924013786595e-01
1.978851393743433218e-01
1.966083296866653618e-01
1.948931830139423727e-01
1.926544435851257897e-01
1.899081216505124348e-01
1.867507051423391295e-01
1.830812813790933247e-01
1.790498066971822899e-01
1.746038081732749492e-01
1.697834283918526477e-01
1.646881386473994513e-01
1.592436265747393109e-01
1.662344215693619121e-01
1.766514944952046196e-01
1.861112063377109993e-01
1.933977635590321265e-01
1.977234383059239542e-01
2.003758717296351688e-01
2.012896620408309856e-01
1.995998945896179655e-01
1.995659973543809917e-01
1.976890535982938346e-01
1.944272161532824561e-01
1.891114312167746503e-01
1.823628733067100272e-01
1.749663490825909828e-01
1.676251257798583305e-01
1.608844517308247180e-01
1.551710031842000181e-01
1.507203103827243762e-01
1.475563348636569072e-01
1.454971178399894760e-01
1.442107956074029362e-01
1.432797544539095025e-01
1.422640122517252470e-01
1.407560951912573133e-01
1.384446109057518026e-01
1.351365151247080065e-01
1.325795963010557299e-01
1.321486471692218112e-01
1.323708512726987918e-01
1.318869572126243062e-01
1.307008525788681541e-01
1.288360104247370796e-01
1.278868575592226609e-01
1.269353484506872132e-01
1.255335899811670652e-01
1.237335527480085268e-01
1.215795713863463967e-01
1.190959616542909272e-01
1.163064216780073934e-01
1.132268067578546672e-01
1.098665338928215829e-01
1.062300411528981359e-01
1.035763916487240505e-01
1.032061477238960523e-01
1.043393757363343249e-01
1.051638748007010377e-01
1.056581461799209615e-01
1.058009691837315386e-01
1.055736986737583205e-01
1.049622615139587378e-01
1.039587175334904107e-01
1.025622977464327595e-01
1.007799223066811189e-01
9.862767911585759717e-02
9.614056101965755274e-02
9.332470501364259485e-02
9.020981946647561867e-02
8.682922533901177298e-02
8.322088822440895650e-02
8.092020511353018031e-02
7.846683122816094924e-02
7.699707141139240651e-02
7.567779193882294420e-02
7.425087159967143358e-02
7.277037248732219632e-02
7.121570994755035966e-02
6.960580349799021238e-02
6.795950607003146959e-02
6.629513086144421530e-02
6.463901034923284772e-02
6.300491539787055062e-02
6.139808809286181196e-02
5.983215214347007566e-02
5.838345844165016008e-02
5.735093737129279973e-02
5.630098512380222325e-02
5.522288795233977476e-02
5.413554527654371867e-02
5.306482121116349454e-02
5.202573960195274599e-02
5.101798789288092967e-02
5.066913500889413252e-02
5.034234471933282662e-02
4.998881886710049294e-02
4.961915743673638718e-02
4.924312562247376568e-02
4.886955778584512605e-02
4.850628857339784467e-02
4.816010959048939999e-02
4.783674967564729985e-02
4.754154622508333095e-02
4.727950321570394826e-02
4.705052453590252703e-02
4.685643010253630336e-02
4.669814481535621009e-02
4.657576809281117891e-02
4.648865046351086106e-02
4.643547505314601226e-02
4.641434197395952199e-02
4.642285381288094315e-02
4.645820061602753959e-02
4.651724296990808472e-02
4.659659198527230095e-02
4.669268519255029282e-02
4.680185754778314056e-02
4.692040693210833974e-02
4.704465369888109066e-02
4.717099397696513513e-02
4.729594657766564292e-02
4.741619348170308945e-02
4.752861398726097170e-02
4.763031269441043297e-02
4.771864157973537690e-02
4.779121647902811326e-02
4.784592834105226566e-02
4.788094965987475804e-02
4.789473651171154839e-02
4.788602664377844542e-02
4.785383406265809880e-02
4.779744057518224565e-02
4.771638471954739447e-02
4.761044851424579144e-02
4.747994611860442693e-02
4.733412790333259984e-02
4.716396999554874070e-02
4.697002891042635631e-02
4.675302176199431364e-02
4.651380775503784898e-02
4.625336975226700120e-02
4.597279613281874538e-02
4.567326313141330252e-02
4.535601782072453542e-02
4.502236186992328304e-02
4.467363618955042665e-02
4.431120655087258248e-02
4.393645024102708213e-02
4.355074380163562880e-02
4.315545187571921681e-02
4.275191717395891711e-02
4.234145155678322586e-02
4.193071341744610686e-02
4.151538357019299297e-02
4.109643964032765745e-02
4.067500967064387185e-02
4.025216331158753408e-02
3.982890875774556388e-02
3.940619051602530648e-02
3.898488794186452666e-02
3.856581448219115194e-02
3.814971756314882584e-02
3.773727905444032582e-02
3.732911625382972359e-02
3.692578332468750973e-02
3.652777313052558289e-02
3.613551940745637209e-02
3.574939922038512102e-02
3.536973565133075259e-02
3.499680067057270999e-02
3.463081814596750269e-02
3.427196694808553462e-02
3.392038411321175728e-02
3.357616802834030578e-02
3.323938160777838852e-02
3.291005543246171283e-02
3.258819082765061770e-02
3.227376285643350495e-02
3.196672321246556842e-02
3.166700299434185850e-02
3.137451534956369609e-02
3.108915797749677024e-02
3.081081548458327116e-02
3.053936158413598709e-02
3.027466113899104916e-02
3.001657204413604035e-02
2.976494694918770112e-02
2.951963482335626457e-02
2.928048236369721821e-02
2.904733525223298848e-02
2.882003926650158684e-02
2.859844124775006227e-02
2.838238993591503043e-02
2.817173667600781847e-02
2.796633600488050014e-02
2.776604612532940219e-02
2.757072927653715991e-02
2.738025200772263926e-02
2.719448536456241239e-02
2.703264097722347936e-02
2.694203542549590893e-02
2.685265513568513632e-02
2.676445996959227538e-02
2.667741026208294078e-02
2.659146695501453037e-02
2.650659171789802870e-02
2.642274705809660035e-02
2.633989641857946429e-02
2.625800426525468079e-02
2.617703616398336930e-02
2.609695884720772754e-02
2.601774027132313163e-02
2.593934966509683915e-02
2.586175756945652271e-02
