3.703381528288051672e-01
3.712138994338686770e-01
3.737461323512835110e-01
3.740848298827978424e-01
3.755420123636883933e-01
3.758634082856491809e-01
3.771772133272548455e-01
3.802337120378913582e-01
3.799994175295571819e-01
4.056463169684523251e-01
4.398383664479351141e-01
4.334775186660863588e-01
5.793419999908259177e-01
6.521737068507642565e-01
8.087901423332276574e-01
9.231393788326521799e-01
7.257464664907843366e-01
7.925832567079162949e-01
8.165607435761235156e-01
1.037790652399569913e+00
8.947194381026097876e-01
1.045098452378917520e+00
1.171905275110547651e+00
1.221248732070206566e+00
1.432842521834785776e+00
1.643625146267119419e+00
2.018507163626694911e+00
1.304221720618103486e+00
1.388891446431975707e+00
1.500411483129852952e+00
1.662286705793346364e+00
1.472594158262069630e+00
1.911896107709820436e+00
1.769202618043676623e+00
1.233274328595411307e+00
8.824528749682702955e-01
7.341148091411006105e-01
7.251916335670759439e-01
8.256578742127311799e-01
7.191426889061127703e-01
7.340638136738913966e-01
7.701000222962323116e-01
8.868912146787938378e-01
9.468371403625178706e-01
1.053200616420166824e+00
1.186602427747313060e+00
1.189806781815222037e+00
1.130704443215218902e+00
1.189869098486214583e+00
1.141745743755023357e+00
1.088971950667606547e+00
1.230149924938244377e+00
1.283407243072757886e+00
1.355178111870849023e+00
1.551705733602682269e+00
1.560064500935019804e+00
1.379054083134446218e+00
1.308315665872842981e+00
1.409033206441204777e+00
1.427266974522424459e+00
1.344740292921671188e+00
1.256317028061449292e+00
1.272200604963049209e+00
1.368156036671972053e+00
1.413098670563858628e+00
1.362007744921633012e+00
1.247149739813872005e+00
1.213911171820333923e+00
1.357472536426938658e+00
1.585283995627445153e+00
1.757078842154364384e+00
1.813133211338510797e+00
1.779371417615432049e+00
1.713308998296031005e+00
1.657268082881496518e+00
1.626519533128207629e+00
1.615723668935228785e+00
1.611941132397049614e+00
1.604367930792710562e+00
1.602509435930949744e+00
1.584459739510339249e+00
1.557897989249690474e+00
1.540369871063577145e+00
1.558569820704330366e+00
1.624621379879349625e+00
1.738024800756735821e+00
1.872974405367638040e+00
1.999160993915295226e+00
2.082609409011253021e+00
2.102751215852157518e+00
2.096244058295493762e+00
2.038350575766641359e+00
1.912324571957361163e+00
1.736981015314978727e+00
1.585505158330828390e+00
1.399593505482851663e+00
1.229679830997970624e+00
1.067733916831534291e+00
9.064432062455741734e-01
7.807840985476895979e-01
6.794807627074354039e-01
6.013437215185808427e-01
5.463449947928007422e-01
4.960379334232220550e-01
4.529357796466025876e-01
4.185777725124903981e-01
3.940499991281058989e-01
3.799466102720289173e-01
3.749009390888035642e-01
3.771366648841688596e-01
3.844606557064494390e-01
3.945098303128257711e-01
4.051307279584506205e-01
4.150709703852538124e-01
4.229825499595163407e-01
4.280643160238344347e-01
4.298782305883671051e-01
4.281984972572923653e-01
4.229956917790935189e-01
4.144940719057748080e-01
4.054409563564790875e-01
3.988645348365599808e-01
3.826809725171720911e-01
3.791229493028743236e-01
3.841012633104809448e-01
3.821086097206412568e-01
3.734749602127727663e-01
3.586655570752270705e-01
3.463853345921372173e-01
3.433272053408748525e-01
3.361515869301327508e-01
3.253308010075725010e-01
3.115870791444074195e-01
2.958034887716058381e-01
2.984798628899701933e-01
3.024136878499562031e-01
3.017315499160190262e-01
2.971619821078966273e-01
2.894303097088452015e-01
2.792300025874631664e-01
2.671911294953475124e-01
2.538724547783736685e-01
2.397558566101153088e-01
2.254153442170991617e-01
2.155424318328500177e-01
2.135594198180978398e-01
2.104721502556232138e-01
2.065175370970575575e-01
2.018760479535526564e-01
1.969653321056506479e-01
1.917179382934535437e-01
1.863196770141598291e-01
1.811120883793624625e-01
1.759694543563180835e-01
1.709783378836801926e-01
1.661999736520635707e-01
1.616736748471757634e-01
1.574703920053671657e-01
1.535857441854657779e-01
1.499591593978306936e-01
1.465717160210109615e-01
1.433940594825979520e-01
1.425397997330325184e-01
1.422760754237014091e-01
1.415736539114866854e-01
1.403897205728145137e-01
1.386497119881145712e-01
1.363327026477491322e-01
1.334936971600134137e-01
1.300640357123258040e-01
1.260495242105608149e-01
1.214842550127061133e-01
1.164389624913553939e-01
1.132459632202205413e-01
1.143068288618130646e-01
1.152512871731991434e-01
1.160301800787729154e-01
1.166005874627807776e-01
1.169230990421527144e-01
1.170587811719090848e-01
1.169247825048677358e-01
1.164575492898289460e-01
1.156384795264545073e-01
1.145655323106481022e-01
1.131608553597160810e-01
1.113851429683372640e-01
1.092647578961179755e-01
1.069130556195987403e-01
1.042192769698879196e-01
1.012048627476890283e-01
9.796127016056954684e-02
9.450258727069414666e-02
9.159082925690129051e-02
9.023472568410534356e-02
8.873545003373331519e-02
9.135175244736519484e-02
9.459155557261819669e-02
9.715390552236070898e-02
9.895059917218301804e-02
1.000070784356830028e-01
1.004166994928215040e-01
1.003107433186830877e-01
9.973701750335589589e-02
1.007976533882993103e-01
1.014837776913224549e-01
1.014696472952774930e-01
1.017238176587327708e-01
1.027479728411175575e-01
1.031278518573705560e-01
1.029309447391484750e-01
1.021395222346489079e-01
1.007842279342325981e-01
9.894076535379378590e-02
9.660603112343368881e-02
9.403202677175633017e-02
9.335057660746616526e-02
9.242539198965323000e-02
9.129073172352968057e-02
8.992342072540387976e-02
8.833077136809902585e-02
8.652912748707933255e-02
8.451926529324604864e-02
8.233263994824489840e-02
7.998032270550776979e-02
7.748044062462121351e-02
7.485264131468051529e-02
7.216436314880921021e-02
7.042477596685914332e-02
6.961750564442448219e-02
6.866361019411458544e-02
6.756763977708324376e-02
6.635172842728903619e-02
6.504404476992334261e-02
6.362713451376875162e-02
6.215752236617493043e-02
6.176582431819165053e-02
6.159174565761824788e-02
6.134811664379804380e-02
6.104112833156444262e-02
6.067680724189828539e-02
6.026097861769919017e-02
5.979923648449619877e-02
5.929691998125535130e-02
5.875909541267770181e-02
5.820494978473846059e-02
5.763149590502419928e-02
5.703463417215634546e-02
5.641829380232735863e-02
5.578611299155015329e-02
5.514144327574339866e-02
5.448735621049129868e-02
5.382665197391331424e-02
5.316186953158003048e-02
5.249529803109376919e-02
5.182898912950304610e-02
5.116476998622661310e-02
5.050425668638979654e-02
4.984886788548167913e-02
4.919983849902005019e-02
4.855823327993388089e-02
4.792496015617213334e-02
4.730237088592768174e-02
4.669483245842964009e-02
4.609697119513681690e-02
4.550923235202780637e-02
4.493196229362349942e-02
4.436541874762679055e-02
4.380978043558478308e-02
4.326515607249916545e-02
4.273159273468864205e-02
4.220908360183531910e-02
4.169757508723510864e-02
4.119697337277207494e-02
4.070715037187574298e-02
4.022794914270666489e-02
3.975918878146905699e-02
3.930066882130676259e-02
3.885217316942821131e-02
3.841347360983703163e-02
3.798433290396381612e-02
3.756450751796105991e-02
3.715375000598987454e-02
3.675181107875727382e-02
3.635844138405720793e-02
3.597339302602673566e-02
3.559642084759491454e-02
3.522728350040641582e-02
3.486574432414100977e-02
3.451157205581138060e-02
3.416454138848509098e-02
3.382443339745687394e-02
3.349103584977615455e-02
3.316414341357999673e-02
3.284355777847745156e-02
3.252908770245047793e-02
3.222054899470258582e-02
3.191776444466525725e-02
3.162056370755498419e-02
3.132878315297136368e-02
3.104226568509180911e-02
3.076086054015636159e-02
3.048442306678855740e-02
3.021281449420635395e-02
2.994590169272440608e-02
2.968355692931889597e-02
2.942565762255639969e-02
2.917208609824172710e-02
2.892272934882193780e-02
2.867747879773507522e-02
2.843623007054061486e-02
2.819888277375136310e-02
2.796534028203727373e-02
2.773550953456364876e-02
2.750930084157194103e-02
2.728662769976923988e-02
2.706740661864937350e-02
2.685155695594386438e-02
2.663900076345615195e-02
2.642966264226209380e-02
2.622346960712132122e-02
2.602035096008752796e-02
2.582023817269248067e-02
2.562306477610385921e-02
2.542876625947297978e-02
2.523727997538628351e-02
2.504854505219708538e-02
2.486250231320237189e-02
2.467909420122234992e-02
2.449826470945100365e-02
2.431995931705384362e-02
2.414412492989936876e-02
2.397070982532062064e-02
2.379966360132506481e-02
2.363093712922235620e-02
2.346448250975432734e-02
2.330025303231209044e-02
2.313820313678761897e-02
2.297828837812921146e-02
2.282046539311572558e-02
2.266469186907679040e-02
2.251092651453115434e-02
2.235912903154108761e-02
2.220926008933730988e-02
2.206128129946598182e-02
2.191515519207331078e-02
2.177084519297604187e-02
2.162831560210869142e-02
2.148753157244582754e-02
2.134845908981233831e-02
2.121106495320873933e-02
2.107531675609822588e-02
2.094118286751236666e-02
2.080863241454502383e-02
2.067763526449477654e-02
2.054816200759538442e-02
2.042018394063877321e-02
2.029367304995305030e-02
2.016860199560997421e-02
2.004494409518374834e-02
1.992267330839368744e-02
1.980176422150415130e-02
1.968219203215443303e-02
1.956393253470511961e-02
1.944696210514992515e-02
1.933125768707654596e-02
1.921679677714690365e-02
1.910355741118481554e-02
1.899151815031021456e-02
1.888065806773284519e-02
1.877095673499219741e-02
1.866239420907746249e-02
1.855495101967938321e-02
1.844860815628150338e-02
1.834334705613468661e-02
1.823914959180450435e-02
1.813599805953262575e-02
1.803387516741804253e-02
1.793276402401177208e-02
1.783264812738169156e-02
1.773351135388683691e-02
1.763533794785844544e-02
1.753811251093661747e-02
1.744181999206102437e-02
1.734644567750855126e-02
1.725197518142990508e-02
1.715839443604093989e-02
1.706568968301215572e-02
1.697384746419068613e-02
1.688285461301191823e-02
1.679269824622959054e-02
1.670336575556797751e-02
1.661484479994950608e-02
1.652712329768514163e-02
1.644018941902491635e-02
1.635403157894994852e-02
1.626863843021571221e-02
1.618399885625970702e-02
1.610010196505312630e-02
1.601693708232533944e-02
1.593449374578561478e-02
