1.808166995282983747e-01
1.814200297650617744e-01
1.841026354089789763e-01
1.819675356325269888e-01
1.844310755746207953e-01
1.853801687766465089e-01
1.898493486395109453e-01
1.976024538817983123e-01
2.329682856059639706e-01
3.746835273859381310e-01
2.057841525811287819e-01
2.629553648058731707e-01
2.413784661434572321e-01
2.872934419256056859e-01
2.775433473942145457e-01
3.603199415316719612e-01
4.626098633621231193e-01
3.437662971370336606e-01
2.740782286796832334e-01
3.138103815765811988e-01
3.544149977109933847e-01
3.522289010341289606e-01
3.101886197465701933e-01
3.712199267930828550e-01
3.681504117386332764e-01
4.332391661748554723e-01
4.532820919668738568e-01
4.785852585388751246e-01
5.134852223489606571e-01
4.860767264491723805e-01
4.411047842929011198e-01
5.874891386261085202e-01
7.108587594263459097e-01
7.436131146329801878e-01
6.193504735690087415e-01
5.951881738152413615e-01
6.018008906293831339e-01
6.500573988762230471e-01
6.590685299643981310e-01
6.462521144740110968e-01
8.437204657918333517e-01
9.647401951994108993e-01
1.130225337796440188e+00
1.109562586068475021e+00
9.267916305051537851e-01
1.011905375443725941e+00
1.006675450530816640e+00
1.087639360973210012e+00
1.246568756307861126e+00
1.447066631264841918e+00
1.395228202080765367e+00
1.384888091062187909e+00
1.320991990289267504e+00
1.318965605296151811e+00
1.327107040712137032e+00
1.130097019317503726e+00
1.008925820966827702e+00
9.414089473921858353e-01
8.306928545698721855e-01
7.165918218482290047e-01
7.353797442717577848e-01
7.202485626172742128e-01
6.185689130797682456e-01
5.872767777254547239e-01
5.290125050212872715e-01
5.047679551167234546e-01
4.855187338467168434e-01
4.614324457981676120e-01
4.578695814261463104e-01
4.318218713232798711e-01
4.147445793478742870e-01
3.548202795218298733e-01
3.028371523253735598e-01
2.605170875580640755e-01
2.204809330613846652e-01
1.987739742084489447e-01
1.885740868993668051e-01
1.860339923459423395e-01
1.962565959995189180e-01
2.089589964582126425e-01
2.209996088102787470e-01
2.402067265920459771e-01
2.418685374179924685e-01
2.435352206450157320e-01
2.425339571940933192e-01
2.386898529773478494e-01
2.246677990696586136e-01
2.047040360389321134e-01
1.831280699327355321e-01
1.716358218414275327e-01
1.746610625481447576e-01
1.850049414053015762e-01
1.793288577905413628e-01
1.582365127862364329e-01
1.335735294835594666e-01
1.200337522012994845e-01
1.214133481896008532e-01
1.280280941403421358e-01
1.293101795850841174e-01
1.214800625760635716e-01
1.161331074766057819e-01
1.100210141607757125e-01
1.030681497286132925e-01
9.997070542751525235e-02
9.717649888368555533e-02
9.475592356738103683e-02
9.237371191468109199e-02
8.963883236216273198e-02
8.648709671226491313e-02
8.258910327787929995e-02
7.788681268417091408e-02
7.450370365959056718e-02
7.515554139073205020e-02
7.495738571509796833e-02
7.383423584727857869e-02
7.240974566832435177e-02
6.907545871997317066e-02
6.577047654018514100e-02
6.211594734095777365e-02
5.839924661204350109e-02
5.493397428600283600e-02
5.186765703684407397e-02
4.937165051348404304e-02
4.756094214253015623e-02
4.646981131386131864e-02
4.600933145808221159e-02
4.605579884903714810e-02
4.644444368838646087e-02
4.699032192195760210e-02
4.750915069466707386e-02
4.786407762181808107e-02
4.795462284017516091e-02
4.764302838595417533e-02
4.688079846312238896e-02
4.840267897618062004e-02
5.004889904648104904e-02
5.006532112810803403e-02
4.993924594689640867e-02
5.064657033331532859e-02
5.028465904901732036e-02
4.897706164420531638e-02
4.696806390334970494e-02
4.448350728725570385e-02
4.174059308767762155e-02
3.959701082451552029e-02
3.834880103086838604e-02
3.706517183051855763e-02
3.589938199114650619e-02
3.482152620006039034e-02
3.381219602737554897e-02
3.286092985705419550e-02
3.185422758874987409e-02
3.075432549795873230e-02
2.976272153224188491e-02
2.964294425600875679e-02
2.943314361856548891e-02
2.900833499124342782e-02
2.836208432580900399e-02
2.752141808637198483e-02
2.654453027300806081e-02
2.549979655795625230e-02
2.442993604426214882e-02
2.340321910342225975e-02
2.248063872435443131e-02
2.186649508905161993e-02
2.198570317625635206e-02
2.206916952234928495e-02
2.210906389999218666e-02
2.210246836053262817e-02
2.204839611744457278e-02
2.194752195654266214e-02
2.180189451231802356e-02
2.165047895460261301e-02
2.199831911133837484e-02
2.230331743668414676e-02
2.253099318845156601e-02
2.265823355064098404e-02
2.266934166093345637e-02
2.255580228433472570e-02
2.231834112439194315e-02
2.198513648134252027e-02
2.153565536714144649e-02
2.098078471946710280e-02
2.033385725220291165e-02
1.960967082198112124e-02
1.883601097085079584e-02
1.808801961390292881e-02
1.742169971843902238e-02
1.671831309129943877e-02
1.619033523193032231e-02
1.589372409026322888e-02
1.560645232122702744e-02
1.543834868201708795e-02
1.530945122156536671e-02
1.517493476504552102e-02
1.503558000218539747e-02
1.489197099977891854e-02
1.474452541352003210e-02
1.459352419201802829e-02
1.443913982600219907e-02
1.428146245612123798e-02
1.412052338044600744e-02
1.395631569759350939e-02
1.378881198135672483e-02
1.361797901183438471e-02
1.344378968468493835e-02
1.326623229249296321e-02
1.308531741888212079e-02
1.290108271439910186e-02
1.271359583499165509e-02
1.267223726788612240e-02
1.263108977282972022e-02
1.257733853153264469e-02
1.251613826140730509e-02
1.244455631919692655e-02
1.236082719319304621e-02
1.226524134834418127e-02
1.215814476880732777e-02
1.203993606713543024e-02
1.191106284314061119e-02
1.177201745866372253e-02
1.162333238097254876e-02
1.146557523201022048e-02
1.129934366418984364e-02
1.127868315759650644e-02
1.131435249314945504e-02
1.130165517140327078e-02
1.124196231639602687e-02
1.114766209480380459e-02
1.109643045349255688e-02
1.119761849783571309e-02
1.127095729470623843e-02
1.131643280563541208e-02
1.133433983443716403e-02
1.132525683497047006e-02
1.129001901329492949e-02
1.122969026388240948e-02
1.114553444442181393e-02
1.104111480355277584e-02
1.092046679392681165e-02
1.078033472348308326e-02
1.062246344298034204e-02
1.044866527364221240e-02
1.026079528860756457e-02
1.006072817980243304e-02
9.850336865953275567e-03
9.631472956735118510e-03
9.405949149960837405e-03
9.335494151760640250e-03
9.300560501825868437e-03
9.262854476256325229e-03
9.222481494435242136e-03
9.179549719018886486e-03
9.134169462494160299e-03
9.086452624914526446e-03
9.036512164472295175e-03
8.984461601201240710e-03
8.930414555056708295e-03
8.874484317985256374e-03
8.816783460599790859e-03
8.757423472812348592e-03
8.696514438120753893e-03
8.634164740846932140e-03
8.570480805290913925e-03
8.505566865962958453e-03
8.439524767411965903e-03
8.372453792491378263e-03
8.304450517560478529e-03
8.235608692967058900e-03
8.166019147379193974e-03
8.095769714270912437e-03
8.024945178725184300e-03
7.953627243262350807e-03
7.881894510661858685e-03
7.809822482232573436e-03
7.737483570314555859e-03
7.664947122787413129e-03
7.592279458763396584e-03
7.519543913779874744e-03
7.446800892946452838e-03
7.374107931265725530e-03
7.301519759598355808e-03
7.229088375290557145e-03
7.156863116434503819e-03
7.084890739026597668e-03
7.013215495931330451e-03
6.941879217074514372e-03
6.870921390143685907e-03
6.800379241366852345e-03
6.730287815552193215e-03
6.660680055258851734e-03
6.591586878606671765e-03
6.523037255345279402e-03
6.455058281079342590e-03
6.387675249328979114e-03
6.320911721395699491e-03
6.254789593739101469e-03
6.189329163041368091e-03
6.124549188690535384e-03
6.060466952912827235e-03
5.997098318342437666e-03
5.934457783175909294e-03
5.872558534101300458e-03
5.811412496846669017e-03
5.751030384647475187e-03
5.691421744473987125e-03
5.632595001523106083e-03
5.574557501659673821e-03
5.517315552253721986e-03
5.460874461258424795e-03
5.405238574895035800e-03
5.350411313852263852e-03
5.296395208283320027e-03
5.243191931541249864e-03
5.190802332841769340e-03
5.139226468941830890e-03
5.088463634927869496e-03
5.038512394143890467e-03
4.989370607457876451e-03
4.941035461676682866e-03
4.893503497466327248e-03
4.846871303728494604e-03
4.821033362580500088e-03
4.794034401568177117e-03
4.765960575408824396e-03
4.736898755244425829e-03
4.706936014313664075e-03
4.676159149282052910e-03
4.644654237435420947e-03
4.612506228983144670e-03
4.579798574797394085e-03
4.546612888375505326e-03
4.513028641734852416e-03
4.479122894312345844e-03
4.444970053998651381e-03
4.410641668978624967e-03
4.376206249687288746e-03
4.341729119210783507e-03
4.307272291308611792e-03
4.272894374224808431e-03
4.238650499375548782e-03
4.204592273190045290e-03
4.170767750852423343e-03
4.137221430314247730e-03
4.103994265371714752e-03
4.071123696247790601e-03
4.038643696086274305e-03
4.006584832236098279e-03
3.974974340779935562e-03
3.943836212999676100e-03
3.913191292343992655e-03
3.883057380818497484e-03
3.853449353474016226e-03
3.824379279671424620e-03
3.795856550238267939e-03
3.767888009430145520e-03
3.740478090199890297e-03
3.713628952525452245e-03
3.687340623566459207e-03
3.661611138301862963e-03
3.636436680958062776e-03
3.611811725410714064e-03
3.587729174512285703e-03
3.564180497505395079e-03
3.541155865098713409e-03
3.518644281503870153e-03
3.496633713107447517e-03
3.475111213370086702e-03
3.454063043627271772e-03
3.433474789272451377e-03
3.413331471507984483e-03
3.393617653866369717e-03
3.374317543829151791e-03
3.355415089186431291e-03
3.336894068995244819e-03
3.318738179105706725e-03
3.300931112430248709e-03
3.283456633604932978e-03
3.266298648188581313e-03
3.249441266768375233e-03
3.232868863498882493e-03
3.216566129484352190e-03
3.200518121266314985e-03
3.184710303965871021e-03
3.169128590063213791e-03
3.153759373192194064e-03
3.138589557386893374e-03
3.123606582356059768e-03
3.108798444236624773e-03
3.094153712557985800e-03
3.079661543531169755e-03
3.065311689491279860e-03
3.051094505356565043e-03
3.037000951575744186e-03
3.023022594355698114e-03
3.009151603008586914e-03
2.995380744759602691e-03
2.981703377195286334e-03
2.968113438520926690e-03
2.954605435914852730e-03
