8.126679816969439862e-02
8.154382805560315972e-02
8.126899768604523011e-02
8.197201474277172883e-02
8.306211186582754258e-02
8.402998002694077317e-02
8.504372209377726588e-02
8.898981384200219114e-02
1.013809727308490477e-01
1.358493277262639021e-01
1.127534288826531339e-01
1.167297670219014510e-01
1.721659159105217718e-01
2.162242699030252902e-01
1.797849421292516126e-01
2.099022712932764878e-01
2.144541613298298899e-01
1.896572971889451398e-01
2.121131590910301234e-01
2.120171462127801443e-01
2.096546530729311297e-01
2.510402807168598538e-01
2.391178943199175067e-01
3.133450554645088038e-01
3.607536111801198375e-01
3.905652840800924452e-01
3.581853126181031022e-01
3.261907655871411071e-01
3.187442232250241592e-01
2.580283526261367144e-01
2.884627295023341476e-01
2.611657846597973398e-01
2.440056746688951950e-01
2.097750267311088990e-01
2.013345138032359705e-01
1.723949459589012301e-01
1.809447628736104152e-01
1.719874387028369755e-01
1.686625836789248933e-01
1.868277715636532110e-01
2.090056091949675510e-01
2.267575870294977758e-01
2.177136799976543136e-01
2.195828817425018731e-01
2.150385777672010890e-01
2.302996763387405998e-01
2.295811587824280742e-01
2.272875711206347182e-01
2.491677721822193048e-01
2.607636688615177500e-01
2.383275498520819602e-01
2.632232297486338246e-01
2.795017653528016344e-01
2.894521991678602468e-01
2.940800486859646568e-01
2.896843338565355253e-01
3.078049423960320108e-01
3.353670847584172554e-01
3.299664379500224509e-01
2.948810331076732738e-01
2.901891410980943498e-01
3.092892685532938057e-01
3.230237822224517052e-01
3.316820850597080317e-01
3.207833837261256371e-01
3.165077971936189338e-01
3.505674214538306854e-01
3.180733115115650378e-01
3.028295180769679518e-01
3.636092833132197888e-01
4.212643378070538569e-01
4.466024681047364719e-01
4.333569177869147082e-01
4.136357457393806669e-01
4.482484728539799512e-01
4.782235288559819608e-01
5.013603614004203957e-01
5.171919787130306867e-01
5.257716535913420364e-01
5.494394967112867789e-01
6.275213361394700318e-01
6.696535365515928762e-01
6.681876010335748850e-01
6.294811825058953536e-01
5.725229526313467820e-01
5.460517616261351126e-01
5.125390209127161922e-01
4.471065675998263655e-01
3.722232357655979040e-01
3.534795672867256933e-01
3.355375792671101975e-01
3.178058122658382612e-01
3.143490568454691547e-01
3.125977308227496643e-01
2.995000819477182108e-01
2.727935940971550899e-01
2.446477063269840158e-01
2.323035920201931559e-01
2.206349358032157482e-01
2.119962071776226586e-01
2.163713020559491773e-01
2.234240917681948879e-01
2.304529116521713272e-01
2.195344959729526313e-01
2.213061202766629654e-01
2.221775702552153675e-01
2.247944776654627330e-01
2.218064831507441381e-01
2.109048922099486245e-01
2.003296819024383280e-01
1.953336217665839480e-01
1.911961425861058439e-01
1.895939609057272768e-01
1.842951622143674806e-01
1.757993719381247821e-01
1.647370194050303271e-01
1.520349343529343589e-01
1.382978482479857163e-01
1.244232442395818983e-01
1.126708781397103426e-01
1.034407835397393588e-01
9.848264320731540955e-02
9.519080081910281932e-02
9.187648358154577866e-02
8.860508655837738556e-02
8.540124520408981512e-02
8.221336276949721411e-02
7.905757838578036933e-02
7.599627548904427932e-02
7.301520486188317616e-02
7.009642534517243617e-02
6.980102644135383061e-02
7.119478400178248789e-02
7.230295837045289109e-02
7.306050555435752991e-02
7.332795371317665789e-02
7.322497756649354317e-02
7.265386456359781975e-02
7.177697868406035520e-02
7.056404306428720741e-02
6.916835794061237941e-02
6.757999778796557055e-02
6.595818248092531755e-02
6.427479144610126482e-02
6.262780877072994523e-02
6.105135160672561789e-02
5.953642165651133050e-02
5.810757490096002398e-02
5.680314101838315061e-02
5.556646063908172312e-02
5.438272875394526557e-02
5.325040479066062843e-02
5.216354748632329869e-02
5.106413523461950793e-02
4.993118587840185418e-02
4.879373065108584540e-02
4.759948618513139273e-02
4.632905213922699356e-02
4.501366394197685306e-02
4.363344279932953457e-02
4.217221088067429902e-02
4.176648641691563940e-02
4.173392255041791926e-02
4.165724539250577341e-02
4.150934054513305549e-02
4.127944794798666522e-02
4.096983623432722682e-02
4.062958377469466642e-02
4.021814832892751934e-02
3.974130050863591834e-02
3.922031999158517857e-02
3.867421188691504141e-02
3.808209565208143382e-02
3.745095091116548702e-02
3.681065157383891367e-02
3.615413525485682705e-02
3.547390519449201279e-02
3.477425636233701794e-02
3.408526706651255483e-02
3.338483733764099903e-02
3.267120477909871146e-02
3.194845972228783915e-02
3.123747655589530214e-02
3.051375971272390214e-02
2.977703282826374073e-02
2.903839170690808782e-02
2.829671905319329842e-02
2.753879407546131960e-02
2.676663104804809928e-02
2.599520012012926720e-02
2.520463159827140281e-02
2.439481372750749652e-02
2.358650620973123252e-02
2.350329334786729896e-02
2.342231956625981035e-02
2.333448143029176816e-02
2.323577209973089544e-02
2.313051618466518966e-02
2.301847468714465078e-02
2.289105749750892232e-02
2.275690049773146026e-02
2.260903319781042836e-02
2.244882948641710799e-02
2.227709621818513633e-02
2.209300074569137823e-02
2.189492663718387022e-02
2.168832405922358625e-02
2.146572206864564777e-02
2.123299615775155538e-02
2.098545395154037888e-02
2.072429884591511437e-02
2.044779766855647427e-02
2.015895914889907423e-02
1.984979584673275330e-02
1.953375388562068188e-02
1.919969951583326562e-02
1.884760179095879701e-02
1.849036003869824682e-02
1.811763399031223604e-02
1.772984992241739832e-02
1.733268042895808395e-02
1.692950188285562152e-02
1.654045920121065619e-02
1.658420792446069214e-02
1.661684018367779250e-02
1.663413042533786954e-02
1.663617234150826379e-02
1.662312998556715951e-02
1.659921190211380293e-02
1.656529487960387362e-02
1.651702766157857327e-02
1.645478422565433904e-02
1.637898514926607041e-02
1.629525078286584577e-02
1.620186628382211044e-02
1.609620052387852884e-02
1.597879737630217289e-02
1.585022478357290751e-02
1.571782324531379588e-02
1.557599021032040135e-02
1.542452524825268546e-02
1.526404431198537942e-02
1.509651566907106723e-02
1.492644621942827710e-02
1.474894292858493737e-02
1.456462330783938643e-02
1.437409969708801014e-02
1.418048137133030503e-02
1.398484427599667838e-02
1.378449786369752295e-02
1.358001387118490041e-02
1.337194952310596582e-02
1.316302974554785926e-02
1.295381920740289704e-02
1.274232833155817049e-02
1.252904906632074794e-02
1.231445385447943464e-02
1.209914249358181801e-02
1.188665543007881749e-02
1.167390433910477261e-02
1.146128578773699704e-02
1.124917519319858748e-02
1.103792676215703712e-02
1.082787353152712441e-02
1.062057451926670323e-02
1.041594108079274550e-02
1.021318431504588883e-02
1.027482233163644863e-02
1.028581976357303453e-02
1.023540923657034057e-02
1.011868751512090374e-02
9.937351031146251026e-03
9.696656577816363878e-03
9.399448281916104528e-03
9.432880814211751230e-03
9.446981043902930031e-03
9.442608478319730950e-03
9.424273102584850709e-03
9.391349557442859458e-03
9.342817026515943743e-03
9.409457510932644694e-03
9.631836003789435302e-03
9.828297675392439620e-03
9.998094042614110930e-03
1.013818613302297673e-02
1.025614691536254688e-02
1.034573591914032982e-02
1.041167702280644362e-02
1.045425525605982002e-02
1.047231270680985468e-02
1.047243721148435544e-02
1.044970315180524315e-02
1.040986512986639620e-02
1.035283831176437436e-02
1.027751661995982002e-02
1.019081451123938012e-02
1.008985530882344252e-02
9.975224958756209390e-03
9.852238250561149227e-03
9.720176535510714408e-03
9.578687278947509848e-03
9.429152032826891919e-03
9.277033705693875365e-03
9.119408205547296919e-03
8.957070068738297308e-03
8.791047564338395209e-03
8.623131593310497112e-03
8.455738139846607354e-03
8.286927677386013089e-03
8.117364157289455942e-03
7.947624411369709485e-03
7.778202614539373935e-03
7.609515409112258683e-03
7.443909389360028016e-03
7.279695037087899681e-03
7.116899119931032434e-03
6.955698138665708866e-03
6.796220914629935543e-03
6.638554791291640354e-03
6.482751676915002488e-03
6.328833857373239100e-03
6.176799518945124030e-03
6.082348713612031020e-03
6.025528212064058635e-03
5.969289194318782438e-03
5.913606191375212623e-03
5.858440027567361937e-03
5.803740091237991061e-03
5.749446492203657243e-03
5.695492095881818026e-03
5.641804425608409022e-03
5.588307427881278842e-03
5.534923096460913662e-03
5.481572953317173126e-03
5.428179386365855966e-03
5.374666844801180565e-03
5.320962894794917242e-03
5.266999138978674562e-03
5.212833851875100892e-03
5.159155484911244309e-03
5.105020598058710238e-03
5.050383336854297363e-03
4.995204508824823038e-03
4.939451823095810344e-03
4.883100036463349294e-03
4.826131014270916043e-03
4.768533712649055366e-03
4.710304090312627395e-03
4.651444956747284934e-03
4.591965764300816148e-03
4.531882351109414210e-03
4.492194316555359751e-03
4.491873028349530582e-03
4.491526246597454287e-03
4.491109784805118535e-03
4.490580442864157765e-03
4.489896222084842001e-03
4.489016516168943711e-03
4.487902278945020071e-03
4.486516170128057764e-03
4.484822679980240805e-03
4.482788233850688517e-03
4.480381277856678932e-03
4.477572346945111505e-03
4.474334115851233071e-03
4.470944280351258834e-03
4.467237951250228531e-03
4.463035056451619166e-03
4.458316596671698523e-03
4.453065746977059175e-03
4.447267833570501226e-03
4.440910301107138525e-03
4.433982671342228711e-03
4.426476494331624614e-03
4.418385292663756445e-03
4.409704499871843972e-03
4.400431393615186239e-03
4.390565024602106729e-03
4.380106141553903945e-03
4.369057113509215891e-03
4.357421849354411666e-03
4.345205715814174849e-03
4.332415454084188704e-03
4.319059095597246357e-03
4.305145877621212487e-03
4.290686158895157601e-03
4.275691335850703885e-03
4.260173759595223437e-03
4.244570148163128061e-03
4.228494008337464576e-03
4.211929385962705046e-03
4.194891436659202791e-03
4.177395897576554294e-03
4.159459014921035661e-03
4.141097474166167969e-03
4.122328332576725464e-03
4.103168954544779944e-03
4.083636949521788316e-03
4.063750112835362235e-03
4.043526369285270310e-03
