1.392393914705858937e-01
1.393952376347325217e-01
1.396323806086492980e-01
1.414064628720489158e-01
1.426970202864367987e-01
1.444988789843531241e-01
1.601905248012460703e-01
1.572459133758223604e-01
1.586526038926952265e-01
1.911021646182323730e-01
2.494896390339145509e-01
2.522305847604008333e-01
2.706188451386790095e-01
2.594809423619013344e-01
2.599405108949926491e-01
2.887776926797484545e-01
3.788833379816743951e-01
4.398987920175877475e-01
4.656940915334749631e-01
4.371825935852706180e-01
3.229951735780098865e-01
3.360610592981704836e-01
3.093400671545648017e-01
3.051966570853839600e-01
2.888546166949647609e-01
3.030972169311550446e-01
2.983063965864234390e-01
3.138180147174434720e-01
3.177272413691838993e-01
3.486719966873244592e-01
3.556729064156187725e-01
3.661321743998178779e-01
3.388184962305159087e-01
4.179394822870446946e-01
4.436908271469743870e-01
4.450981102736037420e-01
4.554059473637942501e-01
4.357375098084204645e-01
4.631689652708302352e-01
4.488602415843548910e-01
4.505216404997765545e-01
5.702147379253447168e-01
7.093560898651160018e-01
6.746419937657099908e-01
6.901322251344633729e-01
7.611653161120486288e-01
8.089960326619103359e-01
8.592855485564493412e-01
8.693056607768632205e-01
8.766192091312314805e-01
8.939296830312019049e-01
9.451484607405765681e-01
9.519225634492247679e-01
9.586603894518983537e-01
1.125291937705901191e+00
1.238554418393208678e+00
1.201762878731513773e+00
1.055489911096001876e+00
9.420874013324217477e-01
9.252383022560214387e-01
8.606546755649706615e-01
6.679854704268977095e-01
6.103955667592289025e-01
5.680766423842933399e-01
5.276628349277951990e-01
4.899135214771812019e-01
4.758227365979519896e-01
5.149837824580414392e-01
5.268522762657812386e-01
5.137708134173117891e-01
4.797059303736911362e-01
4.425080946252414882e-01
4.238972631855604245e-01
4.034416786569788305e-01
3.724831805039776067e-01
3.366766962461843482e-01
3.058771937165108423e-01
2.870346385020169921e-01
2.733356215616857265e-01
2.645751210295946287e-01
2.587009330277754149e-01
2.553871385904981084e-01
2.564254191713589703e-01
2.526944422856515216e-01
2.420571323600553271e-01
2.310043187776773810e-01
2.170632472608852448e-01
1.967270646095903575e-01
1.811979137605243262e-01
1.652527669868686655e-01
1.618085645728687405e-01
1.587813824901793125e-01
1.553778122599877853e-01
1.509724819183599631e-01
1.457837466519777969e-01
1.401871400020710812e-01
1.341823165271898710e-01
1.278482622882306519e-01
1.215489081300378527e-01
1.151471639432269517e-01
1.089052736915789299e-01
1.027456017072220923e-01
9.855393430889050621e-02
9.893664541334093454e-02
9.632497490557553887e-02
9.116178062004737237e-02
8.711411589100245823e-02
9.160526575126606841e-02
9.388676306116118531e-02
9.230182528430587452e-02
8.732232134813244784e-02
7.991763607951753168e-02
7.895538819485301008e-02
7.617627298533638514e-02
7.183111398125073543e-02
7.072149214341814927e-02
6.927581805741576948e-02
6.743967872228300020e-02
6.543826537514584041e-02
6.314547860460593964e-02
6.065760205710291064e-02
5.809527596889689505e-02
5.540983179488388061e-02
5.671361897932394175e-02
5.898559413934512108e-02
6.113139534535304287e-02
6.256679147557372977e-02
6.321203504936463713e-02
6.302362232232344708e-02
6.196380125942865802e-02
6.004288824236634486e-02
6.014254964359427857e-02
6.066810554593148053e-02
6.040208935138451085e-02
5.946524096436411194e-02
5.799114738736158015e-02
5.607975368279576045e-02
5.381198580028077882e-02
5.126454903582104011e-02
4.849973864752216146e-02
4.553178665108595369e-02
4.288841576570601166e-02
4.171139506896584526e-02
4.128313410614414120e-02
4.118387642179307390e-02
4.091270218124350849e-02
4.039720705093915315e-02
3.967709711661532995e-02
3.866564443678404545e-02
3.743829431177696232e-02
3.794285646044675414e-02
3.834957422043049069e-02
3.858928872735473831e-02
3.860190434276846577e-02
3.845876184945813681e-02
3.807807719365574606e-02
3.749927979244493254e-02
3.673654642248505575e-02
3.576211547148334252e-02
3.465293232976549009e-02
3.339233463483443770e-02
3.199335099308603381e-02
3.051440288229884112e-02
2.898003881113191821e-02
2.739684104131583087e-02
2.669073003638471053e-02
2.642840933954597807e-02
2.609521303261613800e-02
2.571447369786425755e-02
2.527110279289914233e-02
2.477431113636843416e-02
2.423360477010708808e-02
2.365855043149076714e-02
2.305856536042677832e-02
2.244273392535707165e-02
2.181965241182261955e-02
2.119730232267268144e-02
2.059014082458689165e-02
1.999677552357251309e-02
1.942161441472457090e-02
1.886964897063633101e-02
1.834501925884387055e-02
1.785102416386760010e-02
1.739014746764100394e-02
1.696409717366188438e-02
1.668237213822818671e-02
1.657344124480413308e-02
1.645806518728713114e-02
1.633650222340915503e-02
1.620903749989826420e-02
1.607597845892509009e-02
1.593765057766998935e-02
1.579439343578524849e-02
1.564655710335728644e-02
1.549449884017764165e-02
1.533858009532988557e-02
1.517916379532617890e-02
1.501661190754940978e-02
1.485128326549836966e-02
1.468353164168825428e-02
1.451563452487590958e-02
1.434728748471924067e-02
1.418420588952714993e-02
1.415940559059135177e-02
1.413309922578767121e-02
1.410374418164766705e-02
1.406999252742668557e-02
1.403068957728112291e-02
1.398486984640216237e-02
1.393175078585957502e-02
1.387397120821307582e-02
1.380846139166042909e-02
1.373440757666671494e-02
1.375232161323852210e-02
1.378714111507254106e-02
1.379230464373179185e-02
1.376805889409959439e-02
1.371503950474630210e-02
1.363740413263234662e-02
1.354044316542473043e-02
1.341816803074735893e-02
1.327228991726769371e-02
1.310469997527260837e-02
1.291742524525743736e-02
1.271258642218177706e-02
1.249235811085026328e-02
1.226012878320987404e-02
1.202272806376787802e-02
1.177583543218743006e-02
1.152151360239995689e-02
1.126173725014121586e-02
1.100911658396413681e-02
1.083178609905257467e-02
1.065499239292178567e-02
1.047919607839181873e-02
1.030482409118050127e-02
1.013226869090542992e-02
9.961886908843168784e-03
9.794000398714258412e-03
9.628895647003409344e-03
9.467552238066032771e-03
9.309342678200684812e-03
9.154450057195010620e-03
9.003037536846876174e-03
8.855237996642985332e-03
8.711155521004113056e-03
8.570866999782152801e-03
8.434423814338705763e-03
8.301853583760388650e-03
8.173161948711536381e-03
8.048334371606404372e-03
7.927337935367550353e-03
7.810123123899190799e-03
7.696625570696314332e-03
7.586767762869954176e-03
7.480460690262067530e-03
7.377605431280678458e-03
7.278094667741655949e-03
7.181814123697013476e-03
7.088701820571234428e-03
6.998855388736503064e-03
6.911864339786332086e-03
6.847927395235009831e-03
6.789636329519246893e-03
6.732708472925932365e-03
6.677097128891262140e-03
6.622756539505808560e-03
6.569641920528407168e-03
6.517709491333171200e-03
6.466916499992690984e-03
6.417221243732298096e-03
6.368583085338102613e-03
6.320962465442913659e-03
6.274320911355760720e-03
6.228621042442679737e-03
6.183826572399282392e-03
6.139902308667823973e-03
6.096814149298201285e-03
6.054529077270734416e-03
6.013015152736859645e-03
5.972241503283820530e-03
5.932178312207212097e-03
5.892796805394394030e-03
5.854069236625441403e-03
5.815968871467413343e-03
5.778469970216629746e-03
5.741547769688338729e-03
5.705178464111221662e-03
5.669339185277334943e-03
5.634007982030521909e-03
5.599163799236316769e-03
5.564786456179938827e-03
5.530856624743392229e-03
5.497355807126772312e-03
5.464266313572424712e-03
5.431571239812264286e-03
5.399254444393672067e-03
5.367300526170700956e-03
5.335694801751617554e-03
5.304423282999835322e-03
5.273472654725806091e-03
5.242830252605621723e-03
5.212484041282243984e-03
5.182422592662390415e-03
5.152635064646441006e-03
5.123111180007135571e-03
5.093841205823539629e-03
5.064815932982265519e-03
5.036026656389214554e-03
5.007465155307999106e-03
4.979123674290498666e-03
4.950994904381155262e-03
4.923071964911976926e-03
4.895348385602606156e-03
4.867818089204363832e-03
4.840475374473708452e-03
4.813314899808946931e-03
4.786331667057310869e-03
4.759521006066041830e-03
4.732878559496190088e-03
4.706400268106601496e-03
4.680082356639128291e-03
4.653921319950933902e-03
4.627913909740083605e-03
4.602057121596920576e-03
4.576348182650549247e-03
4.550784539393475624e-03
4.525363846184843677e-03
4.500083953999822056e-03
4.474942899651089719e-03
4.449938895386380128e-03
4.425070318858308378e-03
4.400335703600268336e-03
4.375733729617509345e-03
4.351263214623103323e-03
4.326923105484445711e-03
4.302712469997708490e-03
4.278630489096005296e-03
4.254676449278175197e-03
4.230849735448303020e-03
4.207149824020473688e-03
4.183576276319891062e-03
4.160128732325915103e-03
4.136806904643332283e-03
4.113610572729834228e-03
4.090539577525696344e-03
4.067593816159246513e-03
4.044773237069069008e-03
4.022077835198355558e-03
3.999507647580191096e-03
3.977062749073240894e-03
3.954743248306133614e-03
3.932549283858582066e-03
3.910481020615212168e-03
3.888538646413379832e-03
3.866722368638424428e-03
3.845032411362694739e-03
3.823469012266308975e-03
3.802032420052347834e-03
3.780722891824236237e-03
3.759540690670676050e-03
3.738486083430768436e-03
3.717559338539951335e-03
3.696760724098243495e-03
3.676090505956896952e-03
3.655548946046451031e-03
3.635136300706491141e-03
3.614852819248371395e-03
3.594698742503256699e-03
3.574674301620564803e-03
3.554779716803790034e-03
3.535015196256651414e-03
3.515380935218832305e-03
3.495877114989976841e-03
3.476503902105357573e-03
3.457261447651071695e-03
3.438149886509065962e-03
3.419169336771990184e-03
3.400319899239623040e-03
3.381601656863145611e-03
3.363014674438580178e-03
3.344558998075635673e-03
3.326234655125715357e-03
3.308041653686523160e-03
3.289979982582886316e-03
3.272049611072554067e-03
3.254250488805139792e-03
3.236582545712829093e-03
3.219045691986956691e-03
3.201639818055272441e-03
3.184364794611357907e-03
3.167220472700705072e-03
3.150206683739120023e-03
3.133323239755405991e-03
3.116569933412212997e-03
3.099946538220522095e-03
3.083452808728532040e-03
3.067088480749727286e-03
3.050853271554384086e-03
3.034746880115852218e-03
