1.029449599856961384e-01
1.029007754286371257e-01
1.026605595259104109e-01
1.040930985031680439e-01
1.050682351696655276e-01
1.062957835433598758e-01
1.086373137502970321e-01
1.119090457725616938e-01
1.145128711656231285e-01
1.181993028511764132e-01
1.295475668830763649e-01
1.587800318713757652e-01
1.549295042847022574e-01
1.326353269570147431e-01
1.679938121544806706e-01
1.987901749790464967e-01
2.564939985972898295e-01
2.496913724089712405e-01
2.173028500669560992e-01
2.170071644716136117e-01
2.854567292975150883e-01
2.077830091200702778e-01
2.187851141701269153e-01
3.017382922573048631e-01
2.817786657209612189e-01
3.191504314626856798e-01
3.259168672692059898e-01
3.845556255582329719e-01
4.050050978227571208e-01
3.861054645221557724e-01
4.413053098987322898e-01
3.861240773767755652e-01
3.092224004430849105e-01
3.095538611245464145e-01
2.578114232945649120e-01
2.710644365006953382e-01
2.430228650684062019e-01
2.369906119551713763e-01
2.011432235292592574e-01
1.859276064003235751e-01
1.800983411741615969e-01
1.632419865122366753e-01
1.614697603736315601e-01
1.820732544282095688e-01
2.076307848429241598e-01
2.131732534787100786e-01
2.023472386646664178e-01
1.957230892523965926e-01
1.824115946896180396e-01
1.950233746443700567e-01
1.959512981146083466e-01
1.885574755958776827e-01
1.984481895910972238e-01
1.912810590971383562e-01
2.013408949357636812e-01
2.224569022862623868e-01
2.168436346104644918e-01
2.379047727094376619e-01
2.616597423584655635e-01
2.730976090824443481e-01
2.649176360294610011e-01
2.525506371539689709e-01
2.375740005902224894e-01
2.615068900036349175e-01
2.886537692962367063e-01
2.862240751436537223e-01
2.753803252585407813e-01
2.590186746492697534e-01
2.500182482927662542e-01
2.694713887550363451e-01
3.012888509497122502e-01
3.097538856850953204e-01
2.856720154519493127e-01
2.781983759236980047e-01
3.111936886359814580e-01
3.662866769285245128e-01
4.189370529438934398e-01
4.166139107016296195e-01
4.326561617243537827e-01
4.499101944804254627e-01
4.478206450079785239e-01
4.350293545105693438e-01
4.223008359205437379e-01
4.180269928975388627e-01
4.262397972319071360e-01
4.433029050137866078e-01
4.621186306293054158e-01
4.774295681095006572e-01
4.892499909314577122e-01
5.376953270553361808e-01
5.646481167771785215e-01
5.719119162939192424e-01
5.645935623983264762e-01
5.568279934286020083e-01
5.452138042494777403e-01
5.257616349660121369e-01
4.962664151398779033e-01
4.554795665411570105e-01
4.024220710722969385e-01
3.410297229994262991e-01
3.435795395824657872e-01
3.479505157964677964e-01
3.478659908367963682e-01
3.418575214181339694e-01
3.302595436678186225e-01
3.136863208421297733e-01
2.929871993323991952e-01
2.983550195091881907e-01
2.866021389202704772e-01
2.726696742451980571e-01
2.750892654150682848e-01
2.704767102186742544e-01
2.582710260037023864e-01
2.432638561121157339e-01
2.328728508221535598e-01
2.205569181875507712e-01
2.078973691015537917e-01
1.955332307151629034e-01
1.866123658692961651e-01
1.884493397399651660e-01
1.970775658791631690e-01
2.076765437135671133e-01
2.112912140088757940e-01
2.076757170587379131e-01
2.016020358292770209e-01
1.906783856107077124e-01
1.764901789729047266e-01
1.613753023629448391e-01
1.473435544716171774e-01
1.362099322644259869e-01
1.287205092755502323e-01
1.238272933755649036e-01
1.207725382189849123e-01
1.193461381051143660e-01
1.185290776261160306e-01
1.179317070428611280e-01
1.178401462666724825e-01
1.187885184397835803e-01
1.194149491448830286e-01
1.192812655274609751e-01
1.178790343483328146e-01
1.152194301856282049e-01
1.140180164449681871e-01
1.106584264882272822e-01
1.048501561962151413e-01
9.909099723755326883e-02
9.589134059592145654e-02
9.324382945076234441e-02
8.915037391714206172e-02
8.591931141578650066e-02
8.350395244107407244e-02
7.982012734774868168e-02
7.712552974095508718e-02
7.511776084433811895e-02
7.266449507024665133e-02
6.984468790841399932e-02
6.678479572100644301e-02
6.485729722315720924e-02
6.335429843909896885e-02
6.181971647545015519e-02
6.021103356519350719e-02
5.855899483370579500e-02
5.693237503475307576e-02
5.531291929123076379e-02
5.371436383043880908e-02
5.215357324712192877e-02
5.064744771890720282e-02
4.922088337961701837e-02
4.785815275732862445e-02
4.656410771579583274e-02
4.534120245832978791e-02
4.418985508024082104e-02
4.310880920194365418e-02
4.209548453137379465e-02
4.114630749206763666e-02
4.025701513089730704e-02
3.942292739446927319e-02
3.863918454016775778e-02
3.790094793890375069e-02
3.720356383213457852e-02
3.654269073198972151e-02
3.591439210452661290e-02
3.531555136869625466e-02
3.474637188816188937e-02
3.420076129435360018e-02
3.367672797775078664e-02
3.317272733084361547e-02
3.268761586091344096e-02
3.222059428226665273e-02
3.177114324545404073e-02
3.133895510233167953e-02
3.092386478219636900e-02
3.052578247890274168e-02
3.014463044273283515e-02
2.978028574652129626e-02
2.943253047060079633e-02
2.910101033562560030e-02
2.878520241974383276e-02
2.848439223344162788e-02
2.819766009967536111e-02
2.792387650360599397e-02
2.766170583670067226e-02
2.740961776738666186e-02
2.716590532252808124e-02
2.692870866027533006e-02
2.669910439810229547e-02
2.647547435231786817e-02
2.625250270811427603e-02
2.602802494429139191e-02
2.579988219464408178e-02
2.556595687383654211e-02
2.532420705525499291e-02
2.507269886626807553e-02
2.480963627640361824e-02
2.453773917106729166e-02
2.425653552628625684e-02
2.395950612723297610e-02
2.364558060786706509e-02
2.331392038697531824e-02
2.296392685738598768e-02
2.259697616438580831e-02
2.221939525982785657e-02
2.182284318736486123e-02
2.140763083992144530e-02
2.097429707841294219e-02
2.052359709219035711e-02
2.006019638033542524e-02
1.958592989162808232e-02
1.950553515705808622e-02
1.999631837915856122e-02
2.046902128339954038e-02
2.091059038265465075e-02
2.131828256123122906e-02
2.167934393087272982e-02
2.198045280973954033e-02
2.222694156388837008e-02
2.239671562527836141e-02
2.250326465444253687e-02
2.252466066256345045e-02
2.247592316417275013e-02
2.234051169129258954e-02
2.213156017155766542e-02
2.183977462931793040e-02
2.147565195859691897e-02
2.103630116922985266e-02
2.053086760040345043e-02
1.996018202142510814e-02
1.933444208745322204e-02
1.865456397045208228e-02
1.793467550857220580e-02
1.801340504889377067e-02
1.828741278184811692e-02
1.845279440977069113e-02
1.850952631621431005e-02
1.846258231541737793e-02
1.831892995817852379e-02
1.809479740056892799e-02
1.779889762643181716e-02
1.744788702172153996e-02
1.704676484738799555e-02
1.659770101978859727e-02
1.614851110391217828e-02
1.591125186831729085e-02
1.563813408486355166e-02
1.534181276039521362e-02
1.501721172295202369e-02
1.467024277919186208e-02
1.431437779829736016e-02
1.394526257861568135e-02
1.356795009357711183e-02
1.318723359449885252e-02
1.298221654144417030e-02
1.285725376525000130e-02
1.270495644347184941e-02
1.253503668798430781e-02
1.235606952635629439e-02
1.216912069976587400e-02
1.198019319302872851e-02
1.179730139063129603e-02
1.162394726486135760e-02
1.146145567590677213e-02
1.131282708803269324e-02
1.118026442975273392e-02
1.106519797049538081e-02
1.096832515974352149e-02
1.088966303777266081e-02
1.082861079587183785e-02
1.078612838808908417e-02
1.075859129272157058e-02
1.074401565527220714e-02
1.074012734357871271e-02
1.074440860536983802e-02
1.075417550054007243e-02
1.076665194036146266e-02
1.077903912854357923e-02
1.078879894501871828e-02
1.079711832617241164e-02
1.079767950271426011e-02
1.078814246870985795e-02
1.076638989884529107e-02
1.073055680175716807e-02
1.068305816717685097e-02
1.062014974459358357e-02
1.053932231156488701e-02
1.043983213861481366e-02
1.032298216746896022e-02
1.019084596624480511e-02
1.003945451473263646e-02
9.912883692251872950e-03
9.924098791304911474e-03
9.923356090600238613e-03
9.913984833262400737e-03
9.891850656901821776e-03
9.860250447938655877e-03
9.816510050800428613e-03
9.764105836621291695e-03
9.700759247728625578e-03
9.627538581449112537e-03
9.545976952183034964e-03
9.454759020731159924e-03
9.354651384139539907e-03
9.247048875088727943e-03
9.130213202712298207e-03
9.007143487950654281e-03
8.875463439681187394e-03
8.738532552817555865e-03
8.593909603512667195e-03
8.444857347179755488e-03
8.290206716126180542e-03
8.130057499455500825e-03
7.967593446120399547e-03
7.801325310010127391e-03
7.631726301051577031e-03
7.459556310722308126e-03
7.287518032214183351e-03
7.114197461867292731e-03
7.020483174428989587e-03
6.960814404746168936e-03
6.900448193293379565e-03
6.839497153477962048e-03
6.778069301768475940e-03
6.716268015902102616e-03
6.654192012978552874e-03
6.591935345969203094e-03
6.529587417145206289e-03
6.467233007129814283e-03
6.404952317946005676e-03
6.342821029269618202e-03
6.280910365832080566e-03
6.219287175743988365e-03
6.158014017746555810e-03
6.097149256852766978e-03
6.036747167239752722e-03
5.976858041222258069e-03
5.917528303714606440e-03
5.858800631093070976e-03
5.800714073786621995e-03
5.743304181827248861e-03
5.686603132628123905e-03
5.630639860393137595e-03
5.575510199446872747e-03
5.521154683410432751e-03
5.467587898773918452e-03
5.414828110310203682e-03
5.362890967663633615e-03
5.311789632375806154e-03
5.261534903590373534e-03
5.212135341802328313e-03
5.163597390682731630e-03
5.126408851840741875e-03
5.106839237838473912e-03
5.087110542785210597e-03
5.067241433280368287e-03
5.047249868124509091e-03
5.027153109491627053e-03
5.006967734647119368e-03
4.986709648361198691e-03
4.966394095713078799e-03
4.946035675413086238e-03
4.925648353480801406e-03
4.905245477170761155e-03
4.884839789351372655e-03
4.864443442884352868e-03
4.844068015346517445e-03
4.823724523820236039e-03
4.803423439736529549e-03
4.783174703850145114e-03
4.762987741169170085e-03
4.742871475923493389e-03
4.722834346394267843e-03
4.702884319819375034e-03
4.683028907068081774e-03
4.663275177264350480e-03
4.643629772219426237e-03
4.624098920770678550e-03
4.604688452882762552e-03
4.585403813558137573e-03
4.566250076591653155e-03
4.547231958021991267e-03
4.528353829417353094e-03
