1.145885149243714984e-01
1.143956890652194081e-01
1.163299204610717535e-01
1.148880222582805977e-01
1.148937863555059558e-01
1.164774258054005474e-01
1.303085675527430598e-01
1.634792866212917417e-01
2.219831371371364659e-01
1.825896844504564798e-01
1.970786573425952759e-01
2.714220075876593863e-01
2.494367949876590829e-01
2.285954728827699900e-01
2.243870511295752712e-01
2.989106973701296521e-01
3.293765905141358696e-01
3.988738107018483525e-01
3.294166650463306034e-01
4.619406417724915559e-01
4.880022761322070912e-01
4.361420004150404761e-01
5.018644229124938905e-01
4.998883210992016712e-01
3.155793707174553986e-01
2.883527658150428774e-01
2.831805459761683186e-01
2.688016584732826897e-01
2.787963625741936013e-01
2.567921795979236088e-01
2.754957098682284111e-01
2.494151636016692930e-01
2.851226244626661188e-01
2.932505061953916137e-01
2.808606869350289692e-01
2.729690480005563247e-01
2.983564274183282405e-01
3.186443517822938887e-01
3.368399416342154895e-01
3.559589092009074474e-01
3.811845417247893830e-01
3.734809749760278352e-01
3.857547042720592678e-01
4.044655027249858259e-01
4.169013524098970636e-01
5.022794157154497618e-01
4.824563734122991332e-01
3.759653595890882216e-01
4.146650976413038259e-01
4.753492228563824806e-01
4.628924467238841323e-01
5.440962205025113851e-01
5.427328331944182294e-01
5.818625465998146229e-01
6.452219221827630857e-01
6.533230741740201353e-01
6.471529408683586171e-01
6.665246768958490442e-01
6.244571827781892903e-01
6.866562780781415576e-01
7.588527133144149506e-01
7.875872174877089904e-01
7.924284109871901904e-01
8.736957560887967933e-01
7.564763472662867638e-01
7.151937357229848358e-01
7.370630669938650348e-01
8.251688009200937035e-01
7.659395817518492855e-01
7.365139124065099852e-01
6.731455848562221123e-01
5.996247251119560806e-01
5.415538951797926881e-01
5.044542863698233681e-01
4.767470062987675949e-01
4.572136014745078469e-01
4.368239780748626733e-01
4.443058591476896080e-01
4.337457601078753000e-01
3.840924195602086755e-01
3.310187533940796567e-01
3.067050167278058126e-01
3.078633682065226029e-01
3.047842878736885530e-01
2.794472605518137920e-01
2.367029369524451254e-01
1.986801373414936456e-01
1.975932553655551094e-01
2.047381625083959655e-01
2.246998329688073559e-01
2.306845619717784457e-01
2.315290601224935518e-01
2.180293817876381157e-01
1.902995153338605250e-01
1.608976082093270810e-01
1.430782429923063981e-01
1.381046435369440439e-01
1.428776254982665195e-01
1.486280530444190617e-01
1.479622059874227680e-01
1.520867060890598588e-01
1.486989927368989883e-01
1.391885929996003746e-01
1.272968357789514282e-01
1.172969358646213933e-01
1.117539803375451751e-01
1.103270289237166663e-01
1.108639529135638929e-01
1.103989908386088653e-01
1.070881002890659572e-01
1.070762191293540277e-01
1.052972432550667581e-01
1.009256182874744973e-01
9.776260497472129274e-02
9.639797082748113866e-02
9.356678409278812447e-02
9.005198268169486986e-02
8.626754635740795096e-02
8.275779401061508778e-02
7.993823121470061688e-02
7.784950104510025837e-02
7.646008119999121722e-02
7.558651847826841630e-02
7.497609869435320484e-02
7.439651888568990512e-02
7.341021124717328483e-02
7.193304476004543091e-02
6.964381332509460287e-02
6.787268664241120908e-02
6.958660454307037668e-02
7.068148391672628150e-02
7.097987859952058221e-02
7.040713629446627986e-02
6.896211484843779715e-02
6.679195807485115155e-02
6.394636402627495997e-02
6.056656886172321480e-02
5.694161549181653292e-02
5.315290271533094218e-02
4.965503635580835462e-02
4.957065356522800254e-02
4.893421982896938027e-02
4.790999059386724657e-02
4.665959596972295287e-02
4.530318774305171908e-02
4.390780857564351852e-02
4.249524775251332931e-02
4.100803631786513470e-02
3.938243533584636497e-02
3.782315573473872539e-02
3.809676951128828509e-02
3.826913227910733184e-02
3.832604979422402081e-02
3.822358257842492502e-02
3.987625120953575825e-02
4.122919351760413742e-02
4.227225098729772007e-02
4.291002861797912904e-02
4.315118983320381796e-02
4.294908334038487902e-02
4.235926290090898799e-02
4.136360626867990192e-02
4.004796764625909861e-02
3.844245342590488917e-02
3.659839436454991740e-02
3.464003196871537349e-02
3.257924292298500918e-02
3.048988975767475199e-02
2.924285595379813585e-02
2.896065137613931459e-02
2.863254219131408998e-02
2.835182537656794066e-02
2.792615355767157082e-02
2.740710105674717262e-02
2.684382060071431250e-02
2.624135800399600774e-02
2.562707703604111958e-02
2.502218944540941098e-02
2.444172313245498648e-02
2.389487069348975729e-02
2.338751571688853573e-02
2.292664155995700892e-02
2.249828000198800249e-02
2.209664900154600584e-02
2.171439483250345651e-02
2.134347121894390395e-02
2.097590464806647903e-02
2.060442081798617361e-02
2.022291993760600912e-02
1.982679962236172030e-02
1.942132512358847943e-02
1.923468149490782653e-02
1.906128944638747769e-02
1.889698028823845813e-02
1.873785600794190820e-02
1.858036549069886842e-02
1.842135961234041622e-02
1.825812685258750706e-02
1.808841140744721007e-02
1.791041598700818943e-02
1.772279158623585316e-02
1.752461652837132566e-02
1.731536701803810391e-02
1.709488132217520245e-02
1.686331953341545231e-02
1.662112067805401536e-02
1.636895871846666406e-02
1.610769878043099776e-02
1.583835471403055584e-02
1.556220283937230671e-02
1.528485864464237259e-02
1.500258884417815693e-02
1.471662415364299523e-02
1.442818190511030267e-02
1.413844330223834947e-02
1.384853458488799482e-02
1.355951197858761871e-02
1.327235022930366853e-02
1.298793446844493521e-02
1.270705511052152951e-02
1.243040546016259754e-02
1.215858169018226020e-02
1.189208484829405200e-02
1.183605687089201407e-02
1.186535725198912573e-02
1.188870664542516359e-02
1.190493638480101361e-02
1.191309866356676447e-02
1.191244948286847467e-02
1.190242983259582991e-02
1.188264597400896273e-02
1.185284957138782111e-02
1.181291829466876719e-02
1.176283739039831258e-02
1.170268259816260349e-02
1.163260467819106879e-02
1.155281571426257543e-02
1.146357726669640364e-02
1.136519037408086075e-02
1.125798733863761156e-02
1.114232518049415414e-02
1.101948058600210958e-02
1.089146595776036876e-02
1.075603437747419018e-02
1.061359235090512942e-02
1.046455845610968702e-02
1.030936292653041736e-02
1.014844761787380041e-02
9.982266193849731462e-03
9.811284385505393210e-03
9.635980198599283439e-03
9.456843966475119920e-03
9.274378166973335988e-03
9.089096943729784925e-03
8.901525292190378205e-03
8.712197889807014178e-03
8.521657566800223266e-03
8.330453428277350900e-03
8.139138652118658307e-03
7.989675520025113151e-03
7.930555169972019688e-03
7.870596713964525190e-03
7.809770898409082104e-03
7.748052790132744019e-03
7.685422107114473454e-03
7.621863476168753287e-03
7.557366621737280840e-03
7.491926489288976837e-03
7.425543307941536580e-03
7.358222596703580844e-03
7.289975118977413612e-03
7.220816790038906384e-03
7.172567931079266990e-03
7.121470044884867928e-03
7.064146789883062917e-03
7.000775178145440987e-03
6.931561580895675458e-03
6.856739802646698821e-03
6.776568986505092200e-03
6.691331378087317545e-03
6.601329974697381364e-03
6.506886088090995356e-03
6.415131896850181058e-03
6.338788274663990918e-03
6.262065945457683316e-03
6.185027408019045693e-03
6.107736272714252984e-03
6.030256956693815645e-03
5.952654388575572691e-03
5.874993723861583750e-03
5.797340072327766825e-03
5.742873132738073906e-03
5.736422901654596174e-03
5.724186111431536772e-03
5.706266512423903425e-03
5.682795457676087167e-03
5.653929848892035905e-03
5.619850007794139485e-03
5.587368450799432180e-03
5.600924334207553305e-03
5.614003371139176038e-03
5.626514469419951689e-03
5.638372335324443561e-03
5.649497511730277796e-03
5.659816389437960851e-03
5.669261192758222670e-03
5.677769941240549956e-03
5.685286389014443387e-03
5.691759943680260031e-03
5.697145565813585902e-03
5.701403651711383497e-03
5.704499900030520626e-03
5.706405164616411112e-03
5.707095294806030852e-03
5.706550964864079596e-03
5.704757494085253150e-03
5.701704658666623994e-03
5.697386497346884626e-03
5.691801111450752078e-03
5.684950461121204834e-03
5.676840158479061309e-03
5.667479259226748146e-03
5.656880053384186376e-03
5.645057856330461601e-03
5.632030800885532047e-03
5.617819631432987952e-03
5.602447500651881913e-03
5.585939769570699535e-03
5.568323811779774500e-03
5.549628821832594192e-03
5.529885629066193242e-03
5.509126516518672058e-03
5.487385045726598728e-03
5.464695887782697499e-03
5.441094660588284213e-03
5.416617772799104530e-03
5.391302274451948741e-03
5.365185714604243580e-03
5.338306005780116964e-03
5.310701295592253068e-03
5.282409845283539407e-03
5.253469915318255412e-03
5.223919658017642589e-03
5.193797016998531052e-03
5.163139633443961096e-03
5.131984759119293492e-03
5.100369175849201950e-03
5.068329121487741631e-03
5.035900222041769791e-03
5.003117429917227320e-03
4.970014967976235654e-03
4.936626279254946806e-03
4.902983982185925120e-03
4.869119831027906957e-03
4.835064681299263561e-03
4.800848460037145451e-03
4.766500140649485018e-03
4.732047722096227940e-03
4.697518212175099891e-03
4.662937614795172048e-03
4.628330920801757703e-03
4.593722102478738772e-03
4.559134111036841457e-03
4.524588877369380667e-03
4.490107315503836724e-03
4.455709328769452172e-03
4.421413818353028477e-03
4.387238694115375322e-03
4.353200887446359232e-03
4.319316366088177261e-03
4.285600150553472987e-03
4.252066332148801177e-03
4.218728092435983061e-03
4.185597723854383653e-03
4.152686651431739331e-03
4.120005455576183050e-03
4.087563895521261967e-03
4.055370933558564636e-03
4.023434759954333181e-03
3.991762818062531172e-03
3.960361830163385000e-03
3.929237823244723614e-03
3.898396155197695993e-03
3.867841540989978844e-03
3.837578078856894882e-03
3.807609276503113802e-03
3.777938077044649956e-03
3.748566884936597142e-03
3.719497591484682841e-03
3.690731600142787075e-03
3.662269851406136246e-03
3.634112847391217198e-03
3.606260675861120996e-03
3.578713033867168478e-03
3.551469250866115882e-03
3.524528311276457597e-03
3.497888876463745543e-03
3.471549306262703121e-03
3.445507679766151785e-03
3.419761815522257258e-03
