1.734653586993530894e-01
1.736816601492371381e-01
1.743625471948300754e-01
1.762454040384890674e-01
1.762981478155575543e-01
1.786198670488160223e-01
1.770835893072759404e-01
1.868208927336392489e-01
1.981150556586226408e-01
2.344504347712420556e-01
2.267158885466453999e-01
2.851084578428966787e-01
2.654910484523145264e-01
2.462229285282037938e-01
3.139794594582091536e-01
3.687857435100058701e-01
4.024091642133716396e-01
4.467404398828996315e-01
4.237447662998113929e-01
3.901561118116138593e-01
3.332089618622772753e-01
3.716162062427442181e-01
3.471160322878450999e-01
3.516577930493898219e-01
4.234697696326163996e-01
4.313319787763782998e-01
4.447986435548229589e-01
4.578722770423914734e-01
5.190735280349655367e-01
5.441945014590759966e-01
5.693359467544154562e-01
6.358754121941030402e-01
6.819241430025496653e-01
6.846946128428430534e-01
5.433996062413745110e-01
6.164462253517742907e-01
8.022367907046125124e-01
8.061301092961657977e-01
8.048632317531007052e-01
7.956992913655325239e-01
8.142280653124359668e-01
7.962230663179274970e-01
8.077877589381962098e-01
8.829203090458028758e-01
9.360331200914591143e-01
1.059644553769604203e+00
9.446064472357056374e-01
1.038592891035663435e+00
1.172638301463016841e+00
1.301467656274868157e+00
1.544534535105183570e+00
1.346622862147438093e+00
1.029429995318747348e+00
1.070799091037206496e+00
1.087898736580906522e+00
8.969173781433508186e-01
7.620377201717284388e-01
6.987616637382377816e-01
6.359654471092986983e-01
5.478921283178807000e-01
5.323503298431477848e-01
5.821456765904480246e-01
6.301656096265765283e-01
6.272831959725783113e-01
5.689292028401968793e-01
5.133765109972429075e-01
4.886248079595736371e-01
4.856783309115757508e-01
4.749993722367369942e-01
4.647696798058053025e-01
4.471712100766079834e-01
4.379007811224469582e-01
4.009908195157795840e-01
3.566557302167099319e-01
3.294585973845399751e-01
3.274792997021546692e-01
3.100476532636563531e-01
2.881935805519700300e-01
2.865019341123530849e-01
2.794132978896181063e-01
2.487180222453969358e-01
2.300306063600696949e-01
2.247873910538931708e-01
2.061380140608573552e-01
2.096833053677231162e-01
2.030475354919202002e-01
2.029946759170832282e-01
1.919469712642951353e-01
1.861027282284905826e-01
1.790279744903104375e-01
1.682710449991182133e-01
1.578345316938398191e-01
1.542275734400996023e-01
1.508926208580639028e-01
1.404202934657335644e-01
1.344052708480210356e-01
1.309768227517326689e-01
1.252791960141736716e-01
1.175245663581383770e-01
1.105895289589983177e-01
1.052816741455488009e-01
1.009074331532465313e-01
9.875700850055307844e-02
9.921064991024949875e-02
9.829572630633817698e-02
9.616607600477533602e-02
9.322255097957833636e-02
8.998159479387941861e-02
8.690179813576189016e-02
8.420007994526750028e-02
8.190549635846695875e-02
7.990635417333891155e-02
7.822522112166330199e-02
7.689153782105156987e-02
7.584039903622226408e-02
7.483323572833111559e-02
7.363873678553201074e-02
7.168613414788953253e-02
6.859116342938101352e-02
6.443094924874534501e-02
5.925964739022954869e-02
5.936602172153354617e-02
5.880289099208652059e-02
5.726650612625212161e-02
5.507373791437013277e-02
5.277522331882126411e-02
5.091477881529901661e-02
4.983147079451860639e-02
4.958416232423193404e-02
4.997410027940973193e-02
5.052184539248100181e-02
5.067667804462813730e-02
4.999139497513209462e-02
4.819858675027268585e-02
4.760065700242299691e-02
4.732830201334000536e-02
4.633663431893052936e-02
4.468359490774124337e-02
4.261365192691853737e-02
4.230929906878819896e-02
4.270689500575119285e-02
4.191385711320011476e-02
4.004576840691848050e-02
3.993935145194189851e-02
3.930701911384090058e-02
3.833795333317943643e-02
3.717161200541019284e-02
3.589359947625465896e-02
3.482363259499546976e-02
3.467471766281964712e-02
3.441842454588196765e-02
3.407212812735200408e-02
3.367221789196720577e-02
3.321716833080003844e-02
3.267361184588322282e-02
3.201081945333336676e-02
3.119867682049266844e-02
3.015145497611600167e-02
2.884628742072270144e-02
2.759706705520242886e-02
2.678615601433312343e-02
2.648112514781670104e-02
2.701919725130033298e-02
2.762464112018553006e-02
2.791035204981787490e-02
2.786613924522138991e-02
2.754726285011022124e-02
2.695555691474793222e-02
2.612123804006497019e-02
2.510399663395538467e-02
2.397045532304206000e-02
2.278877940895035134e-02
2.162375148638595937e-02
2.053266027721603951e-02
1.956222553102636777e-02
1.874665628092863148e-02
1.810682964925855801e-02
1.765048880923388019e-02
1.737329512392685876e-02
1.726053133910540952e-02
1.728923808415363042e-02
1.743057126471287549e-02
1.765218870763224021e-02
1.792050581449917968e-02
1.820269733129861733e-02
1.846836151703222517e-02
1.869080061549101973e-02
1.884790508373008697e-02
1.892265686409374051e-02
1.890328825510687039e-02
1.879788432483569735e-02
1.859727797640729763e-02
1.829591621353342246e-02
1.789906417005382097e-02
1.741492033424690139e-02
1.685390451428995032e-02
1.675095051720335362e-02
1.710859297540359703e-02
1.738918860884463430e-02
1.758818530499804689e-02
1.770367290694253165e-02
1.774081620405445342e-02
1.771298205570903672e-02
1.760814038262959250e-02
1.743143896939529716e-02
1.718907825785382162e-02
1.688801238047246342e-02
1.653568015251777323e-02
1.613976896491867152e-02
1.571219186795710931e-02
1.526451909994462099e-02
1.479432910773924997e-02
1.430861238551804637e-02
1.381391934589385265e-02
1.331628923540632489e-02
1.282119754763560125e-02
1.233351946806879144e-02
1.185750726394360459e-02
1.139677991150653096e-02
1.108328938759460883e-02
1.117675814968665041e-02
1.124035741791980063e-02
1.127617196265052329e-02
1.128653092800045200e-02
1.127394221754798691e-02
1.124102871328984225e-02
1.119046706697605920e-02
1.112910078773040809e-02
1.105647188402901146e-02
1.097358224313603643e-02
1.088279730229147445e-02
1.078630334574567570e-02
1.068607552535345319e-02
1.058385268625154640e-02
1.048111916806276564e-02
1.037909358587630997e-02
1.027872443315415614e-02
1.018069219264914130e-02
1.008541750039096407e-02
9.993074785075098040e-03
9.903610705221428320e-03
9.816766629921572576e-03
9.732104358957095053e-03
9.649034252849100074e-03
9.566844942340739857e-03
9.484733809179485969e-03
9.401837470734532645e-03
9.317261560802226131e-03
9.230109170339523966e-03
9.139507395661296968e-03
9.044631530831471686e-03
8.944726535303143891e-03
8.839125502089350758e-03
8.727264944864154134e-03
8.608696810653172077e-03
8.483097207623021413e-03
8.350271912348607509e-03
8.210158786281708532e-03
8.062827289218310600e-03
7.908475322519308015e-03
7.747423672293026614e-03
7.580108349571775504e-03
7.407071141537437467e-03
7.237314939057982316e-03
7.236971494078521180e-03
7.236317942264088726e-03
7.235022947381268728e-03
7.232776674177598952e-03
7.229291955389875388e-03
7.224305172968085477e-03
7.217576867237190767e-03
7.208892089768944612e-03
7.198060517435544980e-03
7.234276229606484421e-03
7.271762569282544907e-03
7.300940798098785531e-03
7.321491481273719945e-03
7.333175303521550711e-03
7.335832276459335922e-03
7.329379997213570849e-03
7.313811059675857061e-03
7.289189723204899350e-03
7.255647945485740533e-03
7.213380885504602075e-03
7.162641980409577280e-03
7.103737696226308969e-03
7.037022048011209140e-03
6.962890978369514101e-03
6.881776676952623337e-03
6.794141916467863473e-03
6.700474472652080335e-03
6.601281688173275819e-03
6.497085232566225492e-03
6.476473448435313141e-03
6.485029378762098735e-03
6.485843007905324649e-03
6.479023747320666708e-03
6.464726121699777492e-03
6.443145696839954611e-03
6.414514936433466860e-03
6.379099039680085660e-03
6.337191806911945079e-03
6.289111574484126076e-03
6.235197255972621186e-03
6.175804520842993750e-03
6.111302137530640402e-03
6.042068502416499294e-03
5.968488372548693376e-03
5.890949815171029127e-03
5.809841383298332794e-03
5.725549523569365730e-03
5.638456218243927294e-03
5.548936861998175069e-03
5.457358369832093596e-03
5.364077511769257262e-03
5.269439466668461580e-03
5.173776587503849979e-03
5.077407367541128536e-03
4.981053855870679059e-03
4.884820767251073226e-03
4.788654491956019152e-03
4.762793395151200364e-03
4.779667661937319657e-03
4.792076024494253128e-03
4.800088524749717735e-03
4.803792749200040853e-03
4.803292008811312595e-03
4.800023216691999030e-03
4.792785183473878378e-03
4.781709918374929362e-03
4.766942692811513595e-03
4.748636748514911167e-03
4.726951902716202206e-03
4.702053238120807235e-03
4.674109879161014898e-03
4.643293853948841053e-03
4.631408333310392360e-03
4.631475844865145207e-03
4.629161870214197269e-03
4.624528212718494874e-03
4.617640927022772894e-03
4.608569738271571341e-03
4.597387497025631244e-03
4.584169669470155445e-03
4.568993862247380626e-03
4.551939381048137126e-03
4.533086822075188711e-03
4.512517694978163303e-03
4.490314076250716269e-03
4.466558291721994464e-03
4.441332626535935205e-03
4.414719061552899171e-03
4.386799034303161260e-03
4.357653223562617598e-03
4.327361355515713277e-03
4.296002030675686971e-03
4.263652569743159489e-03
4.230388877323013573e-03
4.196285322172608155e-03
4.161414632564600091e-03
4.125847805891245425e-03
4.089654031124846482e-03
4.052900623243978900e-03
4.015652968534903083e-03
3.977974479806741653e-03
3.939926560961906112e-03
3.901568579549060875e-03
3.862957847001993478e-03
3.824149605785214304e-03
3.785197022618009156e-03
3.746151187466286933e-03
3.707061117375320177e-03
3.667973765156518594e-03
3.628934031916013995e-03
3.589984783532021006e-03
3.551166870303300045e-03
3.512519149634342648e-03
3.474078511453865606e-03
3.435879905955252413e-03
3.397956373445860326e-03
3.360339076290819096e-03
3.323057332347125435e-03
3.286138649979488714e-03
3.249608764548097758e-03
3.213491675825661670e-03
3.177809686679487333e-03
3.142583442539423951e-03
3.122094170093929564e-03
3.112111699632722720e-03
3.102173074023660635e-03
3.092278451799273728e-03
3.082427949989165021e-03
3.072621646902227305e-03
3.062859584778281595e-03
3.053141772294375687e-03
3.043468186972259851e-03
3.033838777412442220e-03
3.024253465468162028e-03
3.014712148259495513e-03
3.005214700054676964e-03
