9.645534137265478203e-02
9.627995529913534190e-02
9.753123646372190148e-02
9.716282279924436105e-02
9.821919836329916220e-02
9.901326816686101262e-02
1.193581019046498909e-01
1.103709811454844369e-01
1.425458140752492719e-01
1.315656413376407874e-01
1.794988829646737838e-01
2.662988037297968069e-01
2.615738339193912632e-01
2.287617435641564612e-01
2.472449309176100729e-01
3.062576166871344707e-01
2.645415503907558308e-01
2.824453053527395396e-01
2.271805873983674950e-01
2.784315972147204943e-01
3.434434951798654989e-01
3.642933831354878693e-01
4.106364345353791245e-01
4.621436670635220567e-01
4.829808885903723037e-01
4.186583679665804025e-01
3.987219187868557002e-01
3.866721589777820656e-01
2.849174502402053166e-01
3.423773296116462972e-01
2.596664780022208685e-01
2.726212461267797371e-01
2.506765822555531154e-01
2.562750792867954375e-01
2.215560292721088509e-01
2.192328924849417382e-01
1.906085997474150917e-01
1.897652782475475752e-01
2.011676169798647107e-01
1.948847633439832472e-01
2.149650918574181613e-01
2.353631926100728522e-01
2.516461792695724453e-01
2.751813969688677308e-01
2.505806995754074062e-01
2.785831687678419488e-01
2.597185812813669892e-01
2.440264018725002981e-01
2.535224571538173821e-01
3.146594964844354747e-01
3.377096221544916288e-01
3.176273733273828892e-01
2.925146513348750865e-01
2.876968462566362739e-01
3.033809659962137251e-01
3.340950811352942362e-01
3.601760633877976181e-01
3.877879106156827960e-01
4.194389088087331907e-01
4.298818239307332090e-01
4.186538706462299420e-01
4.180814446827068043e-01
3.970127689277531680e-01
4.744429572359228908e-01
5.282729876204090846e-01
5.402184228832521695e-01
4.843564919665200308e-01
4.674408333360283718e-01
4.688816499512816205e-01
4.597650350894565974e-01
4.492686589622856830e-01
4.615052190359371087e-01
4.951962073653504159e-01
5.337619820001890947e-01
5.601657144212869310e-01
5.674590999307829176e-01
5.532496589694455569e-01
5.190027344280353505e-01
4.681763563324998212e-01
4.102621478412611378e-01
3.593245654211754125e-01
3.292173203766926570e-01
3.276499757858200024e-01
3.375080782318007899e-01
3.459047059328806406e-01
3.839182530392368231e-01
4.293367481025409105e-01
4.361365326895479400e-01
4.155944090333642538e-01
3.828627938185873436e-01
3.529507995504065909e-01
3.118556562433818513e-01
2.992377115892404515e-01
2.788915738602741334e-01
2.594019544259810184e-01
2.510805134101498082e-01
2.378890662558248992e-01
2.231085342092982704e-01
2.085941977003331615e-01
2.008724893327648586e-01
1.892265908200508329e-01
1.733362695447549784e-01
1.580960397254553007e-01
1.456415649530791168e-01
1.364794041936978619e-01
1.297349477877805246e-01
1.253768547455679783e-01
1.261140263636967573e-01
1.270410595498997486e-01
1.270006084118812384e-01
1.255155118357214050e-01
1.227752660369180321e-01
1.195049431779205695e-01
1.163343400392913146e-01
1.135582973695216935e-01
1.110173792124189568e-01
1.081009713447275006e-01
1.040910144221732503e-01
1.019367300752137412e-01
9.991556178829635870e-02
9.638689215451533288e-02
9.168730030562374789e-02
8.652553673303399473e-02
8.167128512197896484e-02
7.802097730761690941e-02
7.612037362012977204e-02
7.610786798968621758e-02
7.767651237560700694e-02
8.022409958479985448e-02
8.304094396436940972e-02
8.537796673014454163e-02
8.665600037692260116e-02
8.646377515829313520e-02
8.456888288006060572e-02
8.093455952368051876e-02
7.910259111246752128e-02
7.766879844035545766e-02
7.494398748296422774e-02
7.129680674046731670e-02
6.698223493790568528e-02
6.229769555568705208e-02
5.753147160904871493e-02
5.292357357157959075e-02
4.872118502549736135e-02
4.503405503439391472e-02
4.198422215491675463e-02
3.950385277164026460e-02
3.765090488951598757e-02
3.646664690965670252e-02
3.553841890053632824e-02
3.475519454576989076e-02
3.424940511811735977e-02
3.387700308971552943e-02
3.335831019556046578e-02
3.262117400720816740e-02
3.165564299017308014e-02
3.200536543654416283e-02
3.280459916777032220e-02
3.353434003388035961e-02
3.417256459947848324e-02
3.470233259071728998e-02
3.513706153632058238e-02
3.545245627896828622e-02
3.563862551372383447e-02
3.569501146163845534e-02
3.564302616526777989e-02
3.548961169732827575e-02
3.522084850027421693e-02
3.484519246973261791e-02
3.440571564474861899e-02
3.388123972753377677e-02
3.327843917718541211e-02
3.261851766546373932e-02
3.192095629334593815e-02
3.117382910092966752e-02
3.038678272449179055e-02
3.022771716790434091e-02
3.010783542016017000e-02
2.991406959638980012e-02
2.964911861127288162e-02
2.930504984799736645e-02
2.889028767231683822e-02
2.841446252551026869e-02
2.791179284771653016e-02
2.736040688341928248e-02
2.676769603715568879e-02
2.614065601524297872e-02
2.577632120141634675e-02
2.543339777147043956e-02
2.496366591125940421e-02
2.437608974404041617e-02
2.368147383352784199e-02
2.289209331041116430e-02
2.202071084117613806e-02
2.107991809399192146e-02
2.038319509479508129e-02
2.055983216323773594e-02
2.061586587121467043e-02
2.058110242541594942e-02
2.045942978442190016e-02
2.025074485480591463e-02
1.998556282741918710e-02
1.966649736487416714e-02
1.935015100648716790e-02
1.898958659989978190e-02
1.858314716482416251e-02
1.813946753883027493e-02
1.768140034495635157e-02
1.733299100497914108e-02
1.699082036479838270e-02
1.666164063166670692e-02
1.635550871299012998e-02
1.606935379107467601e-02
1.580623690276704296e-02
1.556820160915163564e-02
1.535630621624171563e-02
1.517067513503699352e-02
1.501056702631534123e-02
1.487445712229731008e-02
1.476013094909872300e-02
1.466478659009766428e-02
1.458514262773400946e-02
1.451754897400460952e-02
1.445809793908823214e-02
1.440273308377192779e-02
1.435056341409722200e-02
1.429801845452203200e-02
1.423797747826848620e-02
1.416672610479734196e-02
1.408083118118128724e-02
1.397720223450599902e-02
1.385314166413197969e-02
1.376385998524469467e-02
1.376508999015658465e-02
1.373184324636602879e-02
1.366550362929025604e-02
1.356556484399424820e-02
1.343010875687384448e-02
1.325644980760853908e-02
1.304666432537616300e-02
1.279725637178338350e-02
1.250588357026665744e-02
1.218059048263968151e-02
1.181538939951932467e-02
1.154918838588150400e-02
1.144256742223949234e-02
1.132325957142092145e-02
1.119319730993216695e-02
1.109652667815603198e-02
1.101887084693782895e-02
1.097892961611807508e-02
1.093466924451453291e-02
1.085710981878963526e-02
1.074750831785857563e-02
1.060740364795384125e-02
1.044794623885225704e-02
1.026200108443962346e-02
1.010972793723907519e-02
9.969262155338770928e-03
9.823683171065238084e-03
9.673495748688091395e-03
9.519205061386884492e-03
9.361313768238616398e-03
9.200319321070531478e-03
9.036711502126305168e-03
9.036416534632029859e-03
9.085481189355908843e-03
9.127205667663628591e-03
9.161533004499563398e-03
9.188447475942421519e-03
9.207972026621913039e-03
9.220165633712513673e-03
9.225120633020708616e-03
9.222960029553370701e-03
9.213834814367423062e-03
9.198632871505832767e-03
9.179209573044064263e-03
9.153365089612881464e-03
9.121328529553477185e-03
9.083344950165318094e-03
9.039673029545216773e-03
8.990582833911015329e-03
8.936353687437446555e-03
8.877272150039906135e-03
8.813630107357528498e-03
8.745722975645032690e-03
8.673848023616315128e-03
8.598302811784488964e-03
8.519383749354637533e-03
8.437384767457504695e-03
8.352596107248099616e-03
8.265303220355905284e-03
8.175785778778608959e-03
8.085012646478201628e-03
7.993683239529909487e-03
7.900822849482026441e-03
7.806681604185539483e-03
7.711500676214297703e-03
7.615511840849715532e-03
7.518937114545773751e-03
7.421988468913176540e-03
7.324867615507290632e-03
7.227765856255323300e-03
7.130863995178486799e-03
7.034332306211314029e-03
6.938330552788992897e-03
6.843008054592793210e-03
6.748503796981225253e-03
6.654946578970841013e-03
6.565211453235924102e-03
6.496290394818800100e-03
6.427175405889738735e-03
6.357960606001604106e-03
6.288735774779179340e-03
6.219586350766267632e-03
6.150593445987680152e-03
6.081833875253468691e-03
6.013380198457447118e-03
5.945557849380098993e-03
5.878477698626191628e-03
5.811857667301260390e-03
5.745755299282427793e-03
5.680224254206854562e-03
5.615314400124028250e-03
5.551071912190098934e-03
5.487539376201217359e-03
5.424755896346701578e-03
5.362757206342481410e-03
5.301575783327636474e-03
5.241240963766465380e-03
5.181779060803651249e-03
5.123213482508434842e-03
5.065564850583361388e-03
5.008851118889519685e-03
4.953087691526785602e-03
4.898287540053139662e-03
4.844461319402118896e-03
4.791617482378239534e-03
4.739762392247559748e-03
4.688900433308511653e-03
4.639034119196312755e-03
4.590164198777795315e-03
4.542289759367314390e-03
4.495408327251142200e-03
4.449515965337982534e-03
4.404607367904663819e-03
4.360675952227608884e-03
4.317713947296642971e-03
4.275712479265096448e-03
4.234661653920951049e-03
4.194550635862228337e-03
4.155367724679386900e-03
4.117100427973517142e-03
4.079735531247184396e-03
4.047303238293403597e-03
4.022076382101767190e-03
3.997594127983938699e-03
3.973817818632548182e-03
3.950709652369562182e-03
3.928232719840968334e-03
3.906351035712785774e-03
3.885029565587339896e-03
3.864234248744876504e-03
3.843932016503498212e-03
3.824090806899817403e-03
3.804679575669918466e-03
3.785668303979031462e-03
3.767028002970353520e-03
3.748730715388847584e-03
3.730749514669108331e-03
3.713058501486999046e-03
3.695632798015984800e-03
3.678448540208430033e-03
3.661482868191948212e-03
3.644713914831059377e-03
3.628120792886694972e-03
3.611683580710174039e-03
3.595383306641547830e-03
3.579201932407766185e-03
3.563122335429372376e-03
3.547128290310855303e-03
3.531204449548483101e-03
3.515336323660003294e-03
3.499510260637454274e-03
3.483713425093352273e-03
3.467933776918504657e-03
3.452160049719712413e-03
3.436381729005988893e-03
3.420589030234578651e-03
3.404772876784155182e-03
3.388924877899884489e-03
3.373037306594500392e-03
3.357103077776707988e-03
3.341115726335480447e-03
3.325069385507643544e-03
3.308958765344856799e-03
3.292779131461670995e-03
3.276526284082136378e-03
3.260196537311765320e-03
3.243786698676377842e-03
