2.007830929575273038e-01
2.013849822696809899e-01
2.030993265204197595e-01
2.035213941757388900e-01
2.040840364695850895e-01
2.050957025879925899e-01
2.062409936966086155e-01
2.112531070150184542e-01
2.149570682807983302e-01
2.377039904843575024e-01
2.260001998337904106e-01
2.431111362118287267e-01
2.845830223351059618e-01
3.002788302355166583e-01
3.634369610531358874e-01
4.976389096414422508e-01
3.949164870381208226e-01
4.386768676775360531e-01
4.346834196123964822e-01
5.043528882362220411e-01
5.183252329244756318e-01
4.806677272682877700e-01
5.585962028207589469e-01
6.341059583056160021e-01
7.519005760120958115e-01
7.632246743458865890e-01
8.559790151817476822e-01
8.615395396100831160e-01
8.433675930436506096e-01
9.161572408242700805e-01
7.454619893920138018e-01
7.880883958793226673e-01
1.002363170847063500e+00
9.545285717250403534e-01
7.380542347672970349e-01
5.859466042532138763e-01
4.502826881413782845e-01
3.630840258140631271e-01
3.027591220818542928e-01
3.517604823063545383e-01
3.518641845283169700e-01
3.427724946363827074e-01
3.171570186496881494e-01
3.488121071929024541e-01
3.212559494022677042e-01
3.297582927648006201e-01
3.651529687013981840e-01
3.900487198123581689e-01
3.930089291878073321e-01
3.781971343676527320e-01
4.018591820597735009e-01
5.046153580066989885e-01
5.556810671722287598e-01
6.273676724379416703e-01
6.625944289007799082e-01
6.566488265770958899e-01
6.260344903417417450e-01
5.988754788064155621e-01
5.877469199232592256e-01
5.250864285689380573e-01
5.338260556261835710e-01
5.910303452278814484e-01
6.232578122962082467e-01
6.654494136557639328e-01
6.881561151675956722e-01
7.078491534723667655e-01
7.378078179566959216e-01
7.838212697507868087e-01
8.325152622037751415e-01
8.615828397311300346e-01
8.909632869874225536e-01
9.311662266179271397e-01
8.187254583397353125e-01
7.802112645601400054e-01
8.233461478734253047e-01
8.682031308832196537e-01
9.154287157217124715e-01
9.570905315040059147e-01
9.849207450405351727e-01
9.906060809874625006e-01
9.685774903462244234e-01
1.042703540120847094e+00
1.095393585427741456e+00
1.103193387862066333e+00
1.117237450726441983e+00
1.134351407051817029e+00
1.119218706595455970e+00
1.082834075693046572e+00
1.073979170398339456e+00
1.129522373425727810e+00
1.194910374955746146e+00
1.231977110690069654e+00
1.266500845677489995e+00
1.263546795543889267e+00
1.226801387103098273e+00
1.191694848222931258e+00
1.142310930092416132e+00
1.076570386895918441e+00
9.966803432491916359e-01
9.084032713686365224e-01
8.134943772699764208e-01
7.173883494257299320e-01
6.246510816000899746e-01
5.416358890272061632e-01
4.723735407170155942e-01
4.203432610700528760e-01
3.866833068311814059e-01
3.690724136208995421e-01
3.632258790169296536e-01
3.642399146547478650e-01
3.674056946234148802e-01
3.689779694088244355e-01
3.723674606331469072e-01
3.939269041360891066e-01
4.003826802088661374e-01
4.001703798198437134e-01
4.115461533387376192e-01
4.076660082250533890e-01
3.932467030904475136e-01
3.683316328164013553e-01
3.438936867253461482e-01
3.232346891084605378e-01
3.075195416978729890e-01
2.976521954045577290e-01
2.924142700714736365e-01
2.899472814568203605e-01
2.888864638014086439e-01
2.879086765231754774e-01
2.875225808082296219e-01
2.934110212785598359e-01
2.961902153523769954e-01
2.935371011571196176e-01
2.838916364926041824e-01
2.666245551506162825e-01
2.666714642711149330e-01
2.722781376322639946e-01
2.727507072604609117e-01
2.678512270118031391e-01
2.577614747973306364e-01
2.433935738839529683e-01
2.389199879803634019e-01
2.317329958897803577e-01
2.216206541507340366e-01
2.091365001539097768e-01
1.962061081754527814e-01
1.909160607750118033e-01
1.835793054378562494e-01
1.748525091940706655e-01
1.653516655773004385e-01
1.556164955467109201e-01
1.461684671026415305e-01
1.390675304588017691e-01
1.368628264509977044e-01
1.343591335351878580e-01
1.316528139100655859e-01
1.288462923874916788e-01
1.258601914571763902e-01
1.227308520822330273e-01
1.195911758631992561e-01
1.163880918359764399e-01
1.131135771289327741e-01
1.097870992780922844e-01
1.064989036185154253e-01
1.048285931729822512e-01
1.027790485107379082e-01
1.001472362111617692e-01
9.868717543051093444e-02
9.831537734523651539e-02
9.787247570879539782e-02
9.736130194989510434e-02
9.679674815471348004e-02
9.623047943804710624e-02
9.559671214030546205e-02
9.489474963498528703e-02
9.412347649286277596e-02
9.334809063471077861e-02
9.250912947575642975e-02
9.159517825029220295e-02
9.060499949100125905e-02
8.958431302413510933e-02
8.851222184502573198e-02
8.736032970141680010e-02
8.612892674696499828e-02
8.484785187394340567e-02
8.352935842100295272e-02
8.213301027749601857e-02
8.066121447167025338e-02
7.912568939402220280e-02
7.757488778437808541e-02
7.595599337358591163e-02
7.427333011153482156e-02
7.253163388446738635e-02
7.077093847903356827e-02
6.897755963132558288e-02
6.713784501684179340e-02
6.554429732970053213e-02
6.611504920769782634e-02
6.660505381691872451e-02
6.654620196548283184e-02
6.603752809738250296e-02
6.584843267533319056e-02
6.556669862333448784e-02
6.694662604405873796e-02
6.871676689929727411e-02
6.903295181660065727e-02
6.786087825359461700e-02
6.592616524469928352e-02
6.497251600353406986e-02
6.300800909315411313e-02
6.287265080103929260e-02
6.386665001307927081e-02
6.473512997230428112e-02
6.482674828459601690e-02
6.416058739265657895e-02
6.278235801277057271e-02
6.075388374170329758e-02
5.815048200093723280e-02
5.603748029395117652e-02
5.629420734403384197e-02
5.646745115578385293e-02
5.655952054780608723e-02
5.657304574338281600e-02
5.653280651936427870e-02
5.643269071894770061e-02
5.626261820635483635e-02
5.602601250552770307e-02
5.572644227513692122e-02
5.539519197466163947e-02
5.501188465819705636e-02
5.457566359940822787e-02
5.409031784106459878e-02
5.355964528807573982e-02
5.300719702215397205e-02
5.242356407119481976e-02
5.180448020580061264e-02
5.115355687534636764e-02
5.047432398089467254e-02
4.977021570066358924e-02
4.906209438343863555e-02
4.833810368566892474e-02
4.759755060176932423e-02
4.684340580143931537e-02
4.607850311464149057e-02
4.530553455587442435e-02
4.452704665650725202e-02
4.375019512177643483e-02
4.298080617734178349e-02
4.221157127583796687e-02
4.144448401989477698e-02
4.068139157172065423e-02
3.992399650632254965e-02
3.917385935076662939e-02
3.843240172867199572e-02
3.770091003284008202e-02
3.698053955244023222e-02
3.627231898597333554e-02
3.557715527669588068e-02
3.489583870768941248e-02
3.422904820409367055e-02
3.358078338504034283e-02
3.294791594819374003e-02
3.233050974857604870e-02
3.172889148255605973e-02
3.114330303666573013e-02
3.057390702614405653e-02
3.002079227394398309e-02
2.948397920429509517e-02
2.896342512842413341e-02
2.845902940123372360e-02
2.797063843417119458e-02
2.749805054716054215e-02
2.704102065003218328e-02
2.659926474090529985e-02
2.617246421716759933e-02
2.576026998978811142e-02
2.536230639942161150e-02
2.497817493011121256e-02
2.460745772054357544e-02
2.424972087266393309e-02
2.390451755834138714e-02
2.357139092765342739e-02
2.324987682063921202e-02
2.297328995755525127e-02
2.279175271007341519e-02
2.261070456830393746e-02
2.243049431251035314e-02
2.225144351363246217e-02
2.207384736085436783e-02
2.189797552662159016e-02
2.172407306260985133e-02
2.155236131985728207e-02
2.138303888730093416e-02
2.121628254312788245e-02
2.105224821397838272e-02
2.089107193759441941e-02
2.073287082399217357e-02
2.057774401249811216e-02
2.042589665631248594e-02
2.027829976787364971e-02
2.013389515104895000e-02
1.999272557633225908e-02
1.985482021597614541e-02
1.972019550847047692e-02
1.958885600203811445e-02
1.946079517564603886e-02
1.933599623643489362e-02
1.921443289244324781e-02
1.909607009967675614e-02
1.898086478301597851e-02
1.886876653056810543e-02
1.875971826061568690e-02
1.865365686163286685e-02
1.855051380457200041e-02
1.845021572823239350e-02
1.835268499706292286e-02
1.825784023206529841e-02
1.816559681532906381e-02
1.807586736767692603e-02
1.798856220117393476e-02
1.790358974568918501e-02
1.782085695113507298e-02
1.774026966527394306e-02
1.766173298800140928e-02
1.758515160302340924e-02
1.751043008685583199e-02
1.743747319697661405e-02
1.736618613876681622e-02
1.729647481265959505e-02
1.722824604205899432e-02
1.716140778266363881e-02
1.709586931421265207e-02
1.703154141519535106e-02
1.696833652103151013e-02
1.690616886736929711e-02
1.684495461802634070e-02
1.678461197916867806e-02
1.672506130009662403e-02
1.666622516132821100e-02
1.660802845086660137e-02
1.655039842888474458e-02
1.649326478205741589e-02
1.643655966744291333e-02
1.638021774752167203e-02
1.632417621565627336e-02
1.626837481386390200e-02
1.621275584251631249e-02
1.615726416305936913e-02
1.610184719373127307e-02
1.604645489943998249e-02
1.599103977555309600e-02
1.593555682663953810e-02
1.587996354031961238e-02
1.582421985636708883e-02
1.576828813225076426e-02
1.571213310458094078e-02
1.565572184739640396e-02
1.559902372738567432e-02
1.554201035651398520e-02
1.548465554224317045e-02
1.542693523557378890e-02
1.536882747748602278e-02
1.531031234348657552e-02
1.525137188723718097e-02
1.519199008278564536e-02
1.513215276600429586e-02
1.507184757543359073e-02
1.501106389240853579e-02
1.494979278118885833e-02
1.488802692859252791e-02
1.482576058384509066e-02
1.476298949840010311e-02
1.469971086619989951e-02
1.463592326411195486e-02
1.457162659293165068e-02
1.450682201911371316e-02
1.444151191679063188e-02
1.437569981103401819e-02
1.430939032158165709e-02
1.424258910769030106e-02
1.417530281375158595e-02
1.410753901613417439e-02
1.403930617094887798e-02
1.397061356296219574e-02
1.390147125574157927e-02
1.383189004278847015e-02
1.376188140005677948e-02
1.369190594552082904e-02
1.362195411414529427e-02
1.355159882637359085e-02
1.348085365354221438e-02
1.340973264553397930e-02
1.333825029072350024e-02
1.326642147683060324e-02
1.319426145334139794e-02
1.312178579504125545e-02
1.304901036688512622e-02
1.297595128994728786e-02
1.290262490889413152e-02
1.282904776041747519e-02
1.275523654296733221e-02
