2.741387137228424309e-01
2.740002357056329219e-01
2.764997160037695467e-01
2.756952703301931429e-01
2.790815031092046539e-01
2.813689850943153492e-01
2.856202909451793226e-01
2.900141235855572264e-01
3.511402517944832158e-01
3.237703244980000283e-01
3.870164099751748910e-01
4.669387734806372259e-01
4.067580488895797819e-01
4.227423486056599566e-01
5.499500800619812058e-01
4.536809908534226166e-01
5.558611336445781204e-01
7.606518019128218899e-01
1.030385773826753448e+00
7.225581017647463300e-01
8.084754575008447075e-01
7.694238826627888272e-01
6.492699676144019216e-01
6.595990360229958549e-01
8.299605077184994961e-01
1.043401624981832976e+00
1.043701042826721492e+00
6.499225631232452560e-01
5.801998603628282236e-01
5.747843865328545743e-01
5.852686228663664947e-01
4.831266089060379798e-01
4.660920423818953884e-01
5.533644911394077770e-01
6.133835781402553478e-01
5.859933428418347967e-01
6.706981387925403659e-01
7.147184389550172989e-01
6.326035411332613378e-01
7.363915747822684654e-01
7.779292776488259120e-01
8.529806714704460946e-01
1.018681012886486936e+00
9.568871092175024184e-01
8.600622206708672390e-01
8.034095531962622827e-01
7.591746458333363812e-01
8.196777060892765920e-01
9.213661049616426180e-01
9.932039732219817285e-01
1.045338251415412145e+00
1.034699001755985615e+00
1.084803339643809705e+00
1.151270253374629071e+00
1.276626873886014701e+00
1.124443659919542426e+00
1.054841046186602460e+00
1.279639939388450109e+00
1.643420453613149368e+00
1.854873591493769514e+00
1.824817172314361580e+00
1.764263108610086173e+00
1.705220107398946361e+00
1.560070737818257225e+00
1.428758544477973125e+00
1.400855533651298668e+00
1.436161579572468261e+00
1.463643558339783990e+00
1.399211381677827992e+00
1.365372077213707458e+00
1.474412721472734056e+00
1.648982386961628688e+00
1.733061368757628840e+00
1.657868528229084815e+00
1.461007822724726068e+00
1.172896769744556256e+00
9.577778008255950493e-01
8.038859416574488659e-01
7.016804069849226222e-01
6.455801460882899523e-01
6.100834685610112551e-01
5.944562629328909997e-01
5.712179033680998552e-01
5.336390529110711656e-01
4.905259207046928083e-01
5.081429956674962112e-01
4.927580541932398139e-01
4.661854728587465635e-01
4.326776315701885145e-01
4.039393708439362185e-01
3.739380214314934614e-01
3.465542728427308816e-01
3.228316541820127061e-01
3.052281053780885323e-01
2.956681919185893959e-01
2.936227207405446293e-01
2.954428061837251485e-01
2.949759314711354885e-01
2.872786457755231448e-01
2.694427331890286714e-01
2.446617514652725534e-01
2.219088468967486405e-01
1.998525815121682814e-01
1.872515063528902290e-01
1.877161459675139865e-01
1.926884518682192848e-01
2.029087990474732484e-01
2.175855086702708219e-01
2.262763124750578614e-01
2.244097104283426514e-01
2.212872583010563887e-01
2.205534217354414850e-01
2.106489699974372631e-01
1.936417979001120726e-01
1.724162469516125895e-01
1.506410440717221022e-01
1.382231018241175946e-01
1.325316215565723599e-01
1.268441152152451623e-01
1.212431413851404877e-01
1.157911120223512197e-01
1.164324370302391443e-01
1.225807905599150260e-01
1.277211928205443103e-01
1.309542635399270072e-01
1.318237222369281203e-01
1.301571380762713004e-01
1.264360869406353227e-01
1.208810575445921631e-01
1.143542623021209098e-01
1.073648861291955220e-01
1.005434376030213961e-01
9.444306406036750978e-02
8.944412117412661734e-02
8.573609116766438276e-02
8.334142333961774840e-02
8.219510222262239874e-02
8.193344113114146843e-02
8.224924684156309507e-02
8.283481403650441721e-02
8.341961207429790526e-02
8.379486199806944480e-02
8.382427324557670256e-02
8.344248599763409713e-02
8.272730288553273303e-02
8.164191256635087990e-02
8.023930560507060161e-02
7.859203958380601984e-02
7.677099939276159357e-02
7.483651978268676674e-02
7.288841534739246009e-02
7.090483878821254859e-02
7.042651003381547592e-02
7.030553628383413856e-02
7.013545705576855471e-02
6.991895103546322265e-02
6.965379138991581454e-02
6.933477638107489460e-02
6.896174883884298445e-02
6.856264686918447926e-02
6.809478207564471919e-02
6.755727280197347528e-02
6.695215169077130268e-02
6.628407121159624049e-02
6.555967755036751221e-02
6.478680486541193995e-02
6.397363197241508204e-02
6.312791708835659155e-02
6.226560293085754705e-02
6.141073258020109116e-02
6.053739336641920932e-02
5.964779989830824164e-02
5.874270687468140933e-02
5.782167855644933241e-02
5.688342966264456346e-02
5.592619105673396485e-02
5.494806003319919335e-02
5.394730416695400765e-02
5.292259801463795182e-02
5.187855889079306254e-02
5.083267141536244871e-02
4.976106090578970992e-02
4.866479749867454879e-02
4.754546274640458065e-02
4.640502564002720043e-02
4.524570497099222183e-02
4.406983336224706144e-02
4.287973589727961388e-02
4.167763320531548549e-02
4.046557547365574325e-02
3.924541044969854370e-02
3.801878532945673211e-02
3.794598964361098337e-02
3.803868285903066332e-02
3.810557747342016577e-02
3.814530889728071777e-02
3.815624200242931363e-02
3.813646725627330147e-02
3.808382106349649660e-02
3.799592889175573002e-02
3.787026850233118913e-02
3.771659576987400342e-02
3.753392540639215874e-02
3.730588991836659984e-02
3.703016600960531979e-02
3.670474135003123223e-02
3.632800875621314263e-02
3.589885035608864072e-02
3.541670846154827690e-02
3.488164061436007518e-02
3.429435705976163068e-02
3.365623969811246813e-02
3.298350246058606022e-02
3.227290634623610627e-02
3.151811602810317137e-02
3.072291973489665179e-02
2.989162607380516784e-02
2.902899117775139051e-02
2.814013711001770932e-02
2.723046416696226976e-02
2.630555971904246018e-02
2.537110613851427734e-02
2.557451749466343668e-02
2.587663547346373202e-02
2.611621118857792787e-02
2.629231489452768869e-02
2.640482030338880612e-02
2.645966879587159301e-02
2.646616790434886540e-02
2.641278629141160031e-02
2.630196593999817312e-02
2.613667464722334646e-02
2.592032804727855549e-02
2.565670937797252110e-02
2.534988888080162706e-02
2.500414455041699222e-02
2.462388574715384734e-02
2.422267331182186359e-02
2.379916745835475994e-02
2.335338267564997933e-02
2.288958815886204048e-02
2.241189446254397352e-02
2.192421224951478925e-02
2.143021828328157616e-02
2.093332855398375228e-02
2.043667828762080890e-02
1.994310847132340497e-02
1.945515843530346012e-02
1.897506395856101216e-02
1.850476031693827628e-02
1.850372709435137500e-02
1.855779775359647082e-02
1.859110187898418629e-02
1.860478924286544308e-02
1.860008227492749439e-02
1.857825212510913135e-02
1.854059685903462068e-02
1.848842188901991465e-02
1.842302268835697282e-02
1.834566979092419267e-02
1.825759603577367315e-02
1.815998598093371968e-02
1.805396738322745387e-02
1.794060461576003560e-02
1.782089387914473008e-02
1.769576004823641274e-02
1.756605499007288587e-02
1.743344756892638292e-02
1.729988137137730350e-02
1.716368019755058760e-02
1.702541889993620591e-02
1.688560745463917739e-02
1.674469448788541009e-02
1.660307120832171454e-02
1.646107562221095846e-02
1.631899692399395654e-02
1.617707996434555873e-02
1.603552971104996866e-02
1.589451563071835050e-02
1.575417592996788616e-02
1.561462160601389919e-02
1.547594026789929876e-02
1.533819969752212888e-02
1.520145113022777945e-02
1.506573224097553128e-02
1.493106983009700323e-02
1.479748220853784220e-02
1.466498128744145660e-02
1.453357438125724328e-02
1.440326573802639537e-02
1.427405781189807453e-02
1.414595229639583653e-02
1.401895093813560790e-02
1.389305615050482300e-02
1.376827145002795794e-02
1.364460173477756964e-02
1.352205342698223692e-02
1.340063449905440005e-02
1.328035440276146076e-02
1.316122391971600962e-02
1.304325495019285040e-02
1.292646025519935543e-02
1.281085316725006848e-02
1.269644728122054991e-02
1.258325613723153269e-02
1.247129290528845198e-02
1.236057007962099684e-02
1.225109919001145069e-02
1.214289053578040088e-02
1.203595294660385687e-02
1.193029357364445986e-02
1.182591771330317523e-02
1.172282866483348278e-02
1.162102762290021137e-02
1.152051360343979251e-02
1.142128340409523726e-02
1.132333159581267595e-02
1.122665054537992993e-02
1.113123046570818619e-02
1.103705949201146119e-02
1.094412378090631535e-02
1.085240762987206564e-02
1.076189361426907985e-02
1.067256273843723326e-02
1.058439459911704114e-02
1.049736755751347166e-02
1.041145891734610029e-02
1.032664510717862943e-02
1.024290186358702004e-02
1.016020441367054133e-02
1.007852765454423510e-02
9.997846328028333132e-03
9.918135189122418913e-03
9.839369166394412725e-03
9.761523513498298818e-03
9.684573950656690661e-03
9.608496794970477692e-03
9.533269079578644487e-03
9.458868660412867238e-03
9.385274310822833491e-03
9.312465803840220754e-03
9.240423981729223302e-03
9.169130813384319262e-03
9.098569439494885724e-03
9.028724206023863025e-03
8.959580686305307698e-03
8.891125692423567858e-03
8.823347276300982575e-03
8.756234720968588542e-03
8.689778523421943374e-03
8.623970368685132670e-03
8.558803096702873384e-03
8.494270662538669706e-03
8.430368090180844279e-03
8.367091421617955938e-03
8.304437660909802163e-03
8.242404714730181339e-03
8.180991329584309801e-03
8.120197027014568539e-03
8.060022036340545176e-03
8.000467226745012345e-03
7.941534038556536529e-03
7.883224414472422836e-03
7.825540731074279860e-03
7.768485731408381230e-03
7.712062458793788114e-03
7.656274192135113614e-03
7.601124383461531527e-03
7.546616597728348502e-03
7.492754454913016018e-03
7.439541575258647177e-03
7.386981527133945798e-03
7.335077778316473514e-03
7.283833650294476228e-03
7.233252275698503000e-03
7.183336559607091804e-03
7.134089143672026241e-03
7.085512374079349501e-03
7.037608272561080361e-03
6.990378510859948311e-03
6.943824388555642872e-03
6.897946813868663721e-03
6.852746287649344285e-03
6.808222890420963583e-03
6.764376272328456556e-03
6.733182485654722049e-03
6.711368672157060587e-03
6.689825149864090693e-03
6.668549157056912792e-03
6.647537854490388406e-03
6.626788333150431497e-03
6.606297621665936301e-03
6.586062693641151627e-03
6.566080474694552076e-03
6.546347849376914392e-03
6.526861667659394038e-03
6.507618751465270822e-03
6.488615900627814174e-03
6.469849898857365014e-03
6.451317519301964960e-03
