1.886455328107347340e-01
1.883688634493983216e-01
1.888284279638134389e-01
1.879481314559307836e-01
1.924351756666611013e-01
1.958523177276622895e-01
2.100519948025566797e-01
2.205519281967737444e-01
2.082219921799578211e-01
2.511913828886346289e-01
4.464993787724395591e-01
3.551060120928883901e-01
3.343414418685208833e-01
3.986425714705178480e-01
4.058330745622635294e-01
3.950554360673693699e-01
4.556208255049381539e-01
5.070849036952504996e-01
6.509112260036598041e-01
5.500989703260991126e-01
4.019786424390021651e-01
3.905179727030032577e-01
4.992086968337078878e-01
4.587036267938597867e-01
3.475949512430030475e-01
3.546095288076910879e-01
3.548979601068941725e-01
3.394901383152787999e-01
4.554106221227160467e-01
3.770008426517671429e-01
3.853026187904114441e-01
5.077181729062694160e-01
5.704485270657273510e-01
5.366964164431035078e-01
5.828526441189029184e-01
6.268496410612260927e-01
7.645964628922160555e-01
6.696343980800515405e-01
6.665259852668370399e-01
6.770329446556395681e-01
7.065886755403438801e-01
7.357970952359336181e-01
7.576349078393448400e-01
8.156225286056107970e-01
8.759266616354807189e-01
8.847298964556564727e-01
8.159280790351179924e-01
9.648285258081266136e-01
9.972799784313082228e-01
9.277078707328549889e-01
9.211838687020706962e-01
9.577027757938101349e-01
1.110099381256095974e+00
1.114092795266779845e+00
1.026798239299550053e+00
1.142762102376074340e+00
1.294859350477326920e+00
1.344989449012720550e+00
1.337696143714757424e+00
1.288934314727830710e+00
1.133619288073518083e+00
1.046127062917144190e+00
1.055841291650724267e+00
9.947279234371919632e-01
8.867073886147921469e-01
7.788155334722894896e-01
6.988177720489322509e-01
6.767447650125627545e-01
6.569290868774111392e-01
6.047667029539944838e-01
5.792653368073681364e-01
5.415205770926297957e-01
5.143510904757147006e-01
4.962290993533416406e-01
4.618957263409900760e-01
4.415996850020549314e-01
4.264044629051662594e-01
4.035131160524490501e-01
3.791048682774235123e-01
3.637118845409893497e-01
3.449039322432992938e-01
3.245315493557698883e-01
3.040210215564643770e-01
2.850439911361513090e-01
2.675840055362597725e-01
2.521505080104692320e-01
2.387089041749728691e-01
2.268848568931874088e-01
2.161223862972286025e-01
2.061547082743713788e-01
1.961854033401061181e-01
1.862715653550090222e-01
1.783804848615162253e-01
1.788791516225002598e-01
1.766776861337646387e-01
1.717076223397399348e-01
1.641318747708202519e-01
1.563705307511534248e-01
1.559847409730081014e-01
1.671204101640409723e-01
1.705713833995675111e-01
1.661760529143742615e-01
1.583749487610289497e-01
1.652760575167796786e-01
1.669820841068153094e-01
1.640177931420178092e-01
1.573741927232790161e-01
1.481013399750975013e-01
1.371343427011192939e-01
1.252323250472365812e-01
1.168365801758320249e-01
1.152947379766592201e-01
1.118740078324389903e-01
1.091844051998117765e-01
1.050182014269911146e-01
1.000433348936762001e-01
9.372035740294178130e-02
8.826707066320785278e-02
8.387135368575535099e-02
8.167701296122983901e-02
7.949998057370225024e-02
7.882991362064209473e-02
7.813089075068484213e-02
7.731882776930182333e-02
7.629047787032196271e-02
7.533793740729022304e-02
7.557521035919538555e-02
7.690774642940080563e-02
7.842304987913137349e-02
7.914329964430323605e-02
7.876465432450617532e-02
7.712562873653716622e-02
7.420937964583899926e-02
7.008986360860128273e-02
6.662102128783531363e-02
6.472137830729700336e-02
6.560077078692430619e-02
6.559324187012921525e-02
6.490161159840082683e-02
6.350831742189347318e-02
6.152362553115793553e-02
5.919029080324833547e-02
5.663468094566406763e-02
5.398231296525336093e-02
5.139199819742528569e-02
4.899770086265705510e-02
4.690255338751861403e-02
4.517604387392326615e-02
4.385403862217237408e-02
4.294114208601602922e-02
4.241481115384277550e-02
4.223062050870253492e-02
4.232810783747150557e-02
4.263669729383204321e-02
4.308129264991614193e-02
4.358723527248848512e-02
4.408442593393297609e-02
4.451050554862589353e-02
4.481307281612959686e-02
4.495098337848696390e-02
4.489482438548473425e-02
4.466476109897458968e-02
4.423990530227429191e-02
4.359750506302026429e-02
4.274648133780736825e-02
4.170248352525319363e-02
4.049455816286461757e-02
3.918177401997182535e-02
3.774166909077065341e-02
3.620125609075755535e-02
3.458756004079174134e-02
3.292672290373169219e-02
3.124331200365890876e-02
2.955982282504811265e-02
2.789635872518917564e-02
2.627046477306563266e-02
2.626623338524820481e-02
2.637073386654305990e-02
2.637629613542938692e-02
2.629991901588374370e-02
2.612361009590103214e-02
2.585515449182450645e-02
2.550249727471440644e-02
2.507358409990857739e-02
2.460675267323344378e-02
2.407769838180056493e-02
2.349286351329298028e-02
2.285934432037375549e-02
2.218399195830563636e-02
2.147341723582345610e-02
2.073400308762156710e-02
1.997455019853518546e-02
1.959345626518873423e-02
1.944695809062819969e-02
1.930116819436380332e-02
1.915579012020187516e-02
1.901049773294076137e-02
1.886494539927066269e-02
1.871877716708915396e-02
1.857163494577244653e-02
1.842316570463009215e-02
1.827486704803239076e-02
1.812835270947980165e-02
1.797948240667236394e-02
1.782797345124686322e-02
1.767356979007796494e-02
1.751604437571180686e-02
1.735520088946543651e-02
1.719087487616758822e-02
1.702293434937478256e-02
1.685127992480186729e-02
1.667584453755127302e-02
1.649659279707140283e-02
1.656333110953648810e-02
1.675464837350515782e-02
1.690917243803168740e-02
1.702501552926981992e-02
1.710760443604179143e-02
1.715416699725210922e-02
1.715936552068642040e-02
1.712297036351928189e-02
1.704516765961206284e-02
1.692653765791772916e-02
1.676802963210855674e-02
1.657093391606854343e-02
1.633685162672671859e-02
1.606766263063855518e-02
1.576549229571566971e-02
1.543267754469302040e-02
1.507173269664054474e-02
1.468773892693260238e-02
1.464609917236883024e-02
1.462830406968186614e-02
1.460059374112844879e-02
1.456032960773900355e-02
1.450785961831331516e-02
1.444356432286437661e-02
1.436785342371217633e-02
1.428116235540299005e-02
1.418394891879050726e-02
1.407801849105193813e-02
1.396764925693256242e-02
1.384801794285694075e-02
1.371963291653321808e-02
1.365586888674592304e-02
1.375817114439625670e-02
1.383883237176662326e-02
1.390350682334978716e-02
1.394555288912617021e-02
1.396522399345665605e-02
1.396290243201019771e-02
1.393908821839156056e-02
1.389438783866119541e-02
1.382950302429695501e-02
1.374521964315046987e-02
1.364239679697038660e-02
1.352195620306982128e-02
1.338487192778941258e-02
1.323216052842961232e-02
1.306904138155619635e-02
1.289492053545113898e-02
1.270805275783144610e-02
1.250952572871245373e-02
1.230043020767533635e-02
1.208185320358426060e-02
1.185487171055588790e-02
1.162054700905662367e-02
1.137991952547779892e-02
1.113400423928373115e-02
1.088378662401103154e-02
1.063021910384028858e-02
1.037421800639519963e-02
1.011666098846458577e-02
9.858384912049667978e-03
9.600184143926169048e-03
9.342809253786912155e-03
9.086966083324163682e-03
8.883685889035585273e-03
8.821679764284533903e-03
8.748949345502575123e-03
8.666184957252610899e-03
8.574083266231323150e-03
8.473343116267450029e-03
8.366052469473632403e-03
8.253909209589616741e-03
8.134993143541302194e-03
8.009974962592238124e-03
7.936067703440265880e-03
7.879865600073695381e-03
7.823025354332846862e-03
7.765599266739408972e-03
7.707638018677969056e-03
7.649190669643670532e-03
7.590304658660599994e-03
7.531025809782429699e-03
7.471398341290179899e-03
7.411464878103909450e-03
7.351266467293630404e-03
7.290842596494011806e-03
7.230231214486819089e-03
7.170526630386023746e-03
7.110703423701151757e-03
7.050763086706393623e-03
6.990738392325548597e-03
6.930660707894839047e-03
6.870560024960063045e-03
6.810464989870079582e-03
6.750402935414192250e-03
6.690399913241818625e-03
6.630480726848794922e-03
6.570668965000410304e-03
6.510987035663034356e-03
6.451456199953660778e-03
6.392096606383884834e-03
6.332927325107904487e-03
6.273966381978270807e-03
6.276385757586194943e-03
6.277786384113199190e-03
6.275501543903948092e-03
6.269661954052059734e-03
6.260402077946124362e-03
6.247859423835494183e-03
6.232173885851826495e-03
6.213487126728844609e-03
6.191942001298896513e-03
6.167682019720370154e-03
6.140850849148008633e-03
6.111591852860635832e-03
6.080047665307590152e-03
6.046359801871703868e-03
6.010668301915845016e-03
5.973111403715762775e-03
5.933825249735672457e-03
5.892943620984010186e-03
5.850597699037586412e-03
5.806915853912159899e-03
5.762023456917036990e-03
5.716613593246232250e-03
5.670401539698921231e-03
5.623295528965363207e-03
5.575407903791938097e-03
5.526847478492334827e-03
5.477719464895825646e-03
5.428125414733004674e-03
5.378163176545796252e-03
5.327926866662185783e-03
5.277506852622500765e-03
5.226989748771766406e-03
5.176458422124313903e-03
5.125992008568485553e-03
5.075665937817532003e-03
5.025551966784603392e-03
4.975718220214107000e-03
4.926229238156518662e-03
4.877146029391653780e-03
4.828526130368535063e-03
4.780423668694654127e-03
4.732889431056605013e-03
4.685970934584112596e-03
4.639712501669038605e-03
4.594155337240305934e-03
4.549337608447557614e-03
4.505294526169588767e-03
4.462058428095345280e-03
4.440110534123476935e-03
4.422499719357909920e-03
4.404916083845175634e-03
4.387361519055786412e-03
4.369837816763142910e-03
4.352346672698192281e-03
4.334889690093281754e-03
4.317468383196435174e-03
4.300084180581162027e-03
4.282738428479497886e-03
4.265432393994766924e-03
4.248167268164305607e-03
4.230944169051499733e-03
4.213764144669078851e-03
4.196628175790459436e-03
4.179537178807484106e-03
4.162492008362338874e-03
4.145493459981598912e-03
4.128542272603416205e-03
4.111639131062800635e-03
4.094784668387058992e-03
4.077979468206566205e-03
4.061224066893675926e-03
4.044518955757577666e-03
4.027864583101176642e-03
4.011261356257087539e-03
3.994709643521487767e-03
3.978209776029782013e-03
3.961762049552414872e-03
3.945366726274487229e-03
3.929024036441104185e-03
3.912734180012581407e-03
3.896497328214643032e-03
3.880313625034219945e-03
3.864183188678037804e-03
3.848106112984202298e-03
