1.946002186389064470e-01
1.950809708290321409e-01
1.958731061127172435e-01
1.976775174642153576e-01
1.975991651110376168e-01
2.034784979209288414e-01
2.166989519927685626e-01
2.554313932581149804e-01
2.756944210419417507e-01
2.980405753571410132e-01
3.710419931545786421e-01
3.101316445738869221e-01
3.228757834158943463e-01
3.912507370976242571e-01
4.072227755241735747e-01
3.990887138132776513e-01
6.878568933968060017e-01
4.660292959332552054e-01
5.279859873645840196e-01
5.825796338774336114e-01
4.884919976358059190e-01
4.407173767029743394e-01
5.961548675969526867e-01
5.106592443880668686e-01
4.690300568732869713e-01
4.758123061278025090e-01
4.119596558074548054e-01
4.681961373434474494e-01
5.710958007622247701e-01
6.419467034762188495e-01
6.762155557787973281e-01
7.442604862397402821e-01
8.116966483251873976e-01
7.823463823335624623e-01
8.016223820628379793e-01
7.419631124282267676e-01
9.006066529269329823e-01
1.026615443334727873e+00
1.005172585823278286e+00
1.113605621005717916e+00
1.078350370651434575e+00
1.297212473124106813e+00
1.385053273309968747e+00
1.244785087506761201e+00
1.101307738190300478e+00
1.227214413826092310e+00
1.262510470751699199e+00
1.473458412305335363e+00
1.608316460391176150e+00
1.653128256338499025e+00
1.664067129739246642e+00
1.634304633387185124e+00
1.579449727182459240e+00
1.339230739688931582e+00
1.260707237782338730e+00
1.226936689516602508e+00
1.142538940098549949e+00
1.114342625506626439e+00
9.785759293891560517e-01
8.439434340145793856e-01
7.742992122199849891e-01
7.490328514837140128e-01
7.509283486016105069e-01
7.239456718836022597e-01
6.436983487638101575e-01
5.435702081061500879e-01
4.738996309997854373e-01
4.444596959012443449e-01
4.948063054804444638e-01
5.124254379438591966e-01
4.748446362582506297e-01
4.065802474681176615e-01
3.471435163219858677e-01
3.184592556580353451e-01
3.130329948915848703e-01
3.123422549578552809e-01
3.096054672758143389e-01
3.102914826167678108e-01
2.992953325888880745e-01
2.747302968971231940e-01
2.411208190009897778e-01
2.102045288127753209e-01
1.959593156261068003e-01
2.023964953718818127e-01
2.173060738448062412e-01
2.255864997918712034e-01
2.185442557434374433e-01
1.968320406820617541e-01
1.674532344402988315e-01
1.409676431468243341e-01
1.298936118744992985e-01
1.312386583749186320e-01
1.407706411932595769e-01
1.471246757315499698e-01
1.567251646436552404e-01
1.655347467984722709e-01
1.689929948945960159e-01
1.657233229001024155e-01
1.686518533015616550e-01
1.692346651184487016e-01
1.630820491192596922e-01
1.502970880413434240e-01
1.323951374940841585e-01
1.215910492635424306e-01
1.109216531867470018e-01
1.048232079152726232e-01
1.023459247318666138e-01
9.966068760423907325e-02
9.546277169265239559e-02
8.969370421259535708e-02
8.305719710321785021e-02
7.728809634275479734e-02
8.061828653858853222e-02
8.518452845290991338e-02
8.943460600346916922e-02
9.261118793157342710e-02
9.419369834683749554e-02
9.421280493949320267e-02
9.283742169385671150e-02
9.022513607020236914e-02
8.645225328234734663e-02
8.416654782830583492e-02
8.295998852527329548e-02
8.049356178478109247e-02
7.687392472712711866e-02
7.228508407351069698e-02
6.716034016692490338e-02
6.212451538504738802e-02
5.784595196422710750e-02
5.547128645554664367e-02
5.555999687695144240e-02
5.644843587405966312e-02
5.778112062515999153e-02
5.879463934686383203e-02
5.950405240209506730e-02
6.102708831254957667e-02
6.079905141626307241e-02
5.868851481581384422e-02
5.485292530754401485e-02
5.086600475757419026e-02
4.931698156110049525e-02
5.044913081421361495e-02
5.043165189551601646e-02
4.905052938415148389e-02
4.762937439312038557e-02
4.667532625179418582e-02
4.552383276036424398e-02
4.514244779211831066e-02
4.489541613301611944e-02
4.392828813414569045e-02
4.519088939195804039e-02
4.728236701432843997e-02
4.894729108640233362e-02
4.929111180634650202e-02
4.943586825055651390e-02
4.869246495033913158e-02
4.701332460406895675e-02
4.453947293578640332e-02
4.343656448304009099e-02
4.325342741690007403e-02
4.231982521220238602e-02
4.075494514777428662e-02
3.869548460838466430e-02
3.630119096085407393e-02
3.375303260129894345e-02
3.118214662292721762e-02
2.873695577639877666e-02
2.763492037733074683e-02
2.761892186084349138e-02
2.749603421277532767e-02
2.727871293868500829e-02
2.700634896217977976e-02
2.667016157276428864e-02
2.627125614925965302e-02
2.581972183206618018e-02
2.536351764710602710e-02
2.515340734503175926e-02
2.482303289120946915e-02
2.508631971277153552e-02
2.574996709032334810e-02
2.628782926140382434e-02
2.669236817416387186e-02
2.693134350270325050e-02
2.697934615515954274e-02
2.687754782178406257e-02
2.658384976233710978e-02
2.613668342351763152e-02
2.553722487944680430e-02
2.546378492065919791e-02
2.550419800391843031e-02
2.543641248915691142e-02
2.527309216211297629e-02
2.502745289847261786e-02
2.470355193502178290e-02
2.430481852932587020e-02
2.384025561786886141e-02
2.332387939345047581e-02
2.275937302783836991e-02
2.215254449760127586e-02
2.153163567343783016e-02
2.088738289513331070e-02
2.070829059436985267e-02
2.050750720174573244e-02
2.028106053679940013e-02
2.003462587989398094e-02
1.977349205928242634e-02
1.950786947648994879e-02
1.923974323580562168e-02
1.896895897269218131e-02
1.869882480007641068e-02
1.843210005514337585e-02
1.817100450258551589e-02
1.791723868151522125e-02
1.767201345623196918e-02
1.743608687985331168e-02
1.720980656584165935e-02
1.699315587903725902e-02
1.678580239862833418e-02
1.658714726618538970e-02
1.639637420078008528e-02
1.621249714009889362e-02
1.603440564380232899e-02
1.586090736496392067e-02
1.569076706181395803e-02
1.552274177215456734e-02
1.535561191248819256e-02
1.518820818759765434e-02
1.501943430314534728e-02
1.484828556599687537e-02
1.467462059062614628e-02
1.450015152128646817e-02
1.432094589895570660e-02
1.413645637112692990e-02
1.394626478224841350e-02
1.375008163021032050e-02
1.354774328734375394e-02
1.333920731101891945e-02
1.312454615813602073e-02
1.290393960390099834e-02
1.267766614583628465e-02
1.244609365383770629e-02
1.220966950336119065e-02
1.196891040626189839e-02
1.172439212803377470e-02
1.147673925841684664e-02
1.122661517800158798e-02
1.097471234181830041e-02
1.072174298069056633e-02
1.046843030141752194e-02
1.021550024963897157e-02
9.984366326166645503e-03
1.002387573180443976e-02
1.005684547192905315e-02
1.008296813682796160e-02
1.010199026856858744e-02
1.011371178369194039e-02
1.011798492290512386e-02
1.011471278562393536e-02
1.010384750288402522e-02
1.008538810177093438e-02
1.005937811047486613e-02
1.002590295109821034e-02
9.985087164002140123e-03
9.937091504363566863e-03
9.882109948861289919e-03
9.820366646956023987e-03
9.752112848427601025e-03
9.677623835634412142e-03
9.597195886234258927e-03
9.511143289318296432e-03
9.419795434760472319e-03
9.323493993777794836e-03
9.222590205426381763e-03
9.117442282042725887e-03
9.008412944062821337e-03
8.895867092933286077e-03
8.780169628447197921e-03
8.661683415721323567e-03
8.540767404586124475e-03
8.417774903599194863e-03
8.293052008593685201e-03
8.166936185010617577e-03
8.040928519123871632e-03
7.914567342547400991e-03
7.787634694292459338e-03
7.660425291716334469e-03
7.533220648607120463e-03
7.406288471092609821e-03
7.279882177302278434e-03
7.154240534531419206e-03
7.029587406897073662e-03
6.964650618360828868e-03
6.929402709463630509e-03
6.892558103407646179e-03
6.854193773415104274e-03
6.814387709680335206e-03
6.773218573878705961e-03
6.730765374321118905e-03
6.687107161836598236e-03
6.642322746381460093e-03
6.596490433765520890e-03
6.549687782756737249e-03
6.501991381634894193e-03
6.453476644210171843e-03
6.404217624501970345e-03
6.354286849643023261e-03
6.303755170455472082e-03
6.252691628901712283e-03
6.201163341880390305e-03
6.149235400612855680e-03
6.096970784807293105e-03
6.044430291195517294e-03
5.991672475029757687e-03
5.938753604626691336e-03
5.885727627479748168e-03
5.832646147658838640e-03
5.779558413468191720e-03
5.726511314798616095e-03
5.673549389316705563e-03
5.620714836901968478e-03
5.568047541651909536e-03
5.515585100528047624e-03
5.463362858416510870e-03
5.421533551883414050e-03
5.389933982609581772e-03
5.358380209054404257e-03
5.326892159896629529e-03
5.312829333716517777e-03
5.307375272491539342e-03
5.300851107837977784e-03
5.293283686337067230e-03
5.284701896076270632e-03
5.275136381612787091e-03
5.264619275041454785e-03
5.253183943216531600e-03
5.240864751256311960e-03
5.227696841577613579e-03
5.213715928664466349e-03
5.198958108929090625e-03
5.183459685511686114e-03
5.167257007007527991e-03
5.150386320602762073e-03
5.132883637802447552e-03
5.114784613530598545e-03
5.096124437113892444e-03
5.076937734701828138e-03
5.057258483045137983e-03
5.037119933311473736e-03
5.016554545009497060e-03
4.995593928750137989e-03
4.974268798099167055e-03
4.952608928950678370e-03
4.930643126791547926e-03
4.908399200589256064e-03
4.885903943386954093e-03
4.863183118407026460e-03
4.840261450833359576e-03
4.817162624364782798e-03
4.793909282154339667e-03
4.770523032058040722e-03
4.747024455095708376e-03
4.723433117459804875e-03
4.699767585150974210e-03
4.676045441306743954e-03
4.652283305651086151e-03
4.628496855702003351e-03
4.604700849896573890e-03
4.580909151647067495e-03
4.557134755033265955e-03
4.533389810869643648e-03
4.509685653784087887e-03
4.486032829674005754e-03
4.462441123618459370e-03
4.438919587775614142e-03
4.415476569586475851e-03
4.392119739652550030e-03
4.368856119608502744e-03
4.345692109673517621e-03
4.322633515849851754e-03
4.299685576571314269e-03
4.276852988995332935e-03
4.254139934803251831e-03
4.231550105095924739e-03
4.209086725089814483e-03
4.186752577650248129e-03
4.164550026656014571e-03
4.142481039261024060e-03
4.120547207584737172e-03
4.098749769760963793e-03
4.077089630143884008e-03
4.055567378740760481e-03
4.034183310212445354e-03
4.012937441721268345e-03
3.991829530504620825e-03
3.970859090483365786e-03
3.950025408288602817e-03
3.929327558708390136e-03
3.908764419252554884e-03
3.888334684435562280e-03
3.868036879163573149e-03
