2.385426974397198141e-01
2.450697000168487460e-01
2.382309180719578978e-01
2.436972371513266844e-01
2.653928777709892994e-01
3.915935671736478496e-01
4.148674762012281025e-01
2.976722648559983475e-01
4.175268814227050540e-01
4.730019506706615862e-01
4.722451039158384600e-01
5.083347094300021407e-01
5.090827316127537472e-01
7.050698441186281640e-01
4.842742052810357078e-01
5.688627072838888799e-01
5.220106898668320783e-01
6.502742310474725063e-01
7.341147000841902193e-01
6.805704764547469976e-01
9.823719626716289621e-01
8.746835784907152078e-01
1.023293915167368340e+00
9.840165798825544208e-01
8.985587302200559456e-01
1.347998390718835759e+00
1.582532350529933129e+00
1.373760152820579394e+00
1.552207020356796363e+00
1.339648597779768746e+00
1.974257856767593688e+00
2.033404850968347777e+00
1.859595675070312648e+00
1.974148680849162618e+00
1.894778308217852203e+00
1.662033470143978064e+00
1.585558851052617069e+00
1.391921985272837059e+00
9.334100889694351144e-01
1.041381244966747888e+00
9.637401417863069586e-01
8.994447708210367987e-01
7.887455160739507143e-01
7.028810057739030004e-01
6.376796103989303965e-01
5.417594551260855873e-01
5.180499545010591733e-01
5.007521827128424974e-01
4.708860988292590810e-01
4.083863361653004564e-01
4.118289604921531732e-01
4.590110749351830610e-01
4.005132228297552111e-01
4.222043823649146432e-01
3.764660444762125691e-01
3.027726604206786298e-01
2.686570383806219930e-01
2.437865874373647546e-01
2.352632222453732991e-01
2.143103107697931498e-01
2.088349445409252714e-01
2.016747016965280415e-01
1.843527332670828744e-01
1.716907307370448832e-01
1.663581081369500669e-01
1.594402023559426673e-01
1.542855385789810296e-01
1.495540390658402774e-01
1.445701655889742032e-01
1.494552869716957721e-01
1.468772882419345227e-01
1.323750975484981329e-01
1.282419779558126305e-01
1.328995560802095355e-01
1.313836416597459200e-01
1.224914466165578086e-01
1.237004414722498030e-01
1.236634673807269769e-01
1.188231834844031554e-01
1.103653461911115741e-01
9.979032405187124311e-02
9.336780637908474734e-02
8.398476073615243620e-02
7.391159054817901530e-02
6.722156520636818344e-02
6.511900389463554095e-02
6.624092058948734263e-02
6.817772899196392067e-02
6.893690711063124588e-02
6.778396009931712818e-02
6.531443175193923922e-02
6.230858011077115149e-02
5.987723472467145619e-02
5.866787343633855789e-02
5.865528577042500302e-02
5.922413737481634771e-02
5.967900490365239674e-02
5.893523375961969707e-02
5.644743929875137983e-02
5.184981328159465885e-02
5.482418531999655453e-02
5.572439066597670992e-02
5.430578958799007344e-02
5.261743124180306985e-02
4.920681954947404152e-02
4.954783870931135648e-02
4.860136689071864469e-02
4.660401799821585478e-02
4.389565978162539295e-02
4.076214317879392479e-02
3.975233513485193493e-02
3.895636501686349645e-02
3.777907985136286922e-02
3.639161524259919289e-02
3.494191137675248249e-02
3.354358119964835627e-02
3.227157051660107384e-02
3.116362285402455093e-02
3.022597343342122225e-02
2.944149253236161626e-02
2.877860729025843653e-02
2.819965058945159489e-02
2.766771038407284458e-02
2.715149207961280869e-02
2.662809422298791431e-02
2.676070344579122018e-02
2.684642445047695850e-02
2.677066546941388181e-02
2.660448764845622927e-02
2.632594923727179723e-02
2.596272950792876538e-02
2.553982550508751906e-02
2.507688189165632048e-02
2.458767025682773513e-02
2.408082433023752203e-02
2.366984235805733028e-02
2.334752082406974655e-02
2.299466143028599391e-02
2.259745234480001544e-02
2.216495937071369035e-02
2.170760421055795489e-02
2.123665714670172275e-02
2.076328089420982972e-02
2.029739426526862983e-02
1.984663090928836041e-02
1.941561996516515121e-02
1.900573106142239288e-02
1.861532705204308955e-02
1.824047366909944956e-02
1.787598079150180125e-02
1.752670482929106696e-02
1.717881342370491254e-02
1.682904935997938528e-02
1.647794583655409068e-02
1.612904081678984483e-02
1.578873395897396198e-02
1.546573571381663209e-02
1.518733801700178875e-02
1.499483442010238199e-02
1.484662238121766537e-02
1.475152540511494650e-02
1.471644991636179844e-02
1.474560548232608029e-02
1.483991708052566014e-02
1.499666891316681766e-02
1.520939853599775037e-02
1.546804001040108859e-02
1.575929692985778702e-02
1.606721161115391705e-02
1.637388613873259555e-02
1.666030455923532549e-02
1.690720322808154236e-02
1.709593772504899162e-02
1.720929927748284308e-02
1.723224054337457387e-02
1.715782892991842695e-02
1.699825238533435659e-02
1.672158976099738514e-02
1.675199886654953757e-02
1.697553831292797702e-02
1.694481367397511484e-02
1.674828237657661686e-02
1.669213540711880425e-02
1.695365452679682347e-02
1.714366128686702767e-02
1.722156683642772287e-02
1.718539089063187558e-02
1.704924011902125142e-02
1.688349383620699196e-02
1.670321846331320609e-02
1.641249243065922778e-02
1.598991380956224506e-02
1.605984784707809726e-02
1.613428697247784246e-02
1.613109549756514688e-02
1.604790880743113893e-02
1.588133381677959630e-02
1.563922248682229552e-02
1.533952404444611888e-02
1.499381154401617164e-02
1.459883507505971810e-02
1.416469095443004082e-02
1.370146396775645189e-02
1.321900632398746549e-02
1.272940331403847949e-02
1.224480843619015803e-02
1.176538050353388709e-02
1.129852178487086162e-02
1.085073566392169217e-02
1.042757006195415073e-02
1.003358717807831257e-02
9.672357416411385758e-03
9.346475026918188087e-03
9.057592756186130800e-03
8.806472673292081027e-03
8.593050298705086354e-03
8.416509201664260781e-03
8.275363335250206925e-03
8.167544536887628645e-03
8.090492818232080524e-03
8.041247297403441782e-03
8.016535873845613905e-03
8.012862003744626940e-03
8.026587195187392249e-03
8.054008098745490604e-03
8.091427316430909247e-03
8.135217284531254603e-03
8.181876802505264751e-03
8.228079975121056072e-03
8.270717510113696422e-03
8.306930466047357520e-03
8.334136675384819920e-03
8.350050176266025567e-03
8.352694073639791231e-03
8.340407318914487902e-03
8.311845945483630621e-03
8.265979331514969677e-03
8.202082077872881183e-03
8.119722094532155765e-03
8.018745481418940169e-03
7.899258773844290010e-03
7.763770018423212307e-03
7.614273444596550942e-03
7.447722452697602864e-03
7.265011199704706803e-03
7.067188511411442130e-03
6.855434690411434280e-03
6.761628280432595110e-03
6.743131074891870781e-03
6.705284371884403204e-03
6.657800330269402281e-03
6.716248043980053289e-03
6.760869271012328111e-03
6.791499106898875489e-03
6.808091464848891640e-03
6.810711428674313603e-03
6.799527147469824201e-03
6.776241917377356060e-03
6.743546022446375056e-03
6.697971038068406546e-03
6.639990301921190434e-03
6.570139091883690774e-03
6.489006215234690601e-03
6.397225822007724348e-03
6.295469502090849517e-03
6.184438715379231982e-03
6.096098412103245941e-03
6.029523938996932467e-03
6.027515609555078070e-03
6.017283543848970205e-03
5.999079856014865805e-03
5.973182962448105211e-03
5.939894123191831118e-03
5.899534117384478554e-03
5.852440065717431916e-03
5.798962409015024494e-03
5.739462050833915932e-03
5.675476841507666979e-03
5.611313380767835382e-03
5.622624743716498653e-03
5.629225747039468333e-03
5.631243136142827233e-03
5.628813184206445108e-03
5.622080437146422145e-03
5.611196519374958558e-03
5.596319002300367135e-03
5.577610335621272300e-03
5.555236841762721013e-03
5.529367773312508956e-03
5.500174432702517949e-03
5.467829353242574519e-03
5.433313361915419019e-03
5.396996933142331893e-03
5.357986373200674703e-03
5.370974144262616323e-03
5.381297773907666414e-03
5.388122615774879401e-03
5.391552265155280521e-03
5.391694963503860724e-03
5.388662877422680311e-03
5.382571417172177068e-03
5.373538594775358057e-03
5.361684421408607903e-03
5.347130343439015360e-03
5.329998716633683672e-03
5.310412317403970760e-03
5.288493890659254695e-03
5.264365732564170799e-03
5.238149307657276495e-03
5.209964898807073995e-03
5.179931288807948508e-03
5.148165472353812867e-03
5.114782397055905525e-03
5.079894732101798184e-03
5.043612663276517312e-03
5.006043712843927067e-03
4.967292583107488398e-03
4.927461022187892316e-03
4.886647710699899144e-03
4.844948168062106729e-03
4.802454677232542019e-03
4.759256226358402411e-03
4.715438466581247344e-03
4.671083684400722212e-03
4.626270787675965286e-03
4.581075304280743388e-03
4.535569392179369420e-03
4.489821859920874701e-03
4.443898196806651650e-03
4.397860611702816835e-03
4.351768079518562524e-03
4.305676394861519818e-03
4.259638231638199560e-03
4.213703208408475440e-03
4.167917958298236920e-03
4.122326203188178897e-03
4.076968831428807137e-03
4.031883978528983531e-03
3.987107110277350770e-03
3.942671107896044552e-03
3.898606354635963597e-03
3.854940823604104463e-03
3.811700166066649478e-03
3.769068108753491873e-03
3.727028590613306810e-03
3.685457944924718388e-03
3.644374281267769630e-03
3.603793810208772569e-03
3.563730928819207073e-03
3.524198305020237020e-03
3.485206960894874327e-03
3.446766354401750981e-03
3.408884459490564567e-03
3.371567844671036034e-03
3.334821749625097639e-03
3.298650159941339879e-03
3.263055879977005708e-03
3.228040603408676920e-03
3.193604982051623242e-03
3.159748692178922670e-03
3.126470498842299616e-03
3.093768318016959767e-03
3.061639276428391575e-03
3.030079769198540558e-03
2.999085515351806661e-03
2.968651611032011115e-03
2.938772580573556330e-03
2.909442425371510949e-03
2.880654670741711158e-03
2.852402410425620548e-03
2.824678349390407402e-03
2.797474844183247926e-03
2.770783941630934003e-03
2.744597415451204350e-03
2.718906800992292993e-03
2.693703428086519341e-03
2.668978452190290222e-03
2.644722883676101002e-03
2.620927615589035368e-03
2.597583449515387249e-03
2.574681120165774571e-03
2.552211318151421850e-03
2.530164711505894243e-03
2.508531965614660755e-03
2.487303761853625495e-03
2.466470814955497737e-03
2.446023888981601734e-03
2.425953812296662016e-03
2.406251491031820549e-03
2.386907921864718854e-03
2.367914203459715265e-03
2.349261546937041721e-03
2.330941285457574681e-03
2.312944882835999121e-03
2.295263941285530501e-03
2.277890208330512860e-03
2.260815583011386784e-03
2.244032121159558486e-03
2.227532040286520163e-03
2.211307723422189803e-03
