1.543740564368740464e-01
1.533314584518465362e-01
1.538921976291388882e-01
1.587476314908372321e-01
1.591691388251797457e-01
1.704894032152291794e-01
2.285524510754902427e-01
2.305699153214192665e-01
2.142153358295178778e-01
4.064473796967750241e-01
2.545926988097546029e-01
2.671173673662141645e-01
3.846954864122082984e-01
3.460299295619391202e-01
4.360162226657672280e-01
4.127897540660942499e-01
5.702142765815612080e-01
4.961741304745169168e-01
5.524651904030452032e-01
5.668640227220680394e-01
6.233358998752029922e-01
4.740939643657371971e-01
4.041356020533742877e-01
4.222000059579705256e-01
3.854593206406192185e-01
4.041095692220409430e-01
3.915617057791029310e-01
3.359979146416785523e-01
3.942879992357322672e-01
4.730769404666698152e-01
4.297205033645458139e-01
4.110319942987140651e-01
4.203100542597218992e-01
4.469179889898400870e-01
5.394535672175582164e-01
5.364510482987211448e-01
5.100011941107159830e-01
6.144711046338949822e-01
5.609089912671757494e-01
6.052182393382714576e-01
7.006302777058034392e-01
6.112734088990970927e-01
5.340659234070773698e-01
5.722230578840027393e-01
5.952306154638655755e-01
6.109453750195351640e-01
6.188371830944915386e-01
6.535255366343521999e-01
7.523689057312488160e-01
8.248695701277840575e-01
8.255557586581395713e-01
7.767232319299995913e-01
6.891449958011820476e-01
8.134093843602503426e-01
8.353795715899152707e-01
8.436086893214007620e-01
8.798863492929970276e-01
9.334267924834134256e-01
1.075625915350431283e+00
1.223695033783773756e+00
1.298708899505329528e+00
1.180976789606956956e+00
1.230293822200763332e+00
1.210685565109935080e+00
1.041222662022158296e+00
9.214525072083482593e-01
8.441922717134601184e-01
8.469085801108560130e-01
8.559916047463025368e-01
8.272742471365938099e-01
7.550115037556681674e-01
6.384594648898910263e-01
5.322401836428809485e-01
5.214976315963074649e-01
5.072717903044353660e-01
4.817579575481448773e-01
4.976461252345426023e-01
5.156434325510467209e-01
4.907276233748822936e-01
4.254436488844569597e-01
3.682406438710658647e-01
3.157757812440550316e-01
3.101455066471742184e-01
3.210469238095690070e-01
3.280305959924401660e-01
3.231058997205886185e-01
3.074250779413470469e-01
2.865674513676885748e-01
2.691912810231489872e-01
2.579514490400494076e-01
2.497232075275765406e-01
2.522785642773118786e-01
2.655201151367505563e-01
2.622263489734545927e-01
2.600742039621106727e-01
2.514670932940025194e-01
2.507722723082271843e-01
2.399298154351882095e-01
2.340209408965874816e-01
2.275708990361182960e-01
2.116562991840194308e-01
1.880547123851796232e-01
1.802413174948508112e-01
2.015021156026332860e-01
2.046769274153011631e-01
1.923692414886971347e-01
1.721566861611867616e-01
1.569131373197177048e-01
1.470257696435831596e-01
1.395602486521315966e-01
1.336266660734030942e-01
1.299465871976402676e-01
1.224684314350341086e-01
1.149059578303649326e-01
1.089850923156735069e-01
1.053680337557931918e-01
1.010228610697199852e-01
9.887219202922389871e-02
9.933189752778545656e-02
1.000227517338385247e-01
9.889900802171083805e-02
9.617403369957054637e-02
9.197366390372262168e-02
9.019529848549787121e-02
9.093227896433352109e-02
9.036493654352913130e-02
8.867598771959306347e-02
9.568327298762525912e-02
9.859394679304729625e-02
9.669209308389896396e-02
9.061228951492163175e-02
8.194953210229646845e-02
7.187956516495135062e-02
6.644379460098939760e-02
6.440972521835051923e-02
6.200641286139487590e-02
5.931860970739405436e-02
5.638230262897513806e-02
5.494124624791722061e-02
5.466298532248039382e-02
5.403006878833883919e-02
5.553025898899101309e-02
5.878755443998046060e-02
6.137569367974503309e-02
6.504469083667518969e-02
6.702860957462908331e-02
6.719361492161185501e-02
6.568070874743583976e-02
6.284746268827103022e-02
5.926426057038321898e-02
5.549643785943810664e-02
5.199997658802720663e-02
4.905109937731049613e-02
4.668803959853284891e-02
4.527751013123520324e-02
4.415697811734179551e-02
4.311250097911450974e-02
4.205405960483030170e-02
4.086446368069035495e-02
4.035902452057973933e-02
3.976039598701611860e-02
3.886129882401952867e-02
3.775391134306731178e-02
3.660041616848529883e-02
3.549085249615532844e-02
3.453897237717971219e-02
3.374710408940979900e-02
3.306401445612984491e-02
3.242902817872045373e-02
3.228844263262780484e-02
3.241095944444006421e-02
3.251864422246709962e-02
3.252685238600187823e-02
3.236637261132319782e-02
3.199035082491470672e-02
3.140032827308433111e-02
3.059317256507564087e-02
2.957245956753541682e-02
2.947646919570634516e-02
2.993205794675540127e-02
3.022550060680181255e-02
3.036283587133683029e-02
3.035996966070658373e-02
3.020844983534575964e-02
2.992848494250197403e-02
2.954307141681969048e-02
2.907499313507485791e-02
2.855426861730241475e-02
2.800317342707196386e-02
2.741477526382708058e-02
2.679552864113871058e-02
2.614741269864020307e-02
2.546885517715010913e-02
2.475593324768822143e-02
2.400368697033194651e-02
2.321806388894743015e-02
2.239009638101365635e-02
2.151177324216840131e-02
2.058465690624998803e-02
2.002069013118703417e-02
1.984718374834138627e-02
1.965238380617586808e-02
1.943941643441874159e-02
1.920608114284730328e-02
1.894468080474427316e-02
1.865382970846427360e-02
1.833261173222097695e-02
1.798054376669608323e-02
1.759753908743887096e-02
1.718387201356249075e-02
1.689412958677089308e-02
1.674194333181482780e-02
1.690876383428896110e-02
1.731185012812145804e-02
1.783549673968953461e-02
1.826486201480394256e-02
1.857108955443907694e-02
1.874153651978732391e-02
1.877232481235789618e-02
1.878048322949846249e-02
1.899413696038013827e-02
1.918607159423879951e-02
1.935441231835582573e-02
1.949743156383788867e-02
1.961355937289585918e-02
1.970341845669960554e-02
1.977560904657600302e-02
1.981744743453588489e-02
1.982802132839402848e-02
2.002633957188829431e-02
2.041577897667789382e-02
2.067769922793542131e-02
2.081865969024327898e-02
2.083715980862813066e-02
2.071708854175170755e-02
2.045997876946611255e-02
2.008880553266954513e-02
1.959954689819492710e-02
1.899159154143839623e-02
1.827611989257971539e-02
1.765944918069275310e-02
1.730170728046091094e-02
1.692684136585712387e-02
1.652887114144002689e-02
1.622350438632443742e-02
1.584077521156478444e-02
1.536973731527407558e-02
1.483010271002035106e-02
1.432771420374622656e-02
1.430303278462096740e-02
1.419192876407942595e-02
1.401113927313563448e-02
1.375966368646837877e-02
1.358603902777986289e-02
1.346121983256345737e-02
1.326309874821788096e-02
1.302724535970652998e-02
1.303232541388875919e-02
1.300621613706405555e-02
1.295004194008753107e-02
1.286879066223512759e-02
1.276679497990607440e-02
1.263852850165038920e-02
1.248557021554641891e-02
1.262032968716362592e-02
1.272279871951964396e-02
1.275297986324521425e-02
1.271793159385254703e-02
1.262796003888686652e-02
1.247826706033959739e-02
1.227453758894229106e-02
1.202293255474628890e-02
1.172994441762886461e-02
1.144041297838709753e-02
1.132195064481339615e-02
1.119266731152621271e-02
1.105495301188050283e-02
1.090579847365268432e-02
1.074624816314177778e-02
1.057734366318074937e-02
1.040011789443979519e-02
1.021558975505247255e-02
1.002475919018175343e-02
9.828602698023301137e-03
9.628069274945217151e-03
9.424076798113720926e-03
9.217508841315074156e-03
9.009211915125036121e-03
8.823792262594540303e-03
8.788279618669394763e-03
8.761384839358545007e-03
8.732523310380683676e-03
8.701755432086110201e-03
8.669143359202638802e-03
8.634750763278241023e-03
8.598642603849194696e-03
8.560884908200292256e-03
8.521544560213045044e-03
8.480689098147205229e-03
8.438386522010754912e-03
8.394705110042390700e-03
8.349713244581063662e-03
8.303479247546652342e-03
8.256071225013020612e-03
8.207556921173952622e-03
8.159067750350133472e-03
8.109688243487364265e-03
8.059366688521753599e-03
8.008168123758742374e-03
7.956156688975757341e-03
7.903395528593752661e-03
7.849946702778767479e-03
7.795871106554348035e-03
7.741228396316133728e-03
7.686076923795762995e-03
7.630473677011755280e-03
7.574474228019067480e-03
7.518132687084452988e-03
7.461501663249854067e-03
7.404632230639016967e-03
7.347573900514634687e-03
7.290374598745469510e-03
7.233080648260441226e-03
7.175736756369826413e-03
7.118386006711687614e-03
7.061703252380018697e-03
7.005078561724293468e-03
6.948538039614225725e-03
6.892118938239972722e-03
6.835856912618973845e-03
6.779786032680621549e-03
6.723938798063274803e-03
6.668346155835909624e-03
6.613037520264947004e-03
6.558040795216580308e-03
6.503382398410660625e-03
6.449087287397286573e-03
6.395178987457471320e-03
6.341679620772838755e-03
6.288609937073208651e-03
6.235989345248713241e-03
6.183835946124178508e-03
6.132166566078622004e-03
6.080996791274047991e-03
6.030341002619610952e-03
5.980212411107471357e-03
5.930623093512746476e-03
5.881584028482868438e-03
5.833105132526230328e-03
5.785195296327832852e-03
5.737862420806293280e-03
5.691213003283780020e-03
5.645214083134149699e-03
5.599797702875931177e-03
5.554968695958319158e-03
5.510731071149439254e-03
5.467088046974974413e-03
5.424042085488223718e-03
5.381594925724798861e-03
5.339747616512469271e-03
5.298500548775886970e-03
5.257853487137090047e-03
5.217805601030942736e-03
5.178355494974039991e-03
5.139501238229116434e-03
5.101240393804679779e-03
5.063570046690900155e-03
5.026486831276170443e-03
4.989986958176297928e-03
4.954066240176876676e-03
4.918720117453597752e-03
4.883943682066830064e-03
4.849731701617016576e-03
4.816078642177801065e-03
4.782978690408610720e-03
4.750425775031618704e-03
4.718413587349016940e-03
4.686935601264648893e-03
4.655985092297600624e-03
4.625555156023214258e-03
4.595638725793663865e-03
4.566228589654412404e-03
4.537317406592848712e-03
4.508897722170418509e-03
4.480961983356763524e-03
4.453502552786103158e-03
4.426511722319493441e-03
4.399981726026493123e-03
4.373904752483380801e-03
4.348272956476294249e-03
4.323078470158160831e-03
4.298313413608601148e-03
4.273969904831527271e-03
4.250040069200392012e-03
4.226516048370218027e-03
4.203390008789646519e-03
4.180654149509903383e-03
4.158300709717832437e-03
4.136321975687333972e-03
4.114710287352422828e-03
