2.068589426852800173e-01
2.074325137308052069e-01
2.090816351067737999e-01
2.087782650421868835e-01
2.097539754344397434e-01
2.173192636139987255e-01
2.439776775949697163e-01
3.238141020893131605e-01
3.429550040661389909e-01
3.968459404067055663e-01
2.859860681158395979e-01
3.603912019333357364e-01
6.006488027350315173e-01
4.191791676220256169e-01
5.499247652259613428e-01
5.939991449438593030e-01
4.614838324789831137e-01
4.182283141815849592e-01
4.527407148789568403e-01
4.798573840283776870e-01
4.666023083690672424e-01
6.061232864737309267e-01
6.822441790389730532e-01
5.356534481697649008e-01
6.336541031142385316e-01
7.357748815055236147e-01
8.975230391607892377e-01
7.708918331543365143e-01
7.653684763372178290e-01
5.985677054073511583e-01
7.595878347173261602e-01
7.453285328415324429e-01
7.631831466894645200e-01
7.479126092396480852e-01
8.992321485910298451e-01
8.772099005820226392e-01
9.721182035474023042e-01
1.142199907630473188e+00
1.138707179769051336e+00
1.514823991299210526e+00
1.573569418087617855e+00
1.865781518325894561e+00
1.805099521491110748e+00
1.862615371742408321e+00
1.967220695050738266e+00
1.860947302909150780e+00
1.741102356544491192e+00
1.348614527699251164e+00
1.162383862656624300e+00
1.054752588056341978e+00
8.720186307936452774e-01
8.055595820865907308e-01
8.720074757103710716e-01
9.089760987263070247e-01
8.092550121809324315e-01
7.258385522673366230e-01
6.357928512830410828e-01
5.406781981413300020e-01
5.330667504446164884e-01
5.578525428823696286e-01
5.902322433109011834e-01
5.472588362959459607e-01
4.313322645655646714e-01
4.008797978510962867e-01
3.918138271118653537e-01
4.173280942668567972e-01
3.784278529436707617e-01
3.485527098091464326e-01
3.536530116760422948e-01
3.488894911140566490e-01
3.303612855844835217e-01
3.060848643418454529e-01
3.000757261702916012e-01
2.826021347369267467e-01
2.596802883481005852e-01
2.343749117276891225e-01
2.331282267401797170e-01
2.431238618712503741e-01
2.306211614437841118e-01
2.282909054068998356e-01
2.189255551865470772e-01
2.216524747100695747e-01
2.153694943254722827e-01
1.905603605174505943e-01
1.955191401275346019e-01
1.781461145247126843e-01
1.690644580658378915e-01
1.703424892380245859e-01
1.627990534479704654e-01
1.484581932921313907e-01
1.400232379892470957e-01
1.333642458274630904e-01
1.355614362302497156e-01
1.437702542193218247e-01
1.389600079035169800e-01
1.460083392259012569e-01
1.382527212012654994e-01
1.218672394392725788e-01
1.052808930992094327e-01
1.017649665797416558e-01
9.674173074046758802e-02
9.176852684466518806e-02
8.738404846163740081e-02
8.379435746975195942e-02
8.108909411818064628e-02
7.927168599575705465e-02
7.826273803477480639e-02
7.787704990465894872e-02
7.787568367798625157e-02
7.768282552963587384e-02
7.674105122376380372e-02
8.143044641794312810e-02
8.498873038671277136e-02
8.577398968491822817e-02
8.292503225156273861e-02
7.640082102081748039e-02
7.806569212956021575e-02
7.923021735032566293e-02
7.677592509859346159e-02
7.242992150146561336e-02
6.822693601392595952e-02
6.536850268625184202e-02
6.380779694078293762e-02
6.254214810093638999e-02
6.241918004038257695e-02
5.984023355301518188e-02
5.661100218778125637e-02
5.382341960086161475e-02
4.922752494645282056e-02
4.404249080395390703e-02
4.271249000335899937e-02
4.149344501468176655e-02
4.175610351743033744e-02
4.183276853839380111e-02
4.457919306311004803e-02
4.745835354668166001e-02
4.898577777236405584e-02
4.882056160186708238e-02
4.709596093142934953e-02
4.496205695557868587e-02
4.223110241867798070e-02
3.895465079553597776e-02
3.719095580834608228e-02
3.633325580145628508e-02
3.546559841098306798e-02
3.458930787095142179e-02
3.369025653465326092e-02
3.277406241157903438e-02
3.269132631059004646e-02
3.304620485581222233e-02
3.286505096906443268e-02
3.205032299297033704e-02
3.120045329436811968e-02
3.143314232359996352e-02
3.120916236164867838e-02
3.055637203666509982e-02
2.958894030084375376e-02
2.845250446487551307e-02
2.729715863454733327e-02
2.625455362495987544e-02
2.541987988081863964e-02
2.484594223633354235e-02
2.453924682920080244e-02
2.446682528818517471e-02
2.456594622930361252e-02
2.475655215191197023e-02
2.495407652593761849e-02
2.509685838333523822e-02
2.511917167716230109e-02
2.497229271254505778e-02
2.463760437045646109e-02
2.411973329952976294e-02
2.344349607842623889e-02
2.264899662309259251e-02
2.178568796280736658e-02
2.091810095164280819e-02
2.007946579834170298e-02
1.931233491216986439e-02
1.864970466586757941e-02
1.811190607442376282e-02
1.770591637085735734e-02
1.742601933177713100e-02
1.725557775997915363e-02
1.716961030748064693e-02
1.713783224438552091e-02
1.712782282128054792e-02
1.712784264884236254e-02
1.737904341338762648e-02
1.767083038967474234e-02
1.797873710866263949e-02
1.827988256082108479e-02
1.855453948422487384e-02
1.878725773886811071e-02
1.896750319413387231e-02
1.908981661610692840e-02
1.915353517271432826e-02
1.916214909245892231e-02
1.913529984572470005e-02
1.907205895386054548e-02
1.897856509039163794e-02
1.886457710181067837e-02
1.873885038625477603e-02
1.860830227378557078e-02
1.848203182063506977e-02
1.836697927587713913e-02
1.825221546870409509e-02
1.813388670811141162e-02
1.800562407722231667e-02
1.785902665947396856e-02
1.770035243625233540e-02
1.770869703644310442e-02
1.810804232006021572e-02
1.870013878037973115e-02
1.927498636473395227e-02
1.978320206731118414e-02
2.021515623595014979e-02
2.056210804463251898e-02
2.080389440726549549e-02
2.093204391921582933e-02
2.094454121098084792e-02
2.082423636843430681e-02
2.057576166095822709e-02
2.020412624245000732e-02
1.970572409068949496e-02
1.909175129558888726e-02
1.840768983063198819e-02
1.798575279121804663e-02
1.780372374369385696e-02
1.767905549894987008e-02
1.775969561317632464e-02
1.773163880001249124e-02
1.757789182172188325e-02
1.731816584633513387e-02
1.696851911642593622e-02
1.674363356884520440e-02
1.652134303567791632e-02
1.624925782434924124e-02
1.591830885988501643e-02
1.553645572204336023e-02
1.511185765368232292e-02
1.466142278405924669e-02
1.422934049698142654e-02
1.408497266244182304e-02
1.391619587260354077e-02
1.372593646245635554e-02
1.351710791471608629e-02
1.329492366264258332e-02
1.306515619606055459e-02
1.282442031652160537e-02
1.257520964168961849e-02
1.231985059799486047e-02
1.206048707229972171e-02
1.179907021480707495e-02
1.153735292864919819e-02
1.127688853939115554e-02
1.101903311685679086e-02
1.076495091364893138e-02
1.051562239247385080e-02
1.027185433384865398e-02
1.003429154231040045e-02
9.803429704893737787e-03
9.665893201774385449e-03
9.542793267070409993e-03
9.422405003874822355e-03
9.302946795148928777e-03
9.184780332295935587e-03
9.068209959813292032e-03
8.953486742222266370e-03
8.840812696902521778e-03
8.730345109287322714e-03
8.622200855413184734e-03
8.516460668617061025e-03
8.413173296366692824e-03
8.312359502430269331e-03
8.214015878664224571e-03
8.118118438045799842e-03
8.024625969072199730e-03
7.933483136653159129e-03
7.844623322112722133e-03
7.757971198782805111e-03
7.673445044733098394e-03
7.590958797725829051e-03
7.510423860625658858e-03
7.431750668212102826e-03
7.354850027750478580e-03
7.279634247913653253e-03
7.206018071029460757e-03
7.133919424880877727e-03
7.063260010032383802e-03
6.993965738984968261e-03
6.925967043263294744e-03
6.859199063919169288e-03
6.793601740437423854e-03
6.729119812157586394e-03
6.665702745865763161e-03
6.603304601521093296e-03
6.541883848056044733e-03
6.481403139433987957e-03
6.421829060597005270e-03
6.363131851720654243e-03
6.305285118337353688e-03
6.248265533913941079e-03
6.192052540639936438e-03
6.136628053307435597e-03
6.081976170180245986e-03
6.028082894616037211e-03
5.974935869807871357e-03
5.922524128911518804e-03
5.870837862036752154e-03
5.819868201334056808e-03
5.769607024716945885e-03
5.720046778426219648e-03
5.671180318683474199e-03
5.623000771821980853e-03
5.575501412461654309e-03
5.528675559194414987e-03
5.482516486567373844e-03
5.437017352635255783e-03
5.392171141030714307e-03
5.347970616172989869e-03
5.304408290849147757e-03
5.261476404538652750e-03
5.219166911850239322e-03
5.177471479414792049e-03
5.136381490517279332e-03
5.095888056280707332e-03
5.055982032219112458e-03
5.016654039594609440e-03
4.977894490342079509e-03
4.939693614906536488e-03
4.902041492158494725e-03
4.864928080950294345e-03
4.828343252245104709e-03
4.792276821758532576e-03
4.756718582235337257e-03
4.721658335348564127e-03
4.687085922292685489e-03
4.652991253441693398e-03
4.619364336258664945e-03
4.586195301534400255e-03
4.553474427792038835e-03
4.521192163566513031e-03
4.489339147712256665e-03
4.457906227485661579e-03
4.426884474585424632e-03
4.396265198879526458e-03
4.366039960204180434e-03
4.336200577990292036e-03
4.306739138925809625e-03
4.277648002744388264e-03
4.248919806132692156e-03
4.220547465021107399e-03
4.192524175116211886e-03
4.164843411231832979e-03
4.137498924889280484e-03
4.110484740948649844e-03
4.083795153002649052e-03
4.057424717737575549e-03
4.031368248492769348e-03
4.005620807907903438e-03
3.980177699939702225e-03
3.955034461465517341e-03
3.930186853135315440e-03
3.905630850043345821e-03
3.881362632055555643e-03
3.857378573962295075e-03
3.833675235434705515e-03
3.810249350920931997e-03
3.787097819667698418e-03
3.764217695601781728e-03
3.741606177569038218e-03
3.719260599502604518e-03
3.697178420894535553e-03
3.675357217621815723e-03
3.653794672755146869e-03
3.632488567886571658e-03
3.611436774850792022e-03
3.590637247463288832e-03
3.570088013872344153e-03
3.549787169214529969e-03
3.529732868543290509e-03
3.509923320302201291e-03
3.490356779928371900e-03
3.471031544075343662e-03
3.451945945030511845e-03
3.433098345537478717e-03
3.414487134062543956e-03
3.396110720247658751e-03
3.377967530843319337e-03
3.360056005844175991e-03
3.342374595050874846e-03
3.324921754896195680e-03
3.307695945545369685e-03
3.290695628144458922e-03
3.273919262667709332e-03
3.257365305640103851e-03
3.241032208403156305e-03
3.224918415224026832e-03
3.209022362145210264e-03
3.193342475445192386e-03
