1.510031201289882274e-01
1.498706789120273775e-01
1.493992086841514355e-01
1.497689409074424716e-01
1.554670072627807875e-01
1.636191454124188982e-01
1.763912192705313353e-01
2.288550556676600123e-01
1.869737446922898616e-01
2.056895824108130599e-01
3.568718869794504367e-01
2.145750284310602440e-01
2.998407126819045421e-01
3.389955984147195456e-01
3.193348658928292783e-01
2.616430148304880188e-01
3.854656291947096691e-01
3.386629453435518466e-01
4.067348270434125723e-01
6.222181196555203186e-01
7.019257705032394545e-01
5.915475317523584131e-01
4.503086394322980968e-01
4.976427192789358855e-01
4.340138640692707828e-01
4.407577261887458131e-01
3.679103960261335127e-01
3.790527141576178760e-01
3.477988723721003317e-01
3.533865792152310337e-01
3.429753280470668186e-01
3.815103522263242897e-01
3.624749535533104972e-01
4.255388015228656617e-01
3.972910856435479254e-01
3.602826297031147540e-01
3.678200203404053403e-01
3.910357563154090443e-01
3.352677250844318668e-01
3.326101281181557678e-01
3.792184681708743454e-01
3.905840691225941907e-01
4.252249210317568529e-01
4.466398658237616393e-01
4.309111495379635559e-01
4.548571448859505262e-01
5.125485003062497658e-01
4.943339510352896538e-01
4.563582218441991079e-01
5.250859892928637640e-01
5.821324553767610599e-01
6.231193742953442527e-01
7.352311916031992745e-01
7.942007925347679409e-01
7.150886681833067415e-01
7.198728827213454196e-01
7.244280042186738156e-01
7.301086632823765576e-01
7.581929215894804841e-01
8.047440691285530079e-01
8.479789508461660352e-01
8.610118658327172714e-01
9.130410121632872578e-01
1.185546739915521286e+00
1.283027759726285355e+00
1.135374673022290892e+00
1.050787507479137517e+00
9.384542080116199392e-01
8.205204192053920931e-01
7.104121525458483299e-01
7.501544336941138313e-01
7.197666938754073707e-01
7.019191553108798942e-01
6.801039646246359593e-01
5.761064994631184266e-01
5.660415159198770585e-01
5.443526542783009292e-01
5.243063453580950606e-01
4.921215870937471482e-01
4.524816847048769852e-01
4.185363749630993668e-01
4.016820844383262035e-01
4.509368552486062720e-01
4.460340456995637859e-01
4.192905062109169578e-01
3.599873168085987452e-01
3.181218064024340930e-01
2.986026825698391840e-01
2.805131122440903124e-01
2.626974081655404913e-01
2.458950593825094122e-01
2.326716513628853400e-01
2.239340089401798128e-01
2.192645112435341881e-01
2.170246178719378305e-01
2.139498548866289040e-01
2.082301912845084535e-01
1.990524624198876380e-01
1.899114711006976430e-01
1.820263114914567326e-01
1.736787247190703654e-01
1.636794182248098029e-01
1.535468986722291207e-01
1.441217444900299571e-01
1.361433492049473892e-01
1.298417642145465734e-01
1.250678985020260980e-01
1.214798194770520673e-01
1.187480625069064211e-01
1.165843037826479744e-01
1.148417118873519410e-01
1.134893337284918202e-01
1.125527401788251475e-01
1.120447267264556152e-01
1.119059725446925335e-01
1.119898237905855992e-01
1.122149478922536137e-01
1.120679103521689535e-01
1.113754946543003277e-01
1.097129841216477747e-01
1.070538121780844343e-01
1.051607242620280352e-01
1.046209200137983714e-01
1.027339745262181581e-01
1.070160998794193324e-01
1.079200586949407431e-01
1.053177246282864798e-01
9.977287896915522369e-02
9.642471101446171977e-02
9.232838867788201176e-02
8.624118474187149330e-02
7.944714853763554241e-02
7.319333797177526857e-02
6.842430411932587386e-02
6.557090110206317823e-02
6.452125492614081692e-02
6.469458632024140121e-02
6.526059032206192601e-02
6.546454011800859063e-02
6.468297756653276775e-02
6.265824703539406293e-02
6.312050020272449991e-02
6.444028626021733319e-02
6.473550315462134330e-02
6.385818619035449339e-02
6.194599833415832812e-02
5.922464513596324698e-02
5.600666306349705303e-02
5.263065672059637906e-02
4.940863621432543124e-02
4.657363640968228968e-02
4.429352516159037328e-02
4.262827016295460403e-02
4.154661165805292183e-02
4.095291536729978726e-02
4.072286606140805565e-02
4.071285106610257609e-02
4.079335174212292414e-02
4.088830961752362020e-02
4.093397765383796627e-02
4.090002131635864929e-02
4.078106729789642698e-02
4.058553255191477832e-02
4.032593516049984284e-02
4.003173340604834762e-02
3.969892691687724323e-02
3.930115688535160828e-02
3.881842650711938431e-02
3.822944814515732287e-02
3.754285106573806985e-02
3.672147184170892337e-02
3.626775464621501827e-02
3.556899368008718809e-02
3.466338232629727345e-02
3.354921924287841001e-02
3.224259781236393091e-02
3.081848555895214462e-02
2.932748836569223569e-02
2.782701067355997093e-02
2.639173944355506160e-02
2.509160880023997633e-02
2.398617126755663020e-02
2.312008911167604680e-02
2.252009486859809020e-02
2.220331509984331195e-02
2.215777221110199272e-02
2.234084091278321776e-02
2.270724813604247175e-02
2.320153339205205389e-02
2.376236606847654392e-02
2.432693560405735367e-02
2.483508185708895727e-02
2.524366516356118390e-02
2.551878685954203640e-02
2.560898102268681364e-02
2.550230964414370444e-02
2.520663759383567210e-02
2.469329057732906618e-02
2.400394268495737241e-02
2.313373726716350803e-02
2.224435759228499468e-02
2.287020391780844250e-02
2.337481723122764379e-02
2.374525168808141323e-02
2.398593922509312595e-02
2.410096963594748898e-02
2.407757783297172563e-02
2.392533721008748698e-02
2.367837709222862103e-02
2.332475751451284010e-02
2.288057966897015516e-02
2.237949510062973643e-02
2.182453838386451406e-02
2.122933565025140676e-02
2.061091201865343156e-02
1.999016036363056303e-02
1.937881013964684249e-02
1.878421176097555198e-02
1.821683062086150093e-02
1.768498392970223668e-02
1.719483401000527698e-02
1.675045951898232466e-02
1.635399078483732588e-02
1.600579504247296933e-02
1.570469760093592959e-02
1.544822574460750879e-02
1.523286334462589826e-02
1.505430560863514969e-02
1.490770502499781831e-02
1.478790125983003335e-02
1.468962946347798955e-02
1.460770306952766801e-02
1.453716867411901717e-02
1.447343192724395711e-02
1.441235453149893563e-02
1.435032341003873550e-02
1.428429387768816866e-02
1.421180922902170844e-02
1.413099955812684161e-02
1.404056286574313812e-02
1.393973160501129835e-02
1.382822779420929231e-02
1.370620970136876907e-02
1.357421290390738687e-02
1.343308826961552190e-02
1.328393910562953792e-02
1.312805940407596461e-02
1.296687478453173101e-02
1.280188740958649631e-02
1.263462584045512566e-02
1.246660051056240615e-02
1.229926523263364692e-02
1.213398492366149148e-02
1.197276440110602719e-02
1.181589857726248784e-02
1.166422614455272025e-02
1.151857719941224920e-02
1.137962073796048960e-02
1.124786391412190001e-02
1.112365502624900956e-02
1.100718965930043251e-02
1.089851941578590458e-02
1.079756269031726702e-02
1.070411697340923479e-02
1.061787221106520046e-02
1.053842479152086557e-02
1.046529178029945682e-02
1.039792507520589417e-02
1.033572520376579290e-02
1.027805453514641157e-02
1.022424972529863141e-02
1.017363325825818704e-02
1.012552398648705609e-02
1.007924660837431451e-02
1.003414005355516246e-02
9.989564772726359718e-03
9.944908952057960813e-03
9.899593690423251491e-03
9.853077192480583571e-03
9.804858041930025053e-03
9.754477626485954372e-03
9.701521791650737428e-03
9.645621802491528146e-03
9.586454692734610455e-03
9.523743079658629831e-03
9.457254519523245612e-03
9.386800474977793907e-03
9.312234960517203064e-03
9.233452927388844170e-03
9.150388442465079084e-03
9.063912179945392278e-03
8.974026421138269621e-03
8.879843732955342364e-03
8.781425995013242627e-03
8.678863951576489683e-03
8.572275020928898231e-03
8.461801124362880802e-03
8.347606549998266151e-03
8.229875862764551853e-03
8.108811869372394010e-03
7.984633644865759411e-03
7.857574624173174066e-03
7.727880761788128577e-03
7.595808760446478257e-03
7.461624368826046995e-03
7.325600747912695138e-03
7.257370176386752393e-03
7.219133487630772540e-03
7.180714611148905288e-03
7.141676638227716784e-03
7.102030536732714325e-03
7.061787595912127728e-03
7.020959447722499060e-03
6.979558090187582518e-03
6.937595911613625259e-03
6.895085714856133939e-03
6.852040740728042485e-03
6.808474689947260905e-03
6.764401743045221453e-03
6.719836577596911137e-03
6.674794382575968688e-03
6.629290869336929189e-03
6.583342279229912469e-03
6.536965387488238161e-03
6.490177503214475049e-03
6.442996465725782905e-03
6.395440637065645528e-03
6.377162525190043819e-03
6.388236326628663614e-03
6.393800662708434834e-03
6.393865241613759694e-03
6.392291461253997269e-03
6.390436768336430276e-03
6.386110980656814831e-03
6.379321611844383615e-03
6.370082602587262208e-03
6.358414101644845919e-03
6.344342232943576965e-03
6.327898849119487600e-03
6.309121273357977747e-03
6.288052030134475348e-03
6.264738566402481938e-03
6.239232964467602074e-03
6.211591647545068595e-03
6.181875080024915384e-03
6.150147462762164431e-03
6.116476425463242793e-03
6.080932717494607828e-03
6.043589897645283010e-03
6.004524024878681379e-03
5.963813350835415507e-03
5.921538015525442539e-03
5.877779746880317652e-03
5.832621565797591577e-03
5.786147497084075456e-03
5.739238601873407689e-03
5.691265251010988943e-03
5.642197936516085005e-03
5.592121748583250319e-03
5.541121542506869703e-03
5.489281700540853126e-03
5.436685904861858314e-03
5.383416921835339208e-03
5.329556397936020123e-03
5.275184668031149098e-03
5.220380575682732546e-03
5.165221305949130835e-03
5.109782230733084761e-03
5.054136766739403611e-03
4.998356245979821387e-03
4.942509798711593703e-03
4.886664248766964258e-03
4.830884020951241309e-03
4.775231060574624750e-03
4.719764764543986704e-03
4.664541923919026702e-03
4.609616677507690982e-03
4.555040476168830711e-03
4.500862057535359728e-03
4.447127430432228426e-03
4.393879869090429671e-03
4.341159916146617587e-03
4.289005394324990443e-03
4.237451426280797705e-03
4.186530461957172974e-03
4.136272313265081275e-03
4.086704195256823761e-03
4.037850773580125251e-03
3.989734217697384414e-03
3.942374259164918050e-03
3.895788254753285162e-03
3.852826714111897820e-03
3.873347011561644945e-03
3.893017094765850901e-03
3.911821412819578223e-03
3.929747781854048445e-03
3.946787224015286567e-03
3.962933803448124084e-03
3.978184461155202627e-03
3.992538848527785698e-03
