1.267706281984763705e-01
1.270288289355323563e-01
1.292430571032185393e-01
1.273002841966246468e-01
1.276387671463010687e-01
1.289719538257349252e-01
1.319754217575314081e-01
1.436022828249307604e-01
2.168417450351466103e-01
2.194230783823445108e-01
2.155335124522788914e-01
2.828589618962426555e-01
3.069113024369870546e-01
2.733656502260415344e-01
2.318644165858919082e-01
2.384669172301188411e-01
3.101675145391513122e-01
3.388605370416525320e-01
4.664000161608947148e-01
4.189761061284525412e-01
4.955726967328972776e-01
4.127336522139001262e-01
3.853413420005747381e-01
3.716656829955432562e-01
2.934827012878083452e-01
2.875889045567731062e-01
2.941802420933535833e-01
2.641962958649233806e-01
3.101024956116521514e-01
3.272050777768908403e-01
3.451177490011912985e-01
3.312698922191503192e-01
3.206526231662475968e-01
3.216347310794022696e-01
2.590118972260869734e-01
2.217111360057341940e-01
3.259880706766706826e-01
3.535701005799251062e-01
3.590902965276945857e-01
3.683681966487404313e-01
3.354095907307347857e-01
3.873643660754754747e-01
4.052779668381426004e-01
4.919708853956629158e-01
5.633144456015097834e-01
5.581152023052711186e-01
4.889712745988875620e-01
5.197385817945689990e-01
5.335330062880259128e-01
5.384829897149677747e-01
5.968492386460021448e-01
6.227650202124543899e-01
7.263519822297123119e-01
7.836797772552206442e-01
7.953829892804810120e-01
8.243559097681463221e-01
8.858331253993467769e-01
1.074366318271766430e+00
1.095212193004728274e+00
1.125181246771350008e+00
1.127211786236304025e+00
9.672910191141006475e-01
7.986368235092838885e-01
7.839411595004803779e-01
7.877504649869412345e-01
6.762455970286009865e-01
6.424251462663120860e-01
6.123046613011441375e-01
6.181784483403524044e-01
6.467778742761066679e-01
6.121759752584386982e-01
5.614415573193420883e-01
5.345513055063607633e-01
5.153628195979855775e-01
4.745304144989489492e-01
4.181048020983766933e-01
3.615278634789217960e-01
3.160469720066634292e-01
3.027419531383352957e-01
2.956486699912344585e-01
2.801819066248996126e-01
2.750299409517519278e-01
2.842496588822712722e-01
2.805573145962495518e-01
2.582188236568386253e-01
2.263887172349153265e-01
1.987334808543991804e-01
1.845567722017806278e-01
1.832523093423130411e-01
1.878615617367370427e-01
1.976438702818714421e-01
2.009606855350755394e-01
1.958703068447498474e-01
1.830564030707566570e-01
1.830326408863234278e-01
1.815731960565831471e-01
1.739180704806027600e-01
1.623091589726957940e-01
1.480449777554002644e-01
1.392410815091267018e-01
1.299456871355076371e-01
1.255791586942635041e-01
1.241120812911096494e-01
1.220237603356738448e-01
1.191624565257662360e-01
1.150644114983443433e-01
1.096441957713347459e-01
1.080119636787237464e-01
1.072089483244214880e-01
1.051680849498866921e-01
1.018632450693981312e-01
9.731389596304658440e-02
1.038870087273141701e-01
1.073987655267758107e-01
1.067745611841752762e-01
1.021443159773909176e-01
9.416578920406865061e-02
8.494641537467373382e-02
8.520741212480860416e-02
8.486603020263557007e-02
8.392462706509273840e-02
8.239932979327013740e-02
8.036031954529650190e-02
7.787614682598546778e-02
7.500388022627654805e-02
7.178915290228229940e-02
6.826944776788324010e-02
6.760870269187155279e-02
7.056607048400473370e-02
7.143054284372848950e-02
7.009585413212628124e-02
6.667183580058089198e-02
6.562398888051118595e-02
6.774570891836340092e-02
6.840129034634485905e-02
6.763316434754602924e-02
6.564600385385381542e-02
6.259663783240204671e-02
5.870216767809131181e-02
5.521534159746836062e-02
5.332500835217598989e-02
5.108655962558944497e-02
4.865197065111650371e-02
4.614855537950564301e-02
4.362082944586637839e-02
4.120176100513323059e-02
3.907749742960242578e-02
3.760654047318083559e-02
3.616531880934586302e-02
3.538022961910340658e-02
3.501557271548734473e-02
3.462082386487816410e-02
3.422545967435651482e-02
3.384873559822489109e-02
3.351430938382285452e-02
3.322509024814143674e-02
3.296313239315893512e-02
3.272140411346286665e-02
3.248950634805997106e-02
3.225490186632612444e-02
3.200400547390356426e-02
3.172313325694825492e-02
3.139931522139963876e-02
3.103882722700699107e-02
3.062770061817386355e-02
3.014477070463094169e-02
2.958503716765440925e-02
2.894636306583926386e-02
2.822957100927872900e-02
2.743842004386573205e-02
2.658166714593277954e-02
2.568601738568532938e-02
2.473948938077269455e-02
2.375497023775989536e-02
2.274676736975403055e-02
2.191287591343707777e-02
2.163731475735055157e-02
2.131298933035741597e-02
2.108202708217375015e-02
2.089829623920463550e-02
2.068913839274616473e-02
2.045452240154518875e-02
2.019481300465591697e-02
1.991178817601306147e-02
1.961606634356612491e-02
1.929791121466839163e-02
1.895886737303060371e-02
1.860070539125734806e-02
1.822537959315548295e-02
1.783498587467090973e-02
1.743172046525164748e-02
1.701784040128145187e-02
1.659562636124595203e-02
1.616734838579865843e-02
1.573523488011246974e-02
1.545044106785380469e-02
1.530569843978896345e-02
1.513383591211888389e-02
1.541981347265748356e-02
1.569417452212040764e-02
1.595025225736458260e-02
1.618232839327703176e-02
1.638574891846877879e-02
1.656376259775633325e-02
1.670733718464490966e-02
1.681437228502372441e-02
1.688362511477115371e-02
1.691464306501052478e-02
1.690768687220401897e-02
1.686364759306599112e-02
1.678396028532931974e-02
1.667051695444379117e-02
1.652558095954552442e-02
1.635170470031879417e-02
1.615165203907670960e-02
1.592832656381675330e-02
1.568623673166784360e-02
1.543287700518586845e-02
1.516449987615072284e-02
1.488397897283460537e-02
1.459408452217646375e-02
1.429745290099918367e-02
1.399656265087106770e-02
1.369371646958545893e-02
1.339102863423735808e-02
1.309041727475265295e-02
1.279360090552996050e-02
1.250209862525482156e-02
1.221723341395486440e-02
1.194013798604775037e-02
1.167176269432135087e-02
1.141288502348248614e-02
1.116412025763458514e-02
1.092593295386757972e-02
1.069864890164572493e-02
1.048246729335403950e-02
1.027747287643295850e-02
1.008364789714914951e-02
9.900883684829667880e-03
9.728991758228649339e-03
9.567714366479219967e-03
9.416734402757174355e-03
9.275684651619955229e-03
9.144156349767821115e-03
9.021707055448103044e-03
8.907867835114371621e-03
8.802149785124677508e-03
8.704049914374751423e-03
8.613056419229504421e-03
8.528653385828173852e-03
8.450324957038273660e-03
8.377559002710265740e-03
8.309850331515966290e-03
8.246703482142304573e-03
8.187635130445715392e-03
8.132176147042233932e-03
8.079873338105921302e-03
8.030290899763370405e-03
7.983011614109922563e-03
7.943067870296851782e-03
7.921586933929442020e-03
7.897228318354413204e-03
7.870689836682421420e-03
7.842568196538226080e-03
7.813353646542354689e-03
7.785140893076832394e-03
7.757001468340300049e-03
7.728548494220708644e-03
7.699857747929255043e-03
7.670908542287457714e-03
7.641591127008270749e-03
7.611715342515143652e-03
7.581020254934209973e-03
7.549184510926414474e-03
7.515837165331979916e-03
7.480568749768142477e-03
7.442942369245773848e-03
7.402504633204435788e-03
7.358796247737486688e-03
7.311362118010924886e-03
7.261905632148053444e-03
7.208353823655787480e-03
7.149835561053021968e-03
7.085991623336762232e-03
7.016505345149011939e-03
6.941107939241646443e-03
6.859582852112064422e-03
6.771769152524882880e-03
6.677563967631800282e-03
6.576923993693527780e-03
6.469866119535542387e-03
6.356467211242471625e-03
6.332558148296098775e-03
6.352739996486857915e-03
6.371771283962201007e-03
6.389413253662098308e-03
6.405438584561045680e-03
6.419632449314836842e-03
6.431793425276163996e-03
6.441734262626459817e-03
6.449282512894814051e-03
6.454281023957226041e-03
6.456588306434729238e-03
6.456078777740818439e-03
6.452642890640395389e-03
6.446187153024406438e-03
6.436634046327760310e-03
6.423921849680700770e-03
6.408004377790079732e-03
6.388850639693721342e-03
6.366444426215363966e-03
6.340783833373279249e-03
6.312135890840229677e-03
6.281566184059298764e-03
6.247798924457233574e-03
6.210879995990950184e-03
6.170866664476771027e-03
6.127826874262640861e-03
6.081838526056160439e-03
6.032988741460774268e-03
5.981373119601493538e-03
5.927094990444413056e-03
5.870264669536364756e-03
5.810998718173908742e-03
5.749419212930635334e-03
5.685653027640081777e-03
5.619831131555920282e-03
5.552087905731126205e-03
5.482560480608666617e-03
5.411388096606696216e-03
5.338711489690150733e-03
5.264672303362361895e-03
5.189412528434339707e-03
5.113073971437613607e-03
5.035797752521581350e-03
4.957723833474926046e-03
4.878990575863010638e-03
4.799734329897208454e-03
4.720089053468076550e-03
4.688024748883041354e-03
4.670133112786797186e-03
4.651717229488127811e-03
4.632792019445486180e-03
4.613372753403484697e-03
4.593475006673251870e-03
4.573114615538134003e-03
4.552307635671212944e-03
4.531070302535343021e-03
4.509418993818578927e-03
4.487370193735185087e-03
4.465312475452932160e-03
4.442924569759905060e-03
4.420180440710908855e-03
4.397096570988093256e-03
4.373689414396250870e-03
4.349975370254739911e-03
4.325970759354370344e-03
4.301691801684909278e-03
4.277154595423951489e-03
4.252375097427722218e-03
4.227369105300580673e-03
4.202152240496278938e-03
4.176739933085705549e-03
4.151147407412152622e-03
4.125389669075928481e-03
4.099481493102834911e-03
4.073437413177743820e-03
4.047271711724006842e-03
4.020998411243512788e-03
3.994631266370907326e-03
3.968183756907626980e-03
3.941669081703408871e-03
3.915100153254837123e-03
3.888489593131581358e-03
3.861849728047361645e-03
3.835192586731512188e-03
3.808529897219848498e-03
3.781873084878143408e-03
3.755233271011020231e-03
3.728621271853516800e-03
3.702047598169254123e-03
3.675522455321384840e-03
3.649055743568286377e-03
3.622657059045355891e-03
3.596335694899950933e-03
3.570100642846066839e-03
3.543960595065453155e-03
3.517923946319370578e-03
3.491998796359439394e-03
3.466192952708908610e-03
3.440513933499184714e-03
3.414968970535719496e-03
3.389565012702392723e-03
3.364308729443996841e-03
3.339206514243656717e-03
3.314264488678130439e-03
3.289488506079688273e-03
3.264884155684744625e-03
3.240456766746595968e-03
3.216211412719705270e-03
