7.395284269634612440e-02
7.400924975342695888e-02
7.580114577372730478e-02
7.579503474315292533e-02
7.594143569690398055e-02
7.773554624324884033e-02
8.181384446019573931e-02
1.065286113954312941e-01
1.112301554588538133e-01
1.210698986276138034e-01
1.280272979896991958e-01
1.814531113839307763e-01
1.993848862757078566e-01
1.517836673529893154e-01
2.509581079351695387e-01
2.439218600502760237e-01
2.668360584572299077e-01
2.273304137320830698e-01
2.374600529349094880e-01
1.938633861231508770e-01
2.903014236112644864e-01
2.883456620876838072e-01
2.609296118583165902e-01
2.635961960279554761e-01
2.807170362660091900e-01
4.119040049099356726e-01
4.544250525770079929e-01
3.633258213313664831e-01
3.011966916871325894e-01
2.470518701229160174e-01
2.991290179178015540e-01
2.674719777207655302e-01
2.105692666466667806e-01
2.371982602935266693e-01
2.354495572790162861e-01
1.952753902792164209e-01
1.869287995247617962e-01
1.945402936510937375e-01
2.067090022463914933e-01
2.338877813571756392e-01
2.284540607524646050e-01
2.369132876002704169e-01
2.179648271419469818e-01
2.339547897546348232e-01
2.255588246391126428e-01
2.572338842819177906e-01
2.655036663488922755e-01
2.606645810570011879e-01
2.510433626886256486e-01
2.274817191938361405e-01
2.561592079864524751e-01
2.594660807360748556e-01
3.108219399491302659e-01
3.057128426152309064e-01
2.869042619647829695e-01
2.310225223011633799e-01
2.606724759496114596e-01
2.959613222776151797e-01
2.986330231448555694e-01
2.805657955996817554e-01
2.856755811525586441e-01
3.250410897250212150e-01
3.651988180620215907e-01
3.760999939925056545e-01
3.721419622718785125e-01
4.543446509634613828e-01
4.703038177566568057e-01
4.651064173642787680e-01
5.088331993601274972e-01
4.750662217340635429e-01
4.819656742825587092e-01
4.706225476541788799e-01
4.617770847783573274e-01
5.065943326343517183e-01
5.074382569074279425e-01
4.881485468916286208e-01
4.615310237262249538e-01
4.939096515316510616e-01
5.882526175636776378e-01
6.275770628145180829e-01
5.988711215443333069e-01
5.859207180797911807e-01
5.837059369505207540e-01
5.198386276041039311e-01
5.080032209808817978e-01
4.930808321586555576e-01
4.680350306933977467e-01
4.440557305499560070e-01
4.182858333043251164e-01
3.927409366460384854e-01
3.677174216011512287e-01
3.415183411399966840e-01
3.601572629813060700e-01
3.778831063111833255e-01
3.741365543654961434e-01
3.551738621545839081e-01
3.274526735332223271e-01
2.962402519565802139e-01
2.693292003478994223e-01
2.438289295817555602e-01
2.192795342135213654e-01
1.972611887323108271e-01
1.800658468474899687e-01
1.697980368362770054e-01
1.676045044454639310e-01
1.719722977845196121e-01
1.795575102048826421e-01
1.863347040168890634e-01
1.889740521499560788e-01
1.856752171230809101e-01
1.754053450816405457e-01
1.586003824217985803e-01
1.507792058513180988e-01
1.461579012844702874e-01
1.407777409791245993e-01
1.347289007785405779e-01
1.281464905531717879e-01
1.224624971530894474e-01
1.184028027057197202e-01
1.139420884039332310e-01
1.092377491229887948e-01
1.092494087096315819e-01
1.165991087139148924e-01
1.200393930871094111e-01
1.195217145134297304e-01
1.207362736169451112e-01
1.231362640615196596e-01
1.228476279815144540e-01
1.203271212934758638e-01
1.158616195565007473e-01
1.098117413430024364e-01
1.050228545647538397e-01
1.038180159311473949e-01
1.017158224864928573e-01
9.880566375613480945e-02
9.515052541757425264e-02
9.085808713724694008e-02
8.593484864009064139e-02
8.045714843591036947e-02
7.450185957344962473e-02
7.168023397166113642e-02
7.016199745965460977e-02
6.842311406704021381e-02
6.653629543159088333e-02
6.450535752998977357e-02
6.231316435114499924e-02
5.996160590175947380e-02
5.745952101775902987e-02
5.510212955434524995e-02
5.362613574203306532e-02
5.215835378641520831e-02
5.076001545632183309e-02
4.939644511414165856e-02
4.812385521848389774e-02
4.700259336866971505e-02
4.616236966773145517e-02
4.478950537590314224e-02
4.386452660466732406e-02
4.302025576983010274e-02
4.225059773905196631e-02
4.156220901498627884e-02
4.093643852952857931e-02
4.035212937683022721e-02
4.091591687976846997e-02
4.265886690122017155e-02
4.422017721352779901e-02
4.659576363260551496e-02
4.867370691325326876e-02
4.976907101503753178e-02
4.967036314962972737e-02
4.832108678651517164e-02
4.912210757022467816e-02
4.930719094449426132e-02
4.912976223826608785e-02
4.869565286043311958e-02
4.754544246464551677e-02
4.578640679070244968e-02
4.355595824855157394e-02
4.099210646707732164e-02
3.825974579544857979e-02
3.551409927546313183e-02
3.290017969793954111e-02
3.111147771343750895e-02
3.064791239257082939e-02
3.003989992334028802e-02
2.934833454667926805e-02
2.853663107804411264e-02
2.766443582440671067e-02
2.670246986731598590e-02
2.579164471889641708e-02
2.626517204713461548e-02
2.679388463549602431e-02
2.729017866502625803e-02
2.767562181251560435e-02
2.788098572553808149e-02
2.784908306907329933e-02
2.754413925356626394e-02
2.769798164042089686e-02
2.796363333077509297e-02
2.798295955758016429e-02
2.790544165706292101e-02
2.808093024735995938e-02
2.796422966441114433e-02
2.755073938104074874e-02
2.684480128242116778e-02
2.639765531505631688e-02
2.676577658437263862e-02
2.692928086889103539e-02
2.688656912205214522e-02
2.664171360392494914e-02
2.620425545956544047e-02
2.558846664476834357e-02
2.481199751237387827e-02
2.389456595305139430e-02
2.285694983834328509e-02
2.174856867450891337e-02
2.065263462163840699e-02
1.946214832038744777e-02
1.935847122106460969e-02
1.949490328925031560e-02
1.953482285099679416e-02
1.948851262262293882e-02
1.936619061042738760e-02
1.917756205523778526e-02
1.893954052516877776e-02
1.865714389200371498e-02
1.833748852606709515e-02
1.800485832340464540e-02
1.765416992077655303e-02
1.730764636925307548e-02
1.696689497748345155e-02
1.663662364135132243e-02
1.633036194488797499e-02
1.604813237002549950e-02
1.578882139538409848e-02
1.555305119593356801e-02
1.534233578295809454e-02
1.515685762735355206e-02
1.498699895501006026e-02
1.484843272126027541e-02
1.473807842572289091e-02
1.456274000566670779e-02
1.437236071538490825e-02
1.420588300488787731e-02
1.402004548208877349e-02
1.416439836787670124e-02
1.427232704449975589e-02
1.432420693671050509e-02
1.434302903386701356e-02
1.429971305543847881e-02
1.417088398070340607e-02
1.428297308259312420e-02
1.446189865220254278e-02
1.456980189229003381e-02
1.460400962074317154e-02
1.455804930744293395e-02
1.444152604941163764e-02
1.424594645093337289e-02
1.397762674601351826e-02
1.364376024410349393e-02
1.324284015942843451e-02
1.278879623388320431e-02
1.228268424265691744e-02
1.196622334337190882e-02
1.205564888897689077e-02
1.212877976626999463e-02
1.218013386291976266e-02
1.220723261812587702e-02
1.220934461279322286e-02
1.218718231813794781e-02
1.214651000285601849e-02
1.208020425366034510e-02
1.198850557374134436e-02
1.187188103281817952e-02
1.173589426538980234e-02
1.157955127191432135e-02
1.140059411982609350e-02
1.120018249242355803e-02
1.097961471148858371e-02
1.074425970418726312e-02
1.049429236048085752e-02
1.022827253708881966e-02
9.947838313633560609e-03
9.654674233966684810e-03
9.350493719713422192e-03
9.060922422282444155e-03
8.930599106393474762e-03
8.800594329121377846e-03
8.671052365231281256e-03
8.542111177743521092e-03
8.414108052177715277e-03
8.287704037651121708e-03
8.162194536881453577e-03
8.131331527201206624e-03
8.178059750010522114e-03
8.280448534646841705e-03
8.368350053707925354e-03
8.440656105336129950e-03
8.497626564858206527e-03
8.539596705097579274e-03
8.569552141025105901e-03
8.587531198576055583e-03
8.591814158805817156e-03
8.582951236693255395e-03
8.561534757837500204e-03
8.528192509129445611e-03
8.487539333821738155e-03
8.436543693329112345e-03
8.375498552445126421e-03
8.305104093436852658e-03
8.226067884500198879e-03
8.139099869863997139e-03
8.045577598798040603e-03
7.948243064711655106e-03
7.844893328101048419e-03
7.736204212120222426e-03
7.622835186514960275e-03
7.505426427012891998e-03
7.384596224078098306e-03
7.260938732639760258e-03
7.135022052075434655e-03
7.007386624756497401e-03
7.095774659553870725e-03
7.198404988024243410e-03
7.282760423426922966e-03
7.350424662411746482e-03
7.403225752898964784e-03
7.438662213397306301e-03
7.457272083433032217e-03
7.459697304665267349e-03
7.448671715461345141e-03
7.425172736730837643e-03
7.387758282230103349e-03
7.337313401431748774e-03
7.274754303060270051e-03
7.201100892378203659e-03
7.120732602584935352e-03
7.030892445344811767e-03
6.932500942271814688e-03
6.912992109930501949e-03
6.897609078558127743e-03
6.864808574643757946e-03
6.817559706036141823e-03
6.753742560837749584e-03
6.676376092858403617e-03
6.586772120995999964e-03
6.483967916642004690e-03
6.370530366682776273e-03
6.248291139321964123e-03
6.116234958060818953e-03
5.975517321063782833e-03
5.829424291929599135e-03
5.677275434371831762e-03
5.519484109787833187e-03
5.421952339018080817e-03
5.373665233221849510e-03
5.322162729587662927e-03
5.267937299995356995e-03
5.212514470408928513e-03
5.154515357209495628e-03
5.094138479804126776e-03
5.031564352670674437e-03
4.966956738229987359e-03
4.900464014182948427e-03
4.832220624716011478e-03
4.762348586469418617e-03
4.691042038650870133e-03
4.619501988202209114e-03
4.546580727444402177e-03
4.472366773909919845e-03
4.396943612648597163e-03
4.320391051250677995e-03
4.251277773013531144e-03
4.215313628344134582e-03
4.179289870331720849e-03
4.143165830470875964e-03
4.106900767159801964e-03
4.070454322925958802e-03
4.033980820675177499e-03
4.051779364973757090e-03
4.065058687030597209e-03
4.073825450729837670e-03
4.078095236364858572e-03
4.077893344190584857e-03
4.073255543650953700e-03
4.065050709932822338e-03
4.052989918153828905e-03
4.036648292488040184e-03
4.016105796024012180e-03
3.991455391423973618e-03
3.962803221514160298e-03
3.930268669484138916e-03
3.894467162189915992e-03
3.855707669542156411e-03
3.813458414113664405e-03
3.767887180437835392e-03
3.719173678512833255e-03
3.667508918970511546e-03
3.613094487593648905e-03
3.558252002228287896e-03
