1.353238052778936440e-01
1.358038158349348379e-01
1.390170919819796180e-01
1.370831736120921296e-01
1.424507141124886911e-01
1.486079807997130742e-01
1.595424781925648683e-01
2.000895188045471174e-01
1.876356012336700685e-01
2.516601313639778015e-01
2.366200281548596074e-01
2.072835808839585403e-01
2.757609489713598871e-01
3.869559111878495550e-01
3.440542329650342901e-01
3.243090082250231210e-01
3.614193528064877925e-01
5.085046187516240046e-01
5.316493264843259459e-01
4.322283065828513293e-01
3.752991661079790875e-01
3.125877364772995937e-01
2.990014531794859542e-01
2.614469106047747071e-01
2.737435628878310268e-01
3.244190414966761082e-01
3.272641918329463051e-01
3.292237345701370943e-01
3.601952612354661354e-01
3.794056396736375514e-01
3.538466927304327880e-01
4.022310807780192787e-01
4.217360319167164362e-01
4.077475891942289876e-01
4.464372196932337444e-01
5.000355041454154215e-01
4.764555891477535443e-01
4.751236115156580730e-01
4.731150219643648902e-01
4.841871329191290707e-01
5.329649343803292139e-01
6.861660605450512485e-01
8.340166993822270003e-01
8.938863857154807357e-01
7.481483455063924204e-01
6.810532542997335126e-01
7.825445769237481253e-01
6.903458457231661516e-01
6.833912031085286332e-01
7.853454454051600475e-01
8.870890269765494551e-01
8.940312307667979130e-01
8.050224174092771579e-01
8.351601426312168508e-01
9.937895349795263789e-01
1.089787399679259305e+00
1.052947853300209458e+00
8.677052757913857883e-01
7.153343925398761849e-01
7.137976117972159029e-01
7.293919769566663547e-01
7.401439110820920986e-01
7.284048060504050293e-01
6.982041570476970049e-01
7.128716607395724214e-01
6.667520041250228902e-01
6.018323423080532697e-01
5.461757833915468208e-01
5.058090821013935257e-01
5.142749336962112450e-01
5.001330456460224561e-01
4.704298110199933713e-01
4.361036235457511623e-01
3.929816017462307576e-01
3.670121309971245971e-01
3.624508911806949008e-01
3.839642131970740779e-01
3.987311657258836295e-01
3.761544378220235130e-01
3.496814918765589475e-01
2.987125334765515228e-01
2.925964746806768435e-01
2.891984474719075937e-01
2.860398373967842911e-01
2.723266518913561307e-01
2.508237991928664035e-01
2.241561545218684059e-01
2.125765584685929965e-01
2.144966272302316901e-01
2.008467687204290031e-01
1.989214275788403208e-01
1.936142878118453925e-01
1.928053309735363874e-01
1.812185848900887686e-01
1.611181138977157146e-01
1.499073120549818672e-01
1.572849126910080830e-01
1.672833990345079236e-01
1.678904916672855352e-01
1.609600480118922317e-01
1.514846855579503881e-01
1.427146752374664485e-01
1.374237499911259985e-01
1.376425753803530161e-01
1.376861218946144050e-01
1.356588473084678614e-01
1.288067794818516520e-01
1.196203517524370014e-01
1.106865497189422065e-01
1.028709592120598121e-01
9.518532781052151115e-02
8.876482242849367821e-02
8.120239044160522390e-02
7.189377855341982926e-02
6.358346433926834185e-02
6.297929069507970934e-02
6.671709157451363725e-02
6.921491255799798459e-02
7.001886819597312461e-02
6.909395093714548741e-02
6.665109277807462762e-02
6.306813254625157072e-02
6.093362871687331428e-02
5.923907059539886694e-02
5.840372278923852689e-02
5.765558364906665095e-02
5.564538343689656025e-02
5.261104131116153826e-02
5.349440942182915465e-02
5.559009891744062098e-02
5.704458229904617317e-02
5.774151516220372982e-02
5.754151052986788278e-02
5.666686253171503151e-02
5.682780830980373177e-02
5.602677753899593799e-02
5.428557484425829832e-02
5.171404060410025871e-02
4.855437555655996856e-02
4.498131332094382900e-02
4.299481773475520574e-02
4.132264492022341001e-02
3.947390236526385210e-02
3.756669190382833784e-02
3.573470061977446210e-02
3.403227441392908670e-02
3.253566117841806549e-02
3.129489789395168559e-02
3.033233762993955626e-02
2.964815127532239095e-02
2.922266573389786098e-02
2.899673542408869736e-02
2.891374236187424160e-02
2.891311867937924537e-02
2.893616648923613352e-02
2.893089451927413971e-02
2.886285535937353069e-02
2.871025495560471097e-02
2.844394337640229406e-02
2.805914007106404678e-02
2.756264141075460972e-02
2.697076943298823762e-02
2.630684066019059117e-02
2.559843219520736152e-02
2.487469245381165178e-02
2.416389906320693184e-02
2.349141334416707597e-02
2.287812541239628641e-02
2.233943121225666698e-02
2.188473641754270366e-02
2.151744448170213320e-02
2.123535839303161699e-02
2.103140804613666884e-02
2.089460693717170789e-02
2.081114189622874228e-02
2.076550620454463078e-02
2.074159796685091928e-02
2.072372029125910467e-02
2.069743607044344583e-02
2.065024658673303773e-02
2.057207866696241991e-02
2.045942566229959694e-02
2.031086072905862946e-02
2.011786791879657810e-02
1.988091109058081132e-02
1.960277657803861928e-02
1.928820488405233805e-02
1.894346872713825389e-02
1.857592565183082203e-02
1.819357046101000366e-02
1.780460894659480209e-02
1.741707014131694750e-02
1.703846989740851955e-02
1.667553427623988047e-02
1.633398721127266376e-02
1.601840332915296233e-02
1.573212378038290477e-02
1.547723048900912293e-02
1.525457239274303350e-02
1.506383598853551151e-02
1.490365178026351219e-02
1.477172798232029467e-02
1.466500299178911428e-02
1.457980862796621861e-02
1.451203687123549593e-02
1.445730374005929457e-02
1.441110495978130228e-02
1.436895913594101425e-02
1.432653520163666011e-02
1.427976191897912042e-02
1.422491814862053734e-02
1.415870343581709760e-02
1.408114977027852613e-02
1.399029485411110510e-02
1.388138420819891479e-02
1.375303976292713455e-02
1.360438973749015720e-02
1.343504572200757141e-02
1.324507010806466947e-02
1.303493597204737064e-02
1.280548144058899808e-02
1.255786044148883389e-02
1.229349157752963537e-02
1.201400666901732660e-02
1.172120030206047665e-02
1.162435503872937502e-02
1.151662691969955292e-02
1.139443072924808953e-02
1.125859049172700868e-02
1.112931791712094831e-02
1.123114689886087376e-02
1.129822801886444343e-02
1.133055840051521053e-02
1.132863041123311279e-02
1.129599178946650608e-02
1.123868854850152733e-02
1.115071984928652643e-02
1.103393166979006919e-02
1.089039175007054314e-02
1.072233515379925409e-02
1.053295780783807846e-02
1.033080914099449715e-02
1.011078001887569418e-02
9.875293176646884885e-03
9.626737788156735851e-03
9.407557439501518931e-03
9.356126655010276252e-03
9.296254376729881988e-03
9.228526868382555884e-03
9.155301698876674651e-03
9.077818251394817808e-03
8.993991283323978653e-03
8.904343147568752684e-03
8.809374625984330368e-03
8.709563537327560945e-03
8.605364000054897822e-03
8.497206257601759571e-03
8.385496975909069797e-03
8.270619926472322359e-03
8.152936973539347612e-03
8.032789289663170434e-03
7.910498731605907982e-03
7.786369313956950297e-03
7.718265192927849239e-03
7.675856464470872352e-03
7.630819276170505358e-03
7.584699632624155620e-03
7.535729830010875693e-03
7.484029405229150264e-03
7.429713765437251892e-03
7.372894950565916407e-03
7.313682384136262898e-03
7.252183595830709144e-03
7.188504901205892104e-03
7.122752027529802646e-03
7.055030676367449356e-03
6.985447016218242558e-03
6.914108100700333895e-03
6.841122209407951744e-03
6.766599110476096898e-03
6.690650245409254793e-03
6.613671099508264262e-03
6.536656281170521825e-03
6.458490375644975086e-03
6.379291949364087819e-03
6.299181201112501703e-03
6.218279757373056799e-03
6.136710419676373596e-03
6.054596870163246776e-03
5.972063341691232277e-03
5.889234258609544505e-03
5.806233854812488208e-03
5.723185774496396261e-03
5.640212662140634339e-03
5.557435746599055475e-03
5.474974424953359467e-03
5.392945850700818500e-03
5.311464530768782340e-03
5.230641935479717411e-03
5.150586124839871480e-03
5.071401394580212808e-03
4.993187944484641164e-03
4.916041571453842046e-03
4.840053389221441946e-03
4.765309576080145951e-03
4.691891152116223380e-03
4.625250934005672304e-03
4.589066442369946382e-03
4.551893647777738132e-03
4.513803518685936475e-03
4.474867984930222878e-03
4.435159680523458915e-03
4.394751689722985882e-03
4.353717297601861561e-03
4.312129746598407712e-03
4.270062000200330020e-03
4.227586514921223906e-03
4.184775021397770661e-03
4.141698315647506477e-03
4.098426060955264773e-03
4.055026601113818213e-03
4.011566785511630831e-03
3.968111806380626196e-03
3.924725048524276179e-03
3.881467951600001479e-03
3.838399885204435511e-03
3.795578036575561996e-03
3.753057311097609660e-03
3.710890245062940535e-03
3.669126931036180862e-03
3.627814954984273990e-03
3.586999345248115690e-03
3.546722532960576262e-03
3.507024323273046865e-03
3.467941877300875601e-03
3.461303692576063983e-03
3.459323962246680598e-03
3.457665946871766715e-03
3.456217167021709540e-03
3.454869862688429976e-03
3.453521335426377407e-03
3.452074241845984066e-03
3.450436840247417952e-03
3.448523191149031712e-03
3.446253314064623516e-03
3.443553301817978834e-03
3.440355394826587632e-03
3.436598017077438765e-03
3.432225776365370549e-03
3.427387046620449743e-03
3.421890772804493056e-03
3.415660405029526461e-03
3.408663270569996673e-03
3.400872434292128398e-03
3.392266538972437979e-03
3.382829625311813571e-03
3.372550934190611787e-03
3.361424693521402208e-03
3.349449891413676383e-03
3.336630038280523434e-03
3.322972919421034090e-03
3.308490340340975756e-03
3.293197866475617696e-03
3.277114558966884306e-03
3.260262708450314354e-03
3.242667567969197140e-03
3.224357086746479101e-03
3.205361646011996388e-03
3.185713798214719755e-03
3.165448010491277511e-03
3.144600413742050168e-03
3.123208557996670284e-03
3.112869486681459335e-03
3.118867819085537237e-03
3.124752683339293742e-03
3.130468998144739570e-03
3.135964607032372484e-03
3.141190388495708995e-03
3.146100343941347823e-03
3.150651665098617646e-03
3.154804780933200686e-03
3.158523385893278589e-03
3.161774450217035536e-03
3.164528213074748169e-03
3.166758160174784880e-03
3.168440986601751049e-03
3.169556546021111160e-03
3.170087787520154809e-03
3.170020680980115135e-03
3.169344132313892202e-03
3.168049889277001468e-03
3.166132439308347833e-03
3.163588900156631689e-03
3.160418904323407732e-03
3.156624478286312267e-03
3.152209917406734348e-03
3.147181657512232358e-03
3.141548143716446379e-03
3.135319697515568868e-03
3.128508382890806197e-03
