8.788729286421145814e-02
8.811095956065878587e-02
8.775473927282229081e-02
8.881851452291153470e-02
8.951939840124777115e-02
9.041926454799809054e-02
9.142639129237759010e-02
9.931919886202376924e-02
1.064532461322830748e-01
1.029442940166347548e-01
1.264083736157199933e-01
1.314546460013644724e-01
1.703956485777110841e-01
2.120846419506797198e-01
1.878014770497654085e-01
1.851808648162378834e-01
2.507252657894037950e-01
2.274780283407064618e-01
2.528638154766897350e-01
2.825190402396108302e-01
2.338791239566906099e-01
2.465642792143057094e-01
2.205707177070128366e-01
2.703112700987319039e-01
2.430976498509082873e-01
2.819981067364752403e-01
3.695250215969944074e-01
3.979516570385152052e-01
4.035588125393987369e-01
4.037029971233864201e-01
4.062524723733093590e-01
3.350194393510783075e-01
3.391458836397704957e-01
2.819662334783007984e-01
2.526985489966581122e-01
1.922330282541872826e-01
1.727556151825078989e-01
1.740533873895847294e-01
1.829854261564749229e-01
1.595905355122902158e-01
1.597697014958545658e-01
1.553067222099122624e-01
1.758743179907161225e-01
1.846633968468173459e-01
1.777370537976998288e-01
1.811543445492634352e-01
1.883702342936778573e-01
1.855289955995990947e-01
1.798735102943433695e-01
1.814081518026182671e-01
1.853509620382130518e-01
1.858454529042165293e-01
1.752639411766667987e-01
1.691080758988286192e-01
1.932730508609596942e-01
2.213850062728793255e-01
2.261007048397115082e-01
2.158380125605661448e-01
2.329080434779147446e-01
2.716161915005499972e-01
2.897846167336458056e-01
2.755835917197961837e-01
3.004254811553051518e-01
3.136341344965602462e-01
3.127941021248932807e-01
3.201830941325535251e-01
3.455079635034077890e-01
3.679558208604604141e-01
3.856434044763678570e-01
3.704549788819734846e-01
3.303393410459946611e-01
3.383800523881860811e-01
3.740715868017662760e-01
3.996052087105469997e-01
4.109512037638434201e-01
4.174299684363351193e-01
4.256661471611745129e-01
4.236765905377771757e-01
4.088946257023410302e-01
4.119043484647174624e-01
4.439343231809104173e-01
4.420056992505762006e-01
4.105472502255171907e-01
3.926315624206197508e-01
3.822433777285212386e-01
3.637266973784904489e-01
3.735429080543397062e-01
4.287643781360515050e-01
4.879518143822327847e-01
5.260315635985540750e-01
5.332818635901095394e-01
5.198063453777891363e-01
5.032631544504422294e-01
4.949755398729521194e-01
4.926300440173040918e-01
4.852179411716183166e-01
4.635030740937282068e-01
4.326228962742321160e-01
4.031255844459733506e-01
3.759119502066745055e-01
3.486414942404180706e-01
3.182099302228862392e-01
2.967408415080096673e-01
3.021649863177582329e-01
2.998838518123201902e-01
2.904789136233713043e-01
2.703840264460280474e-01
2.617751326268082379e-01
2.573575323134350001e-01
2.489647450734744361e-01
2.403221673460252117e-01
2.304635321143025106e-01
2.233357957796562321e-01
2.201747531328096530e-01
2.271720168174281018e-01
2.337241403582776544e-01
2.399407194951327649e-01
2.383046839055765476e-01
2.355748067920742372e-01
2.310912575768199750e-01
2.227543373505048996e-01
2.137108676338982383e-01
2.035672717296820589e-01
1.859226175829082062e-01
1.630921560182650443e-01
1.552673260582587145e-01
1.566976221733463737e-01
1.562701368807248026e-01
1.540858356429778975e-01
1.504441691626436373e-01
1.455455444948869359e-01
1.397474283540475759e-01
1.372702802846108294e-01
1.353929770608830740e-01
1.327156795566413472e-01
1.294364097079237774e-01
1.256455174837535771e-01
1.214725091129101320e-01
1.170208006862772654e-01
1.123699601995139935e-01
1.075796529334845097e-01
1.026933925250523572e-01
9.774214936411471100e-02
9.310583134771834024e-02
9.130307708341235673e-02
8.829092223902586245e-02
8.420732261629625126e-02
8.291804055810698959e-02
8.293404754480587782e-02
8.237001663023470199e-02
8.128391070021645515e-02
7.975346514618572580e-02
7.786058804802627187e-02
7.567984362319322977e-02
7.327703046537910325e-02
7.070823554229363483e-02
7.159743053665443280e-02
7.216399237859164040e-02
7.156349306704319624e-02
7.155216778065165428e-02
7.049147566765159856e-02
6.844412861432337680e-02
6.556824795923636706e-02
6.208040400107369544e-02
5.819737587843339804e-02
5.410172327774993156e-02
4.995326646457832337e-02
4.710608060407561748e-02
4.623741313584164153e-02
4.548758360632953329e-02
4.481097462724928371e-02
4.417806926739864526e-02
4.356185746165967126e-02
4.293799250729823935e-02
4.228532307781837640e-02
4.161105432664121556e-02
4.088780505802050436e-02
4.009408248544972520e-02
4.098019087253866599e-02
4.292421127177303841e-02
4.451466333087440025e-02
4.554218020102829972e-02
4.583459200570044745e-02
4.681106809917611605e-02
4.779794891635450599e-02
4.815561880242436033e-02
4.790811697750847753e-02
4.712838708026158979e-02
4.585864283509677453e-02
4.414317564801310129e-02
4.199906056615583527e-02
3.992871291071841550e-02
3.886663111969131112e-02
3.739336765288531206e-02
3.618571918354151346e-02
3.559025849835669580e-02
3.494073921493227874e-02
3.422827128486814058e-02
3.348519494520447309e-02
3.268495936001394181e-02
3.184070543705646433e-02
3.097164736730824083e-02
3.006132158285251821e-02
2.911615239357500870e-02
2.816281023092269062e-02
2.718752164018973377e-02
2.643989824277006781e-02
2.630564143026940457e-02
2.613177646213845490e-02
2.590999719079939076e-02
2.564293048046683773e-02
2.535348538380214831e-02
2.502530880687657555e-02
2.465978674078914482e-02
2.426009971414392480e-02
2.384751687283270805e-02
2.352616748726098564e-02
2.326713947785855399e-02
2.312883779114765365e-02
2.356136350427786436e-02
2.389791921127307206e-02
2.412848114968273519e-02
2.424668580243646149e-02
2.425758284233670709e-02
2.415613151019689597e-02
2.394370592897038588e-02
2.362530828024673318e-02
2.319514719016158369e-02
2.265758839011915160e-02
2.202580418029584722e-02
2.130157605841886959e-02
2.060719636994429518e-02
2.093809897452893892e-02
2.116860847389471709e-02
2.130355506346337871e-02
2.135508943680557853e-02
2.131627542723657162e-02
2.120495528861015069e-02
2.102004877598772845e-02
2.077521170678086129e-02
2.047382909326906850e-02
2.013286403500507554e-02
1.975021789466479410e-02
1.934793111136223417e-02
1.892763936442234604e-02
1.849587745810144998e-02
1.806371631830918853e-02
1.764455970850469305e-02
1.723764380124610807e-02
1.684930397351419584e-02
1.648467419489497640e-02
1.614766136114384465e-02
1.584198707110733018e-02
1.561666253962080281e-02
1.540419647621414992e-02
1.520527877680440641e-02
1.502330881437037753e-02
1.485135224413593538e-02
1.469320295199264860e-02
1.455039208127872560e-02
1.446021624165127160e-02
1.438199106548635788e-02
1.431099445407573063e-02
1.424242470195385274e-02
1.417152243446408687e-02
1.409942269807593247e-02
1.401671169866791113e-02
1.391910318861668862e-02
1.380296418618134555e-02
1.366624280741647601e-02
1.351196677565028557e-02
1.333141977072588649e-02
1.312304623905657421e-02
1.322372470055236185e-02
1.330373218393026205e-02
1.334132176825333048e-02
1.334310285729781859e-02
1.329924409102697762e-02
1.321440224774260951e-02
1.308707520748186512e-02
1.291617440873660608e-02
1.270493827007032443e-02
1.245671541572483491e-02
1.217174901306033313e-02
1.200756249823487637e-02
1.198935778286657622e-02
1.194768300589511140e-02
1.188246938929338366e-02
1.179391781664809041e-02
1.168897567476062833e-02
1.156206847738376446e-02
1.141366640966318992e-02
1.124484465843564839e-02
1.105686014070495285e-02
1.085327299241823848e-02
1.066961654011300623e-02
1.063228289041919135e-02
1.058121937883745901e-02
1.051662035618184179e-02
1.043888575372970209e-02
1.034850053561448685e-02
1.024602661011740287e-02
1.013338091228986777e-02
1.001236081555930899e-02
9.881142194418351954e-03
9.740498456920473891e-03
9.591240079033565291e-03
9.434206534340378036e-03
9.270258459002495705e-03
9.100270105741291304e-03
8.926282440438566487e-03
8.749114676868501028e-03
8.568314147457454719e-03
8.384741892203227340e-03
8.199241979487402118e-03
8.069101149686400826e-03
8.003452078227727556e-03
7.934061615737899101e-03
7.861146002747393738e-03
7.784925652710409857e-03
7.705624105338156060e-03
7.623467024509065874e-03
7.538681242266600212e-03
7.451493850722420466e-03
7.362131343502341212e-03
7.270818806850351361e-03
7.178537242462909584e-03
7.085201240703158099e-03
6.990496758118463529e-03
6.894636608870702982e-03
6.797829139321472786e-03
6.700277708906328747e-03
6.602180219940022819e-03
6.503728694913077021e-03
6.449701943803560870e-03
6.391811200239024861e-03
6.329684997274081376e-03
6.264837855523145912e-03
6.196858369842395825e-03
6.125710023052399755e-03
6.051775493455790675e-03
5.975433070223560954e-03
5.897054843182000447e-03
5.821878177933057993e-03
5.831329278930410566e-03
5.839426233536086294e-03
5.846162753164628120e-03
5.851535859146532285e-03
5.855545725066931169e-03
5.858195519234361305e-03
5.859491248535306576e-03
5.859441603258673005e-03
5.858057803917656250e-03
5.855353449883609306e-03
5.851344370622482000e-03
5.846048479348634960e-03
5.839485629635069071e-03
5.831677475184424315e-03
5.822647332821975948e-03
5.812420048970368125e-03
5.801021869877681127e-03
5.788612804056235926e-03
5.775484459131540946e-03
5.761265744761153579e-03
5.745986578332659342e-03
5.729677731969850911e-03
5.712370725648369986e-03
5.694097724340798673e-03
5.674891439413076721e-03
5.654785034149326442e-03
5.633812033443477349e-03
5.612006237642331273e-03
5.589401640456414383e-03
5.566032351057068235e-03
5.541932520050585342e-03
5.517136269552629958e-03
5.491677627085263420e-03
5.465590463338094659e-03
5.438908433677696296e-03
5.411664923390699898e-03
5.383892996388594393e-03
5.355625347557328546e-03
5.326894258391464028e-03
5.297731556035112886e-03
5.268168575409412982e-03
5.238236124595749797e-03
5.207964453061162194e-03
5.177383222880715431e-03
5.146521482736077929e-03
5.115407644571928585e-03
5.084069462807865904e-03
5.052534016106346310e-03
5.020827691393930231e-03
4.988976170273583428e-03
4.957004417435184607e-03
4.924936671273557123e-03
4.892796436374496037e-03
4.860606477868028089e-03
4.828388817551107839e-03
4.796164731680391952e-03
