1.228813731497111067e-01
1.236261896251815706e-01
1.255487027019674406e-01
1.254641648543819987e-01
1.278944051138359017e-01
1.308210664864385975e-01
1.464383521571341884e-01
1.544582018454660199e-01
1.747851223115543529e-01
1.667088857817544401e-01
1.952372302490905653e-01
2.645290640409761473e-01
2.471206576373081998e-01
2.636136513498351097e-01
2.603296496910481594e-01
3.482614579813207434e-01
3.781025958348376848e-01
3.417972630750780172e-01
3.031755031812652379e-01
4.284782579687471116e-01
3.833107503670887262e-01
5.580256143183169870e-01
4.214748784801733428e-01
3.390326426812248495e-01
3.341556493411078077e-01
3.084919073291572111e-01
3.442212553865636737e-01
2.987379812027505799e-01
2.926862641541260190e-01
2.955049187507785002e-01
2.720121548548888879e-01
2.306182053988893588e-01
2.372518673334790273e-01
2.388154079008359965e-01
2.484611400666186520e-01
2.722061494128720782e-01
2.877997688474092097e-01
2.635815912780900550e-01
3.109795937702485857e-01
3.480814502846110159e-01
3.581069820930733449e-01
3.918752852662406583e-01
3.996890285318968616e-01
4.882668439242477398e-01
4.776946862334748856e-01
4.843918394003364769e-01
4.626235249081451784e-01
4.372346647757699989e-01
4.473279667390987480e-01
4.467333671396548356e-01
3.863213780422241062e-01
3.882443673947096885e-01
4.906147686137530828e-01
5.341749216072800843e-01
5.747757504510556670e-01
6.022800908947489873e-01
6.097850835827230975e-01
7.056183230089402292e-01
7.453402339621523209e-01
7.448152048443879014e-01
8.046171214396992122e-01
7.597937322857574172e-01
7.844479767614997989e-01
7.955932091969414310e-01
8.248059249323068665e-01
8.156479747868783381e-01
7.463437527061248522e-01
6.746260422779163379e-01
6.531167567543546548e-01
6.472953780185368711e-01
6.225698087871229802e-01
5.739545629199661603e-01
5.354450995524596690e-01
4.717763636247401804e-01
3.836277009346374389e-01
3.604531542119754350e-01
3.730265491047712878e-01
3.758009206209287356e-01
3.691093185483352856e-01
3.731932337063146310e-01
3.952601669494636427e-01
3.910726910753394292e-01
3.494939513576348911e-01
3.105860306280714411e-01
2.987019919266968859e-01
2.800820294320053860e-01
2.525154256333826952e-01
2.184347325507300930e-01
2.394155850649941353e-01
2.605200856280061594e-01
2.598030428202147135e-01
2.451780851532368577e-01
2.331284331012473676e-01
2.159712364361788817e-01
1.937671144691440750e-01
1.834132049574433987e-01
1.852999058846358238e-01
1.835892433198276774e-01
1.792119592905087322e-01
1.733950609857765335e-01
1.666439438848694721e-01
1.587105476325957332e-01
1.492849067250748563e-01
1.386727979191350324e-01
1.280387626445735061e-01
1.185467697985538027e-01
1.131758660872408534e-01
1.156313182192493932e-01
1.200355279925560542e-01
1.223957460665332925e-01
1.211064681498521950e-01
1.156516457455500496e-01
1.149851596245075741e-01
1.115773054763720268e-01
1.062564517001094583e-01
1.012130945209571004e-01
9.791873838231372751e-02
9.631857062655575785e-02
9.519842210620194090e-02
9.272884851902446490e-02
8.768264993465990642e-02
7.987666306079849177e-02
6.994983758975649446e-02
7.192366579103219582e-02
7.225634043226331071e-02
7.092699393896466364e-02
6.813415196809753660e-02
6.524482481292202818e-02
6.578728555914764575e-02
6.524187109792735362e-02
6.369300694481223879e-02
6.153736306497925579e-02
5.888351570295338733e-02
5.610733269498659193e-02
5.337980297664466495e-02
5.087855507600719251e-02
4.874518858667529347e-02
4.705380404900696978e-02
4.581478621322746664e-02
4.498372709572439482e-02
4.447412161475414877e-02
4.417227096046572737e-02
4.398109488599537958e-02
4.377819616964133409e-02
4.343747463814127963e-02
4.286954634891170651e-02
4.207748736945590012e-02
4.098279007031709747e-02
3.955942340249882228e-02
3.818840687082920848e-02
3.925642634764323069e-02
4.016238254402448860e-02
4.091983022307495860e-02
4.146681080340749309e-02
4.180576899014227382e-02
4.193192722739855910e-02
4.179458282562845822e-02
4.144524362166795289e-02
4.079690742455795160e-02
3.993111438083726816e-02
3.875808187813221256e-02
3.736428493678402296e-02
3.730609641242899066e-02
3.803674326905712166e-02
3.832403497031264955e-02
3.813729435572845577e-02
3.751258746876106470e-02
3.648363921800477916e-02
3.515139208988026648e-02
3.438141594509114968e-02
3.298189246033467192e-02
3.103069628973693928e-02
3.026898961491062551e-02
3.073958625611421941e-02
3.094926820199761161e-02
3.087230505687535431e-02
3.058217993138632670e-02
3.007512913628397622e-02
2.942382989111834782e-02
2.862670435441370606e-02
2.776751391110568457e-02
2.684481807493297595e-02
2.589628707647341835e-02
2.497090825502732564e-02
2.408314687648384703e-02
2.324808775537631073e-02
2.248134681922406980e-02
2.179221610267107617e-02
2.118418693226923125e-02
2.065569064329001239e-02
2.020098399152563812e-02
1.981110998165179146e-02
1.947487197075314230e-02
1.917976848747356827e-02
1.891284715894975613e-02
1.866144751817025091e-02
1.841679456570134016e-02
1.817068512305776776e-02
1.790995513764211469e-02
1.762764535580448738e-02
1.731876162060102392e-02
1.698026501994015849e-02
1.661097360735518114e-02
1.621139464567931607e-02
1.578350626920360655e-02
1.533051147098332331e-02
1.486410565268074524e-02
1.492029328623057337e-02
1.504304871934700021e-02
1.513992940292323112e-02
1.520865112681226913e-02
1.524782087036431061e-02
1.526167096180408057e-02
1.525012620041130140e-02
1.520948150374721794e-02
1.514114179744024263e-02
1.504701749695679970e-02
1.492942081193427209e-02
1.479096341402412473e-02
1.463445857048189386e-02
1.446283015967906628e-02
1.427903033797035641e-02
1.408596703764573334e-02
1.388644195436140871e-02
1.368447339437599622e-02
1.348417471239390757e-02
1.328418325973654106e-02
1.308650264778054087e-02
1.289287793590008016e-02
1.270478911291306537e-02
1.252345128027641287e-02
1.234982052965357194e-02
1.218460452171424117e-02
1.202827681454993539e-02
1.188109405225502152e-02
1.174311520059173782e-02
1.161422210323488288e-02
1.149414072198805953e-02
1.138246251633790417e-02
1.127866550725972403e-02
1.118213465477961230e-02
1.109218125849924068e-02
1.100806116167500105e-02
1.092899160345477128e-02
1.085416661990291388e-02
1.078277094172754372e-02
1.071399237679358622e-02
1.064703269769172629e-02
1.058111708027185960e-02
1.051550215886967038e-02
1.044948277762608284e-02
1.038239752727556330e-02
1.031363316200668498e-02
1.024262799351252813e-02
1.016887435895624109e-02
1.009192025727252001e-02
1.001137024449055141e-02
9.926885673487645737e-03
9.838184358431726825e-03
9.745039737801731647e-03
9.649220812502436878e-03
9.549349524938091638e-03
9.444643094359867971e-03
9.335070080730312192e-03
9.220645504383074773e-03
9.101428300878752417e-03
8.977518622070520399e-03
8.849055016668275903e-03
8.716211519863344831e-03
8.579194679297557496e-03
8.438240541422902669e-03
8.293611620406362780e-03
8.145593869618711694e-03
7.994493674292328655e-03
7.840634881936668632e-03
7.684355885778750180e-03
7.526006775828291383e-03
7.365946569904226193e-03
7.204540536918066160e-03
7.042157622756265237e-03
6.879167988414137264e-03
6.715940669101410666e-03
6.552841361670971171e-03
6.390230346972829156e-03
6.377357226762591508e-03
6.367199673754446801e-03
6.347922385065423757e-03
6.319614331667498461e-03
6.282416849748633306e-03
6.236520628648200074e-03
6.182162445752776431e-03
6.119621692207201716e-03
6.070031341611424949e-03
6.078746186402238585e-03
6.082994609366106607e-03
6.082806508018010101e-03
6.078228305714103094e-03
6.069322039904418570e-03
6.056164410352615768e-03
6.038845795386631708e-03
6.017469243925611597e-03
5.992149450992178064e-03
5.963011723704727922e-03
5.931342690995489164e-03
5.896859282559742919e-03
5.858937037865438041e-03
5.817730687541216791e-03
5.773400779038699582e-03
5.726112710632470619e-03
5.676035793261443793e-03
5.623342344266322838e-03
5.568206816127328936e-03
5.510804963241157199e-03
5.451313049037190273e-03
5.389907095666956333e-03
5.332444673278784707e-03
5.382346934651967459e-03
5.427767967222746348e-03
5.468679342325239931e-03
5.505074156041783219e-03
5.537784269854921851e-03
5.566543409305966909e-03
5.590893775486510502e-03
5.610896605688611011e-03
5.626628643492034669e-03
5.638180834133481485e-03
5.645657023403068651e-03
5.649172669065902555e-03
5.648853571849965505e-03
5.644834633320436508e-03
5.637258646220161609e-03
5.626275122924756338e-03
5.612039166612370691e-03
5.594710388873401496e-03
5.574451877420139381e-03
5.551429216141203112e-03
5.525809560038137842e-03
5.497760766048804225e-03
5.467450581308984890e-03
5.435045889009306602e-03
5.401287057188848550e-03
5.366193353347236891e-03
5.329449288789118479e-03
5.291211755742895005e-03
5.251634044018345208e-03
5.210865409853293086e-03
5.169050696214655058e-03
5.126330002562343689e-03
5.082838402156081986e-03
5.038705704686715324e-03
4.994056262034978107e-03
4.949008814742260169e-03
4.903676376826679277e-03
4.858166156631674344e-03
4.812579510956818511e-03
4.767011930450608739e-03
4.721553053573817986e-03
4.676286706723729869e-03
4.631290968536564898e-03
4.586638255565573564e-03
4.542395427694843370e-03
4.498623910779894416e-03
4.455379834550167450e-03
4.412714184021265980e-03
4.370672962265824239e-03
4.329297363087076210e-03
4.288623951620201130e-03
4.248684851569184059e-03
4.209507937503713902e-03
4.171117030806565859e-03
4.133532098122563551e-03
4.096769451094499533e-03
4.060841946257432583e-03
4.025759184206211330e-03
3.991527707101094613e-03
3.958151193754560170e-03
3.925630651501962887e-03
3.893964604303010169e-03
3.863149276490966590e-03
3.833178771524982376e-03
3.804045245794290559e-03
3.775739076373334918e-03
3.748249023209554009e-03
3.721562384820454022e-03
3.695665147956663735e-03
3.670542130471017399e-03
3.646177117745656986e-03
3.622552992444058161e-03
3.599651857539492694e-03
3.577455152756550249e-03
3.555943764322006505e-03
3.535098128224230685e-03
3.514898327021559379e-03
3.495324180337634756e-03
3.476355329181707917e-03
3.457971314154878548e-03
3.440151647976560229e-03
3.422875882148655041e-03
3.406123668316433060e-03
3.389874814176894059e-03
