3.369869258435894688e-01
3.359521281752250732e-01
3.342089445784785506e-01
3.345185581227226312e-01
3.405400923566923588e-01
3.465696015782847583e-01
3.597044006921078507e-01
3.897338038926704273e-01
3.785632001262294599e-01
4.353116300995562571e-01
3.633709639803980873e-01
4.258780207118684213e-01
4.324650671237395549e-01
5.568876886043552243e-01
5.555802000777220195e-01
6.172118824227716960e-01
7.529242487857934485e-01
8.586475245149119973e-01
7.757292592038043111e-01
7.530782900607367880e-01
7.716047454645966752e-01
9.496434141170904120e-01
8.544048540502711120e-01
6.401458334607349476e-01
5.799358057191994487e-01
6.529715775197424410e-01
6.997168234615096516e-01
8.862241874786872531e-01
8.653122441360313610e-01
7.949262976889136523e-01
8.067517082176832721e-01
1.005219916932235780e+00
9.491493945639636332e-01
1.081725885155928157e+00
1.141240201243559849e+00
1.223627763663340584e+00
1.100706846174512421e+00
1.023044608876167105e+00
1.073897364094540396e+00
1.143785864813424036e+00
1.400280095006986025e+00
1.335698802588350942e+00
1.294341127673854119e+00
1.369584493078254583e+00
1.467040105930412119e+00
1.494570951105316015e+00
1.547234729319839630e+00
1.837840359461983430e+00
2.177870566001385733e+00
2.502188240757872162e+00
2.413403528593040193e+00
2.363795571009041918e+00
2.028704355269967508e+00
2.077264436485192878e+00
2.311653000991325868e+00
2.160074120558113542e+00
2.033347195844712907e+00
2.282100656644524328e+00
2.341645383685387660e+00
2.648870402073195240e+00
2.959247550648883340e+00
2.708056791188078627e+00
2.153833243801830388e+00
1.625443363206028335e+00
1.258518569030776968e+00
1.077826148687386354e+00
9.334191375252335332e-01
8.262780869169690234e-01
7.514681775013528631e-01
6.966518898103121193e-01
6.520585548611194104e-01
6.137709431758174849e-01
5.788795578408589826e-01
5.687093890217738146e-01
5.372570059323331648e-01
5.013111079209081611e-01
4.923205073260144560e-01
4.857208241207229271e-01
4.781329354689135558e-01
4.678278416516116200e-01
4.521744939715304223e-01
4.303777571694435422e-01
4.023079409629807257e-01
3.860947256784352799e-01
4.214854417771538575e-01
4.247875260860359825e-01
4.238817659812146310e-01
4.314644699296232289e-01
4.106661539190455401e-01
3.780019290006847998e-01
3.464351187138004495e-01
3.219595765214241512e-01
3.015181849016910776e-01
2.796099352098186941e-01
2.539262627191294919e-01
2.289013766161936692e-01
2.067016947667895954e-01
2.022583104782375019e-01
2.048572367025752461e-01
2.028956209752930118e-01
2.040197298272938553e-01
2.149866337819030526e-01
2.204491640924712004e-01
2.222941933307507056e-01
2.196409147598356870e-01
2.090172403176620286e-01
1.911904352700820875e-01
1.683601575240665782e-01
1.552674320228541183e-01
1.527244155856861130e-01
1.496557726513598474e-01
1.456924073965312483e-01
1.410824343356207877e-01
1.357723688447088073e-01
1.334297842860442951e-01
1.368224823793295630e-01
1.369114426183038746e-01
1.391088653863117308e-01
1.377018628320200444e-01
1.316818053090842155e-01
1.247408827057784886e-01
1.217874194953673384e-01
1.182204174906523325e-01
1.143441530441626358e-01
1.100022182286877481e-01
1.053006447303821702e-01
1.003481079702400747e-01
9.535906867377609564e-02
9.032025710358604353e-02
8.530322134024756475e-02
8.039492065637525442e-02
7.627815520998966481e-02
7.720426553187810514e-02
7.786837045379083055e-02
7.785637162486934437e-02
7.699682309035525696e-02
7.533498536704200110e-02
7.291107882195330125e-02
6.998424794005470018e-02
6.686927818700398596e-02
6.406151222723531491e-02
6.324388483792321713e-02
6.239736019531758743e-02
6.152519134267476347e-02
6.063062884582942624e-02
5.971688362421955637e-02
5.878709585739048948e-02
5.784430941380343943e-02
5.689145125522768187e-02
5.593131528656931917e-02
5.497355563023174213e-02
5.403293365030501644e-02
5.309059920833663487e-02
5.214879049798814420e-02
5.198450046674568670e-02
5.299476796398640971e-02
5.430974893756055494e-02
5.545451570388259394e-02
5.637991460953919315e-02
5.704941589140063302e-02
5.743912039573528111e-02
5.753718566398220019e-02
5.741876419054967040e-02
5.701787915137126322e-02
5.634776818646253238e-02
5.543036713430365275e-02
5.429268831658233541e-02
5.296522055028323600e-02
5.148044131060482836e-02
5.030815600181892666e-02
4.895952341424628790e-02
4.739577544454490199e-02
4.568424597734020709e-02
4.388566219678437241e-02
4.304507321902625860e-02
4.239904346553021591e-02
4.174357624145079437e-02
4.108242008337713302e-02
4.048203193511363401e-02
4.040513043849299629e-02
4.023473642098847336e-02
3.998134409216430596e-02
3.965548359814807106e-02
3.926744813929591849e-02
3.884856805035675348e-02
3.838947630182208692e-02
3.789373117552113229e-02
3.736904168569940565e-02
3.682228527136981178e-02
3.625949353455266283e-02
3.568586495733728353e-02
3.510579927808926692e-02
3.452294851445399798e-02
3.394028003224306561e-02
3.336014754274130995e-02
3.278436642889984154e-02
3.221429033912708018e-02
3.165088651227256078e-02
3.109480780642408584e-02
3.054645987482005470e-02
3.000606236304455970e-02
2.947370338428527414e-02
2.894938686211310716e-02
2.843307261408107092e-02
2.792470928209933936e-02
2.742426040377308680e-02
2.693172406371738617e-02
2.644714666808887366e-02
2.602730119907881862e-02
2.573584937267332090e-02
2.545118389870093187e-02
2.517278951856630892e-02
2.490017984772318477e-02
2.463289816905251187e-02
2.437051785269800028e-02
2.411264244703030177e-02
2.385890548329725261e-02
2.360897003339983494e-02
2.336252805693979362e-02
2.311929957142115633e-02
2.287997807785262586e-02
2.264352386702780245e-02
2.240960782670859894e-02
2.217804708137788641e-02
2.194868104692193622e-02
2.172137013130724659e-02
2.149599441289571158e-02
2.127245231048968677e-02
2.105065925767365953e-02
2.083054639231120969e-02
2.061205927034292715e-02
2.039515661186877549e-02
2.017980908540840251e-02
1.996599813653315847e-02
1.975371486403638618e-02
1.954295894763293309e-02
1.933373762923781478e-02
1.912606474927929651e-02
1.891995983947032667e-02
1.871544727190673635e-02
1.851255546441065922e-02
1.831131614190458293e-02
1.811176365234635349e-02
1.791393433619082459e-02
1.771786594799976133e-02
1.752359712792883606e-02
1.733116692183278573e-02
1.714061434736669637e-02
1.695197800430857035e-02
1.676529572661223863e-02
1.658060427424134717e-02
1.639793906221430689e-02
1.621733392474134991e-02
1.603882091230433155e-02
1.586243011917380305e-02
1.576989535733952161e-02
1.572970504814705239e-02
1.568922899916838989e-02
1.564811465279114175e-02
1.560603957535820069e-02
1.556271136292498337e-02
1.551786734765459377e-02
1.547127412396659407e-02
1.542272691290692138e-02
1.537204878308624963e-02
1.531908974639436920e-02
1.526372574567971645e-02
1.520585755099851388e-02
1.514540958083411375e-02
1.508232866213007201e-02
1.501658274456328310e-02
1.494815958133630628e-02
1.487706538890826505e-02
1.480332349663289644e-02
1.472697299682069680e-02
1.464806740412449154e-02
1.456667333273005405e-02
1.448286919847500444e-02
1.439674395251867162e-02
1.430839585203294573e-02
1.421793127294749409e-02
1.412546356851366973e-02
1.403111197706930977e-02
1.393500058173321315e-02
1.383725732420284030e-02
1.373801307370005158e-02
1.363740075243214354e-02
1.353555451779168105e-02
1.343260900145524031e-02
1.332869860505795506e-02
1.322395685152524987e-02
1.311851579136633084e-02
1.301250546260286807e-02
1.290605340269815327e-02
1.279928421089187272e-02
1.269231915934127854e-02
1.258527585083176782e-02
1.247826792068433902e-02
1.237140478182215120e-02
1.226479140936176382e-02
1.215852816343681274e-02
1.205271064800471879e-02
1.194742960244303369e-02
1.184277082511610117e-02
1.173881512523115150e-02
1.163563830190735351e-02
1.153331114785371807e-02
1.143189947546643069e-02
1.133146416355364575e-02
1.123206122273024722e-02
1.113374187767524927e-02
1.103655266401929076e-02
1.094053553883590248e-02
1.084572800260606706e-02
1.075216323125448813e-02
1.065987021701406828e-02
1.056887391628760255e-02
1.047919540378568735e-02
1.039085203126885806e-02
1.030385759015027373e-02
1.021822247661086439e-02
1.013395385843457799e-02
1.005105584279495159e-02
9.969529643904826571e-03
9.889373750054794229e-03
9.810584089290908666e-03
9.733154192925575626e-03
9.657075356787288289e-03
9.582336799343744299e-03
9.508925816447815274e-03
9.436827932201737740e-03
9.366027045785011926e-03
9.296505573980104811e-03
9.228244588879448707e-03
9.161223950939559324e-03
9.095422437116060937e-03
9.030817863687822661e-03
8.967387204104226850e-03
8.905106701701312813e-03
8.843951976851220642e-03
8.783898129111943412e-03
8.724919834123101570e-03
8.666991435103417463e-03
8.610087029488313476e-03
8.554180550276466524e-03
8.499245842460530914e-03
8.445256734668050297e-03
8.392187105864264141e-03
8.340010947497511137e-03
8.288702421129376385e-03
8.238235911777976039e-03
8.188586076640646388e-03
8.139727890345714936e-03
8.091636685540328638e-03
8.044288190428270507e-03
7.997658561945163516e-03
7.951724416089229336e-03
7.906462854474095164e-03
7.861851487967051744e-03
7.817868457248002001e-03
7.774492450469060525e-03
7.731702718241164479e-03
7.689479086078268577e-03
7.647801964330836616e-03
7.606652356106932342e-03
7.566011862737747652e-03
7.525862687403882430e-03
7.486187636947154792e-03
7.446970121904634629e-03
7.408194154855858929e-03
7.369844347439065760e-03
7.331905905726915015e-03
7.294364624818664919e-03
7.257206881629470370e-03
7.220419627144456648e-03
7.183990377511341972e-03
7.147907204221263383e-03
7.112158723691569713e-03
7.076734085910009464e-03
7.041622962683985465e-03
7.006815535203955378e-03
6.972302481210659528e-03
6.938074961863095920e-03
6.904124607967835128e-03
6.870443506330485735e-03
6.837024185569851725e-03
6.803859601879972720e-03
6.770943124815567357e-03
6.738268522671495876e-03
6.705829948318781097e-03
6.673621924552386279e-03
6.641639329737376689e-03
6.609877383648542735e-03
6.578331633121868929e-03
6.546997938336434307e-03
6.515872458472977274e-03
6.484951638455558470e-03
6.454232195287933245e-03
6.423711104949671701e-03
6.393385589328684504e-03
