2.463695342782251385e-01
2.468732430195375305e-01
2.478059585141890730e-01
2.488840050691634165e-01
2.489467560471524399e-01
2.503164130898592465e-01
2.521451459704279197e-01
2.772778684195328358e-01
3.351398288297277039e-01
4.315601025761460763e-01
5.618857559893906117e-01
3.842992817635214609e-01
4.624568460773383349e-01
4.273387417159895674e-01
5.448093394552502300e-01
6.721291730582523716e-01
6.830168100260578523e-01
8.258154973899013429e-01
7.309556015390246131e-01
7.195420849284061005e-01
9.647847457406010241e-01
9.841782265308578470e-01
8.203657805134886294e-01
9.161759540301575022e-01
9.278202677203301052e-01
6.294536792167688688e-01
5.874868346548272058e-01
5.342177334638157360e-01
4.798617973726208019e-01
5.407738225710820856e-01
7.009053471332821195e-01
6.361698207537265226e-01
6.074053173967071118e-01
6.107877275514290716e-01
6.223842704595339281e-01
6.838731769994579324e-01
7.062044815271536491e-01
7.698948498328034296e-01
8.426920865016584994e-01
9.228825697852004462e-01
1.045328608744503063e+00
1.068463402563213371e+00
1.149805533155127346e+00
1.241898422456314099e+00
1.040742262526298978e+00
1.026500866002635348e+00
1.248444854051553365e+00
1.395771135065092095e+00
1.463060949283153445e+00
1.553577325426977129e+00
1.552703561003385913e+00
1.431544110290035476e+00
1.281872018922662892e+00
1.296556003643371868e+00
1.397681800191472812e+00
1.612618705748289027e+00
1.931818497217216990e+00
2.102012328786823758e+00
1.940430220999386668e+00
2.019737949327276905e+00
2.076413982770393130e+00
1.895881515053265076e+00
1.884345133763844826e+00
2.062773688856638366e+00
1.885133383754585168e+00
1.643542556366618834e+00
1.596439042134186082e+00
1.693930638887125806e+00
1.763430654660929742e+00
1.714324731209607933e+00
1.545520648062895130e+00
1.316287475751348524e+00
1.086144922036868632e+00
9.032471136429438552e-01
7.659304778693266647e-01
6.678294016196892890e-01
5.954048386979059471e-01
5.450066980394387972e-01
5.206043402655525787e-01
4.852982349174475019e-01
4.640075060370744131e-01
4.419295182683349865e-01
4.233355193442359665e-01
4.017339131899019811e-01
4.184015326889258257e-01
4.332035988131656690e-01
4.310811083721316495e-01
4.166060127296124516e-01
3.944259828810897650e-01
3.733315764479503973e-01
3.593007508473038403e-01
3.419245166746425757e-01
3.218115333604071870e-01
3.004922481132121237e-01
2.793593631114361098e-01
2.606743777692792641e-01
2.463829983173605465e-01
2.376371500054805519e-01
2.344763863962463224e-01
2.357668944624775054e-01
2.394069829559097862e-01
2.431081125482965621e-01
2.444285637123421173e-01
2.416101126419290257e-01
2.338611113697691979e-01
2.406718007901128831e-01
2.427308752621629429e-01
2.394544909333273242e-01
2.307071095916513326e-01
2.168354947862995430e-01
1.989671213742949807e-01
1.994672868763497919e-01
1.955621169638687429e-01
1.877009509079063665e-01
1.765235102484096208e-01
1.627754556850817824e-01
1.606051871808437392e-01
1.587000949748335332e-01
1.552965862480409631e-01
1.510181802567095444e-01
1.456833875591758976e-01
1.399788690688188175e-01
1.337770084671525417e-01
1.274255858381451445e-01
1.211661254410958954e-01
1.181576657470316538e-01
1.177528584889456775e-01
1.160448747813146581e-01
1.135572970716510893e-01
1.103293267263912997e-01
1.065144295261827995e-01
1.024324568701029670e-01
9.808552459673150481e-02
9.354363021705335013e-02
8.890746037586402806e-02
8.597021855435386939e-02
8.511140016859189417e-02
8.380657533947205584e-02
8.207128713264101594e-02
7.995406081277325883e-02
7.751368095098011557e-02
7.486003892233579482e-02
7.205408451658028290e-02
6.913038966506161731e-02
6.617030114644055494e-02
6.325281329387913432e-02
6.045087685143289008e-02
5.782820845943138777e-02
5.543683209472450441e-02
5.331548368434079616e-02
5.350552571307057304e-02
5.396949356600420911e-02
5.443873569968005893e-02
5.485610332679186768e-02
5.517438317841598383e-02
5.535729568357794506e-02
5.537976703190969352e-02
5.522756496890556671e-02
5.489641612440064600e-02
5.442007552771033901e-02
5.379223039205262985e-02
5.301653429812433482e-02
5.211302960416824837e-02
5.110430084973760501e-02
5.001403108763297078e-02
4.886574921811256272e-02
4.811410614418905329e-02
4.805875411047679652e-02
4.793342914800795967e-02
4.774154057475191865e-02
4.748867473803167205e-02
4.718196650881341381e-02
4.682951808454591247e-02
4.643988293431959569e-02
4.602162606224888264e-02
4.558296589094587570e-02
4.513149812811341477e-02
4.467399803607638442e-02
4.421629457558088477e-02
4.376320787423269854e-02
4.331854028930082895e-02
4.288511086186420213e-02
4.246482307478936791e-02
4.205875639160660401e-02
4.166727294453431013e-02
4.129013184228115529e-02
4.092660478514670297e-02
4.057558792058764408e-02
4.023570608587968139e-02
3.990612855101102058e-02
3.959051063499893774e-02
3.928127931503633263e-02
3.897680290895855215e-02
3.867551317283825230e-02
3.837593860891535397e-02
3.807672727396511220e-02
3.777666042488790621e-02
3.747465844435688559e-02
3.716978051014988710e-02
3.686121942826204451e-02
3.654829295291180807e-02
3.623043278631822572e-02
3.590717229691955947e-02
3.557813382871694019e-02
3.524301630688673331e-02
3.490158368232413461e-02
3.455365460491795215e-02
3.419909357830624996e-02
3.383780372822228072e-02
3.346972121435558972e-02
3.309481123249265883e-02
3.271306548839583023e-02
3.232450097748213597e-02
3.192915987160396818e-02
3.152711029593326802e-02
3.111844777305007234e-02
3.070329711439243395e-02
3.028181455015459267e-02
2.985509291577176025e-02
2.942876931589872083e-02
2.899647641252561456e-02
2.855850520267868425e-02
2.811518701916134247e-02
2.766689401802382986e-02
2.721403909040667063e-02
2.675707517498923660e-02
2.629649397216409987e-02
2.583282407555421642e-02
2.536662855476680065e-02
2.489850203397333400e-02
2.442906732180206292e-02
2.395897165518938096e-02
2.348888262505051047e-02
2.301948385383816367e-02
2.255147049700882700e-02
2.208554463779521804e-02
2.162241064422767631e-02
2.116277055215653666e-02
2.070731953445803866e-02
2.038999463167772905e-02
2.037844479519456548e-02
2.035834754513213621e-02
2.032951025504887294e-02
2.029178231959058443e-02
2.024505498810041243e-02
2.018926088444818537e-02
2.012884321914892513e-02
2.006054993328135541e-02
1.998318881570236225e-02
1.989683380233203333e-02
1.980159448684127785e-02
1.969761430667109348e-02
1.958506858415427418e-02
1.946416244771012952e-02
1.933512865925963650e-02
1.919822537134827090e-02
1.905373383683491711e-02
1.890195609333606211e-02
1.874321264147198532e-02
1.857784013598304598e-02
1.840618910639291519e-02
1.822862172221464266e-02
1.804550961608150303e-02
1.785723177702840114e-02
1.766417252336200533e-02
1.746671956458076616e-02
1.726526215884723742e-02
1.706018937229614521e-02
1.685188844372230432e-02
1.664074325900465751e-02
1.642722510229157815e-02
1.621478521348544352e-02
1.600043224851326051e-02
1.578452574985059198e-02
1.556741636917817820e-02
1.534944497219347878e-02
1.513094184759673430e-02
1.491222601789580007e-02
1.469360464813764151e-02
1.447537254866184536e-02
1.438223244455646629e-02
1.434272079944716796e-02
1.429690697158287997e-02
1.424498784672299789e-02
1.418717139213824044e-02
1.412367516956274278e-02
1.405472490658347083e-02
1.398055312995459369e-02
1.390139786348144543e-02
1.381750139216656077e-02
1.372910909432874943e-02
1.363646834232373588e-02
1.353982747245350074e-02
1.343943482319073617e-02
1.333553784234368239e-02
1.322838226102115641e-02
1.311821133422800406e-02
1.300526514570044152e-02
1.288977997579476495e-02
1.277198773033293329e-02
1.265211542802283096e-02
1.253038474452045255e-02
1.240701161043813658e-02
1.228220586120218685e-02
1.215617093560768074e-02
1.205100269556901894e-02
1.196696688591937854e-02
1.188273919173629158e-02
1.179836489180201980e-02
1.171388791766227004e-02
1.162935083415300198e-02
1.154479482456418314e-02
1.146025968063822502e-02
1.137578379717048629e-02
1.129140417027232370e-02
1.120715639936658604e-02
1.112307469297113202e-02
1.103919187728430971e-02
1.095553940774925822e-02
1.087214738319313562e-02
1.078904456258725220e-02
1.070625838348765631e-02
1.062381498293862511e-02
1.054173921969647591e-02
1.046005469809382048e-02
1.037878379338474759e-02
1.029794767800215963e-02
1.021756634914111270e-02
1.013765865676407446e-02
1.006500515438322509e-02
1.004759838854502214e-02
1.002889237649910378e-02
1.000890597082106093e-02
9.987660142473235234e-03
9.965177785392272461e-03
9.941483530659333406e-03
9.916603568973815508e-03
9.890565481848958770e-03
9.863398081343580093e-03
9.835131257980760447e-03
9.805795836828988879e-03
9.775423441741223560e-03
9.744046367111283344e-03
9.711697457096253247e-03
9.678409992560860556e-03
9.644217584519809358e-03
9.609154075162726696e-03
9.573253444740364645e-03
9.536549725291670540e-03
9.499076920384357664e-03
9.460868930739127144e-03
9.421959485374041890e-03
9.382382078333991945e-03
9.342169910469539165e-03
9.301355836117174494e-03
9.259972314508048072e-03
9.218051365694172536e-03
9.175624530528241410e-03
9.132722834792361341e-03
9.089376757205010204e-03
9.045616200848443159e-03
9.001470467933125538e-03
8.956968238180720854e-03
8.912137549586598984e-03
8.867005782625300356e-03
8.821599646675653411e-03
8.775945168926872764e-03
8.730067686090806772e-03
8.683991837647751788e-03
8.637741561507164545e-03
8.591340091407408813e-03
8.544809955874591717e-03
8.498172979255598503e-03
8.451450283751344578e-03
8.404662292946276855e-03
8.357828736791549085e-03
8.310968657319244349e-03
8.264100415866480059e-03
8.217241700876445551e-03
8.170409536637252002e-03
8.123620292926299336e-03
8.076889695226218899e-03
8.030232835495124469e-03
7.983664183475312759e-03
7.937197598835647738e-03
7.890846342962604468e-03
7.844623091935743961e-03
7.798539949207789791e-03
7.752608458806899833e-03
7.706839618625752238e-03
7.661243893928992334e-03
7.615831230844068676e-03
7.570611070039957001e-03
7.525592360505159797e-03
7.480783573021728555e-03
7.436192714071980688e-03
7.391827339123245230e-03
7.347694566507157257e-03
7.303801090485576887e-03
7.260153194716761904e-03
