1.867057813022278412e-01
1.875672281569991662e-01
1.906054146699849017e-01
1.890734486302892980e-01
1.921409535661957046e-01
1.948899593461675128e-01
1.966347270141730608e-01
2.045047770332301951e-01
2.137934531316619258e-01
2.247798089054964810e-01
2.662218846930025640e-01
3.197572038350828261e-01
2.809937661452578950e-01
3.251580165987778548e-01
3.763864275060166964e-01
4.630627550336602893e-01
5.144672281008874082e-01
4.493951638812109795e-01
4.693828347865032224e-01
3.997033519122386580e-01
4.155750926654632749e-01
4.340517939106464107e-01
6.092402495115334382e-01
5.363505557869986395e-01
6.861191366230365851e-01
7.103269383090764499e-01
7.436500599525968092e-01
9.245079473731605546e-01
8.276215624053533393e-01
7.221876564284952504e-01
6.589614235842179424e-01
6.035194655071909331e-01
8.741206820695928137e-01
9.405978525462452833e-01
8.268921492764693681e-01
5.758643583124738452e-01
4.347387810166144506e-01
3.827234325272208526e-01
3.683856273041918317e-01
3.179415335584426239e-01
3.236194362483024722e-01
3.605575661166524060e-01
4.001328766618708066e-01
4.085620430096447153e-01
4.463049058425304083e-01
4.156342564662679484e-01
4.426518370831213911e-01
4.777245984529193135e-01
5.119306262307130595e-01
5.134206515891273082e-01
4.841950091094596731e-01
5.547749674112169016e-01
5.885380351129132492e-01
5.689588766147503085e-01
5.602089218695932571e-01
5.111510733447096611e-01
5.984413162501611705e-01
6.406414219770673046e-01
6.535872773000648284e-01
5.770206985204998640e-01
5.645486301929637518e-01
5.723752876478696017e-01
6.232213421033543366e-01
6.373946933224740041e-01
6.549779791567944542e-01
6.201657525084044442e-01
6.030391448262883980e-01
6.890625645853362125e-01
7.872359668264857779e-01
8.296641705790513965e-01
8.413437278223768745e-01
8.655670542083151453e-01
9.139468698350730058e-01
9.325408300898867520e-01
9.416019922829202971e-01
8.856085320079049028e-01
9.113950478018256751e-01
9.275784274881396785e-01
9.528863577384212302e-01
9.898130244456192495e-01
1.011316211643626728e+00
1.014069227990599842e+00
9.965428062207662974e-01
9.650044119088760919e-01
9.634492488388850528e-01
9.590401709549919440e-01
9.443018678501348129e-01
9.869728261016633697e-01
1.042501439249985395e+00
1.104615913694309004e+00
1.164534127704742517e+00
1.207353227070209645e+00
1.226967787327538639e+00
1.219538876803255567e+00
1.187706562283091127e+00
1.130966577324346911e+00
1.102258671785492306e+00
1.026575912193772089e+00
9.567867558049584220e-01
8.960676003761699482e-01
8.270196321392131455e-01
7.545896782500604028e-01
6.834122440414526212e-01
6.214855170473476687e-01
5.712270007829407525e-01
5.277665279490730832e-01
4.915906640193248855e-01
4.620725114118531818e-01
4.370671232623772884e-01
4.153230395902023364e-01
3.998493565734070887e-01
3.878655713122116100e-01
3.753549433586478856e-01
3.685875521736448612e-01
3.523945218860122242e-01
3.325185165900670925e-01
3.247523635112574136e-01
3.158710109883769435e-01
3.064253583288122362e-01
2.964753130655756186e-01
2.863163925364209939e-01
2.762823384643258162e-01
2.667226853229852090e-01
2.575004279365826765e-01
2.535218439792342182e-01
2.506246043127001721e-01
2.479550193969682625e-01
2.455004562622439823e-01
2.431008204059173783e-01
2.403961180489065652e-01
2.371852935647752181e-01
2.333560717160759468e-01
2.286982332123511097e-01
2.230331661529140752e-01
2.162887112165951531e-01
2.084435641226580760e-01
2.043870554447591026e-01
2.023034320904467109e-01
1.992008967630137517e-01
1.950838858532583653e-01
1.927060860785535790e-01
1.925442544696022995e-01
1.903639837426196468e-01
1.942104041963869654e-01
2.067832430566918511e-01
2.131325584224495195e-01
2.180346023608925043e-01
2.185568653656337623e-01
2.134672162228367365e-01
2.041621297820103709e-01
1.920586896388812859e-01
1.788553049278599483e-01
1.659685126492929375e-01
1.544307408203033916e-01
1.449953348415377874e-01
1.378572390064880526e-01
1.327670103296194892e-01
1.292655868493038929e-01
1.266774873146653546e-01
1.244228474314484911e-01
1.220821370240642578e-01
1.194105147272290224e-01
1.163279692536201421e-01
1.128826025134961886e-01
1.113268704415906890e-01
1.098213381664977645e-01
1.081042949332961661e-01
1.076023684626518651e-01
1.069881503557630897e-01
1.057025929470221948e-01
1.037779582018777541e-01
1.013400055399267807e-01
9.842775180013793590e-02
9.652843997250677710e-02
9.517604627116643679e-02
9.551363313009886280e-02
9.584545144025186092e-02
9.610100715676320182e-02
9.624479954950911076e-02
9.617643290640029430e-02
9.584058546192351924e-02
9.519154325437775843e-02
9.419469050871807914e-02
9.282778279654579912e-02
9.110429923748264436e-02
8.901979036922919031e-02
8.658393060473867919e-02
8.382778503550709914e-02
8.079851142488796156e-02
7.759604644172533872e-02
7.437875878130827123e-02
7.310746091686630421e-02
7.168648679642294907e-02
7.013291289149990726e-02
6.848501576155356652e-02
6.681593220445998516e-02
6.512670288955099696e-02
6.347666205465138378e-02
6.188356678144364686e-02
6.039573669604897388e-02
5.901546494240172275e-02
5.777179588318547693e-02
5.668535528287421688e-02
5.574872584012537796e-02
5.496327024797938166e-02
5.432393219571225035e-02
5.382690819637857282e-02
5.345951544934445659e-02
5.319471247301492400e-02
5.301073521459858523e-02
5.289350587676391185e-02
5.282490472679558097e-02
5.276413877613443659e-02
5.270694945538374754e-02
5.262056184423725969e-02
5.248223952925878261e-02
5.228231593871369293e-02
5.198592792385797051e-02
5.159497976899851679e-02
5.107446603693472503e-02
5.043107276140740974e-02
4.963613265250305107e-02
4.869974089449625315e-02
4.759999668890659008e-02
4.635441012974042541e-02
4.494201530110729370e-02
4.367590328723975485e-02
4.445136238053543076e-02
4.515489575095622821e-02
4.577098669456998448e-02
4.628964329228076047e-02
4.670838535917286316e-02
4.700452080208569750e-02
4.719163590173462708e-02
4.724815489647391648e-02
4.717196084955295465e-02
4.697271579423369786e-02
4.662658279772695369e-02
4.616667360759440369e-02
4.555944317509112024e-02
4.484549006222755818e-02
4.400039687199602118e-02
4.304995386006049002e-02
4.200258629785969672e-02
4.085522412861977704e-02
3.963814298344470882e-02
3.836155905645093761e-02
3.702953258871400505e-02
3.614438846272306077e-02
3.587686557119312142e-02
3.559246695771516728e-02
3.529165169324708501e-02
3.497495310189283058e-02
3.464297296768605733e-02
3.429637552499237296e-02
3.393588129747117377e-02
3.356994246617483330e-02
3.319373492018937166e-02
3.280567554501942484e-02
3.240663651601270734e-02
3.199751710638924773e-02
3.157923771774193838e-02
3.115273408452897547e-02
3.071895168413587771e-02
3.027884038042597328e-02
2.983334932393027703e-02
2.938342212801559744e-02
2.892999233764994779e-02
2.848002263343249116e-02
2.802794609693947184e-02
2.757464763818960607e-02
2.712098912440207357e-02
2.666780547294745132e-02
2.621590193041947042e-02
2.576605166771613747e-02
2.531899368672634390e-02
2.487543103036686520e-02
2.443602928773101757e-02
2.400141538410108244e-02
2.432533810565053189e-02
2.481798969853330275e-02
2.529287944674750085e-02
2.574463110919140985e-02
2.616848086537805831e-02
2.656028668424051387e-02
2.691652836539542779e-02
2.723429911435730835e-02
2.752158994804005873e-02
2.776714675198296151e-02
2.796948518676025536e-02
2.812782272467981987e-02
2.824487795277677224e-02
2.832746716426427086e-02
2.836653771156934928e-02
2.836290599582314692e-02
2.831771170405935484e-02
2.824128920559815931e-02
2.813030635821605827e-02
2.798244175145962048e-02
2.779965682784507619e-02
2.758404023431204957e-02
2.734749324283994656e-02
2.708442768677166504e-02
2.679477221979421203e-02
2.648077261623180481e-02
2.614465576472574382e-02
2.579032557254454933e-02
2.542625030795473556e-02
2.504591671688180879e-02
2.465128319635919232e-02
2.424420994310519384e-02
2.382645010179030437e-02
2.339964332182519272e-02
2.296531155087563544e-02
2.253141530092389946e-02
2.209261250499536255e-02
2.164970043787024095e-02
2.120374172521045236e-02
2.075568762822703819e-02
2.030638297963014566e-02
1.985657203283183042e-02
1.940690504456597104e-02
1.895794541751135570e-02
1.851017724203113390e-02
1.806401308975568928e-02
1.762145939662307717e-02
1.720272115417124242e-02
1.707950726940377431e-02
1.695480400006523641e-02
1.682871443629730887e-02
1.670130748179324970e-02
1.657262116679111830e-02
1.644266597181461703e-02
1.631142813083969606e-02
1.618150146052200339e-02
1.605083534602762957e-02
1.591866504379943481e-02
1.578491435042311125e-02
1.564949766280310586e-02
1.551232267540788266e-02
1.537329292293529437e-02
1.523231015834941755e-02
1.508927656046302190e-02
1.494409676477547258e-02
1.479667971524012762e-02
1.479563617067222205e-02
1.480308434636052814e-02
1.480222936992726772e-02
1.479301218861910419e-02
1.484764058318517599e-02
1.491051745546615945e-02
1.496900492974773816e-02
1.502453506786249199e-02
1.507689951187299836e-02
1.512447873040212963e-02
1.516713290896572371e-02
1.520472608034581508e-02
1.523712751167257719e-02
1.526421299030803966e-02
1.528586600488407443e-02
1.530197881885183783e-02
1.531245343331281983e-02
1.531720244108675071e-02
1.531614977004606623e-02
1.530923131788917632e-02
1.529639548016564418e-02
1.527760357374611903e-02
1.525283015957852942e-02
1.522408211519629337e-02
1.519071377265960275e-02
1.515133854073398220e-02
1.510598138317823837e-02
1.505468079938582920e-02
1.499748864571516689e-02
1.493446988818033366e-02
1.486570229066586264e-02
1.479127604515038420e-02
1.471129334881040793e-02
1.462586793346622865e-02
1.453512455272183874e-02
1.443919843229267592e-02
1.433823468836592681e-02
1.423278543276257704e-02
1.412512376938238057e-02
1.401283658328121400e-02
1.389610012140918456e-02
1.377509748164716663e-02
1.365001793896304140e-02
1.352105626904318188e-02
1.338841207312604573e-02
1.325228910695027372e-02
1.311289461756203270e-02
1.297043868946655756e-02
1.282513360443840456e-02
1.267719321542819071e-02
1.252683233785716402e-02
1.237426615981484547e-02
1.221970967261308896e-02
1.206337712325970986e-02
1.190577185041816199e-02
