1.862369691859217247e-01
1.861491876640587184e-01
1.874214111999409904e-01
1.872929537500388486e-01
1.862362773891793888e-01
1.863537261008245960e-01
1.873970986247843751e-01
1.871479072488871631e-01
1.909445420122517501e-01
2.226698055751646643e-01
2.388201570563659448e-01
2.816197967684666570e-01
3.265049634682803403e-01
2.956440858723042298e-01
4.372155550621612541e-01
4.204486714393118052e-01
4.986476861985900677e-01
6.307110544166678601e-01
4.225090786003554699e-01
4.607846612835740929e-01
4.704057944745210218e-01
4.265826201625118053e-01
4.180118194039315616e-01
4.273459857114354499e-01
5.218834836613525097e-01
5.414564991124050097e-01
7.307535486015471760e-01
7.308528063574450950e-01
6.536380410534623486e-01
6.952795474573387757e-01
6.294908248540341811e-01
7.889765276699709506e-01
7.117581072049224966e-01
8.183367675254568097e-01
7.230039686970345381e-01
7.115233052427654137e-01
9.008156468964388930e-01
9.293117564316155654e-01
9.470913342314026817e-01
6.737799112808150470e-01
4.933098671599692731e-01
4.421538027840236640e-01
4.406573616844762231e-01
4.050594210528016270e-01
3.642813886934146428e-01
4.260649031980004442e-01
4.685754693610803545e-01
4.484620425456358195e-01
4.191901759098241032e-01
4.438108037983178322e-01
4.661424371176470793e-01
4.644528305108614474e-01
4.767526509634241183e-01
5.578117870646807086e-01
6.025864635744530018e-01
5.735095415873556757e-01
5.555366493386882931e-01
5.462340550120012850e-01
5.364822066489187691e-01
5.124174609248741685e-01
5.715687479855403597e-01
5.710341633787162641e-01
5.773393923312298837e-01
5.641428126925093212e-01
5.773286664074123165e-01
5.828410122650538039e-01
5.839800781172796995e-01
5.612460716310807562e-01
6.352900402372001487e-01
7.212837099369381333e-01
7.917261586847177401e-01
8.315033223416495867e-01
8.479408710386535653e-01
9.168135177632336097e-01
8.843755742205894332e-01
9.113881624955589844e-01
8.910288559158664468e-01
9.162381417976873665e-01
1.020290533918946307e+00
1.016366087646517924e+00
9.443708651788257358e-01
9.883992316219591956e-01
9.951265553048184165e-01
9.652577890485958267e-01
9.130900031538596862e-01
9.850961949584572386e-01
1.103572677447670181e+00
1.219488897112632086e+00
1.306965126448796921e+00
1.350422141836004064e+00
1.357020935503299608e+00
1.327667400132478859e+00
1.295320061931874767e+00
1.193875787339856664e+00
1.145647028709606330e+00
1.190377654839513744e+00
1.230151467727043535e+00
1.258350021164893917e+00
1.271083821656152635e+00
1.263074101670500493e+00
1.234825534315419082e+00
1.188986925271506623e+00
1.225682352938565645e+00
1.334018017195622630e+00
1.402506027117773391e+00
1.438033700676965898e+00
1.443532888688662696e+00
1.415654706591812140e+00
1.399640052432713944e+00
1.385584492305113935e+00
1.299943124503253999e+00
1.152362680052432475e+00
1.005053983996670564e+00
8.892995074699397984e-01
7.740692038329326508e-01
6.696710898791050637e-01
5.828734076132010555e-01
5.163041527523221097e-01
4.680818803994277189e-01
4.335400192101569461e-01
4.086282939144369464e-01
3.901156625726847627e-01
3.761120618347905675e-01
3.659331991718648425e-01
3.591384766518148086e-01
3.550321666361316297e-01
3.527156389810024995e-01
3.509788907267206715e-01
3.486376640760479040e-01
3.451249514083430947e-01
3.401074510546481799e-01
3.334787421362815363e-01
3.254666039824105073e-01
3.163492556622732321e-01
3.063528952866990118e-01
3.008155532229274676e-01
2.955388294697087748e-01
2.892056552225593657e-01
2.816709849445708791e-01
2.730482554071789747e-01
2.630523761668920324e-01
2.518034852228515641e-01
2.398404737505765716e-01
2.376323198415460913e-01
2.395346339731952712e-01
2.387169809369725504e-01
2.361134364668074082e-01
2.328288384601896466e-01
2.299345686524350285e-01
2.279649239790827175e-01
2.273969479738559285e-01
2.278971474844337930e-01
2.288617073707125693e-01
2.295428369376630862e-01
2.290719214117692693e-01
2.267457928964090874e-01
2.220307561991851641e-01
2.184863099876328263e-01
2.186606813591506770e-01
2.155968237695194134e-01
2.095159978284548974e-01
2.008620045034056611e-01
1.958510658495860313e-01
1.926268291565428337e-01
1.879127772602662838e-01
1.823620637162448876e-01
1.767625939112558442e-01
1.717174897736145900e-01
1.675914170913983259e-01
1.645029676396761731e-01
1.624305462237617681e-01
1.609822394778570309e-01
1.597660683959515604e-01
1.583598115109955407e-01
1.563707584814953422e-01
1.534812043089671396e-01
1.494761239720020507e-01
1.442525974346899054e-01
1.378147598619968994e-01
1.304054857653302313e-01
1.297035209107039178e-01
1.279828875005835642e-01
1.253117014959340692e-01
1.217207610307421001e-01
1.173673102770545068e-01
1.154446723515129974e-01
1.138530101351918622e-01
1.118484834437870334e-01
1.095527326079042962e-01
1.069156628837887313e-01
1.040571941403331951e-01
1.009587370352291597e-01
9.769415055744684606e-02
9.567840020950067748e-02
9.494023240617160964e-02
9.406784529124112559e-02
9.310888077569270949e-02
9.201857767884341621e-02
9.081597615320041728e-02
8.954755608131154121e-02
8.817632569580961810e-02
8.671578289586426291e-02
8.521393706092124376e-02
8.366243197525369268e-02
8.206463206869800409e-02
8.043731160450751094e-02
7.880117991057994375e-02
7.719147632307715723e-02
7.559514699008461347e-02
7.402546768281909051e-02
7.249389844896891866e-02
7.100987765344272951e-02
6.958071397767601196e-02
6.821157301226854486e-02
6.690555001071527008e-02
6.566381661037383466e-02
6.448582685387010960e-02
6.336956660034265276e-02
6.231404123704478715e-02
6.131508663768817785e-02
6.036544306699782869e-02
5.946017970252832213e-02
5.859423450982888942e-02
5.776263563047388111e-02
5.696068759537035314e-02
5.618411936477557544e-02
5.542919326589735435e-02
5.469277569216796087e-02
5.397237192368181669e-02
5.326612859541709349e-02
5.257280818169853681e-02
5.189174040238590802e-02
5.122275570588011306e-02
5.056610598976737925e-02
4.992237751291893344e-02
4.929240058069535996e-02
4.867716008366048536e-02
4.807771038442108097e-02
4.749509740790060219e-02
4.693029013394701965e-02
4.638412304434347266e-02
4.585725045986500936e-02
4.535011313984898401e-02
4.486291701279698785e-02
4.439562348028161520e-02
4.394795038072259880e-02
4.351938243137026124e-02
4.310918976494122756e-02
4.271645305874879894e-02
4.234009369578149717e-02
4.197890740123953052e-02
4.163159985291871312e-02
4.129682286342270525e-02
4.097320986177931806e-02
4.065940956112323867e-02
4.035411687258231433e-02
4.005610030819003325e-02
3.976422530343774742e-02
3.947747306960578545e-02
3.919495476276572271e-02
3.891592091400670334e-02
3.863976621318256088e-02
3.836602986254061126e-02
3.809439182560093312e-02
3.782466538162394809e-02
3.755678646256355169e-02
3.729080029582854811e-02
3.702684590249968183e-02
3.676513901215529984e-02
3.650595394727404464e-02
3.624960501334286572e-02
3.599642789652088976e-02
3.574676153249799204e-02
3.550251637226190665e-02
3.526324618282285217e-02
3.502834274393747810e-02
3.479800780094760571e-02
3.457237662124590383e-02
3.435150909727779922e-02
3.413538300612938697e-02
3.392388945074389928e-02
3.371683045958231290e-02
3.351391867882086428e-02
3.331477905143537255e-02
3.311895234610807287e-02
3.292590037062122221e-02
3.273501268395280495e-02
3.254561460536360001e-02
3.235697630717897927e-02
3.216832277477578439e-02
3.197884441355912377e-02
3.178770808887376037e-02
3.159406838941562073e-02
3.139707891694073355e-02
3.119590341592846233e-02
3.098972657412739362e-02
3.077776433970057235e-02
3.055927362018363153e-02
3.033753715930990677e-02
3.010873527024387347e-02
2.987153053812459033e-02
2.962540820879085851e-02
2.936992945945506375e-02
2.910473579179575013e-02
2.882955238510805443e-02
2.854419041452117833e-02
2.824854835323449900e-02
2.794261229114256007e-02
2.762645531143873012e-02
2.730023597916625064e-02
2.696419600045213069e-02
2.661865712070817999e-02
2.626401733359918014e-02
2.590135359336664597e-02
2.553384587748340137e-02
2.515861094919264254e-02
2.477629151326230308e-02
2.438758126233022544e-02
2.399321863867434276e-02
2.359398043653367777e-02
2.319067531557087239e-02
2.278413729441404467e-02
2.237521928735012461e-02
2.196478674069089407e-02
2.155371142693649628e-02
2.134615422831563636e-02
2.132172561926784157e-02
2.128723603128464606e-02
2.124248915072227822e-02
2.118734349260001718e-02
2.112171137190471323e-02
2.104555755141086434e-02
2.096177141311549377e-02
2.086958482135820372e-02
2.076702469380052943e-02
2.065423459840819501e-02
2.053140052950934435e-02
2.039874828033771265e-02
2.025654069237285346e-02
2.010507480805149086e-02
1.994467895438111274e-02
1.977570978088918560e-02
1.959854927622693699e-02
1.941711195156440098e-02
1.927795091106888903e-02
1.917879869637423296e-02
1.907759362903098041e-02
1.897441401582432990e-02
1.886934180653463203e-02
1.876246216622437513e-02
1.865386305916261200e-02
1.854363484518066485e-02
1.843186988951317148e-02
1.831866218656510656e-02
1.820410699848753339e-02
1.808830050873376505e-02
1.797133949143318865e-02
1.785332099621135885e-02
1.773434204958698746e-02
1.761449937195925380e-02
1.749388911131912611e-02
1.737260659287826262e-02
1.725074608487428204e-02
1.712840058024842765e-02
1.700566159433066979e-02
1.695989972557376130e-02
1.691650464987563482e-02
1.686440744775336703e-02
1.680405636644210707e-02
1.673590964742554740e-02
1.666043261699428832e-02
1.657809492573741536e-02
1.649122709888844324e-02
1.639924584568667326e-02
1.630170568214949975e-02
1.619906751425929936e-02
1.609178576692423673e-02
1.598030658981913071e-02
1.586506623401099172e-02
1.574648959488032796e-02
1.562498892042593103e-02
1.550096267934551221e-02
1.537479458578335824e-02
1.524685277391485405e-02
1.511748911721317971e-02
1.498703868569583805e-02
1.485581933464033381e-02
1.472413141659690769e-02
1.459225761006884350e-02
1.446046285697605467e-02
1.432899440064888501e-02
1.419808191762448289e-02
1.406793773385882351e-02
1.393875711942308207e-02
1.381071865248014764e-02
1.368398464595134423e-02
1.355870162927286064e-02
1.343500087856676004e-02
1.331299898767512174e-02
1.319279847453550154e-02
