2.316702016529014474e-01
2.325993001324784260e-01
2.344488758091034242e-01
2.346719811967387659e-01
2.365732420148886073e-01
2.400245722266045600e-01
2.437131684609268878e-01
2.455831074524251756e-01
2.664268972101693778e-01
3.200565371442123941e-01
3.469338583471591742e-01
3.235547861011056070e-01
4.687029628316977115e-01
4.143501242340735247e-01
6.472661294930160958e-01
5.238047358693828093e-01
4.652880830947251356e-01
6.096565937491500442e-01
5.676991175088911268e-01
6.872790404790365404e-01
6.848458894059135105e-01
1.036101849806376540e+00
1.100785747235288659e+00
9.441379467814883242e-01
9.312168891822134587e-01
9.468765626483460762e-01
9.168863215575274728e-01
7.846048498152623507e-01
1.025271070799342432e+00
5.849933176063000229e-01
4.204335600944718032e-01
3.617117504773793568e-01
3.644666345976895760e-01
3.775197542214497881e-01
4.175128055194434196e-01
4.521083157169140110e-01
4.385112310911066791e-01
4.239466663095635135e-01
4.560039072806391092e-01
5.199531408928956822e-01
5.732828771865620121e-01
5.935638778323467646e-01
6.533270649193680946e-01
7.543714389378542995e-01
8.086397057930118093e-01
6.831922289361279654e-01
7.178599088461822264e-01
6.738338442565942055e-01
6.203565425651412779e-01
6.678818592184025960e-01
7.248363017000372110e-01
7.741508880681633453e-01
8.100725550845327971e-01
8.302414580736210414e-01
8.341217839977315140e-01
8.608894313557156064e-01
8.855418932581359259e-01
9.139027074787052785e-01
1.082020030760023399e+00
1.148302528147256529e+00
1.038526705570891329e+00
9.484322830101923341e-01
9.137458955450464826e-01
9.833671164196040593e-01
1.179836583376534520e+00
1.298161414693702165e+00
1.299481588886954642e+00
1.196300869355071184e+00
1.054099258926929572e+00
9.482036553274387769e-01
9.895043541309571644e-01
1.125380358873472764e+00
1.311013755204798237e+00
1.526086659397885459e+00
1.710618961034281238e+00
1.775552891010014012e+00
1.666526079498565904e+00
1.371733810929219866e+00
1.272019434380602165e+00
1.166009987651311697e+00
1.067726624452615569e+00
9.962035334505111583e-01
9.077384364086613644e-01
8.249888952600892278e-01
7.369531283637458241e-01
6.435506643815323002e-01
5.504228725779182207e-01
4.691970703600100712e-01
4.446213719158245703e-01
4.387055239742463364e-01
4.189068161810756141e-01
3.887460234335662346e-01
3.586680585149176759e-01
3.327820939224040986e-01
3.131660113359417963e-01
2.907111363689545147e-01
2.865457829535661416e-01
3.025887846458680253e-01
3.173997087603350753e-01
3.252060330296147050e-01
3.412848737340066774e-01
3.427913133919430755e-01
3.301243635045444380e-01
3.065497996349014209e-01
3.020063425619719522e-01
3.026544038642569046e-01
2.904544202056639768e-01
2.712154989639644076e-01
2.734094797001804800e-01
2.676965069139615738e-01
2.537864170495174876e-01
2.402418177605976646e-01
2.313849634424718638e-01
2.143699862026418046e-01
1.972290189927199122e-01
1.888632401922361315e-01
1.881546739311723282e-01
1.830868080456053426e-01
1.732521001145933548e-01
1.662685718384028788e-01
1.688770415231157507e-01
1.688858682817963586e-01
1.663386891830963277e-01
1.614231219203970946e-01
1.564987244654001686e-01
1.547408810881223395e-01
1.516899761146791037e-01
1.475737653626859880e-01
1.469012344408738846e-01
1.470863541753392734e-01
1.422821362227537356e-01
1.335336620095755045e-01
1.313008419249218905e-01
1.287101276614975864e-01
1.254389282800433825e-01
1.215498974657022863e-01
1.173151756080167141e-01
1.127910022582289673e-01
1.081967469620655764e-01
1.035352301446873097e-01
9.906563303911536389e-02
9.477172851516518781e-02
9.071032554821220617e-02
8.693921069198373708e-02
8.349625306852204165e-02
8.084602246983126073e-02
7.864044135608182218e-02
7.623774591495979802e-02
7.370636772289235195e-02
7.118414757748678379e-02
7.024755592465502241e-02
7.218066621697212526e-02
7.365555089767987507e-02
7.469537963248339130e-02
7.527906006530107885e-02
7.531055382583995428e-02
7.486219940025595765e-02
7.381052013366451447e-02
7.222839707164206702e-02
7.007316593222423506e-02
6.736745354877382574e-02
6.726576462735098239e-02
6.901620762740851012e-02
7.029997016836947443e-02
7.110232183235692949e-02
7.135152721639285989e-02
7.114323678769753079e-02
7.036802408979800361e-02
6.920232311080193321e-02
6.754346233462647786e-02
6.553530005845838169e-02
6.318272353511067418e-02
6.052735869829967141e-02
5.770863528014367333e-02
5.470117447181239989e-02
5.157333079385562069e-02
4.925018307182330024e-02
4.837110804526355279e-02
4.852233709141902385e-02
4.846564367763276510e-02
4.818336525531767556e-02
4.773921518328155117e-02
4.710551555736416929e-02
4.637873419762831434e-02
4.551370181478599231e-02
4.454907378149727815e-02
4.353907909402161130e-02
4.245580943245229333e-02
4.131708660546275225e-02
4.015736951192310639e-02
3.937782412133843113e-02
3.932727599547514857e-02
3.924201357899562148e-02
3.912870013317450157e-02
3.899275916863591956e-02
3.883842003183802377e-02
3.866879126439923264e-02
3.850045410814038893e-02
3.832908507006743681e-02
3.814545763481142632e-02
3.794936579156709539e-02
3.774003676790353701e-02
3.751625150700148292e-02
3.727646038739864526e-02
3.701889199807435749e-02
3.674165333535740763e-02
3.645864219092630198e-02
3.615900771360631288e-02
3.583387414509891372e-02
3.548162620540175338e-02
3.510086365947139020e-02
3.469044069879465703e-02
3.424949566557995012e-02
3.377747175605334135e-02
3.327412942260817019e-02
3.275237088317268369e-02
3.220758650798519196e-02
3.163189493587741791e-02
3.102624974780261377e-02
3.039189071549221535e-02
2.973032397808570912e-02
2.904329923529674201e-02
2.833278462643950071e-02
2.760093992063859455e-02
2.685008859156641156e-02
2.608268929711620929e-02
2.530579890065535673e-02
2.452466282581117901e-02
2.373369073461098835e-02
2.411752552854480591e-02
2.456944927271318899e-02
2.496633284935455971e-02
2.530618374893800482e-02
2.558757177709642880e-02
2.581133941620541647e-02
2.599262274573109488e-02
2.611454368537262025e-02
2.617761265725427472e-02
2.618280125781629469e-02
2.613150851935281543e-02
2.602552438129807771e-02
2.587139702076141426e-02
2.568124983107274509e-02
2.544308911464556594e-02
2.515979084951761729e-02
2.496544352552167861e-02
2.483293721897241249e-02
2.467827562686492754e-02
2.450268054754040428e-02
2.431692776542302911e-02
2.411407831941895369e-02
2.389373951427346127e-02
2.365724627652945888e-02
2.340594423457923595e-02
2.314118113075793598e-02
2.286429878119984604e-02
2.257662560797128737e-02
2.227946976034732296e-02
2.197411283574692703e-02
2.166180420432079964e-02
2.134375593576399999e-02
2.102113832130482127e-02
2.069507597996326706e-02
2.036664453301147149e-02
2.003686782838805941e-02
1.970781530804717810e-02
1.938261219349943568e-02
1.905840162890353254e-02
1.873599889967723572e-02
1.841616158894781793e-02
1.809958943798453332e-02
1.778692457289473769e-02
1.747875206529278524e-02
1.717560079811012580e-02
1.687794460418686610e-02
1.658620364984590353e-02
1.630074603292079594e-02
1.602188956792566926e-02
1.574990373112907655e-02
1.548501173946377832e-02
1.522739273881477430e-02
1.497718407840561462e-02
1.473448364977350891e-02
1.449935226943361959e-02
1.427181608690519798e-02
1.405186900040539429e-02
1.383947506469922900e-02
1.363457087634990621e-02
1.344954982642363253e-02
1.329868408098059535e-02
1.314731437056676500e-02
1.299599648654584799e-02
1.284523551834587315e-02
1.269548690477141639e-02
1.254715775789964557e-02
1.240060842186833413e-02
1.225615423345299305e-02
1.211406745027384171e-02
1.197457931713303073e-02
1.183788223977604026e-02
1.170413204070554387e-02
1.157345027040188740e-02
1.144592655231986555e-02
1.132162093945494538e-02
1.120056626447884542e-02
1.108277046565355264e-02
1.096821887365817538e-02
1.085946580836241564e-02
1.077058052197672582e-02
1.068482099219565315e-02
1.060198431018930833e-02
1.052187401621064271e-02
1.044430045585321813e-02
1.036908107353797306e-02
1.029604064714632373e-02
1.022501146752305065e-02
1.015583346703678898e-02
1.008835430039226565e-02
1.002242938200499991e-02
9.957921882977234518e-03
9.894702691568640907e-03
9.832650340362710309e-03
9.771650903348203313e-03
9.711597866322529971e-03
9.652391973199152958e-03
9.593941051393592434e-03
9.536159818748170605e-03
9.478969674823303423e-03
9.422298478739304234e-03
9.366080315894356398e-03
9.310255255651383663e-03
9.254769101952553534e-03
9.199573138976306977e-03
9.144623872791420027e-03
9.089882771599774175e-03
9.035316004834382728e-03
8.980894183535264794e-03
8.926592102271504320e-03
8.872388484192098024e-03
8.818265729873106876e-03
8.764209671049166123e-03
8.710209329760389141e-03
8.656256683737796609e-03
8.602346438296161815e-03
8.548475805525286922e-03
8.505620864361178313e-03
8.490197601444478964e-03
8.474383902168987348e-03
8.458136630322330568e-03
8.441415144447723604e-03
8.424181437163226829e-03
8.406400245060164506e-03
8.388039132516860244e-03
8.369068549745896715e-03
8.349461868195491923e-03
8.329195393830821428e-03
8.308248361524312939e-03
8.286602910908149808e-03
8.264244046603558269e-03
8.241159583514864537e-03
8.217340079607435288e-03
8.192778756886178251e-03
8.167471412736961728e-03
8.141416322731033148e-03
8.114614135993127378e-03
8.087067764792886873e-03
8.058782269245497870e-03
8.029764738281455067e-03
8.000024167887953216e-03
7.969571337526633326e-03
7.938418685713441794e-03
7.906580185466558636e-03
7.874071220017658454e-03
7.840908460401032135e-03
7.807109744131439204e-03
7.772693956681058815e-03
7.737680915671550121e-03
7.702091258166856268e-03
7.665946331504832137e-03
7.629268088208521030e-03
7.592078984621369181e-03
7.554401884316284781e-03
7.516259965497996617e-03
7.477676633446074181e-03
7.438675437122208717e-03
7.399279991195317589e-03
7.359513902108025252e-03
7.319400699481105194e-03
7.278963771951849071e-03
7.238226307679243576e-03
7.197211239718844834e-03
7.155941195534820838e-03
7.114438451280495450e-03
7.072724890154787405e-03
7.030821965048035006e-03
6.988750665060551072e-03
6.946531486118697959e-03
6.904184405046727771e-03
6.861728857442288276e-03
6.819183718769800985e-03
