1.988307356843021234e-01
1.984665481213896132e-01
2.002902978015317081e-01
1.991559416388768711e-01
1.998039722553202058e-01
2.016940524643447141e-01
2.040448677834834079e-01
2.049948926116133552e-01
2.101152902035257064e-01
2.130827170992318220e-01
2.661757159573143738e-01
2.626029774639621062e-01
3.878300981318016927e-01
2.985091850100599076e-01
3.385943032797025798e-01
4.224017130696922084e-01
4.643057691326377689e-01
5.446320019226317255e-01
4.681895297532607803e-01
4.439364377192127620e-01
3.851497799358467033e-01
5.343166174986302419e-01
4.691208176419476295e-01
4.621789412335070013e-01
6.172557843282884260e-01
5.242676744051056881e-01
6.889710032906682935e-01
6.503927873266212023e-01
7.314919324179685045e-01
7.843848457047571943e-01
6.846699121230799268e-01
7.382124552778829285e-01
7.326225411907720808e-01
7.291192586202221992e-01
8.506279484673302527e-01
8.505628097362459838e-01
6.465635556154092356e-01
8.176841343959448949e-01
9.606759598635126185e-01
5.953982439434275520e-01
4.345872386236167562e-01
3.865505136484438942e-01
3.660535260256028711e-01
3.555515108787744016e-01
3.493116656506070061e-01
3.483230541019919912e-01
3.464675611892740759e-01
4.062133063065332395e-01
4.380234148952739104e-01
4.414008130481988368e-01
4.288299851114258932e-01
4.535822521852836409e-01
5.069420707000633630e-01
5.201953583063434472e-01
5.089349994245154774e-01
4.919941181695066112e-01
4.803467547222022294e-01
4.760682418680824979e-01
5.293393876179662838e-01
5.076407469322338217e-01
4.754473150755832433e-01
5.173602305214763941e-01
5.836647501303020569e-01
6.201780562546139741e-01
6.426303121616744329e-01
7.033476305653012517e-01
7.744967890820475542e-01
7.825406553396943021e-01
7.342392585201671373e-01
6.950006779655039102e-01
6.968529248969653755e-01
7.238566556032767219e-01
6.957462471262095827e-01
6.319366131271477727e-01
6.415733424263267981e-01
6.540808422934185629e-01
6.859080164498646548e-01
7.382625093454696641e-01
7.999193209845265606e-01
8.596341978132405748e-01
9.127802871522835426e-01
9.562711015097953293e-01
9.885025423410791490e-01
1.019134324415930548e+00
1.001373833283038417e+00
9.804724423012820544e-01
9.350967478005192124e-01
8.948920108787760119e-01
9.425446651380926522e-01
9.839368446084545416e-01
1.017313977572094075e+00
1.043867215098546408e+00
1.062175152368236564e+00
1.079202602863168492e+00
1.098059809163333123e+00
1.111307081228085858e+00
1.118507950485220892e+00
1.119424166045140945e+00
1.113850841210997089e+00
1.114054443587818133e+00
1.195508654513870672e+00
1.283863666994275121e+00
1.343930048291408719e+00
1.374273676495751495e+00
1.409274386754792996e+00
1.448727292192960370e+00
1.440108409929551136e+00
1.408182931817163475e+00
1.354038370962128868e+00
1.273755003070232927e+00
1.173213045211775052e+00
1.062201265110684467e+00
9.572388015019505092e-01
8.612722937585360894e-01
7.711163972328864968e-01
6.901086469439927651e-01
6.206096593373134906e-01
5.666990795090635080e-01
5.224031683857631725e-01
4.866118408690995878e-01
4.579759877463340789e-01
4.343749223665178127e-01
4.144116689315079372e-01
3.965401991376194535e-01
3.799931320172227345e-01
3.640790044859714691e-01
3.487973775447446023e-01
3.341477465674609904e-01
3.204282246446140126e-01
3.082819435476664149e-01
2.979263899489222878e-01
2.897674499487058464e-01
2.840191058825806136e-01
2.807397076097224442e-01
2.796736550173487545e-01
2.802320936945907337e-01
2.818571832801070598e-01
2.838379710856862581e-01
2.855118537725748751e-01
2.860990383562869721e-01
2.850234913382789226e-01
2.817759188967669526e-01
2.790870276846530440e-01
2.826842164154457770e-01
2.843990200740931229e-01
2.838163466751911779e-01
2.807524012653024870e-01
2.749019831477140796e-01
2.661286659038523683e-01
2.546547413350244149e-01
2.405536946652606922e-01
2.257082044737108439e-01
2.220821038709684669e-01
2.164854142380449320e-01
2.091976070116143838e-01
2.000997321065965950e-01
1.906587079240815441e-01
1.881287840996202776e-01
1.843469535842347795e-01
1.839170430940575973e-01
1.838113570148343923e-01
1.822973595315858786e-01
1.794683184886233518e-01
1.754317231629059504e-01
1.703069433073539085e-01
1.642231968492231242e-01
1.573471303668460275e-01
1.514285752994884160e-01
1.473252090749757326e-01
1.429199728364933253e-01
1.382848816236731948e-01
1.372457459127375823e-01
1.369797363152750469e-01
1.364549458276917704e-01
1.356243204158956717e-01
1.345263907477312892e-01
1.331885273011111370e-01
1.315838011840389510e-01
1.298028601645002111e-01
1.277602922032176069e-01
1.256043568630311746e-01
1.232172876839425779e-01
1.207314181052644708e-01
1.180793041179456909e-01
1.153195233613027726e-01
1.124700181704831603e-01
1.094977340564737417e-01
1.065148154714675721e-01
1.034410599032090233e-01
1.003287538336962575e-01
9.721403938832993974e-02
9.406155657000055126e-02
9.090936985471734233e-02
8.779367693857399735e-02
8.468443572406418596e-02
8.335878943400429342e-02
8.270633843579067168e-02
8.194256697351005869e-02
8.107729266898928977e-02
8.017951974359960321e-02
7.962223932304175744e-02
8.045773189379719359e-02
8.136642349298991994e-02
8.388794386574702222e-02
8.592603437756687890e-02
8.730951795636920920e-02
8.792857960071909229e-02
8.769891027222838364e-02
8.659009577529495905e-02
8.455982195024897008e-02
8.558776027590006552e-02
8.615641087632862349e-02
8.586020413305768539e-02
8.469668661095004769e-02
8.295948693789666206e-02
8.441903552922605525e-02
8.553731473745097846e-02
8.632549320466884057e-02
8.682718277394660400e-02
8.701875051544699646e-02
8.692154915094993384e-02
8.658607365107294507e-02
8.600598947846871400e-02
8.519112873441660183e-02
8.418135215808171534e-02
8.299617472681455888e-02
8.162417434100913138e-02
8.013908854277472515e-02
7.850394752835823664e-02
7.678272332794797150e-02
7.495265306767433244e-02
7.307441416682639024e-02
7.111354958962645689e-02
6.914055442029957976e-02
6.712106514573093485e-02
6.508449841592124641e-02
6.305172855264283560e-02
6.100516867968864415e-02
5.897316459178771758e-02
5.696077716244456191e-02
5.622373352669841895e-02
5.550435100618815454e-02
5.477886165848808164e-02
5.405493735327357441e-02
5.331876919701690476e-02
5.259681691687081995e-02
5.186408614631594916e-02
5.113153524064330963e-02
5.040458208078937852e-02
4.966834376424678760e-02
4.893317847074920429e-02
4.820096245077500063e-02
4.745867078853771570e-02
4.679375591588249422e-02
4.729733607399481260e-02
4.757878445530126094e-02
4.764468880506676080e-02
4.750377006759859411e-02
4.716804543222419960e-02
4.665128386768553626e-02
4.596904430406216491e-02
4.516266141262992306e-02
4.433197597331726969e-02
4.366519044736467264e-02
4.295165421874966305e-02
4.214571566486632892e-02
4.124264081448846680e-02
4.082159075888096289e-02
4.072258879881873739e-02
4.060196228330630736e-02
4.046325350222033934e-02
4.031249168940341521e-02
4.013924410170746637e-02
4.002898415168684720e-02
4.006617158044727817e-02
3.998466355157709318e-02
3.979023144530714762e-02
3.949416224427819422e-02
3.910102670788317275e-02
3.863684613916700678e-02
3.809322768959617911e-02
3.773153656069370976e-02
3.737220136622627920e-02
3.700545871536804754e-02
3.662242832770530587e-02
3.622292681544210524e-02
3.580801907902766978e-02
3.537921147515448589e-02
3.494685548064736108e-02
3.450202255807610641e-02
3.404590267722083785e-02
3.357970099273295539e-02
3.310463057507450485e-02
3.262234641979176730e-02
3.214070407032488391e-02
3.165330440020786701e-02
3.116133146595355397e-02
3.066594798575196512e-02
3.016829037624481000e-02
2.966946424143902111e-02
2.917054031977940609e-02
2.867255088310483035e-02
2.817648658574244472e-02
2.768696198617619231e-02
2.720090983753740282e-02
2.697485218227523365e-02
2.693380899805502757e-02
2.690075746315720787e-02
2.687084502919780474e-02
2.683939145951354938e-02
2.680195215111239038e-02
2.675847791557517050e-02
2.670476069190292831e-02
2.663403607219227281e-02
2.654320578227954003e-02
2.642958759203224012e-02
2.629092878815723899e-02
2.612541227714514774e-02
2.593421969732564655e-02
2.572108599761789571e-02
2.547818621094961183e-02
2.520531575182666933e-02
2.490264906854783994e-02
2.457071537309255677e-02
2.421037143425527199e-02
2.383181656686765570e-02
2.342722573333907293e-02
2.299804566937452971e-02
2.254609628456678491e-02
2.223284275456579445e-02
2.207359428800680784e-02
2.191254704411203791e-02
2.174993426082261899e-02
2.158598191914618686e-02
2.142090852558579950e-02
2.125723794189737087e-02
2.109315842192291054e-02
2.092845279908115905e-02
2.076331071667045225e-02
2.059791388456578068e-02
2.043243605513204997e-02
2.026704302685089498e-02
2.010189267235893557e-02
1.993713499035233705e-02
1.977291217813891347e-02
1.960935872413589742e-02
1.944660151736890205e-02
1.928475997368602618e-02
1.912394617561117768e-02
1.896426502541205539e-02
1.880581440917920844e-02
1.864868537088186159e-02
1.849296229498627667e-02
1.833872309641216072e-02
1.818603941644296104e-02
1.803497682363439103e-02
1.788559501891234110e-02
1.773794804339497502e-02
1.759208448833574773e-02
1.744804770637379751e-02
1.730587602316666085e-02
1.716560294874000525e-02
1.702725738814048553e-02
1.689086385003537444e-02
1.675644265382185763e-02
1.662401013389409876e-02
1.649357884082554293e-02
1.636515773918557209e-02
1.623875240161450420e-02
1.611436519892697414e-02
1.599199548544759722e-02
1.587163978006297591e-02
1.575329194254952714e-02
1.563694334441770306e-02
1.552258303512148684e-02
1.541019790289661212e-02
1.529977282986733945e-02
1.519129084250264716e-02
1.508473325604898357e-02
1.498007981353037532e-02
1.487744958391623400e-02
1.477674736829239985e-02
1.467786296894781246e-02
1.458077223911310831e-02
1.448545002514123846e-02
1.439187027466320816e-02
1.430000613988415686e-02
1.420983007557972098e-02
1.412131393229645697e-02
1.403442904486323223e-02
1.394914631577011052e-02
1.386543629451827096e-02
1.378326925199793544e-02
1.370261525098221897e-02
1.362344421177384343e-02
1.354572597459914075e-02
1.346943035726573187e-02
1.339452720946361121e-02
1.335005447545384305e-02
1.332675741599887755e-02
