2.567215712823092133e-01
2.568000767905768145e-01
2.572595663799537302e-01
2.588122278652285613e-01
2.609549807465277871e-01
2.637437126199983495e-01
2.668814432591969932e-01
2.735157077814548976e-01
2.765335453013084144e-01
3.200938125413781976e-01
2.937150902634008687e-01
3.240000943452846505e-01
3.682453304249483916e-01
4.740702290935824292e-01
5.831366487163284207e-01
4.891645424882157811e-01
5.479594833234965323e-01
5.449945302619831899e-01
6.415787204712009029e-01
5.767872996149997489e-01
6.820935918046010515e-01
7.609144590100551664e-01
6.675632353715053036e-01
6.856594056350395761e-01
8.878400939259449842e-01
1.042543847821782776e+00
1.138029066274893308e+00
1.065488260261565845e+00
1.048451099534108311e+00
8.366592433060057177e-01
8.854897087728677008e-01
1.066302620922451982e+00
1.176056496673869578e+00
7.288286125039467045e-01
4.933102850346250401e-01
4.163153867153139842e-01
3.685527306224101740e-01
3.760473146841207814e-01
3.334387733857528402e-01
3.451309024174359363e-01
3.672574540335898363e-01
3.938451061401337383e-01
4.260090711283953113e-01
4.559307919933437425e-01
5.087711793790532511e-01
5.157748229248584337e-01
5.236464457563980712e-01
5.296728590004367021e-01
5.419040197695846883e-01
5.614820339584193354e-01
6.261079558457806060e-01
6.600562068698118123e-01
6.117451495268314554e-01
5.563791507149000726e-01
4.937975552095932308e-01
4.647154789011403442e-01
4.851914999055083055e-01
5.592700565349137953e-01
6.314052756261867572e-01
6.893928542365160839e-01
7.617770127616513287e-01
8.341917743350641956e-01
8.429151930053125907e-01
7.590448186267826358e-01
7.502047222592261866e-01
7.293542950218689924e-01
7.356781124939284489e-01
7.503009286249706644e-01
7.803307632865675858e-01
7.975571197842289406e-01
7.993514480283359092e-01
7.969769415733671813e-01
8.091440360573686208e-01
8.488728066695203633e-01
9.105559370429849864e-01
9.767773123946664748e-01
1.028987101367529577e+00
1.053560305058361957e+00
1.046849989382040436e+00
1.021935450996525274e+00
1.020124223883289938e+00
1.042806503555603559e+00
1.127851400535551774e+00
1.199662581407888284e+00
1.259844202865790130e+00
1.314616345713868428e+00
1.356555126868912886e+00
1.370066421373632881e+00
1.357257183801717559e+00
1.311405279632972043e+00
1.206321336995355598e+00
1.058447230516759818e+00
9.719280106218529669e-01
8.834899383553085350e-01
7.909619150846385338e-01
7.073830952889562651e-01
6.372803181492802116e-01
5.772993775471172428e-01
5.295716304567191779e-01
4.916562957895699859e-01
4.621691175253661577e-01
4.371126721095615619e-01
4.145820077457370023e-01
3.922787298522374955e-01
3.691679515385388743e-01
3.450417515618635633e-01
3.391048192443386067e-01
3.452439264207213254e-01
3.429445305571062197e-01
3.335837925051464703e-01
3.291479234339760307e-01
3.204748986054018478e-01
3.090409347458006328e-01
3.012986710100021281e-01
2.931273875362505610e-01
2.840409214740721167e-01
2.744413496683901776e-01
2.645076449274909591e-01
2.542900150482201305e-01
2.438923978491469302e-01
2.333024817763235670e-01
2.225486337549542337e-01
2.117435810467069301e-01
2.011594727190324783e-01
1.907858960468403753e-01
1.811640775403512149e-01
1.749590775329203651e-01
1.689359160157939965e-01
1.630430601016925329e-01
1.573753514138897802e-01
1.520247527217347683e-01
1.471317453637554507e-01
1.426040678127563632e-01
1.384539084194663650e-01
1.346823091196289457e-01
1.312842022200986225e-01
1.282508309287234416e-01
1.255698406176952719e-01
1.232237479321660473e-01
1.212211488885013150e-01
1.195098024958939215e-01
1.180350645052753167e-01
1.167425311885714051e-01
1.155674926173011346e-01
1.144373660253690805e-01
1.133530394647863371e-01
1.121931546615525660e-01
1.108595239970876917e-01
1.093858459918160692e-01
1.076545884993717894e-01
1.056623826129661908e-01
1.033808645284708255e-01
1.008095770356089022e-01
9.792265397451736797e-02
9.478917008231710351e-02
9.135517056064063057e-02
9.094313602475133373e-02
9.096120747255759253e-02
9.065335888200001802e-02
9.011915969359850231e-02
8.924719256838251069e-02
8.814015656651033592e-02
8.676054562881294063e-02
8.510996666597961391e-02
8.330862740961503254e-02
8.128453428871347530e-02
7.907476196894704101e-02
7.679712172321427610e-02
7.440427207880481730e-02
7.192708931159053076e-02
6.939994012265085499e-02
6.803958839451024199e-02
6.698726761149301212e-02
6.593574815610298012e-02
6.488764782182571134e-02
6.384517146340189242e-02
6.281010875633730173e-02
6.178384332643993559e-02
6.076737153119809304e-02
5.976870984640293705e-02
5.879115870079509171e-02
5.782345439239499479e-02
5.686543436496365594e-02
5.591672098587346235e-02
5.497676361163519876e-02
5.404488021804806225e-02
5.312029764341767019e-02
5.220218965574854181e-02
5.128971221343690823e-02
5.038203544061550104e-02
4.947837197756627808e-02
4.857800149579370036e-02
4.768029128026797514e-02
4.678471288206049322e-02
4.589085492895341595e-02
4.499843225315963008e-02
4.410729155127696838e-02
4.321741383674564119e-02
4.232891397637681546e-02
4.144203762450864026e-02
4.055715587982430814e-02
3.967475799400401598e-02
3.879544245673283154e-02
3.837797740513086697e-02
3.822560828020023227e-02
3.854194093266011256e-02
3.883029933569868281e-02
3.908225879631292005e-02
3.929013118952123101e-02
3.944703982350945132e-02
3.954698025865246297e-02
3.958486637617283921e-02
3.955656137968720232e-02
3.947024446427925548e-02
3.932698322537717811e-02
3.911112982886576911e-02
3.882211794175943059e-02
3.846028120577201642e-02
3.802680758282124540e-02
3.752597998831605497e-02
3.698174022028079960e-02
3.637293289668341173e-02
3.570337725495695974e-02
3.497742491988873464e-02
3.419988025739271326e-02
3.337591970702030036e-02
3.324558822804913466e-02
3.312065882464872157e-02
3.288329107758781317e-02
3.255933430111702942e-02
3.213585465841434230e-02
3.160870166374304957e-02
3.098360235878769298e-02
3.027957658050686382e-02
2.950766342425681366e-02
2.865897768604349846e-02
2.774249214249396855e-02
2.729943718484163784e-02
2.728331300996357511e-02
2.722260461703733883e-02
2.712312851511295558e-02
2.699511798604855434e-02
2.682767189141526884e-02
2.662302695154821625e-02
2.673888662971914826e-02
2.697948866193784420e-02
2.715080958418237059e-02
2.727452672258828814e-02
2.733377551751087556e-02
2.733103247040449824e-02
2.726972984271915090e-02
2.715367393216517114e-02
2.700287017546171633e-02
2.680711511565227190e-02
2.656860946824513015e-02
2.629188444359645271e-02
2.598151714863508946e-02
2.564300492243378957e-02
2.529215656735371923e-02
2.492008159704001483e-02
2.453103336744398566e-02
2.412908990813853599e-02
2.371812284852778743e-02
2.330177160613758694e-02
2.288342266501057487e-02
2.246619371732540629e-02
2.205550052451563103e-02
2.165423283541732802e-02
2.126099846100920274e-02
2.087782535257553737e-02
2.050645701220664419e-02
2.014835849073172772e-02
1.980472497202534141e-02
1.947649258898749569e-02
1.916435112217310111e-02
1.886875824924547432e-02
1.858995502498916180e-02
1.832798229403877210e-02
1.808269775612731528e-02
1.785379342652954060e-02
1.764081325652488291e-02
1.744317070236478182e-02
1.726016605319972280e-02
1.709100335287587133e-02
1.693480677052408567e-02
1.679063629956403791e-02
1.665750268194208031e-02
1.653438147695138541e-02
1.642022620980091926e-02
1.631398055410436532e-02
1.621458951605189366e-02
1.612100960429088681e-02
1.603221798039357326e-02
1.594722059726561697e-02
1.586505934278178639e-02
1.578481821426217305e-02
1.570562855661242901e-02
1.562667340427964166e-02
1.554719097023363195e-02
1.546647733221519737e-02
1.538388836540386523e-02
1.529884097744094174e-02
1.521081369925081014e-02
1.511992315284675474e-02
1.502719493961808019e-02
1.493032753195756498e-02
1.482902987977677278e-02
1.472306780295933905e-02
1.461226196578831356e-02
1.449648556840885116e-02
1.437566180167340613e-02
1.424976110847583216e-02
1.411879829301565872e-02
1.398282951516602833e-02
1.384194920607291143e-02
1.369628693636617406e-02
1.354600426785098309e-02
1.339129161374470398e-02
1.323236513273006072e-02
1.308045225338698783e-02
1.301516369175929021e-02
1.294882762473809068e-02
1.288150899706735387e-02
1.281327175233787537e-02
1.274417874353491603e-02
1.267429165322679629e-02
1.260367092259915070e-02
1.253237568901806841e-02
1.246046373148561662e-02
1.238799142375303017e-02
1.231501369433606746e-02
1.224158399332409865e-02
1.216775426526657024e-02
1.209357492794635620e-02
1.201909485648162274e-02
1.194436137254647166e-02
1.186942023815778027e-02
1.179431565388297173e-02
1.171909026099642037e-02
1.164378514724107722e-02
1.156843985609703855e-02
1.149309239904403729e-02
1.141777927064787680e-02
1.134253546620776591e-02
1.126739450175036870e-02
1.119238843605279560e-02
1.111754789451874052e-02
1.104290209477803986e-02
1.096847887366871228e-02
1.089430471553302394e-02
1.082040478160731060e-02
1.074680294039376954e-02
1.067352179873282472e-02
1.060058273363971917e-02
1.052800592464431077e-02
1.045581038644338712e-02
1.038401400194214307e-02
1.031263355547320897e-02
1.024168476605740591e-02
1.017118232071083719e-02
1.010113990763573596e-02
1.003157024930098271e-02
9.962485135278906223e-03
9.893895454784983751e-03
9.825811228879368850e-03
9.758241642342031091e-03
9.691195075018713134e-03
9.656090584674046143e-03
9.622933780826717701e-03
9.588438553643396228e-03
9.552656369708435388e-03
9.515639262406113547e-03
9.477439660554694972e-03
9.438110227606596320e-03
9.397703711187352371e-03
9.356272802923837340e-03
9.313870007844405816e-03
9.270547523593165862e-03
9.226357128726922485e-03
9.181350079783153623e-03
9.135577017366574085e-03
9.089087879974091025e-03
9.041931825988410928e-03
8.994157163187948417e-03
8.945811285542558042e-03
8.896940616742452998e-03
8.847590560364998122e-03
8.797805456214377595e-03
8.747628542526903958e-03
8.697101923761291903e-03
8.646266543603035523e-03
8.595162162883598911e-03
8.543827341997654520e-03
8.492299427955299698e-03
8.440614545057676874e-03
8.388807589754724084e-03
8.336912228642858261e-03
8.284960899867242420e-03
8.232984817513290185e-03
8.181013978850674995e-03
