2.890106590595799552e-01
2.882770446262721276e-01
2.903927939094394506e-01
2.912339313636491123e-01
2.920009139457198644e-01
2.966334775908336385e-01
3.031810146736008682e-01
3.129391565545764364e-01
3.244052479584031423e-01
3.495595506105365624e-01
3.992517701138118547e-01
3.562744619953614467e-01
4.516491111171643813e-01
5.685224634929075815e-01
5.367176985123326416e-01
4.810788033239157269e-01
5.771830216310955830e-01
7.431950855947051515e-01
6.870947119904513567e-01
7.649560478929920970e-01
7.162516593718429858e-01
9.152776287536029676e-01
8.801626158342573669e-01
8.716702488406110616e-01
7.908766500059450921e-01
5.540202262880835615e-01
4.988960485814916690e-01
5.226697760997209841e-01
5.505569732451531806e-01
6.071381243568366726e-01
6.882443045740216370e-01
6.030726527101514245e-01
6.457471316788000459e-01
7.499994422465231514e-01
8.281068853324592416e-01
9.378064744999108360e-01
8.380317591401929000e-01
8.846640606054567701e-01
1.062115288539007940e+00
1.016512080979940391e+00
1.171506413397403801e+00
1.071289431661952563e+00
8.602946545347595064e-01
9.940374652595406202e-01
1.110616935038398312e+00
1.311307950991011939e+00
1.245027603705604946e+00
1.117861330951848364e+00
1.178355544051037596e+00
1.281119241378797291e+00
1.388784138425497305e+00
1.490191094480133982e+00
1.561958251947983767e+00
1.704863150956215101e+00
1.935092490828083323e+00
2.006406638217820948e+00
2.199654786433922649e+00
2.374762080787525598e+00
2.039517832220099081e+00
1.776514311623979214e+00
1.873712303216687136e+00
1.841065020556563514e+00
1.951891904435118841e+00
1.990474019667442418e+00
1.905560955598023076e+00
1.849723403051161119e+00
1.889306187138982462e+00
1.914047604100603817e+00
1.849871398428463598e+00
1.671049922026642820e+00
1.359387665334130357e+00
1.050855169692398228e+00
8.492020081189394221e-01
7.410046235262667258e-01
6.875945430593835006e-01
6.630597161499617309e-01
6.495249749770716230e-01
6.400160433131631965e-01
6.070771285943846740e-01
5.346141057903794902e-01
5.367914856648715594e-01
5.209940419808342105e-01
5.073021872678202815e-01
4.981951217858420766e-01
4.746378279668312938e-01
4.568483824479926958e-01
4.387602093731293729e-01
4.087603059076966305e-01
3.785226307270136425e-01
3.614124799901091145e-01
3.435475319521984483e-01
3.300155597004360009e-01
3.223942502076595495e-01
3.195443225729776571e-01
3.173831215847168763e-01
3.116560325113708063e-01
3.066815574267611755e-01
3.072069586973864563e-01
2.998409119521794342e-01
2.841394446331256818e-01
2.640754590406347857e-01
2.528752015320926971e-01
2.541533701020119995e-01
2.453026302035138106e-01
2.295295563335487399e-01
2.203083645554715364e-01
2.027002577611164424e-01
1.846292606854140761e-01
1.787397346915480245e-01
1.746837433410123042e-01
1.737505134404816465e-01
1.769869515960691142e-01
1.797986462438559141e-01
1.805569580172128874e-01
1.779871889042497490e-01
1.714666657779848613e-01
1.732389173310653896e-01
1.721802787115574995e-01
1.680027712329257017e-01
1.610416901167281700e-01
1.594850249184153190e-01
1.545988758175345645e-01
1.478331869908002250e-01
1.401290163964740154e-01
1.369558701203827666e-01
1.330482078256775003e-01
1.294709492165753706e-01
1.265125196957057607e-01
1.235124364401853636e-01
1.195212151433372033e-01
1.138195475706320070e-01
1.062615550806522979e-01
9.746046887272334647e-02
8.843917048545699156e-02
8.792452034709924424e-02
9.003350069958472590e-02
9.152482039311797546e-02
9.227672437569642283e-02
9.211431403540648599e-02
9.101499809240212735e-02
8.909530332769134697e-02
8.655026236939199202e-02
8.371044667373496451e-02
8.194249978319032013e-02
7.957188869240729157e-02
7.658187299104581014e-02
7.330204283981846258e-02
7.095980350165426165e-02
6.961124122009075543e-02
6.870686579309083497e-02
6.816780921255716219e-02
6.788708481535396522e-02
6.774351259792492363e-02
6.761460521780972288e-02
6.738737354262527846e-02
6.696644031484649817e-02
6.627924479799142399e-02
6.527844662319171043e-02
6.397047171249396758e-02
6.238095781441045651e-02
6.047225267782886660e-02
5.827816158387245232e-02
5.584406954208548379e-02
5.419444358745343499e-02
5.493343899905789307e-02
5.544085886791539491e-02
5.570653787791488010e-02
5.572936975595566000e-02
5.551559948936132111e-02
5.513737411305758007e-02
5.456411625423891743e-02
5.379675458661977577e-02
5.285400461170112335e-02
5.175494351225633921e-02
5.056321367444922138e-02
4.926534140088004859e-02
4.785930854054394612e-02
4.636046188756374337e-02
4.478299457089383873e-02
4.314006766269558313e-02
4.146001008579348890e-02
4.020920677849225411e-02
4.047933940532921770e-02
4.062448696267792481e-02
4.053796088498253652e-02
4.051776021409928680e-02
4.043212094192180639e-02
4.030895322713943379e-02
4.012790343889261618e-02
3.988130393818198338e-02
3.956988496748685413e-02
3.919484882979856755e-02
3.876027621231736831e-02
3.829668331821472343e-02
3.777486571426594969e-02
3.719804289610633558e-02
3.656994947939457008e-02
3.589478931035874898e-02
3.517717671483624325e-02
3.442478278082128362e-02
3.366094023699932325e-02
3.286821482948667356e-02
3.205210358058512010e-02
3.121814626940691215e-02
3.037184677974432562e-02
3.015175961201510199e-02
3.059088111417417044e-02
3.095641139651523696e-02
3.124785591961120462e-02
3.146581149852276799e-02
3.161186966295401884e-02
3.168850848397133241e-02
3.169897637283013159e-02
3.164717120368059494e-02
3.153751787676401658e-02
3.137484714176125983e-02
3.116427816098591222e-02
3.091110692622840023e-02
3.062070226667321093e-02
3.030607428458873334e-02
2.997089313136874072e-02
2.961300542499498145e-02
2.923723405986538779e-02
2.884811887959309179e-02
2.844987286698210868e-02
2.804634878658281497e-02
2.764101575058408589e-02
2.723694503548075921e-02
2.683680436672787259e-02
2.644285981322279377e-02
2.605698438410448264e-02
2.568067239914951366e-02
2.531505870521024229e-02
2.496094183167036143e-02
2.461881021366792849e-02
2.428887066324184746e-02
2.397107832728340507e-02
2.366516743821760541e-02
2.337068223625333660e-02
2.308700751538213594e-02
2.281339832024211617e-02
2.254900839730192633e-02
2.229291707157293051e-02
2.204415429245589961e-02
2.180172365259785625e-02
2.156462324477591286e-02
2.133186427430713850e-02
2.110248739257776507e-02
2.087557675806668914e-02
2.065027187048593810e-02
2.042577724987099802e-02
2.020137006281370537e-02
1.997640581381830358e-02
1.975032223828347352e-02
1.952264154417545500e-02
1.929297115554097150e-02
1.906100311762319935e-02
1.882651232091691468e-02
1.858935370320864700e-02
1.834945858137537050e-02
1.810683026151007485e-02
1.786153906732108193e-02
1.761371691803990946e-02
1.736355157862758125e-02
1.711128069422228684e-02
1.685718571131931617e-02
1.660158577635097860e-02
1.634483169367007341e-02
1.608730001278442165e-02
1.583034350590300024e-02
1.557374030113045822e-02
1.531742216944286146e-02
1.506181395989051805e-02
1.480734144319441337e-02
1.455442708466726624e-02
1.430534034297469177e-02
1.430288113078361130e-02
1.429847154410352449e-02
1.428991035520117692e-02
1.427704971713907381e-02
1.425977233218501602e-02
1.423799068951189621e-02
1.421164609931914631e-02
1.418070755201880292e-02
1.414517043038175485e-02
1.410505509999382748e-02
1.406040540278051358e-02
1.401128707593504545e-02
1.395778611809673879e-02
1.390000712094484857e-02
1.383807158505784979e-02
1.377211623492695727e-02
1.370229134798861895e-02
1.362875911021944886e-02
1.355169200905310609e-02
1.347127127351569267e-02
1.338768536968314680e-02
1.330112855811023745e-02
1.321179951919099899e-02
1.311990005058127733e-02
1.302563384004385566e-02
1.292920531650216392e-02
1.283081858029823906e-02
1.273067641382650064e-02
1.262897937217563951e-02
1.252592495349518983e-02
1.242170684759202892e-02
1.231651426114152917e-02
1.221053131744324720e-02
1.210393652843812923e-02
1.199690233578161111e-02
1.188959471839036094e-02
1.178217286313629208e-02
1.167478889529622622e-02
1.156758766525092796e-02
1.146070658842541709e-02
1.135427553408936176e-02
1.124841676037886470e-02
1.114324489158606893e-02
1.103886693416305555e-02
1.093538232835257473e-02
1.083288303229200736e-02
1.073145363486125749e-02
1.063117149462545694e-02
1.053210690218020842e-02
1.043432326225464564e-02
1.033787729394217841e-02
1.024281924564067990e-02
1.014919312301624209e-02
1.005703692729826605e-02
9.966382902109240799e-03
9.877257786571860126e-03
9.789683073525403192e-03
9.703675270243806647e-03
9.619246161111292409e-03
9.536403070210785690e-03
9.455149122860813035e-03
9.375483504845362123e-03
9.297401718330218501e-03
9.220895833713358553e-03
9.145954736287400383e-03
9.072564367311318489e-03
9.000707958748768028e-03
8.930366261043964568e-03
8.861517763782940718e-03
8.794138908588045034e-03
8.728204294074407010e-03
8.663686872551678783e-03
8.600558138621658757e-03
8.538788308991450762e-03
8.478346493982024876e-03
8.419200860428561681e-03
8.361318786043065235e-03
8.304667005373377042e-03
8.249211747362851510e-03
8.194918864561058849e-03
8.141753954644793609e-03
8.089682473522047043e-03
8.038669841043198649e-03
7.988681539146915561e-03
7.939683202753506155e-03
7.891640703439095281e-03
7.844520226652395428e-03
7.798288341904244074e-03
7.752912067377225151e-03
7.708358927773705307e-03
7.664597006848628859e-03
7.621594994380454478e-03
7.579322227908680959e-03
7.537748729525252205e-03
7.496845237816064829e-03
7.456583235698188532e-03
7.416934973718190306e-03
7.377873489608246377e-03
7.339372624108690332e-03
7.301407033368323071e-03
7.263952197951561128e-03
7.226984428983286059e-03
7.190480871573647417e-03
7.154419505288292513e-03
7.118779142745406199e-03
7.083539425433536298e-03
7.048680818020551346e-03
7.014184600528324681e-03
6.980032858831444059e-03
6.946208473747566073e-03
6.912695108669881204e-03
6.879477196060369490e-03
6.846539922668514952e-03
6.813869213962649857e-03
6.781451717698491755e-03
6.749274786652656628e-03
6.717326460692950828e-03
6.685595448609729999e-03
6.654071109157603213e-03
6.622743431991190595e-03
6.591603018173411259e-03
6.560641060642502173e-03
6.529849324481046963e-03
6.499220127091048620e-03
