2.467767967532988604e-01
2.478393340764886155e-01
2.493926083978836028e-01
2.509801560809974963e-01
2.519944267564644957e-01
2.550798606950897551e-01
2.610026064836920012e-01
2.679558269777326251e-01
2.653046957115335336e-01
3.151491001886257970e-01
3.602628934963545415e-01
3.215739967090172069e-01
3.754537306728788493e-01
4.210678935321087724e-01
5.788538060680733510e-01
4.948609151936164130e-01
4.909087114928121220e-01
5.055544936571715331e-01
5.571417950131571928e-01
8.186456211528050364e-01
8.034977158808701558e-01
8.190817049400220817e-01
8.874792861955043133e-01
9.421728033346991049e-01
1.023329703199107321e+00
1.074250816900499617e+00
1.033169590078531819e+00
8.576629078787185723e-01
8.918562802889362651e-01
9.829818227959925547e-01
1.196676145540413572e+00
7.708600764000936856e-01
5.390697610654616723e-01
4.480042883838539769e-01
4.064592944594018209e-01
3.777658468225509880e-01
4.305493873425789708e-01
4.562435577936838071e-01
4.135303226801306242e-01
4.632681823877657368e-01
4.954915128054447893e-01
4.989193184118629887e-01
4.814060029923041273e-01
5.160959623119125705e-01
5.166246430184427973e-01
5.001498647860567193e-01
5.221715834600851869e-01
5.853222492764581508e-01
6.692084388217084401e-01
7.952606817791447735e-01
8.024975196108810049e-01
8.155617410409561341e-01
8.473825590498245131e-01
8.536556167710954712e-01
7.929888547301380264e-01
8.408896282500596397e-01
7.795556883083765154e-01
8.402064457235554062e-01
8.652301842993171954e-01
8.575137834334245479e-01
8.306823817554819245e-01
9.140007613142395737e-01
9.694997653547143823e-01
1.045026799862689648e+00
1.109560346083316329e+00
1.146016478128089711e+00
1.187713221887333637e+00
1.260011658403936474e+00
1.345425777022768665e+00
1.401288557695951731e+00
1.392548402280833209e+00
1.299824607799534348e+00
1.149086346851634355e+00
1.143528215000019443e+00
1.204942939843828498e+00
1.256189601985786108e+00
1.293393227395379430e+00
1.316797927510935162e+00
1.326267136717611761e+00
1.320102634920767626e+00
1.300961232642479315e+00
1.368207417487001809e+00
1.474606308757925532e+00
1.499291063692714587e+00
1.453809685049945122e+00
1.353301632029435764e+00
1.210897060468489661e+00
1.060333647498324483e+00
9.056737841743932593e-01
7.686711109102968287e-01
6.675840172564950770e-01
6.087304619056753685e-01
5.506313814637837645e-01
4.949038356085244672e-01
4.429307262736144057e-01
3.954830525218311355e-01
3.532397322674345475e-01
3.323728737685648360e-01
3.411810096920344648e-01
3.470675936187120336e-01
3.626520813620215389e-01
3.716095419356740259e-01
3.734284892255847477e-01
3.664896582601039898e-01
3.493721914101365900e-01
3.428759056072340772e-01
3.258117359654917888e-01
3.096521350194650912e-01
3.018998195943191631e-01
2.895440121941077471e-01
2.760822937922647879e-01
2.707240879516353838e-01
2.621290833603722725e-01
2.543988207635323739e-01
2.482930229999269767e-01
2.401952483089454249e-01
2.326712625594472283e-01
2.315048293301170124e-01
2.284058992415941292e-01
2.236380712466309040e-01
2.173348486978267935e-01
2.095642146432135366e-01
2.004993736024604511e-01
1.903222158657672247e-01
1.792991296375961163e-01
1.676675331240853606e-01
1.586558040885573118e-01
1.567884842291741021e-01
1.547581610310875266e-01
1.525957576410840455e-01
1.503445416567485426e-01
1.478868057203852893e-01
1.452205220849181189e-01
1.423498458071353057e-01
1.392845464424885826e-01
1.361801942040064273e-01
1.329107860814042752e-01
1.294914077170116473e-01
1.259457805529487773e-01
1.222993556943899884e-01
1.186441180737312501e-01
1.149713574949402656e-01
1.112648648926829187e-01
1.075500874783881511e-01
1.038511486754680885e-01
1.001904593384103370e-01
9.721237874851965111e-02
9.594399935377044553e-02
9.462464885306087758e-02
9.325597323012803364e-02
9.181546522041229841e-02
9.031503274041546847e-02
8.876641433640417023e-02
8.718100205576721773e-02
8.559668868382439011e-02
8.401787312204074543e-02
8.242841726694244420e-02
8.083732528600125200e-02
7.925281146178930758e-02
7.768226896192648168e-02
7.613225662082290235e-02
7.460850132328758488e-02
7.311591364439733176e-02
7.165861450915812780e-02
7.025488391688426704e-02
6.889601627148889129e-02
6.757815425270073673e-02
6.630291980337470192e-02
6.507136467868858409e-02
6.388402392595921020e-02
6.274096974843422492e-02
6.164186484182768849e-02
6.058601444522600243e-02
5.957241649003729850e-02
5.859980936073371643e-02
5.766671689652588112e-02
5.677149036672453353e-02
5.591234724345715140e-02
5.508740667347107600e-02
5.429472161791349533e-02
5.353230768523138672e-02
5.279816872866462119e-02
5.209031931763757201e-02
5.140680422153171003e-02
5.074571506705233270e-02
5.010520434626653669e-02
4.948349696351161953e-02
4.887889951486218409e-02
4.828980749668623784e-02
4.771471063800971496e-02
4.715219654790391707e-02
4.660095286300387774e-02
4.605976807250422578e-02
4.552753118858489378e-02
4.500323042113407723e-02
4.448595100392546686e-02
4.397487230948173703e-02
4.347430645849224840e-02
4.297985714257609308e-02
4.248960109984203926e-02
4.200304240660639871e-02
4.151975843087672702e-02
4.103939510152540548e-02
4.056166209890826879e-02
4.008632802524229183e-02
3.961321560524026786e-02
3.914219696049747732e-02
3.867318899389340925e-02
3.820614891415824443e-02
3.774106992569639663e-02
3.727797710294397660e-02
3.681692346442105163e-02
3.635798625762927394e-02
3.590126346230575194e-02
3.544687051602363193e-02
3.499493726424888346e-02
3.454560513372375435e-02
3.440203576627700460e-02
3.447732501304740654e-02
3.451911079879277366e-02
3.452807867920673623e-02
3.449532208744172934e-02
3.442151603314691499e-02
3.430754890397377105e-02
3.415450378448699198e-02
3.396363928850337777e-02
3.374622813957697115e-02
3.350183143408146103e-02
3.322372360503341587e-02
3.291362473953136913e-02
3.257334142663279725e-02
3.220474914118730270e-02
3.180977541131415481e-02
3.140373989528766341e-02
3.097637273130929986e-02
3.052781885151710853e-02
3.006005239669309881e-02
2.957503432166812274e-02
2.907470136991653284e-02
2.856095612752171040e-02
2.804118784497758657e-02
2.751640211464317573e-02
2.698286753246987787e-02
2.644228348221573308e-02
2.589628340997721101e-02
2.534643053784424796e-02
2.479421442125201436e-02
2.424104829804096806e-02
2.368826717272222784e-02
2.313712658135527733e-02
2.258880197937766093e-02
2.204788858258296264e-02
2.151225440648575279e-02
2.098193810838287418e-02
2.067586993105505200e-02
2.041036378924862907e-02
2.014980344115614719e-02
1.989412857154203643e-02
1.964327607835116354e-02
1.939718035681881406e-02
1.929863756526821114e-02
1.931735898649665842e-02
1.932377462144573704e-02
1.931831581704510428e-02
1.930142502478581976e-02
1.927355306940024826e-02
1.923515662193367448e-02
1.918669587321181549e-02
1.912863240174536919e-02
1.906142722907260001e-02
1.898659374136059397e-02
1.890810380733583262e-02
1.882168732512774431e-02
1.872778370228488087e-02
1.862682530830865255e-02
1.851923644442960565e-02
1.840543244648158022e-02
1.828581891167220183e-02
1.816079104084435125e-02
1.803073308884139622e-02
1.789601791410607920e-02
1.775700662047280387e-02
1.761404828320597971e-02
1.746747975241316059e-02
1.731762552675986805e-02
1.716479769095790794e-02
1.701130526401132756e-02
1.685713566105017519e-02
1.670070574204973735e-02
1.654228113433793557e-02
1.638211562982043457e-02
1.622045136544743651e-02
1.605751903231959765e-02
1.589353810904037961e-02
1.572871711646438297e-02
1.556325388945977058e-02
1.539733586326757359e-02
1.523114037127128693e-02
1.506483495156914904e-02
1.489857766017286568e-02
1.473251738850967635e-02
1.456679418328002927e-02
1.440153956719324689e-02
1.423687685881091375e-02
1.407292149023668150e-02
1.390978132141594027e-02
1.374755695017425804e-02
1.358634201685067662e-02
1.342622350300328241e-02
1.326728202327557074e-02
1.310959211036131708e-02
1.295322249183435831e-02
1.279927262950010872e-02
1.264704867281410926e-02
1.249624777431814805e-02
1.234692078583154648e-02
1.219911395035389035e-02
1.205286912827050784e-02
1.190822401505055826e-02
1.176521235050530072e-02
1.162386411997078615e-02
1.148420574730354797e-02
1.134626027994644487e-02
1.121004756600009304e-02
1.107558442417599237e-02
1.094288480553749082e-02
1.081195994899040308e-02
1.068281852893019669e-02
1.055546679685996463e-02
1.042990871608505919e-02
1.030614609040450720e-02
1.018417868651470999e-02
1.006400435115292410e-02
9.945619122108010496e-03
9.829017334445362686e-03
9.734194363455749704e-03
9.692176852112792049e-03
9.649122800694983834e-03
9.605105833651225375e-03
9.560197421160883391e-03
9.514466884979680752e-03
9.473848523060620849e-03
9.465099924854168331e-03
9.452572243228910334e-03
9.436422204607497477e-03
9.416806113521461116e-03
9.395160874472865270e-03
9.370976259209866724e-03
9.343743792078048824e-03
9.313612989170123174e-03
9.280731146716762400e-03
9.245243036368795339e-03
9.207290629583735758e-03
9.167012850892306691e-03
9.124545357920274546e-03
9.080020347373951931e-03
9.033566385834692139e-03
8.985308263876100668e-03
8.935366872682934739e-03
8.883859101791197893e-03
8.830897756708630530e-03
8.776591495647346336e-03
8.721044784043074233e-03
8.664357865639264397e-03
8.606626749431949691e-03
8.547943211272286679e-03
8.488394809004484731e-03
8.493630770368406496e-03
8.517906737307781237e-03
8.539845725001009649e-03
8.559508747127048123e-03
8.576957295024407318e-03
8.592253083630350258e-03
8.605457815110437864e-03
8.616632959696968533e-03
8.625839552908340369e-03
8.633138009596082879e-03
8.638587953618572651e-03
8.642248062668587277e-03
8.644175928494165703e-03
8.644427930914577729e-03
8.643059126257488650e-03
8.640123148677297457e-03
8.635672124349935350e-03
8.629756598036759582e-03
8.622425471068922986e-03
8.613725950526346029e-03
8.603703508873492695e-03
8.592401853781966511e-03
8.579862906984007595e-03
8.566126792278911176e-03
8.551231831956190854e-03
8.535214550490857061e-03
8.518109686132082845e-03
8.499950208729404461e-03
8.480767344100163460e-03
8.461306189091542806e-03
8.441105642897246686e-03
8.419951498318499483e-03
8.397868473890771415e-03
