2.728537601607607388e-01
2.727506531810712787e-01
2.734045982247467199e-01
2.743206921367615791e-01
2.757598270660397977e-01
2.781500243281645468e-01
2.812862343605415094e-01
3.247257621400158611e-01
3.608178913228661244e-01
4.794514378897790086e-01
4.283147902379230154e-01
4.187397599740476095e-01
7.102284851357034690e-01
6.731271972396888348e-01
4.759570846523852317e-01
6.376540834500238342e-01
6.524247275942117730e-01
7.748873389311526916e-01
8.061469222991501926e-01
7.453322974935446821e-01
8.007048841420496554e-01
7.832155691991353752e-01
9.625185682423571532e-01
6.114976300412827692e-01
6.083780968265948275e-01
6.942404583180777911e-01
7.801427667191798143e-01
7.402938333448443320e-01
7.861127059015697860e-01
9.126802242450625657e-01
1.005322416592006496e+00
9.827412683255415393e-01
1.152421092203641528e+00
1.099413453695064158e+00
9.482846318361006777e-01
1.030513055559902247e+00
1.053272781194072305e+00
9.720619396089155151e-01
1.108053537661391141e+00
1.394682428639080873e+00
1.386390405810854487e+00
1.519755388312751920e+00
1.743211602644647584e+00
1.493243842270870703e+00
1.396150277001519058e+00
1.459888847073714802e+00
1.433987165927216534e+00
1.792986941108591914e+00
1.810235811675545481e+00
1.957299224290556028e+00
1.849121182525723883e+00
1.934162422294250838e+00
2.034948535038402451e+00
2.157458962005217362e+00
2.265499437151259787e+00
2.520706333373856189e+00
2.238992272002392703e+00
2.405495660519397561e+00
2.615408372669227877e+00
2.729533667454624446e+00
2.615953591640758358e+00
2.215555678704347553e+00
1.614625350521435854e+00
1.238887282361566644e+00
9.701623961066778712e-01
8.085872259198556566e-01
7.491282452229762745e-01
6.669933934438168066e-01
6.052906773047502798e-01
6.239339159587559136e-01
6.543469313359776551e-01
6.360608637407569876e-01
5.698795627611636938e-01
5.705913775900645080e-01
6.097816545918675057e-01
6.345612478653414046e-01
6.306590676870111878e-01
5.937670440138824723e-01
5.337875222830823496e-01
4.839189779240733458e-01
4.600960591602637484e-01
4.544788196127333424e-01
4.338347193322295570e-01
4.029668817508898493e-01
3.672368835108332230e-01
3.414614689809952752e-01
3.187228446452760044e-01
3.133709388431105691e-01
3.359038524790871616e-01
3.484523381525177488e-01
3.525078661364817734e-01
3.479949463508087426e-01
3.340727712781481062e-01
3.103373694277880013e-01
2.942660382413553322e-01
2.801614845871952530e-01
2.578147765693562521e-01
2.343750223900780139e-01
2.150584460050031232e-01
2.124055223343303545e-01
2.084824285616948825e-01
2.036141776465353603e-01
1.975923608885806759e-01
1.907840118808735441e-01
1.836601276493818602e-01
1.760926824813028868e-01
1.772072500721880717e-01
1.822065140545728601e-01
1.837881657099752208e-01
1.797666164793550458e-01
1.697142807359248995e-01
1.565075192463543097e-01
1.588317965737281734e-01
1.560490815212138838e-01
1.487989805341276284e-01
1.383983566732173154e-01
1.268318387512493706e-01
1.175194183971506462e-01
1.157477887649792508e-01
1.140927603946982893e-01
1.125280330715762583e-01
1.109627367185148095e-01
1.093676768403312322e-01
1.077148355309938133e-01
1.072937739012188169e-01
1.080509026897341629e-01
1.059355586132993132e-01
1.008157270650620191e-01
9.955190214541846661e-02
9.791342719858003862e-02
9.543615519860886021e-02
9.446561683773373186e-02
9.299938281729662470e-02
8.920658103368667158e-02
9.127070416805856123e-02
9.223432030124292802e-02
9.164834328798138197e-02
8.984398944316965285e-02
8.970793787112466000e-02
8.869381207422816216e-02
8.684657799230188768e-02
8.432005409281254082e-02
8.137197084583312756e-02
7.804925649765614981e-02
7.454299068015332597e-02
7.625423022540489537e-02
7.827695957158124773e-02
7.923565295661499919e-02
7.931862737693173848e-02
7.861432633795377434e-02
7.741836314916113182e-02
7.581602892985883635e-02
7.385198259017540512e-02
7.159665662606869152e-02
6.920722581275913499e-02
6.656959307278885463e-02
6.368951138990441851e-02
6.057802974904579613e-02
5.725893660061630308e-02
5.379691876035729708e-02
5.024969180242549321e-02
4.991954841194888581e-02
4.980153265766693038e-02
4.959887186861113711e-02
4.924941155024336464e-02
4.872868428761477355e-02
4.801885624542668457e-02
4.717630386569018203e-02
4.613188708612214750e-02
4.488526667313592206e-02
4.344627245840985280e-02
4.188106481575216977e-02
4.133074553501128040e-02
4.162875108297967031e-02
4.188628020026211041e-02
4.209541853299496317e-02
4.224961912788634255e-02
4.234368929642507579e-02
4.237375387974347263e-02
4.233719865582438041e-02
4.226236850817327584e-02
4.212027252855151532e-02
4.191028985355116365e-02
4.163374491707848291e-02
4.129278507532666703e-02
4.089027476895659707e-02
4.042968959264995471e-02
3.991501211492876761e-02
3.935063100507647099e-02
3.874124475222588682e-02
3.810669245422175500e-02
3.744582878219961108e-02
3.675328427332676812e-02
3.603412950546098364e-02
3.529337966253351389e-02
3.453593803123202605e-02
3.376654693941173735e-02
3.298974597529243796e-02
3.220983722991882514e-02
3.143085723003421345e-02
3.065655516630909350e-02
2.989037697898885154e-02
2.913545482998887437e-02
2.839460147286049924e-02
2.767030902193293868e-02
2.707483455312503437e-02
2.662695714503746786e-02
2.617979691403848896e-02
2.573445779719891330e-02
2.529197174129586140e-02
2.485329784070587980e-02
2.441932209955872263e-02
2.399085775111265556e-02
2.356864607124871044e-02
2.349576096541106107e-02
2.386517312299188398e-02
2.415351359001809139e-02
2.436173529157889886e-02
2.449241362734494790e-02
2.454941183512980921e-02
2.453755768614361218e-02
2.446234106019930590e-02
2.432963967869417043e-02
2.414547810137883735e-02
2.391582309379654617e-02
2.364641668429300417e-02
2.334264668607341150e-02
2.300945317648380242e-02
2.265126840383594256e-02
2.228191545587327946e-02
2.189494223582758026e-02
2.149224882564145997e-02
2.107621313601086566e-02
2.064877672109301926e-02
2.021150256212475571e-02
1.976563928282883131e-02
1.952913264138158786e-02
1.941227648007614118e-02
1.929823039044367000e-02
1.918685816923119264e-02
1.907790071338737528e-02
1.897099352034245165e-02
1.886568398003705266e-02
1.876144822122813652e-02
1.865770731062654439e-02
1.855384263920902693e-02
1.844921036260913083e-02
1.834315479294701401e-02
1.823502066804828098e-02
1.812416424854889144e-02
1.800996321710425854e-02
1.802488801532053583e-02
1.803602409887126654e-02
1.802522715877239584e-02
1.799158823275696581e-02
1.793435161428802438e-02
1.785419275208608575e-02
1.775705168581414098e-02
1.763505717565139880e-02
1.748815799390758194e-02
1.731650925900104707e-02
1.712047270675384411e-02
1.690061363929253740e-02
1.665769479533295988e-02
1.639266742868272439e-02
1.610665990844477313e-02
1.580096417751731402e-02
1.547702041414755411e-02
1.513640024653994075e-02
1.478078886596141152e-02
1.478610031153534780e-02
1.479505350788399773e-02
1.477827796822861299e-02
1.474153518595115731e-02
1.467826122569767210e-02
1.458889903669810875e-02
1.447408669274357837e-02
1.433464469942962241e-02
1.417156191095994729e-02
1.398598032324062379e-02
1.377917900527086265e-02
1.355255742239699912e-02
1.330761839013808526e-02
1.304595088668465859e-02
1.276921293142557409e-02
1.247911472166383061e-02
1.217740219950094044e-02
1.193499093585794445e-02
1.188626346326107815e-02
1.183739833999818830e-02
1.178837166930036921e-02
1.173916245113926921e-02
1.168975241779319010e-02
1.164012587470085805e-02
1.160272511633939942e-02
1.175706724533290629e-02
1.189886636983541676e-02
1.202747669229615492e-02
1.214236415132507151e-02
1.224310406477784573e-02
1.232937806906506291e-02
1.240097043615793690e-02
1.245776384497395903e-02
1.249973468489906300e-02
1.252694796666388097e-02
1.253955191205887408e-02
1.253777229227450232e-02
1.252190657998406009e-02
1.249231797659023160e-02
1.244942937210432102e-02
1.239371729043673050e-02
1.232570586926718531e-02
1.224596091724325202e-02
1.215508408927198393e-02
1.205370721440616501e-02
1.194248680712159741e-02
1.182209878841915425e-02
1.169323343975598069e-02
1.155659060789484237e-02
1.141287517592934168e-02
1.126279281212887000e-02
1.110704600486756184e-02
1.094633038902726764e-02
1.078348841711835107e-02
1.061702553517137985e-02
1.044742091386831502e-02
1.027531370678266484e-02
1.010132299662849439e-02
9.926045784856653287e-03
9.750055247572516834e-03
9.667258339077387450e-03
9.611765865742250003e-03
9.556302709852399976e-03
9.500880066972038768e-03
9.445508943106780200e-03
9.390200143518583759e-03
9.334964262579289324e-03
9.279811675063609835e-03
9.224752528499064949e-03
9.169796736341261426e-03
9.114953972289376039e-03
9.060233665485318763e-03
9.005644996510443756e-03
8.951196894282585290e-03
8.896898033423181196e-03
8.842756832616425686e-03
8.788781453428392773e-03
8.734979799736294903e-03
8.681359517720336691e-03
8.627927996347799916e-03
8.574692368339638382e-03
8.521659511544104823e-03
8.468836050683638261e-03
8.416228359553508051e-03
8.363842563333593119e-03
8.311684541455716807e-03
8.259759930593722072e-03
8.208074127864752739e-03
8.156632294353578436e-03
8.105439358830433122e-03
8.054500021434074161e-03
8.003818757819513088e-03
7.953399823146177841e-03
7.903247256464383114e-03
7.853364884935876145e-03
7.803756328305825468e-03
7.754425003328458722e-03
7.705374128396785469e-03
7.656606727977998891e-03
7.608125637448255943e-03
7.559933507464491019e-03
7.512032808812486688e-03
7.464425836875304525e-03
7.417114716385109913e-03
7.370101405988335394e-03
7.323387702773825024e-03
7.276975246935086725e-03
7.230865526245022767e-03
7.185059880473564434e-03
7.139559505867804426e-03
7.094365459526684979e-03
7.049478663796062902e-03
7.004899910315229641e-03
6.960629864483072228e-03
6.916669069373279979e-03
6.873017949940564940e-03
6.829676816918225576e-03
6.786645870788631310e-03
6.743925205754478999e-03
6.701514813229981181e-03
6.659414585732381653e-03
6.617624320551985032e-03
6.576143723128777784e-03
6.534972410701393904e-03
6.494109915423545640e-03
6.453555688091872251e-03
6.413309100921774260e-03
6.373369451064775197e-03
6.333735963375337896e-03
6.294407793736629501e-03
