2.698823842523474514e-01
2.689222611823705034e-01
2.713365068269304459e-01
2.736688642662242210e-01
2.770852034492376492e-01
2.810320720681634965e-01
3.027558631840348013e-01
3.100212492634366046e-01
3.184725417365614208e-01
4.041613645746139349e-01
5.343485188102783390e-01
4.414016586287828892e-01
5.593211598903621296e-01
5.153816003770992360e-01
4.147065886255617562e-01
7.280060400342793780e-01
8.094158984288516434e-01
6.412484075048887622e-01
6.937533703486070680e-01
7.724341363793146842e-01
9.182552507456919200e-01
8.175344699313205066e-01
7.632445045735831712e-01
9.129645308689551264e-01
9.750482214732144604e-01
1.049528521037809137e+00
1.226096033588166767e+00
1.543055763264241209e+00
1.616917914548433810e+00
1.284887604898600655e+00
1.414200256662270450e+00
1.690686064518847953e+00
1.889910302469944847e+00
1.830865719379172862e+00
1.295787287398195042e+00
1.215688082461269026e+00
1.130745671816572484e+00
1.100697472630082663e+00
1.162263962425153840e+00
1.165865655602315698e+00
1.121067632377910295e+00
1.006327654695850393e+00
8.671820413533783967e-01
8.240197313751546071e-01
7.977629641951048400e-01
6.834018828498673592e-01
6.096611005266783234e-01
5.186837726988280384e-01
5.402674353808666341e-01
5.044790680574124941e-01
5.091631717073025198e-01
4.554391412286425411e-01
4.377366482912986578e-01
4.164389942172803116e-01
3.330492140612588692e-01
2.760680201932939060e-01
2.685808848204632726e-01
2.629191330853976050e-01
2.851111117450217392e-01
2.938981567168427733e-01
2.547771536413925286e-01
2.206853371937334274e-01
1.883596072072316052e-01
1.732912520699424752e-01
1.716638456166426074e-01
1.705872851129635881e-01
1.629587611361518473e-01
1.582509668309703410e-01
1.535053450047922929e-01
1.478147402348060913e-01
1.414154461578378541e-01
1.324610549823476979e-01
1.178917789135219274e-01
1.131354734486204466e-01
1.212859749320553404e-01
1.249431040262546366e-01
1.228977892855554338e-01
1.156561944447996870e-01
1.043965884463095573e-01
9.493798810777721864e-02
8.710156700089037585e-02
8.235296775311574946e-02
8.141903409840711703e-02
7.874049911376798661e-02
7.438870411293971308e-02
6.915788282863992442e-02
6.294993966969471277e-02
5.888720694955914409e-02
6.011123035193061126e-02
6.003130376445772048e-02
5.901172275381021126e-02
5.688555675692678198e-02
5.374399816928048662e-02
4.982360622391620447e-02
5.224192067144287771e-02
5.547416505090565358e-02
5.703004238354326960e-02
5.656057673168411737e-02
5.435444030358584783e-02
5.043242734432785285e-02
4.553675392007514033e-02
4.323884441794634270e-02
4.098085132700710759e-02
3.906465608757702518e-02
3.806106715037066435e-02
3.702171469839474205e-02
3.596196897306531276e-02
3.604074371639721941e-02
3.647886531874284383e-02
3.658894640288553463e-02
3.640256069617162776e-02
3.595546747033842583e-02
3.528522945827224089e-02
3.442952448635681895e-02
3.342498158986185325e-02
3.230638678169259898e-02
3.111825225853015117e-02
2.991498689107540548e-02
2.867717983312442417e-02
2.742880511788482051e-02
2.619061473264307910e-02
2.498006957689146920e-02
2.397874491008853554e-02
2.313802448808114851e-02
2.296967549462246641e-02
2.292650674574180786e-02
2.282233740860207041e-02
2.266674865934267813e-02
2.246927359437624755e-02
2.223915475378077100e-02
2.198515021607912179e-02
2.172669068082072955e-02
2.146159821012914512e-02
2.119285233306147584e-02
2.092635273870126558e-02
2.066716173317923247e-02
2.041950183538996516e-02
2.018676914329078920e-02
1.997155863279985455e-02
1.977569841131874423e-02
1.960029074458912585e-02
1.944575834840731737e-02
1.931189495439757792e-02
1.919791951330314730e-02
1.910253360178723256e-02
1.902398167133811241e-02
1.896011375298483140e-02
1.890845013853514542e-02
1.886624743346914865e-02
1.883056524179976127e-02
1.879833262439711827e-02
1.876641338454301811e-02
1.873166918729003358e-02
1.869101951845046281e-02
1.864149753368530421e-02
1.858030093404679228e-02
1.850483712645364931e-02
1.841276207554604083e-02
1.830201241978729812e-02
1.825055080562780485e-02
1.854997164619971370e-02
1.881787897577849936e-02
1.903486393590633763e-02
1.918688836617701149e-02
1.926699433950536389e-02
1.926956324733177309e-02
1.919043843829680920e-02
1.902699992416815103e-02
1.880438971654689942e-02
1.850276214717679404e-02
1.811717862605320001e-02
1.765066426687545917e-02
1.710754994297312287e-02
1.649333026986526604e-02
1.625961247643003399e-02
1.651022584922913830e-02
1.664723895120661518e-02
1.663106121455231595e-02
1.649674566378317789e-02
1.622801832126015767e-02
1.586511843186525633e-02
1.585978885063398999e-02
1.580411934876210789e-02
1.566935703834367033e-02
1.567946251775122896e-02
1.577590362767333082e-02
1.583045273753733162e-02
1.584420543447836657e-02
1.582259420119131246e-02
1.577645245380021599e-02
1.569399248373954878e-02
1.557724079689890018e-02
1.542838788605720851e-02
1.524975059486221272e-02
1.504373649209452858e-02
1.481281059157524282e-02
1.455946466817403459e-02
1.428618934154004226e-02
1.399544902933269781e-02
1.368965980808419143e-02
1.337117016582536379e-02
1.304224458396948533e-02
1.270504984668110668e-02
1.236164394556861328e-02
1.201396742193647400e-02
1.179836110739494910e-02
1.169999971156599275e-02
1.159474667780431914e-02
1.148320778618532913e-02
1.136597221939055803e-02
1.124361030258125803e-02
1.111667163459362923e-02
1.098568358322543452e-02
1.085115011693058712e-02
1.071355094481663515e-02
1.057334093712510720e-02
1.043094979882203642e-02
1.028678196945243158e-02
1.014121672397594494e-02
9.994608449578503209e-03
9.847287075614016491e-03
9.699558634527349552e-03
9.551705933545874896e-03
9.405404074317591165e-03
9.260713299353299371e-03
9.116436606844994725e-03
8.972779982225993420e-03
8.829930487768332392e-03
8.688057224346828339e-03
8.547312306117726272e-03
8.407831838835790050e-03
8.269736893521695623e-03
8.133134468247427140e-03
7.998118431917044038e-03
7.864770444990797776e-03
7.733160852576059438e-03
7.603349546650251672e-03
7.481430946446783643e-03
7.416561312005525049e-03
7.350081863411633484e-03
7.282159704275128521e-03
7.212952010842877716e-03
7.142606407882014750e-03
7.071261359643025990e-03
6.999046570847507372e-03
6.926083393489719520e-03
6.852485235453053061e-03
6.778357967544487717e-03
6.703800326247303688e-03
6.628904309474300920e-03
6.553755563376527371e-03
6.478433758456478633e-03
6.403012953569480782e-03
6.327561946664297943e-03
6.252144611463465208e-03
6.176820219404018791e-03
6.101643746500988973e-03
6.026666164739953417e-03
5.951934718150208442e-03
5.877493183389993422e-03
5.803382115174522855e-03
5.729639076693273173e-03
5.656298855598974190e-03
5.583393665653488790e-03
5.510953334857655352e-03
5.439005480391785607e-03
5.379201051848762384e-03
5.335759288985992936e-03
5.292884588344863583e-03
5.250565011794528468e-03
5.208788765928327492e-03
5.167544218333267741e-03
5.126819911762938060e-03
5.086604576548215198e-03
5.046887141380687440e-03
5.007656742449682549e-03
4.968902731179797999e-03
4.930614680654296644e-03
4.892782390697078890e-03
4.855395892021521081e-03
4.818445449104795213e-03
4.781921562337718666e-03
4.745814969116876267e-03
4.710116644281624014e-03
4.674817799797744040e-03
4.639909883728281746e-03
4.605384578758585888e-03
4.571233800052083678e-03
4.537449692763513912e-03
4.504024629022202082e-03
4.470951204687336443e-03
4.438222235646212092e-03
4.405830753926763370e-03
4.373770003522782675e-03
4.342033436041062115e-03
4.310614706174299531e-03
4.279507666996632508e-03
4.248706365200510988e-03
4.218205036214606879e-03
4.187998099245976956e-03
4.158080152324415864e-03
4.128445967249073922e-03
4.099090484585252679e-03
4.070008808686244664e-03
4.041196202646328041e-03
4.012648083402880692e-03
3.984360016795305756e-03
3.956327712713642378e-03
3.928547020341086569e-03
3.901013923422993936e-03
3.873724535639903790e-03
3.846675096062151644e-03
3.819861964681592337e-03
3.793281618098284704e-03
3.766930645215291282e-03
3.740805743097260199e-03
3.714903712920793015e-03
3.689221456033596643e-03
3.663755970101929653e-03
3.638504345385944541e-03
3.613463761126197143e-03
3.588631482011129040e-03
3.564004854789798362e-03
3.539581304970024038e-03
3.515358333619432538e-03
3.491333514295177735e-03
3.467504490037733641e-03
3.443868970553158344e-03
3.420424729342204720e-03
3.397169601130900062e-03
3.374101479204150329e-03
3.351218312985200249e-03
3.328518105607670540e-03
3.305998911637594070e-03
3.283658834862429252e-03
3.261496026157284685e-03
3.239508681468063721e-03
3.217695039843179120e-03
3.196053381554023100e-03
3.174582026338975283e-03
3.153279331598896063e-03
3.132143690847831626e-03
3.111173532039757366e-03
3.090367316159053912e-03
3.069723535655677696e-03
3.049240713184410770e-03
3.028917400196316952e-03
3.008752175738041261e-03
2.988743645203028459e-03
2.968890439222271038e-03
2.949191212559751796e-03
2.929644643045402428e-03
2.910249430598480652e-03
2.891004296300422969e-03
2.871907981459903732e-03
2.852959246763529712e-03
2.834156871473163600e-03
2.815499652646754735e-03
2.796986404372034558e-03
2.778615957108604515e-03
2.760387156979724355e-03
2.742298865191750059e-03
2.724349957367159115e-03
2.706539323045016945e-03
2.688865865073852748e-03
2.671328499159742777e-03
2.653926153338462181e-03
2.636657767567503197e-03
2.619522293206453904e-03
2.602518692702320263e-03
2.585645939135492160e-03
2.568903015871693268e-03
2.552288916234071899e-03
2.535802643148099642e-03
2.519443208825691664e-03
2.503209634515439919e-03
2.487100950181731374e-03
2.471116194268554132e-03
2.455254413462211981e-03
2.439514662427261314e-03
2.423896003616535927e-03
2.408397507071748794e-03
2.393018250203544743e-03
2.377757317640131519e-03
2.362613801032752668e-03
2.347586798908796353e-03
2.332675416534897919e-03
2.317878765733717098e-03
2.303195964807306598e-03
2.288626138364465486e-03
2.274168417227184248e-03
2.259821938340054060e-03
2.245585844621243634e-03
2.231459284916243249e-03
2.217441413853663695e-03
2.203531391839693397e-03
2.189728384899156544e-03
2.176031564646479025e-03
2.162440108208357487e-03
2.148953198160423288e-03
