1.957476452477249218e-01
1.971076694486738334e-01
1.966562339184672326e-01
1.994070718809580756e-01
2.026751788917201536e-01
2.059656394573394778e-01
2.004281276753961949e-01
2.253801058030970861e-01
2.177945315913861202e-01
2.624552176198585163e-01
3.358326958428806130e-01
2.625285556687354527e-01
3.275943142533970787e-01
4.220050104107238020e-01
3.893846861442814000e-01
3.986249051426173362e-01
6.412945951736023220e-01
4.850398286167876827e-01
4.580788019577491377e-01
4.951378062255580303e-01
4.232036217478176710e-01
3.620640435536071622e-01
4.190185167381694220e-01
4.639682007391544016e-01
4.998720583023591457e-01
3.864116638502944068e-01
3.799728427013554510e-01
3.956509155349780538e-01
3.659643943306414848e-01
3.991226475696766918e-01
4.355311871186473560e-01
5.251498388930354588e-01
4.838809509512840279e-01
4.774623160864536753e-01
4.921418426837823046e-01
5.051766915331953323e-01
5.175682431417722995e-01
5.434194367436880890e-01
5.798337855574244859e-01
6.160509500092636870e-01
6.536860816961057585e-01
7.215037600674170104e-01
8.525439177462869056e-01
8.223410502710287728e-01
9.149734916794127759e-01
8.577945842957337419e-01
8.234434936773530334e-01
9.033244405163658453e-01
1.042057372435818863e+00
1.245687014959985461e+00
1.211509014660481220e+00
9.974085451860000839e-01
1.152453126811588291e+00
1.274288475120637809e+00
1.358682445227350044e+00
1.376822561485245178e+00
1.313543410273361634e+00
1.198330586922975671e+00
1.040848520857672099e+00
9.972169560092611906e-01
9.447693933308658476e-01
8.952423092604601118e-01
8.518497471768526896e-01
8.244221767706002568e-01
8.218232926699517993e-01
7.517784163405640818e-01
6.063675522488902736e-01
6.165050153466786753e-01
6.538039115972809068e-01
6.490853492696947447e-01
6.380018193921118685e-01
6.060326636883304197e-01
5.511439730856246833e-01
5.358505815835190589e-01
4.931026157136949029e-01
4.567335441918739525e-01
4.347025103294105408e-01
4.118355935558596359e-01
3.793969510001161671e-01
3.734553875616345442e-01
3.737174372311700132e-01
3.425281456315037443e-01
3.003585524944961116e-01
2.718161179214227952e-01
2.640063324000374578e-01
2.625227135848486881e-01
2.622766610149652733e-01
2.577054485404925988e-01
2.444288190765361024e-01
2.294168935437207457e-01
2.229941962253825793e-01
2.118922953688286703e-01
1.995516231265627161e-01
1.876694893753587390e-01
1.765461937648228063e-01
1.666739947624256424e-01
1.588911389731928747e-01
1.546480469088348797e-01
1.544436565776231562e-01
1.569045031636459031e-01
1.594253171984518491e-01
1.584327953472903783e-01
1.515292021448327864e-01
1.397759937176255851e-01
1.410618815623554401e-01
1.357799825532117199e-01
1.371276289164745088e-01
1.409801826110738676e-01
1.406651791863718082e-01
1.365219666590223591e-01
1.293864708702306410e-01
1.203066506634879879e-01
1.102791765981613881e-01
1.002423151540012963e-01
9.196587818206783393e-02
8.748882799310130076e-02
8.344898662218741547e-02
8.001697614703154326e-02
8.210431990960970206e-02
8.489839731160545022e-02
8.722302577549514990e-02
8.904804583750526581e-02
8.967776190178484985e-02
8.895474729954097604e-02
8.636107593812615557e-02
8.204745291944126606e-02
7.602863517468921861e-02
6.884047031481391188e-02
6.272448443851123823e-02
6.303614346480025665e-02
6.341075038477786419e-02
6.336917610807564494e-02
6.302428168221356486e-02
6.224306261082460795e-02
6.102290722205376550e-02
5.943978170453450421e-02
5.754792779172266531e-02
5.529432117424262771e-02
5.272307511628808452e-02
5.412570908639612044e-02
5.498075168644350058e-02
5.484411386999721305e-02
5.569254836898132610e-02
5.507316886603296630e-02
5.300208432978421175e-02
5.117566082371750175e-02
5.071125129852968594e-02
5.006741968431022843e-02
4.923449264879162235e-02
4.824231196594845616e-02
4.708814002215453570e-02
4.581294058847636824e-02
4.438463735360353990e-02
4.289431509437321988e-02
4.128395969090737500e-02
3.959855276571223881e-02
3.787679700196436988e-02
3.609376293314792150e-02
3.669490812098194499e-02
3.861458543201609639e-02
3.991720918192321471e-02
4.049829468982723418e-02
4.103822866175064338e-02
4.092941701587872461e-02
4.015935068253502493e-02
3.888281564556075182e-02
3.707700987705774692e-02
3.488659798454839950e-02
3.292450729936205467e-02
3.433044497430094016e-02
3.533585728659083963e-02
3.593868903180542224e-02
3.611305383607895519e-02
3.595729128116791073e-02
3.543562707985491861e-02
3.463765876852407943e-02
3.360621553595505989e-02
3.237392612974900052e-02
3.101679850606093442e-02
2.960249801239863907e-02
2.815843929538643792e-02
2.673550801828515969e-02
2.537715909941249195e-02
2.411856977813179106e-02
2.331888004967682185e-02
2.291501317834017393e-02
2.250784028362336556e-02
2.209846836171879339e-02
2.168792678903007018e-02
2.128415899334275621e-02
2.088280966713071396e-02
2.048225384249686976e-02
2.008326715946901625e-02
1.968656099581350682e-02
1.930325243165245674e-02
1.942265072628355724e-02
1.955552066178414469e-02
1.968570133026178309e-02
1.979927199991491499e-02
1.988476472906420059e-02
1.993325755638175253e-02
1.993836287199299978e-02
1.989612712261797089e-02
1.980485866097524833e-02
1.967502354892337185e-02
1.949884436056782341e-02
1.927926571427900082e-02
1.902083412817164032e-02
1.872901546272766685e-02
1.840990504218575213e-02
1.806995473068290572e-02
1.771572332582421749e-02
1.735365490339184011e-02
1.698988815109840275e-02
1.663009829445732599e-02
1.627937196965880198e-02
1.594211433785108767e-02
1.562198687031772504e-02
1.532187355687174291e-02
1.504387278630644510e-02
1.478931180930251506e-02
1.455878049837262302e-02
1.435218104932355597e-02
1.416879030689549915e-02
1.400733152112315985e-02
1.386605253549417181e-02
1.374280765394777538e-02
1.363514071647168278e-02
1.354036721891730376e-02
1.345565362819036923e-02
1.337809236075026068e-02
1.330477120020997182e-02
1.323283622348232769e-02
1.315954757749267581e-02
1.308232769864966019e-02
1.299880178877291931e-02
1.290683055799967359e-02
1.280453541065583282e-02
1.269031639084202204e-02
1.256517346587406742e-02
1.242790760433444726e-02
1.227573052553214417e-02
1.210815269107430418e-02
1.192496294300557196e-02
1.172621512946037288e-02
1.151221147401949862e-02
1.128348331526727449e-02
1.104076981585130728e-02
1.078499520561524219e-02
1.051724508277379101e-02
1.023874225154818192e-02
1.016769196805802390e-02
1.018955059799991555e-02
1.020201835336184693e-02
1.020472632043649235e-02
1.019740032356204057e-02
1.017985694718206297e-02
1.015199900262880178e-02
1.011381054545733467e-02
1.006535154292275205e-02
1.000675228340376643e-02
9.938207611935192740e-03
9.859971068607569639e-03
9.773843824842670669e-03
9.681167867398410981e-03
9.606840849255121259e-03
9.773837971485900902e-03
9.913082657940908496e-03
1.002243472115170626e-02
1.010022451979712514e-02
1.015363636161649777e-02
1.017386966486472609e-02
1.016038366192503935e-02
1.011325793300316828e-02
1.003298681264032204e-02
9.920641068941558199e-03
9.785577155355322521e-03
9.620698571371032529e-03
9.427772546137158996e-03
9.208811282947440557e-03
8.984095525943491117e-03
9.057287730052588498e-03
9.130524002894142496e-03
9.211224531016868125e-03
9.267213168147903427e-03
9.298737144740998328e-03
9.311877455778824059e-03
9.302721553817797084e-03
9.270892527010785034e-03
9.241268822217069134e-03
9.216894748947400406e-03
9.183032501598211578e-03
9.140086215627273372e-03
9.088482917530010460e-03
9.028668398448435814e-03
8.961103288688623131e-03
8.886259346992124789e-03
8.804615973590034991e-03
8.716656955138615478e-03
8.622867444558047698e-03
8.523731177983422808e-03
8.419727928264925110e-03
8.311331191852058473e-03
8.199006105434929886e-03
8.083702159882289601e-03
7.967040816618073396e-03
7.847637913586301417e-03
7.725910211293833020e-03
7.602259365312484356e-03
7.477071012649571559e-03
7.350714028021529921e-03
7.223539939498714244e-03
7.095882492905116433e-03
6.968057353759485838e-03
6.840361936451561792e-03
6.713075349293467185e-03
6.586458445818565988e-03
6.460753971488408451e-03
6.336186796404529725e-03
6.263893134963229373e-03
6.213753997600941770e-03
6.162454038320992582e-03
6.110105107368314116e-03
6.056815182701225792e-03
6.002688302766285948e-03
5.947824520199806834e-03
5.892319874668732436e-03
5.836266383220555659e-03
5.779752046735964037e-03
5.722860871050755582e-03
5.665672901110768538e-03
5.657456550085271547e-03
5.668857383148723054e-03
5.677578814887441344e-03
5.683696790753312023e-03
5.687290506825408258e-03
5.688441872567908363e-03
5.687235006658903150e-03
5.683755766787998952e-03
5.678091311325806842e-03
5.670329693204017620e-03
5.660559484093490024e-03
5.648869429038857332e-03
5.635348128901602159e-03
5.620083751400853540e-03
5.603163767689875625e-03
5.584674714741632608e-03
5.564701981411146817e-03
5.543329617502642387e-03
5.520640164092228790e-03
5.496714504437390930e-03
5.471631733870742191e-03
5.445469047540530197e-03
5.418301644972498519e-03
5.390248538325290856e-03
5.361910139152735455e-03
5.332757789257765516e-03
5.302858150107100065e-03
5.272275670269614863e-03
5.241072563528610326e-03
5.209308796899055592e-03
5.177042087417507883e-03
5.144327906970695349e-03
5.111219494543389925e-03
5.077767874813537106e-03
5.044021882848007468e-03
5.010028193728153882e-03
4.975831356965871796e-03
4.941473834735030275e-03
4.906996043878022150e-03
4.872436400398761844e-03
4.837831367021108719e-03
4.803215502480182031e-03
4.768621512552457739e-03
4.734080302596125993e-03
4.699621030948474866e-03
4.665271162957367566e-03
4.631056525742666997e-03
4.597001362851728563e-03
4.563128388966436813e-03
4.529458844536632563e-03
4.496012549737756804e-03
4.462807958001071759e-03
4.429862208945473459e-03
4.397191180201483023e-03
4.364809538591103016e-03
4.332730790047932372e-03
4.300967328683190198e-03
4.269530484380073057e-03
4.238430569443348873e-03
4.207676923904028407e-03
4.177277959455181176e-03
4.147241202216950078e-03
4.117573334081804128e-03
4.088280232729431772e-03
4.059367010339757185e-03
4.038774521406990684e-03
4.019288376169471641e-03
3.999935063744410393e-03
3.980713923326610788e-03
