4.860799627063897566e-01
4.862063826093400154e-01
4.862334244788077409e-01
4.887079762787767123e-01
4.921630970447107845e-01
4.953500694568988560e-01
4.978920937083725073e-01
5.107707423008249759e-01
5.367877378750692818e-01
6.012239800765319941e-01
9.046264001506953978e-01
6.901711283019466014e-01
7.325215123157511332e-01
7.006571455338422849e-01
7.714208246865250640e-01
7.957260551033505935e-01
9.398251421396830452e-01
1.263002548033419714e+00
1.304221774107968468e+00
1.700619054947877906e+00
1.296814009919987187e+00
1.633250235015438978e+00
1.465736834148976264e+00
1.293837342266886292e+00
1.327905001310201172e+00
1.397541132526544994e+00
1.311830146130515518e+00
1.474442287434755139e+00
1.049746548419856040e+00
1.072528716647370928e+00
1.111657119033226504e+00
1.243795271809938985e+00
1.226267912820847128e+00
1.347706587222712971e+00
1.360807411254474575e+00
1.610979083436323567e+00
1.697073181030420042e+00
1.708370596226429505e+00
1.706587065164066441e+00
1.708926203145960887e+00
1.725446198712276669e+00
2.004221397408254557e+00
2.227293499512915442e+00
1.890082996144201832e+00
2.087533554166391525e+00
2.238272460584973533e+00
2.250253719650241901e+00
2.473188870194321876e+00
2.614824563986138717e+00
2.707639164347391159e+00
2.973783816570301219e+00
3.243125214459838812e+00
3.227167706573129902e+00
2.755721437314095024e+00
2.691671196857506221e+00
2.776721650681258424e+00
2.819660914598988821e+00
2.768261384970204464e+00
2.729815819268102572e+00
2.994355944356616561e+00
3.393879645985319993e+00
3.329534917451633103e+00
2.856687859033124166e+00
2.733451385453257831e+00
3.062136005290805318e+00
3.232911600753187731e+00
3.236274906472863755e+00
3.090415726274644559e+00
2.937258060965231898e+00
2.999097438393983239e+00
3.208630021601908577e+00
3.374786805822949987e+00
3.356640243284223946e+00
3.291189945004290518e+00
3.060796473446721677e+00
2.665940450617348301e+00
2.213079470973875029e+00
1.854159523680062982e+00
1.554257893329996865e+00
1.331971826487100996e+00
1.174814506786219015e+00
1.060478038835744652e+00
9.717493086895113708e-01
9.018899246280370763e-01
8.518166522242924810e-01
8.237281616356142422e-01
8.152410411752815111e-01
8.170069071338968980e-01
8.151250263921477890e-01
8.008917743421305468e-01
7.675293955488515785e-01
7.173463694938734259e-01
6.668264595848494292e-01
6.322880325297672854e-01
6.124866685478927986e-01
6.146029776013052226e-01
6.123564579930227403e-01
6.278582822138859543e-01
6.663066094766157965e-01
6.754917675211817851e-01
6.494581824705883966e-01
5.916082774025349655e-01
5.392500192949555293e-01
5.105063057629203316e-01
4.747163278697839051e-01
4.445765442155883984e-01
4.286702930330306138e-01
4.267109829133251542e-01
4.328316966345222561e-01
4.396358564264560842e-01
4.411407949313433940e-01
4.355397870587834896e-01
4.329901766894035942e-01
4.238610597144120140e-01
4.093218436619923128e-01
3.900040497004477746e-01
3.671132190203862944e-01
3.418242451060846676e-01
3.210744779942733551e-01
3.011457185912440049e-01
2.847033870289575330e-01
2.747530132549579895e-01
2.731636321047304361e-01
2.797391008087402042e-01
2.915633375420312312e-01
3.049231039758186212e-01
3.155027619095245317e-01
3.198192473428945748e-01
3.151673406539762801e-01
3.002254697992438603e-01
2.960802294463182327e-01
2.895830170781866220e-01
2.825347830440405050e-01
2.857101505461425162e-01
2.810817039029955278e-01
2.692674251353334713e-01
2.707639042478592883e-01
2.730228528792438825e-01
2.741019050738969787e-01
2.706789845127766658e-01
2.630183446569256400e-01
2.516308436829360895e-01
2.370783175875718352e-01
2.201939104966528504e-01
2.015790074567831158e-01
1.978480741169430235e-01
1.946224467886471798e-01
1.929270746826459992e-01
1.905143294612855198e-01
1.860614832926049123e-01
1.796035936728856142e-01
1.717582617670737055e-01
1.626286494795284032e-01
1.527673519871750318e-01
1.430653363666263278e-01
1.351615607535785468e-01
1.264496246284086134e-01
1.262727357290192864e-01
1.260269906331329126e-01
1.247722697785060009e-01
1.226846826967167708e-01
1.197964771586407379e-01
1.164066447464072313e-01
1.126553667003007686e-01
1.107348684798261235e-01
1.108323270073241495e-01
1.125674062168576656e-01
1.166589729883869969e-01
1.203403439296887867e-01
1.232718399363671724e-01
1.253826440709736034e-01
1.266787534890673195e-01
1.271109655390064153e-01
1.268822862199939228e-01
1.259416693681141564e-01
1.246126548434398629e-01
1.228410144282110206e-01
1.208028190976970645e-01
1.186337555221827350e-01
1.162958808325821464e-01
1.138703360711123963e-01
1.114283518476992391e-01
1.088583420557708986e-01
1.061359596605179062e-01
1.033303376654226141e-01
1.003200787107663000e-01
9.705153746014996696e-02
9.352645990884045357e-02
8.979734484639928516e-02
8.578182613738696838e-02
8.150643766098278342e-02
7.701497550364952427e-02
7.493346315937575441e-02
7.467218196445737921e-02
7.413510884956661662e-02
7.332577315072186241e-02
7.227473409018103645e-02
7.224733286351373018e-02
7.288942980796028759e-02
7.347361357517155633e-02
7.398726723810650219e-02
7.441962205180151224e-02
7.476173574826913693e-02
7.500643054768081630e-02
7.514820040723979577e-02
7.518309623773450356e-02
7.510859686212971453e-02
7.496358897916291508e-02
7.471318412143944376e-02
7.435287375676717658e-02
7.388418519868295009e-02
7.330943492286083607e-02
7.263161786597180369e-02
7.185430758028468756e-02
7.098156764464876034e-02
7.001787420216180891e-02
6.896804908111903165e-02
6.787460550147091098e-02
6.670608042540028537e-02
6.546526751922956966e-02
6.415778025314715360e-02
6.278938222195722119e-02
6.136596043654751059e-02
5.989350144197093384e-02
5.837806930908843311e-02
5.682578467614511630e-02
5.524280417398891307e-02
5.363529971068400903e-02
5.224291053807404717e-02
5.320700161544551776e-02
5.379845289189281315e-02
5.398978889661013719e-02
5.381606574335282001e-02
5.323659157720946056e-02
5.361171025076338220e-02
5.509049724212780608e-02
5.610712989675203238e-02
5.669842115653767750e-02
5.687351436994659420e-02
5.669169450495490509e-02
5.620878204729385513e-02
5.548318261988085393e-02
5.453806910295304344e-02
5.338851780766153826e-02
5.299090271686003606e-02
5.248889379189761867e-02
5.179269440975509120e-02
5.092745852326435035e-02
4.994718159371240584e-02
4.888839147631381804e-02
4.778830333569763361e-02
4.668166731309031370e-02
4.561644825869493047e-02
4.462548046125161538e-02
4.423163342438365953e-02
4.384852814317818925e-02
4.349473068863245195e-02
4.317822751852966323e-02
4.290526133907882067e-02
4.267636773765320218e-02
4.248754401687714066e-02
4.232232144264664458e-02
4.216302140567482204e-02
4.198866092433274633e-02
4.177617741748130414e-02
4.150170769922648800e-02
4.114168574992283639e-02
4.067477188574841057e-02
4.009409012010996948e-02
4.036967889868103843e-02
4.105302567150527493e-02
4.164838451271470759e-02
4.213320333144100760e-02
4.249235226966054102e-02
4.270185922545471219e-02
4.274559932249858557e-02
4.261040747665362227e-02
4.228633372731868678e-02
4.177266767549005222e-02
4.107223342623594897e-02
4.017610260522195414e-02
3.908892586130910396e-02
3.894070403919856760e-02
3.865219378478697981e-02
3.819133793194343096e-02
3.756442566435788666e-02
3.677967751848696537e-02
3.607705011564041331e-02
3.613445493900325350e-02
3.609006279839191422e-02
3.593640248789924801e-02
3.569072476198236615e-02
3.534094200884563969e-02
3.490436656095755735e-02
3.438326089702438415e-02
3.378079235989912138e-02
3.343662430702207256e-02
3.313688853479829222e-02
3.280853110939262185e-02
3.244552724046548264e-02
3.205022798565741043e-02
3.162504635399967373e-02
3.117243832806208120e-02
3.113840560405766941e-02
3.118033138895391285e-02
3.120136999124004107e-02
3.120199136402927384e-02
3.118271713691328148e-02
3.114411529011787069e-02
3.108679497663324395e-02
3.101140150952714017e-02
3.091861152708393762e-02
3.080912834785480559e-02
3.068367752535729534e-02
3.054300260905122230e-02
3.038786111833406342e-02
3.021902073311482848e-02
3.003725570275780909e-02
2.984334347594016709e-02
2.963806154942776050e-02
2.942218453571582293e-02
2.919648144609031035e-02
2.896171318577564491e-02
2.871863025703924946e-02
2.846797066524281439e-02
2.821045802132519584e-02
2.794679983562867870e-02
2.767768599500433982e-02
2.740378741707734725e-02
2.712575487380093631e-02
2.684421797637812079e-02
2.655978431434563927e-02
2.627303873960456365e-02
2.598646027452405222e-02
2.569996896931952060e-02
2.541256405688601533e-02
2.512474034381721039e-02
2.483696850062704423e-02
2.454969501567391688e-02
2.426334224281164256e-02
2.397830853363793271e-02
2.369496844839121680e-02
2.341367303805264727e-02
2.313475019187288817e-02
2.285850504224960777e-02
2.258522042342156477e-02
2.231515737530035196e-02
2.204855568969277951e-02
2.178563449058512971e-02
2.152659284733890455e-02
2.127161041159453606e-02
2.102084807786095202e-02
2.077444865987986347e-02
2.053253758196405682e-02
2.029522357907724561e-02
2.006259940421366642e-02
1.983474253925516032e-02
1.961171590558407826e-02
1.939356857371792725e-02
1.918033646786306348e-02
1.897204306356656267e-02
1.876870007726926318e-02
1.857030814502536389e-02
1.837685748905832153e-02
1.818832857116154875e-02
1.800469273112004220e-02
1.782591280922567537e-02
1.765194375198930396e-02
1.748273320050273277e-02
1.731822206009808740e-02
1.715834505164007609e-02
1.700303124324977974e-02
1.685220456241409703e-02
1.670578428848087243e-02
1.656368552514980025e-02
1.642581965291660048e-02
1.629209476160677766e-02
1.616241606281595272e-02
1.603668628322879597e-02
1.591480603750584574e-02
1.579667418296316558e-02
1.568218815465141289e-02
1.557124428213762547e-02
1.546373808797219147e-02
1.535956456878192870e-02
1.525861845865992238e-02
1.516079447581974299e-02
1.506598755356816123e-02
1.497409305419058687e-02
1.488500696890081645e-02
1.479862610215417450e-02
1.471484824211221135e-02
1.463357231744677293e-02
1.455469854077407442e-02
1.447812853973278781e-02
1.440376547595760039e-02
1.433151415245654051e-02
1.426128111021751979e-02
1.419297471407191848e-02
1.412650522890475380e-02
