3.156601272592281515e-01
3.164468120677977891e-01
3.179736550415840357e-01
3.186981127436007144e-01
3.195498159570931418e-01
3.217032381934857299e-01
3.255012792276170130e-01
3.288385095581063400e-01
3.344598449362780612e-01
3.400759316073919680e-01
3.547354158662757717e-01
3.841617310318454215e-01
4.317538062942893884e-01
5.186911765639076188e-01
4.842953757796048531e-01
5.561119891592810616e-01
6.756548086952626209e-01
7.615855213452582539e-01
5.780027598718481263e-01
6.617425064780512178e-01
6.563124182084204561e-01
8.098132888029724308e-01
7.156643589871587441e-01
8.739376118874068178e-01
8.472726253873041902e-01
8.555759111370316861e-01
9.275367154534069902e-01
9.343770542671020474e-01
9.334863477251451602e-01
1.282372352042464136e+00
1.438821582378313257e+00
1.362335360200437551e+00
1.294714973010103520e+00
1.343278604209797722e+00
1.356046324770429745e+00
1.549155087778980810e+00
1.384988465486112652e+00
1.408425266341463367e+00
1.163135688023150927e+00
1.265879415317062717e+00
1.421128972681295455e+00
1.664336511969704224e+00
1.413093708351357281e+00
1.033675954138450370e+00
7.780823622818413554e-01
6.400867523292954608e-01
5.764569030928459181e-01
5.644827061341601837e-01
5.715796282880474255e-01
6.001116961629103796e-01
6.403275096576550585e-01
6.232002934343920941e-01
5.500147415542311347e-01
5.760911466796592162e-01
5.768439475291774476e-01
6.967870582019645154e-01
7.796339954661546390e-01
7.599085759349495373e-01
7.295417900615168705e-01
8.106585154331514831e-01
9.486686042246922357e-01
9.955950320920926577e-01
9.901312782439121163e-01
1.055773285342576751e+00
1.090819537215802049e+00
1.023818734900670657e+00
9.381676945989089189e-01
9.935368463314441234e-01
1.102859210818566638e+00
1.195019961305169076e+00
1.200768907072155889e+00
1.139808707847608682e+00
1.094314551523178247e+00
1.076731670959782505e+00
1.051415216576705891e+00
1.036633395692332593e+00
1.058054822610890788e+00
1.077469983059205827e+00
1.095346775203599909e+00
1.109971170711130162e+00
1.113265707965630291e+00
1.099389503596711171e+00
1.068273576719518614e+00
1.034905237228783248e+00
1.021191506446108788e+00
1.046194397627803419e+00
1.108849509769101127e+00
1.190290929425468436e+00
1.268463612319578715e+00
1.328975523649513102e+00
1.367553986036392333e+00
1.390160806199066679e+00
1.409170305419377378e+00
1.437931713300545811e+00
1.485676256727643141e+00
1.553852911040825457e+00
1.636605855407336607e+00
1.719837840398369400e+00
1.788589569322700301e+00
1.825411522678915599e+00
1.861190277665442094e+00
1.988095410236177640e+00
1.934769670985754253e+00
1.768056957827309539e+00
1.645269582599770741e+00
1.550658918803675901e+00
1.570936048079172087e+00
1.680589958187540756e+00
1.765231459238729483e+00
1.758248886759725016e+00
1.665265685333351842e+00
1.551900491196952059e+00
1.509152419523994260e+00
1.601435400392074770e+00
1.774975376599849275e+00
1.948758651668879738e+00
2.060613605313450947e+00
2.116406907570874019e+00
2.118643225455736800e+00
2.069769453632396949e+00
1.948927409309868297e+00
1.782020153727935652e+00
1.590581222573588249e+00
1.379196501588880075e+00
1.192165368400046166e+00
1.019966133892667992e+00
8.879402737994974704e-01
8.054725560821177632e-01
7.397501248472426738e-01
6.905358000117611805e-01
6.554438485719462637e-01
6.304726507751847731e-01
6.111926292785190284e-01
5.936471250974136860e-01
5.817994113610266416e-01
5.677866882864625042e-01
5.505078631224641361e-01
5.297535460126382434e-01
5.059912791618129679e-01
4.801413288324769546e-01
4.828841615466002435e-01
4.949919816347310708e-01
4.989700084143418590e-01
4.963251254579987282e-01
4.905481038540988603e-01
4.942265394408529855e-01
4.956266945348189457e-01
4.961615510918779282e-01
4.965974621937503941e-01
4.971324779845215924e-01
4.975866223329393212e-01
4.973773926042609483e-01
4.956415017728247330e-01
4.913823752796217526e-01
4.839389241191561220e-01
4.804260338213179882e-01
4.833434481328783283e-01
4.817254006227159047e-01
4.750627048561187893e-01
4.635036204491836398e-01
4.468724320403998362e-01
4.256210595117687623e-01
4.005625495492238231e-01
3.869661921268048865e-01
3.885810785544979162e-01
3.829032045358109482e-01
3.719170550626200167e-01
3.578619921646733482e-01
3.427521518406867473e-01
3.281265474942425264e-01
3.150544999584418693e-01
3.061007307142619704e-01
3.011670028523350529e-01
2.970733871521657465e-01
2.927812094528259301e-01
2.871641257759386390e-01
2.793779707502689336e-01
2.687969610852440350e-01
2.573210444380051309e-01
2.451064969345785605e-01
2.302480599624157354e-01
2.138376592851901903e-01
2.070714995080544518e-01
2.107562120953843376e-01
2.132218167862463820e-01
2.144864134928964050e-01
2.154104507403346025e-01
2.209399239885715405e-01
2.250199520744833315e-01
2.276836650344507551e-01
2.289908499334765146e-01
2.290979458491705367e-01
2.281798093650188597e-01
2.264521770152470304e-01
2.318950919750981388e-01
2.358144580435221904e-01
2.368289911631544231e-01
2.426649976445049983e-01
2.498221445543646613e-01
2.534484547526441034e-01
2.535796075825957896e-01
2.503882848085378643e-01
2.441594726585139263e-01
2.352672371086710346e-01
2.241726481818682171e-01
2.207579057340472162e-01
2.200329916170365441e-01
2.178864330600731036e-01
2.145332534568052119e-01
2.101864230946823842e-01
2.051024159133712499e-01
1.995565041739807144e-01
1.935297696520195121e-01
1.874582423723115399e-01
1.813155783589141257e-01
1.753639010803972054e-01
1.695628739242599492e-01
1.640209015476856436e-01
1.588072183153244332e-01
1.538570354995717759e-01
1.491569649407226972e-01
1.447137823507846088e-01
1.404694679494734033e-01
1.363346644070130564e-01
1.322505024735854684e-01
1.281944883613596597e-01
1.241099448351577483e-01
1.199165525560172835e-01
1.194570309129674157e-01
1.194686948268081222e-01
1.193950226523388114e-01
1.191738917655456725e-01
1.187865965470397689e-01
1.181721742331331010e-01
1.173392109206901623e-01
1.162026732351139346e-01
1.148269656347945117e-01
1.131133132160505594e-01
1.111119545987696300e-01
1.087904286706490031e-01
1.061508574348654782e-01
1.033226630757077685e-01
1.026718521391446759e-01
1.018983313705106308e-01
1.010360874259579045e-01
1.000361422994366090e-01
9.895051316544913045e-02
9.773842592102363613e-02
9.642030269057590142e-02
9.553401180126985803e-02
9.562797664336480929e-02
9.563230340426316645e-02
9.554446717052957061e-02
9.536284475779048531e-02
9.511503992997345780e-02
9.478782589125059332e-02
9.436648718426100813e-02
9.385209703085461985e-02
9.324629220280207520e-02
9.257454205588508400e-02
9.183596304036291402e-02
9.101271086750535588e-02
9.010795912701720367e-02
8.912517913573475559e-02
8.808263993469936382e-02
8.699472780000587491e-02
8.583910027611596494e-02
8.461992351210120833e-02
8.334147487989641834e-02
8.200811193128876297e-02
8.064911253991152718e-02
7.925141778192835995e-02
7.781036085416999371e-02
7.633034136833800887e-02
7.481572742842562684e-02
7.327083747092164034e-02
7.325785689693015135e-02
7.392148298659695360e-02
7.436948819674737976e-02
7.462379787276444965e-02
7.470241744316349908e-02
7.458470396436153727e-02
7.428020950326369443e-02
7.382646342701461306e-02
7.322295431233805107e-02
7.246619096023387829e-02
7.156951025028703006e-02
7.056220842694652107e-02
6.946045783563743747e-02
6.825865608849061850e-02
6.697126720231862118e-02
6.561269766878369269e-02
6.419715940521933395e-02
6.362736186817130601e-02
6.313995438132181948e-02
6.263811226682183819e-02
6.212274177191819818e-02
6.160210036678195888e-02
6.107562502169011642e-02
6.053781877524638116e-02
5.998954134461870896e-02
5.943163805006164424e-02
5.886493860704702930e-02
5.829025601549343849e-02
5.770838554406170634e-02
5.712010380845009005e-02
5.652616794024944991e-02
5.592731484589420071e-02
5.532426055069504522e-02
5.471769962926920777e-02
5.411575454574478472e-02
5.351289561282888962e-02
5.290807468760042043e-02
5.230190441917096505e-02
5.169497461433096575e-02
5.108785208129026228e-02
5.048108053972778092e-02
4.987518059230567485e-02
4.927064975688354859e-02
4.866796255361975632e-02
4.806757064507932720e-02
4.746990302629006814e-02
4.687536626094349068e-02
4.628434475959552347e-02
4.569720109941863284e-02
4.511427637924969591e-02
4.453589060857172932e-02
4.396234312696740282e-02
4.339391305151941991e-02
4.283085974854344141e-02
4.227342332695266380e-02
4.172182515130141989e-02
4.199835205979148001e-02
4.239691257519424133e-02
4.279515837300695846e-02
4.318962656719753379e-02
4.357705498875818345e-02
4.395438931767107343e-02
4.431878825414628520e-02
4.466762685354821322e-02
4.499849816167370703e-02
4.530921328085600608e-02
4.559780000416888135e-02
4.586250014962400812e-02
4.610176572573931181e-02
4.631425405617854013e-02
4.649882199077913503e-02
4.665451931736245422e-02
4.678058149654210074e-02
4.688204024674313269e-02
4.695692958639521158e-02
4.700109471599400041e-02
4.701438978688947390e-02
4.699681317358318094e-02
4.694849830552339648e-02
4.686970443328956903e-02
4.676080739719155888e-02
4.662229045497125191e-02
4.645473522501834818e-02
4.626901405797936156e-02
4.605579944389272262e-02
4.581563008014668398e-02
4.554937025035916964e-02
4.525794234668530092e-02
4.494231928204729665e-02
4.460351723331031082e-02
4.424258872658036468e-02
4.386061607615822366e-02
4.346660737435587701e-02
4.305460889105020700e-02
4.262461578490492342e-02
4.217776205316933757e-02
4.171518557127480709e-02
4.123802364373311408e-02
4.074740890203272514e-02
4.024446554203242599e-02
3.973030588719203560e-02
3.920602727150977046e-02
3.867533346695763152e-02
3.813990304079988014e-02
3.788389287989666482e-02
3.760537685132830238e-02
3.729289241986556008e-02
3.694819914941052663e-02
3.658006692650653952e-02
3.618778143190603397e-02
3.576835314440569846e-02
3.532367005779007280e-02
3.486414922356011886e-02
3.438438353800490899e-02
3.388456609070613496e-02
3.336658770234130628e-02
3.283774973684464027e-02
3.229703114042705575e-02
3.227037129202946913e-02
3.224977902109340405e-02
3.221082567389631224e-02
3.215404521487121720e-02
3.207998883637851878e-02
3.199555439415729952e-02
