4.467111336898203500e-01
4.457734257100555153e-01
4.519097233878245912e-01
4.530749032581132818e-01
4.544300265264163974e-01
4.587795925545380959e-01
4.655653848405911233e-01
4.700244884304805582e-01
4.819706888031022318e-01
4.878024455620730837e-01
5.653272607610855260e-01
5.672183483816782834e-01
7.527406695326570585e-01
7.103037587373416395e-01
6.146465524932306357e-01
6.496710149282425295e-01
7.718352985855401194e-01
7.718670771823671339e-01
8.656009779626073763e-01
9.647547720652306369e-01
1.061240902894033944e+00
1.473351860906167987e+00
1.634771839471617749e+00
1.398737887889211384e+00
1.284421618526077058e+00
1.360047229321084794e+00
1.644314340702034194e+00
1.281260515139918343e+00
1.474830372429680070e+00
1.239795541524055356e+00
1.652532932648896891e+00
1.731344154940160918e+00
1.151266281913761569e+00
8.968703331862108996e-01
7.645891360706410511e-01
7.736700876639011071e-01
8.159057698533985770e-01
8.675559118721017926e-01
9.874761814483538069e-01
1.135318226736381275e+00
1.032008750405214670e+00
9.073640900901950301e-01
1.094553609642648251e+00
1.179944899027091543e+00
1.220561650717844726e+00
1.177853681696574117e+00
1.155851218150524051e+00
1.199758048445310754e+00
1.185188172214061142e+00
1.171835319282957588e+00
1.129728134657289385e+00
1.174031622801654517e+00
1.266340317656145631e+00
1.365712487906766359e+00
1.457177256505278518e+00
1.527786560837185448e+00
1.597499983663367207e+00
1.635010044022513265e+00
1.669070916850861286e+00
1.730363715629923638e+00
1.926806607267056437e+00
2.165719170558518591e+00
2.382190031086410364e+00
2.535259083763136356e+00
2.611662627425203276e+00
2.638850412091537478e+00
2.615516077966455466e+00
2.735609475746688446e+00
2.861004804719637917e+00
2.679880305691730413e+00
2.578171784311778403e+00
2.375010228070209894e+00
2.190331599932601403e+00
2.120399563416580424e+00
2.163080763750270030e+00
2.255833216179042200e+00
2.309099224391684579e+00
2.276665847093406025e+00
2.284378449617402218e+00
2.521078096807734426e+00
2.606034252855751188e+00
2.618182635401083314e+00
2.636936921334634754e+00
2.682858388902299218e+00
2.702927354004843075e+00
2.661583467430046035e+00
2.535759436905101971e+00
2.277688999884667442e+00
2.009118991371461327e+00
1.672244261816265398e+00
1.527577340691172125e+00
1.366120157610899666e+00
1.188852516420234151e+00
1.034275102106948285e+00
9.094583541033174345e-01
8.121585193201306119e-01
7.344351206308589175e-01
6.826454678158455636e-01
6.556516972934399723e-01
6.470361471132227704e-01
6.471614600555812835e-01
6.466399476369999455e-01
6.392826028774991620e-01
6.520253879440706113e-01
6.553274276165996781e-01
6.468827239283851949e-01
6.258369639540179996e-01
5.931508630414729089e-01
5.815921316818878362e-01
5.626071294475820661e-01
5.358814168059031768e-01
5.141730887114999149e-01
4.971967940248279150e-01
4.851270613350427974e-01
5.050024937693760041e-01
5.258734312488009266e-01
5.277373946865955290e-01
5.128310428199454041e-01
4.842299344224277879e-01
4.685141621548551960e-01
4.459621827848607167e-01
4.182455554316775181e-01
3.887216682359215247e-01
3.599396128018820251e-01
3.340902306916589404e-01
3.123696824452741883e-01
2.952303710133231673e-01
2.823381071693963351e-01
2.729156552785835799e-01
2.660443801510244954e-01
2.608804446778362207e-01
2.567723007651706579e-01
2.532896467554017206e-01
2.501882734358690796e-01
2.473404436453211508e-01
2.446584355823704371e-01
2.420321846169183888e-01
2.393484941825155254e-01
2.365034198204035709e-01
2.330623901518843466e-01
2.287760912919505618e-01
2.236213985908236945e-01
2.171403658147846860e-01
2.094586668889982517e-01
2.004992976250594139e-01
1.903327036677140705e-01
1.794136958457877851e-01
1.708951184681666569e-01
1.648119356315954909e-01
1.641203283569103999e-01
1.636491328023016167e-01
1.630424766827884286e-01
1.622776511355900064e-01
1.630215745809012462e-01
1.638859338696022072e-01
1.638387335920230559e-01
1.628760114856830643e-01
1.608176192307946839e-01
1.579028860939569456e-01
1.540292700734909592e-01
1.499551030243967686e-01
1.484802813350578343e-01
1.546286399692071156e-01
1.598584699634496564e-01
1.641240500787139733e-01
1.670514922897825272e-01
1.687219343094573110e-01
1.689978281648454317e-01
1.678536372157316825e-01
1.655036712625980455e-01
1.618752558020956078e-01
1.571264943056319419e-01
1.514707746705866998e-01
1.449618691433484929e-01
1.378931276719830568e-01
1.358204320479701188e-01
1.339127634745228002e-01
1.301856711960941715e-01
1.284900351745143776e-01
1.260996083324743555e-01
1.240002550242610968e-01
1.222606723116213823e-01
1.189210454789325772e-01
1.153820590377413330e-01
1.146224700774197830e-01
1.144960666156700779e-01
1.135969237334576443e-01
1.125345225930148851e-01
1.126283875321561628e-01
1.122661592134902436e-01
1.114613220559639573e-01
1.102052607823425096e-01
1.084540892079811636e-01
1.061183116223251705e-01
1.031202408337520138e-01
1.026395529186311800e-01
1.033513575501379539e-01
1.033661926656649771e-01
1.025297696395839342e-01
1.007817186920302310e-01
1.011964543614699147e-01
1.020490089304539605e-01
1.025173954701331935e-01
1.024930754195328281e-01
1.019565583540164716e-01
1.009033083474202980e-01
9.931552128541172586e-02
9.722436023899248825e-02
9.465345864536163500e-02
9.163621974175416296e-02
8.823758706242150474e-02
8.449353563364360442e-02
8.047778206470508622e-02
7.772064889402259535e-02
7.855880864374105432e-02
7.926310590918342336e-02
7.980381844202975861e-02
8.017658790165878291e-02
8.037973035991773096e-02
8.041395618994828798e-02
8.029400113492096702e-02
8.005347835957192515e-02
7.965698729000730838e-02
7.911160956312206227e-02
7.842552581290215818e-02
7.760778491585985928e-02
7.670499150325084392e-02
7.569975819021157459e-02
7.459070371634018981e-02
7.338826275290803725e-02
7.210290427658000434e-02
7.074501104108463223e-02
6.934681029989211987e-02
6.790712375072714690e-02
6.642168543326307240e-02
6.489968327200983100e-02
6.334987514861246949e-02
6.178055259890127826e-02
6.019951474303252004e-02
5.861405122255519684e-02
5.703093297796918426e-02
5.545640976749223461e-02
5.390248851209213793e-02
5.237164025080183472e-02
5.117187109661409244e-02
5.088655110787794478e-02
5.058898371322508719e-02
5.027830848030504646e-02
4.994939767681575576e-02
4.960356593229490324e-02
4.924207337099548165e-02
4.886612591823558116e-02
4.847687601137676966e-02
4.807542363922898132e-02
4.766281764284330258e-02
4.724005721812794822e-02
4.680809356863230297e-02
4.636783166273084761e-02
4.592013205811776300e-02
4.546581275894796825e-02
4.500565107802077802e-02
4.454038548372907247e-02
4.407295625084482749e-02
4.360826590014989235e-02
4.314005919116822158e-02
4.266894607651290638e-02
4.219550624838314806e-02
4.172029057133930935e-02
4.124382243733317605e-02
4.076659904177254434e-02
4.028909258048552627e-02
3.981175137043771461e-02
3.933500089519239434e-02
3.885924477943532990e-02
3.838486569535140558e-02
3.791222620600379067e-02
3.744166954827936322e-02
3.697352036208735593e-02
3.650808536896363310e-02
3.604565400454958629e-02
3.558649900997453569e-02
3.513087698640345036e-02
3.467902891626151174e-02
3.423118065545002753e-02
3.378754340031877440e-02
3.334831413236688524e-02
3.291367604381655043e-02
3.248379894718279176e-02
3.205883967149408820e-02
3.163894244626831026e-02
3.122423927726356366e-02
3.081485031355938112e-02
3.041088420942902187e-02
3.001243848069605827e-02
2.961959985789546987e-02
2.923244463586426728e-02
2.885103902169216389e-02
2.847543948065576688e-02
2.810569308093490565e-02
2.774183783672797693e-02
2.738390305121317370e-02
2.703190965705990975e-02
2.668609335387844145e-02
2.634619493610943636e-02
2.601215892027573112e-02
2.568398165230899657e-02
2.536165261814364927e-02
2.504515477470558790e-02
2.473447188934710037e-02
2.457010100408332093e-02
2.457021030951291041e-02
2.456467133405080411e-02
2.455333924792073297e-02
2.453609928642305413e-02
2.451286507467004619e-02
2.448357696343322204e-02
2.444820038215726049e-02
2.440672421444295762e-02
2.435915920249180286e-02
2.430553638309169984e-02
2.424590556143715880e-02
2.418033382484494759e-02
2.410890410012892643e-02
2.403171375804648985e-02
2.394887326575824427e-02
2.386050489060021970e-02
2.376674145573901345e-02
2.366772514947160233e-02
2.356360638873781360e-02
2.345454273776395593e-02
2.334069788089580127e-02
2.322224065162166798e-02
2.309934411550115807e-02
2.297218470767020335e-02
2.284094142376472819e-02
2.270579506326560887e-02
2.256692752503115795e-02
2.242452115213523084e-02
2.227875812667445138e-02
2.212981991163770826e-02
2.197788673841437682e-02
2.182313713940526451e-02
2.166574752286149277e-02
2.150589178818418379e-02
2.134374098150846125e-02
2.117946298752003062e-02
2.101322225695382781e-02
2.084517956862031243e-02
2.067549182203992295e-02
2.050431186102891906e-02
2.033178832509079451e-02
2.015806552763997617e-02
1.998328335858698054e-02
1.980757721051033121e-02
1.963107792564364532e-02
1.945431499792510746e-02
1.927819538216155384e-02
1.910158645448417625e-02
1.892460155108348710e-02
1.874734951730567048e-02
1.856993474556010992e-02
1.839245722525014587e-02
1.821501260350718437e-02
1.803769225464139231e-02
1.786058335882379292e-02
1.768376898762933150e-02
1.750732819595560846e-02
1.733133611936090585e-02
1.715586407630083354e-02
1.698097967386484608e-02
1.680674691675721269e-02
1.663322631848057967e-02
1.646047501441219932e-02
1.628854687619376782e-02
1.611749262587269804e-02
1.594735995178146737e-02
1.577819362225229421e-02
1.561003559971458135e-02
1.551683298776490756e-02
1.551561177620701046e-02
1.551359804411352704e-02
1.551078724432585973e-02
1.550717615037915283e-02
1.550276275634394040e-02
1.549754618245600089e-02
1.549152658604132683e-02
1.548470507756745558e-02
1.547708364163823992e-02
1.546866506277830983e-02
1.545945285614482023e-02
1.544945120257182856e-02
1.543866488770808537e-02
1.542709924515240499e-02
1.541476010438757108e-02
1.540165374150361151e-02
1.538778683368125649e-02
1.537316641779500753e-02
1.535779985094158119e-02
1.534169477550284544e-02
1.532485908589493323e-02
