5.596507005788944333e-01
5.578643937545230136e-01
5.596727813197204249e-01
5.570905863226961463e-01
5.652331500123586316e-01
5.771612876651049939e-01
5.902625858542294157e-01
6.220070261384244015e-01
6.402482041509998112e-01
7.142391639022108718e-01
8.529682937589618819e-01
8.736186865615138686e-01
8.540632683090431110e-01
8.922922133763929731e-01
1.205244624915006169e+00
1.687239084324080540e+00
1.288333255972125890e+00
1.050234300415100464e+00
1.196977978632016049e+00
1.328046601869935728e+00
1.442163296796148630e+00
1.553971937000319770e+00
1.230124900495783047e+00
1.199095695235063097e+00
1.392987722298136832e+00
1.414596046833376697e+00
1.439244259255994640e+00
1.271020299776169260e+00
1.701039236903210794e+00
1.841045916876149269e+00
2.029930779335380020e+00
1.971288984083341855e+00
1.832237494003509104e+00
1.888691671612647838e+00
2.049718479913293478e+00
1.946803555002356356e+00
2.583877968845357920e+00
2.587038624194283987e+00
2.354006715829636942e+00
2.678764338557682034e+00
2.616120875893980902e+00
3.155124137739580004e+00
3.390106380337271741e+00
3.271758051973441717e+00
3.423968267244324348e+00
3.298026501301015934e+00
3.628592262523985035e+00
3.543480728262603296e+00
3.385063684892866576e+00
3.437424536073611758e+00
3.425447143834324581e+00
3.461303891203263206e+00
3.024761596274447850e+00
3.011533024598100017e+00
3.184299735751084715e+00
3.320938601890837116e+00
3.508505741247396781e+00
3.712996034033971604e+00
3.934213561703335582e+00
4.540055097281747720e+00
3.970430346808631494e+00
2.936153527285889631e+00
2.198210922884551444e+00
1.704818105871358513e+00
1.392988565558022307e+00
1.194199586468160712e+00
1.071417881255372517e+00
9.879024577595537648e-01
9.482295733578163244e-01
9.040367198884146083e-01
8.389449606780802204e-01
8.022191564890631676e-01
7.781385595644377817e-01
7.864132085800574767e-01
7.585004463287801091e-01
7.280975270730175586e-01
6.875430888696940634e-01
6.481248496897016320e-01
6.422884083390957288e-01
6.549608288043468063e-01
6.484847048127470037e-01
6.154441501804939207e-01
5.760259909952040180e-01
5.849807344401884990e-01
5.936508091203023252e-01
5.811768607583465140e-01
5.243868116678807034e-01
5.154454945150915846e-01
4.893687220777287461e-01
4.627020142321660034e-01
4.355640517568817316e-01
4.090183135960600569e-01
4.103957424791546127e-01
4.072753052425154840e-01
4.004641368495264753e-01
3.900042202576222694e-01
3.771669775421461757e-01
3.613577661853651923e-01
3.440402296447784836e-01
3.244737638090934850e-01
3.098039108546683518e-01
3.067311287777655937e-01
3.018376083663134035e-01
2.948918574598513587e-01
2.859876605811965122e-01
2.804476886406845892e-01
2.803720789940056246e-01
2.688184492730092412e-01
2.491158926459257905e-01
2.300134701223851275e-01
2.318494950474087601e-01
2.279728641099110220e-01
2.208194467556502394e-01
2.122843594137207579e-01
2.038714860492559233e-01
1.974238019098060459e-01
1.905701498315608700e-01
1.858420894344563756e-01
1.818899361887471589e-01
1.783272947895571670e-01
1.748509512509142105e-01
1.712779175958773770e-01
1.675271531401164860e-01
1.667273228766145143e-01
1.651406719172029969e-01
1.618077716425744828e-01
1.569569327313721507e-01
1.512562423267864997e-01
1.447099700159401592e-01
1.382711996102524710e-01
1.364624761260231356e-01
1.346648157149036851e-01
1.328490134676730272e-01
1.310448101327987835e-01
1.292254176163021295e-01
1.273295952049423863e-01
1.253466963051207972e-01
1.232702324879854372e-01
1.210974418315258622e-01
1.227012025483895652e-01
1.263147219750665740e-01
1.300227530311302282e-01
1.334193103734926666e-01
1.361107269431086064e-01
1.378042455433279301e-01
1.384515140886277140e-01
1.375864492953360885e-01
1.352947592493990714e-01
1.315418424247134788e-01
1.262948170534687609e-01
1.198556305788929383e-01
1.146956042362803213e-01
1.142257070211403214e-01
1.117730145507928458e-01
1.115084185259461597e-01
1.128645698083727417e-01
1.131148298616953679e-01
1.123289920695869498e-01
1.105230371502337744e-01
1.078044195088265628e-01
1.044066667157030753e-01
1.061523252146868573e-01
1.066567843451305536e-01
1.055498926600987319e-01
1.031663672589708119e-01
9.998075185907050189e-02
9.612484338108655268e-02
9.193754632305356500e-02
8.772477939912659561e-02
8.374358085793079387e-02
8.019211448092307404e-02
7.720528051771727296e-02
7.514247963404349639e-02
7.424174252801082896e-02
7.331639432449570115e-02
7.237191954458178922e-02
7.141336398449343870e-02
7.158791658237735611e-02
7.193554764833240411e-02
7.232069954640132914e-02
7.265406459627538061e-02
7.278264224622837952e-02
7.260634066876710258e-02
7.204587685133320707e-02
7.104456694938207639e-02
6.956883089998634750e-02
6.760761025694778104e-02
6.526641590006758420e-02
6.247596827534561414e-02
6.139709468955687616e-02
6.204467005492037696e-02
6.249265236936647067e-02
6.276793679602393761e-02
6.280851779595127138e-02
6.260939979941657074e-02
6.220007985626031799e-02
6.160069609604951202e-02
6.150413822246837692e-02
6.160327529887374420e-02
6.123408972727675120e-02
6.041553345265070207e-02
5.926077655546465456e-02
5.945059224338036102e-02
5.954279717967714963e-02
5.926037856195533193e-02
5.866567805915861439e-02
5.776455965908523782e-02
5.653173515010392197e-02
5.499212368702519060e-02
5.317463809384840451e-02
5.197961672813520423e-02
5.183871447274750882e-02
5.148370175589660896e-02
5.095725913040246441e-02
5.026926057808611681e-02
4.939522178050760604e-02
4.850648630753041229e-02
4.820440456419876341e-02
4.786028170428096445e-02
4.747600974302717408e-02
4.705355838249275502e-02
4.659496535225238906e-02
4.610232628169583929e-02
4.557778425503741793e-02
4.502351919196066060e-02
4.444173719078468865e-02
4.383465996065918219e-02
4.320451445760561948e-02
4.255352282757346449e-02
4.188389274763994197e-02
4.138903715604057287e-02
4.094858105861146069e-02
4.034865935184651919e-02
3.956408947012474836e-02
3.861336768388342472e-02
3.759431577848221934e-02
3.685303243835598430e-02
3.610927269431225134e-02
3.536477330960242915e-02
3.462119284847254425e-02
3.388010893303843724e-02
3.346948729494722552e-02
3.334260863180237011e-02
3.318618241462029106e-02
3.300168618820512739e-02
3.279062905560151814e-02
3.255454266524569068e-02
3.230486838684747120e-02
3.203695379784401998e-02
3.174808675004806013e-02
3.143979945882157540e-02
3.116079305078223519e-02
3.114371523745246284e-02
3.103808989056204559e-02
3.085073408563475048e-02
3.060914434215322374e-02
3.030117966918845912e-02
2.993272076406421067e-02
2.951150077708118019e-02
2.904522436519979892e-02
2.854146766954274855e-02
2.800758981728037125e-02
2.769031599168454705e-02
2.753229954487017989e-02
2.737265330480747466e-02
2.721146759601062587e-02
2.704883212384870048e-02
2.688483579740848228e-02
2.671956656920376066e-02
2.655311128997973544e-02
2.638555557929419051e-02
2.621698370973209527e-02
2.604747850440246662e-02
2.587712124725253734e-02
2.570599160489691476e-02
2.553416755946852704e-02
2.536172535149622959e-02
2.518873943251624670e-02
2.501528242620832190e-02
2.484142509784456263e-02
2.466723633101403773e-02
2.449278311131889221e-02
2.431813051629677300e-02
2.414334171111480812e-02
2.396847794946369362e-02
2.379359857902154859e-02
2.361876105155115771e-02
2.344402093628642630e-02
2.326943193735139803e-02
2.309504591375893812e-02
2.292091290231133838e-02
2.274708114300055470e-02
2.257359710614241857e-02
2.240050552166725217e-02
2.222784940995759309e-02
2.205567011352433868e-02
2.188400733045493818e-02
2.171289914827438314e-02
2.154238207859631923e-02
2.137249109266237471e-02
2.120325965680881775e-02
2.103471976849826883e-02
2.086690199247361044e-02
2.069983549687896829e-02
2.053354808925531363e-02
2.036806625273547208e-02
2.020341518131046898e-02
2.003961881580553633e-02
1.987669987834260812e-02
1.976297424826051197e-02
1.977548457648166738e-02
1.978475529544992950e-02
1.978997315125316514e-02
1.979037791063305296e-02
1.978526490085874209e-02
1.977398697062290878e-02
1.975595590620728148e-02
1.973064333484890812e-02
1.969758115275833249e-02
1.965636151169076681e-02
1.960663640048149886e-02
1.954811685562392320e-02
1.948057183786098406e-02
1.940382680728711118e-02
1.931776203099887929e-02
1.922231065574791717e-02
1.911745657661754680e-02
1.900323213165374531e-02
1.887971565027845786e-02
1.874702888407333082e-02
1.860533434269304523e-02
1.845483256210326412e-02
1.829575932396335092e-02
1.812838284967702857e-02
1.795300098649276963e-02
1.776993840388262427e-02
1.758157515357665346e-02
1.738781042306117991e-02
1.718733601752199525e-02
1.698055125778038382e-02
1.676786957550331983e-02
1.654971604476831309e-02
1.632652500158860917e-02
1.609873775900558246e-02
1.586680042389425685e-02
1.563116181951220221e-02
1.539227151628059023e-02
1.515057797612716188e-02
1.490652680919807987e-02
1.466055914640281704e-02
1.452580945693904974e-02
1.461134584129366448e-02
1.468819769753765443e-02
1.475624676591515139e-02
1.481540808457804115e-02
1.486562884875271447e-02
1.490688718587451951e-02
1.493919085687091773e-02
1.496257589685275752e-02
1.497710520531311124e-02
1.498286709648780253e-02
1.497997382043133804e-02
1.496856006325318102e-02
1.494878143618941398e-02
1.492081296065933711e-02
1.488484755693895469e-02
1.484109454532040427e-02
1.478977816245923872e-02
1.473113610245218620e-02
1.466541808500588726e-02
1.459288445718653036e-02
1.451380483180246019e-02
1.442845676742227946e-02
1.433712449082353950e-02
1.424009766758266467e-02
1.413767022084435818e-02
1.403013920077137398e-02
1.391780370698184922e-02
1.380096386400809366e-02
1.367991985087342426e-02
1.355497098594884813e-02
1.342641486642078517e-02
1.329454656222809998e-02
1.315965786566274977e-02
1.302203659396505668e-02
1.288196594545721295e-02
1.273972390826904819e-02
1.259558271961971725e-02
1.244980837659818290e-02
1.230266019350909762e-02
1.215515387031847888e-02
1.201517184397904447e-02
1.196808587936730797e-02
1.192067057918581689e-02
1.187294807205198192e-02
1.182494008764030380e-02
1.177666794801428447e-02
1.172815255915868153e-02
1.167941440459369443e-02
1.163047353928758389e-02
