1.139803081005578284e-01
1.135753740470359929e-01
1.142968258365271439e-01
1.143217800000078943e-01
1.155477834474817611e-01
1.179189452589268633e-01
1.219506594472409694e-01
1.463979211923945589e-01
1.959500171551550041e-01
1.845014093056153437e-01
1.799701471208971781e-01
2.599320654125187313e-01
2.289195941751953345e-01
2.327400045408819507e-01
2.855254952988940942e-01
2.858938955480815891e-01
3.450302619329771447e-01
2.782565484722113736e-01
2.895597957603460726e-01
3.593538938516431247e-01
3.621469578566859915e-01
3.156690282470681619e-01
4.017248179728144519e-01
3.997481767190295132e-01
4.619675577273871236e-01
5.165444937455279106e-01
5.910959944061547899e-01
5.436938365348086277e-01
4.359317392542254588e-01
3.779586725701382099e-01
3.422416345364724388e-01
3.470484819132285681e-01
3.440546186414292218e-01
3.030551780532609873e-01
2.672313031670773276e-01
2.684933228139357309e-01
2.964743073244183735e-01
3.069757120179565923e-01
2.758300217261971388e-01
2.697316733847203718e-01
2.881659169761345285e-01
3.040019430574032455e-01
3.393516795971478484e-01
3.094822637192543024e-01
3.255075276787688932e-01
3.575025640524555071e-01
3.580409106958220011e-01
3.559002654299179280e-01
3.324472454120127041e-01
3.311285870566465506e-01
3.363267057563638640e-01
3.489234218384811292e-01
4.088188693714113198e-01
4.781808774677001050e-01
5.473911822275286942e-01
4.694682399225276193e-01
4.402867420178959157e-01
4.672411933707424914e-01
5.055134472598459272e-01
4.925370047213165625e-01
4.162426219543227113e-01
4.515929322138809709e-01
4.830053956374459889e-01
4.952970155015353204e-01
5.518626249211001644e-01
6.205790404789395254e-01
6.453788543411076439e-01
6.144552107325780277e-01
6.579954357628466921e-01
6.598071157387339625e-01
6.497167115208791754e-01
6.123014184721096154e-01
6.965843701610702210e-01
6.926238603607749456e-01
6.753062377466838573e-01
7.794208564120124194e-01
8.573878237789546164e-01
8.703354516477251890e-01
7.992358357431579297e-01
8.122382639525476122e-01
8.452293818537245373e-01
8.388259857527338159e-01
7.988189951868953642e-01
7.364607374158588238e-01
6.846925991364410935e-01
6.320976656728235499e-01
5.903543544792904108e-01
5.590994388714899399e-01
5.349049517783306396e-01
5.230457868197354587e-01
5.083580300055959844e-01
4.921150597671836713e-01
4.865278877437898553e-01
4.740489825767802423e-01
4.517027424915880385e-01
4.190008418760858833e-01
3.773321758677110060e-01
3.691620594214125584e-01
3.682702164370968423e-01
3.634837258050284126e-01
3.560020655256120325e-01
3.462142087602138041e-01
3.344032883216818131e-01
3.205774834642609039e-01
3.048429892062030633e-01
2.920843941231722196e-01
2.840049683594859653e-01
2.736153281480622756e-01
2.607868035370132787e-01
2.457146645715284072e-01
2.284795505657685188e-01
2.094804213544562144e-01
1.948592425745073464e-01
1.849207917418720648e-01
1.898007767348340036e-01
2.143142593748836033e-01
2.362439113699735249e-01
2.489328172328119648e-01
2.499163404057609394e-01
2.398412941002429910e-01
2.239336751321887031e-01
2.098471133854558635e-01
1.890215316967039094e-01
1.812815436289867688e-01
1.765143648555015654e-01
1.716308494632674819e-01
1.696375757272711171e-01
1.676508293889363843e-01
1.655802932969118180e-01
1.630874181967826020e-01
1.622699472807825061e-01
1.609642079957425975e-01
1.577541762963464433e-01
1.522797848197796622e-01
1.591807533846471001e-01
1.691683436301925636e-01
1.732841348259279712e-01
1.696958863130148543e-01
1.592107650665498808e-01
1.505063326837732807e-01
1.412988096294677254e-01
1.367845934927428009e-01
1.338151591340844548e-01
1.308696434908716011e-01
1.263075291436271119e-01
1.191188088601293077e-01
1.096304742322837811e-01
9.936153971365074833e-02
9.063841908679415305e-02
8.566487181340920465e-02
8.288710528564866009e-02
8.248402840934468405e-02
8.346320192654239911e-02
8.410602996414424937e-02
8.292143611129484948e-02
7.905909990924561703e-02
7.781693561335822906e-02
8.152618777384096349e-02
8.357687137824901247e-02
8.369276835698838402e-02
8.202003282724686095e-02
7.995030313884886330e-02
8.125310824820933253e-02
8.110111526995601727e-02
7.971969253510158282e-02
7.728435529329262532e-02
7.400668652769397393e-02
7.007998038185031531e-02
6.571106667124457235e-02
6.717936111494235418e-02
6.806737489521344497e-02
6.755409111803577227e-02
6.580815198783301900e-02
6.312243804662887037e-02
5.989166171015290752e-02
5.663355059253485230e-02
5.381713907440388578e-02
5.226530329121343438e-02
5.249072083601616368e-02
5.252687474529777606e-02
5.232832343908337680e-02
5.368285926079551656e-02
5.480609826852779476e-02
5.520041212038621220e-02
5.446389207631439910e-02
5.364941378316206294e-02
5.572727268532414596e-02
5.658973913181378906e-02
5.614400405861164067e-02
5.559699213714714566e-02
5.406890565705229496e-02
5.141827679294004583e-02
4.826646312135556699e-02
4.811060392701786703e-02
4.769658122715340204e-02
4.700044461812497715e-02
4.602969950730454590e-02
4.485344832163729034e-02
4.344196710686959451e-02
4.185027155760882162e-02
4.077823822365544970e-02
4.074889689398322051e-02
4.052689779778886198e-02
4.016455760780301282e-02
3.964765478175537317e-02
3.899960117514394975e-02
3.823918285076238072e-02
3.735889822517086956e-02
3.710729024862405995e-02
3.715141884430163410e-02
3.666558859208868953e-02
3.582127929887656687e-02
3.608372848783081288e-02
3.594215006376600546e-02
3.541805896114522817e-02
3.475931601893537948e-02
3.477891704919371801e-02
3.435620093021574117e-02
3.352421494320267925e-02
3.232991414440963829e-02
3.083100336238373679e-02
2.994030778008571758e-02
2.971287533084123952e-02
2.935920347148549686e-02
2.893249406725464934e-02
2.842782331596893294e-02
2.788614601865024162e-02
2.731919658439510221e-02
2.674073679305618775e-02
2.617667568119195001e-02
2.563960618901687735e-02
2.513511727031486967e-02
2.467277976025247441e-02
2.425908836951513881e-02
2.389762347856526706e-02
2.358969031570701605e-02
2.333796407785133573e-02
2.313428063968176948e-02
2.297366402533002408e-02
2.284975270691278273e-02
2.275515811830223709e-02
2.268181138890889431e-02
2.262128951172205638e-02
2.256696727194713523e-02
2.251672271224338176e-02
2.245553820209308937e-02
2.237615147576625663e-02
2.227205967907379056e-02
2.215063750119231761e-02
2.199466294859573137e-02
2.180032936403283883e-02
2.157722266736274500e-02
2.131319211237186345e-02
2.100981101991078459e-02
2.067259042253762752e-02
2.029534325348096233e-02
2.004911045570136052e-02
2.009459602834620662e-02
1.994207473908581052e-02
1.960876783140096460e-02
1.909758108245182204e-02
1.841704895790321692e-02
1.759704216253670656e-02
1.746194556262190695e-02
1.763298774104518629e-02
1.763644538800500025e-02
1.747804288205362724e-02
1.716430660816924483e-02
1.718897192805455415e-02
1.728587806788167355e-02
1.734989680731228653e-02
1.737321006710072779e-02
1.736274824883690671e-02
1.732056142702800144e-02
1.724696191500974321e-02
1.714868761713720866e-02
1.702472298088986841e-02
1.688039281156341817e-02
1.679626839669027052e-02
1.674174181627364685e-02
1.666874117138516034e-02
1.657499836487115116e-02
1.646540433678394741e-02
1.634132263401700050e-02
1.620085656201755014e-02
1.605042250944015841e-02
1.589199177958896744e-02
1.572343801009389030e-02
1.554670674671231913e-02
1.536407224233572733e-02
1.518229644587339340e-02
1.499669637280302316e-02
1.480852578875178557e-02
1.461886508149498436e-02
1.442862814786189003e-02
1.423857135059290735e-02
1.405020109242464260e-02
1.386627935159494285e-02
1.368371786113869483e-02
1.350278044438300504e-02
1.332363445851184047e-02
1.314636438228065918e-02
1.297098519808467104e-02
1.279745535005094755e-02
1.262568909385376921e-02
1.245556808665382147e-02
1.228695209563228710e-02
1.211968873448128654e-02
1.195514810839323760e-02
1.179242333466766490e-02
1.170257063255463609e-02
1.161308467391039718e-02
1.148809921669944993e-02
1.132682126606951271e-02
1.113100866523783310e-02
1.090435459132520213e-02
1.092703207011226814e-02
1.108552738517418895e-02
1.131143237038763696e-02
1.154493885405726700e-02
1.175954967822387745e-02
1.195189802038055561e-02
1.211991044083604585e-02
1.226294053899376971e-02
1.238415208348888318e-02
1.248221898791469602e-02
1.255498553532449248e-02
1.260278441509058399e-02
1.263072559150170415e-02
1.263642183193765950e-02
1.261934761779465522e-02
1.258061276322444168e-02
1.252491078030483485e-02
1.245220119251269283e-02
1.236174661441204192e-02
1.225509622679198281e-02
1.213385464997554855e-02
1.200252709133609041e-02
1.186134041292700655e-02
1.171018003997578369e-02
1.155063653348345834e-02
1.138425005097109047e-02
1.121249396891313595e-02
1.103676083107667412e-02
1.085995767700907548e-02
1.068263716066199069e-02
1.050467893048363799e-02
1.032707293254984081e-02
1.015069485262699508e-02
9.976305641895426984e-03
9.804552957515364972e-03
9.635974325649530187e-03
9.471001813877983830e-03
9.309967992449466948e-03
9.153112956411687401e-03
9.000592183932098686e-03
8.852485007562107405e-03
8.708803487278827735e-03
8.569501485197269716e-03
8.434483756977653734e-03
8.303614892681360216e-03
8.176727960185000907e-03
8.053632721983694856e-03
7.934123319197879456e-03
7.817985335717278148e-03
7.705002176912099411e-03
7.594960715507659624e-03
7.487656176801195732e-03
7.382896252285625453e-03
7.280504445163694244e-03
7.180322666988641668e-03
7.082213114877160265e-03
6.986059470254620159e-03
6.891767467834650392e-03
6.799264890897206877e-03
6.708501052867568357e-03
6.619445829054785603e-03
6.532088304510288643e-03
6.446435103963681773e-03
6.362508467910030392e-03
6.280344139933610043e-03
6.199989123456251666e-03
6.121499365874876267e-03
6.044937421951032501e-03
5.970370143589883057e-03
5.903991973413541539e-03
5.866100663013596242e-03
5.828716468067251036e-03
5.791844116268452317e-03
5.755487459045131003e-03
5.719649494541128795e-03
5.684332392362228051e-03
5.649537519455760139e-03
5.615265467339982178e-03
5.581516080143369279e-03
5.548288483627424744e-03
5.515581114638875085e-03
5.483391751250058475e-03
5.451717543089901197e-03
5.420555041969354719e-03
