1.557147393067657148e-01
1.552979665499636397e-01
1.545141252809353605e-01
1.564238317289750602e-01
1.572036208635722854e-01
1.595214473458380633e-01
1.619816667772517038e-01
1.789459545657480777e-01
1.626325642718852715e-01
1.634118158563274414e-01
1.947566064807372266e-01
2.302480771294546369e-01
2.690895516636981899e-01
3.816387665816829977e-01
3.347329149440613771e-01
3.656225659715784948e-01
4.337812806670537369e-01
3.991479160556156702e-01
3.379805598324437943e-01
3.630030895758712406e-01
4.443586274664168001e-01
4.343239043905577357e-01
4.694784081727017000e-01
7.237977955234202732e-01
7.604899839859231570e-01
5.409722785306075865e-01
5.465202033257806624e-01
4.909783769278635024e-01
4.471003863449494742e-01
3.787264705866284498e-01
3.570399157102236987e-01
3.001034969372780581e-01
2.977429920033168864e-01
3.627909794081546901e-01
2.910091439363446386e-01
2.870382616492203054e-01
3.038157977776139718e-01
2.766040518575594853e-01
2.587583803670524540e-01
2.785662644702205371e-01
3.155544758849254117e-01
3.365331044334984867e-01
3.098562358144212325e-01
2.911420664943613623e-01
3.204274967819515929e-01
3.123838078647108718e-01
3.522155881115752174e-01
3.916351377628552455e-01
4.004762330577016360e-01
4.244039415661006731e-01
4.984246790840416441e-01
5.012106735871196816e-01
5.158627961727352274e-01
4.616779595941571945e-01
4.347321181370512599e-01
5.128855026134494510e-01
4.839596221763743933e-01
4.750811320051923636e-01
4.866258102576042632e-01
5.179456677705653878e-01
5.432230491299254727e-01
4.715528817082519919e-01
4.978233128905663607e-01
5.308717115946960385e-01
5.779753785173983305e-01
6.266146371655504366e-01
6.629133206075358276e-01
6.801875551128546693e-01
6.796978611445620988e-01
7.740182598781966128e-01
8.246843879024806645e-01
8.108801215186380862e-01
8.077905637246636239e-01
7.424624734254713365e-01
6.310266533000938871e-01
7.128698260589312330e-01
7.959152591636842189e-01
8.407661949423254066e-01
8.827380643336542043e-01
9.041249744908208541e-01
8.751214210841740115e-01
7.742952288350373191e-01
6.134361131630478026e-01
4.903054651573118816e-01
4.666513503053957290e-01
4.478215243231179477e-01
4.606102076076761809e-01
4.607037277895966176e-01
4.493959652938395721e-01
4.286284849114359585e-01
4.012539730280913486e-01
3.737037098047830130e-01
3.595474517730003483e-01
3.736930228397312148e-01
3.706443621877468786e-01
3.538591672446989023e-01
3.284400655888668474e-01
3.001814464648811520e-01
2.774437958267270687e-01
2.553046073382756465e-01
2.651674936606561173e-01
2.690942925021042598e-01
2.667173435456366426e-01
2.581396021425536591e-01
2.523369061526504753e-01
2.424389064889972967e-01
2.407417723219001660e-01
2.396723053205093157e-01
2.317779745482917153e-01
2.197824578172555554e-01
2.067928458818634740e-01
1.960625449820173338e-01
1.912938272239924076e-01
1.878470266517649478e-01
1.843642375776169129e-01
1.791715447183430676e-01
1.707503240634871688e-01
1.666179356405902978e-01
1.615140646298344751e-01
1.522021908833719461e-01
1.390154971911102821e-01
1.254467624064088682e-01
1.200184392105871772e-01
1.130933242835697600e-01
1.046149243695991549e-01
1.036377093637395885e-01
1.045355626593476722e-01
1.045903466392830994e-01
1.039250868632344837e-01
1.024708166028143463e-01
1.005257830828670540e-01
9.790665988373090101e-02
9.490068062318114672e-02
9.134228910761846287e-02
8.753254986461951603e-02
8.332011149646832704e-02
7.886749617515402544e-02
7.425865847338465608e-02
7.040510882222561495e-02
6.942500794503773942e-02
6.983539551139690549e-02
7.069642617244191463e-02
7.077360290674877819e-02
7.014387044667351467e-02
6.881992611043021013e-02
6.904909580034498950e-02
6.969290585485560241e-02
6.971987965351933436e-02
6.916377212389082652e-02
6.820857134090957397e-02
6.681749284105568953e-02
6.519495976698032325e-02
6.331897366055400100e-02
6.135948508927399625e-02
5.932335129062053791e-02
5.771222468414610729e-02
5.637597734287023293e-02
5.479205357351110001e-02
5.298229211773194947e-02
5.100253790358631051e-02
4.892863159047938088e-02
4.754657960074606948e-02
4.788102580850633894e-02
4.802456274579165740e-02
4.791538879476452822e-02
4.757951915024451889e-02
4.708664223558828299e-02
4.640036357281483725e-02
4.555363606506269286e-02
4.460695908839743679e-02
4.360220281798135589e-02
4.255747085919099615e-02
4.151886076933195696e-02
4.052980544015265252e-02
3.962838859269759983e-02
3.884502780420830137e-02
3.820071902306054062e-02
3.770596666013801418e-02
3.736045132316199308e-02
3.715342022785898118e-02
3.706472852746541674e-02
3.706804384802237645e-02
3.714308526978143260e-02
3.724189438617926673e-02
3.732575912496399057e-02
3.735651481442707478e-02
3.729859931399670536e-02
3.712082939712446628e-02
3.682370497644840701e-02
3.638065419703983422e-02
3.576289007242595963e-02
3.496575782821043088e-02
3.401452621945685872e-02
3.291487316085569409e-02
3.166069412402989364e-02
3.027262213823143921e-02
2.877629762717313910e-02
2.764855488380338344e-02
2.813757059748267161e-02
2.846551624000615704e-02
2.865396314108939815e-02
2.868731245251339088e-02
2.855584339605507505e-02
2.829575306728072254e-02
2.789642285162229410e-02
2.736129595938095391e-02
2.672433758791259439e-02
2.599655264575192679e-02
2.518210468860150944e-02
2.430066005467399620e-02
2.337442995867799328e-02
2.243386242772158617e-02
2.148061829860836366e-02
2.053244086625266238e-02
1.960561658885779171e-02
1.871470912617915691e-02
1.787236685372447023e-02
1.777943033375115403e-02
1.782629299673137505e-02
1.785304805047495738e-02
1.785598841051577387e-02
1.783316186924929075e-02
1.778574515655513555e-02
1.771501412386228963e-02
1.762232241811389002e-02
1.750908151698222018e-02
1.737674221286309925e-02
1.723424910783897396e-02
1.707705418851061460e-02
1.690477266244103452e-02
1.671884679743778149e-02
1.652069247139757724e-02
1.631168940482775540e-02
1.609317279665559500e-02
1.586642629846604646e-02
1.563267625428622909e-02
1.539308712633262813e-02
1.523937839874219685e-02
1.546122166561672909e-02
1.566958276670533945e-02
1.586076909647911315e-02
1.603165533267976103e-02
1.618393039543477782e-02
1.631353349578699291e-02
1.641717344540183365e-02
1.649368368250701128e-02
1.654233424801725139e-02
1.656279351446877587e-02
1.655508847236912204e-02
1.651956454968054114e-02
1.645684579935818154e-02
1.636779615074567332e-02
1.626180606569370760e-02
1.613161420040080951e-02
1.597850507120706851e-02
1.580391127637097853e-02
1.560934903019670257e-02
1.539639333138109224e-02
1.516665586294230726e-02
1.492176556159635278e-02
1.466335174893103332e-02
1.439369609740728979e-02
1.411853461957109264e-02
1.383415811041976626e-02
1.354207339595005048e-02
1.324373892080844828e-02
1.294055929449357614e-02
1.263388113070461512e-02
1.232498999724306391e-02
1.201510830717181059e-02
1.170539399304052104e-02
1.139693982411628219e-02
1.109077323931799766e-02
1.080255087361505287e-02
1.063620313027039722e-02
1.046713910355685957e-02
1.029577321628741271e-02
1.012250422916359006e-02
9.947716001016869425e-03
9.771778211020896998e-03
9.595047027587193592e-03
9.417865711745118662e-03
9.269928931525305005e-03
9.185548604861643388e-03
9.102224442438097349e-03
9.019911992696102651e-03
8.938568870066134625e-03
8.858154800150555216e-03
8.778631649638541160e-03
8.699963441975509804e-03
8.622116359966609453e-03
8.545058736593794113e-03
8.468761035169773341e-03
8.393195819857776283e-03
8.318337717412140411e-03
8.244163371593700787e-03
8.170651390549229370e-03
8.097782288468212408e-03
8.025538422301806835e-03
7.953903923878588231e-03
7.882864628971241253e-03
7.812408002914150544e-03
7.742523064406752788e-03
7.673200307343999022e-03
7.604431621604831014e-03
7.536210213167446152e-03
7.468530523939895943e-03
7.401388151843448469e-03
7.334779771324667803e-03
7.268703054889800660e-03
7.203156595793094169e-03
7.138139832028208426e-03
7.073652972212140372e-03
7.009696923176352359e-03
6.946273219799595396e-03
6.883383956856261622e-03
6.821031723397460826e-03
6.759219539512507924e-03
6.697950795659515094e-03
6.637229194561026710e-03
6.577058695819142098e-03
6.517443463173263132e-03
6.458387814595305601e-03
6.399896174928477489e-03
6.341973031366646141e-03
6.284622891627095198e-03
6.234243761482381047e-03
6.203775014041309696e-03
6.173621732084314841e-03
6.143773171409014529e-03
6.114218942649182059e-03
6.084949008107326529e-03
6.089258698983362680e-03
6.100996994055853280e-03
6.110191509435644770e-03
6.116768562371303897e-03
6.120671401374907540e-03
6.121859546509574035e-03
6.120308082761958396e-03
6.116006913041865424e-03
6.108959977793339095e-03
6.099184447558012034e-03
6.086709894598489948e-03
6.071577449884240849e-03
6.053838950578123781e-03
6.033556084086753001e-03
6.010799533053630579e-03
5.985648126377340547e-03
5.958188000461047545e-03
5.928511774564305947e-03
5.896717744213810473e-03
5.862909095465711207e-03
5.827193143533345408e-03
5.789680597754566505e-03
5.750484855525258426e-03
5.709721326987700872e-03
5.667506792210173436e-03
5.623958791683085490e-03
5.579195051892595590e-03
5.533332946095512010e-03
5.486488990802051817e-03
5.438778378862248013e-03
5.390314548040767498e-03
5.341208786154361295e-03
5.291569871280247042e-03
5.241503747291531394e-03
5.191113233457829261e-03
5.161317521400500367e-03
5.138217130099567015e-03
5.115222870566601444e-03
5.092333688941430049e-03
5.069548635290206835e-03
5.046866858573959870e-03
5.024287601631871603e-03
5.001810196382152490e-03
4.979434059113945973e-03
4.957158685965122082e-03
4.934983648461107285e-03
4.912908589239760836e-03
4.890933217871488298e-03
4.869057306891607165e-03
4.847280687824272183e-03
4.825603247470318900e-03
4.804024924240528349e-03
4.782545704659697805e-03
4.761165619935501733e-03
4.739884742733526356e-03
4.718703183976201768e-03
4.697621089866424113e-03
4.676638638904532033e-03
4.655756039139981664e-03
4.634973525406580787e-03
4.614291356837424592e-03
4.593709814281765787e-03
4.573229197975777101e-03
4.552849825272480000e-03
4.532572028467830860e-03
4.512396152687340317e-03
4.492322553932833612e-03
4.472351597167445979e-03
