1.599656141228688044e-01
1.595284134917068775e-01
1.646392652335517404e-01
1.640166552532398292e-01
1.648828168797830673e-01
1.709571416667441668e-01
2.010783025162397042e-01
2.156199368265873106e-01
2.933960470989867009e-01
2.743954586116864047e-01
2.829599475738085457e-01
2.805113308545549855e-01
3.442349305417317651e-01
3.859143582642256542e-01
3.381051393729802568e-01
4.156495930389173532e-01
4.366918229314123434e-01
4.625278269125026043e-01
6.298643874342249038e-01
5.563733953509731878e-01
4.577140701108106113e-01
4.347357334225025460e-01
3.481840722328398141e-01
3.998932036492825470e-01
4.072973555750404873e-01
4.378126334294273891e-01
4.351760071659652729e-01
4.010575170346616369e-01
4.549057450785780055e-01
4.369793077095799894e-01
5.911860800190402720e-01
5.281675583628812065e-01
4.909429441616122158e-01
4.783979056489019999e-01
4.836814053846209549e-01
5.182992205951262310e-01
5.654750955101662813e-01
5.659110557654054574e-01
5.170127569128817324e-01
4.846870708412134854e-01
5.731633031509887344e-01
6.997778777701835207e-01
6.935712325734972872e-01
6.356510754457042056e-01
7.418491122147754524e-01
8.815603451769088439e-01
1.050096391116775996e+00
1.103049177531341796e+00
9.991219102904148608e-01
1.064907851761270674e+00
1.039277196931517100e+00
1.036945563456187047e+00
1.264068185752942775e+00
1.286634411317379323e+00
1.419169371896161547e+00
1.471160068280994659e+00
1.627662885468796672e+00
1.515107578128504606e+00
1.388601835924836880e+00
1.310771396785009424e+00
1.063605917661320399e+00
8.850916141325575470e-01
7.284380932235700046e-01
7.115131754889670868e-01
6.857669560134008746e-01
6.331965135874468853e-01
5.924423100164938338e-01
5.594800627154964401e-01
5.242927681284763608e-01
4.928539098378079686e-01
4.678530528768644614e-01
4.519058760750547243e-01
4.362075602265286789e-01
4.116762126664578747e-01
3.796709765691999028e-01
3.529113904920025968e-01
3.211142758590891377e-01
2.902805974931552124e-01
2.800311119834572593e-01
2.779104996234658675e-01
2.762511159135295769e-01
2.698145429349043667e-01
2.523360468432934711e-01
2.464521202509525610e-01
2.454807018773846883e-01
2.407129789829526023e-01
2.321430012178667124e-01
2.206795439635842182e-01
2.117712397417271519e-01
2.077635300701317078e-01
2.027738506736821988e-01
1.970348806733305813e-01
1.908106920814828245e-01
1.845183967635022626e-01
1.776704410651088195e-01
1.706904649914392225e-01
1.629057967670733131e-01
1.545248663656630383e-01
1.453309937945299335e-01
1.354296784883814442e-01
1.291442732593244269e-01
1.236132299777825821e-01
1.171383421813130959e-01
1.099732820137169498e-01
1.122373243694822220e-01
1.225973972673388424e-01
1.276748037210614639e-01
1.239546852207831507e-01
1.219444249028819593e-01
1.213847802473836945e-01
1.166558089637986934e-01
1.164284335426242351e-01
1.161595561430328605e-01
1.155448012319679890e-01
1.133036350206807485e-01
1.150404861804041334e-01
1.185798311250447351e-01
1.189640736514324393e-01
1.157345952678174167e-01
1.087356472324079587e-01
9.955924999685580867e-02
9.995325084561017259e-02
9.441651187027530479e-02
8.618292025764383302e-02
8.197098389450777067e-02
8.122645166264001737e-02
8.120836027137585955e-02
8.052095347843772621e-02
7.932737895885051682e-02
7.750174913417942624e-02
7.524215684117635528e-02
7.247991964452557556e-02
7.274644640706139087e-02
7.278969897611282935e-02
6.992304727311836332e-02
6.423351415602668313e-02
6.177324244822336025e-02
6.146062839674436284e-02
6.087531490204884516e-02
6.000984617599328802e-02
5.886862032841445186e-02
5.762151016954129151e-02
5.707105155212954112e-02
5.536525966260271575e-02
5.262233971911015745e-02
5.008448363378179002e-02
4.785376954809821698e-02
4.555902894996417818e-02
4.906136660035420594e-02
5.146566565060867182e-02
5.222693550260324585e-02
5.142697584387896648e-02
4.932654747409328383e-02
4.658721419261543234e-02
4.346901576629934316e-02
4.033077084115599398e-02
3.867352479861132369e-02
3.744795972452144572e-02
3.663790550153060710e-02
3.653713473310361143e-02
3.721762949013685678e-02
3.855440531993074849e-02
4.025797072885628491e-02
4.194856088394454535e-02
4.329211259234197473e-02
4.398648185657481197e-02
4.386744766180906974e-02
4.281385629965134276e-02
4.087126695878522120e-02
3.820237802242292674e-02
3.494228497801359079e-02
3.448192315899648031e-02
3.517117397363508924e-02
3.534710925323713421e-02
3.505695312723013102e-02
3.438741644032953376e-02
3.336230946335860814e-02
3.207740701422318735e-02
3.066913828078307938e-02
2.919698793670625833e-02
2.774975453977629805e-02
2.640803194071192697e-02
2.523532107684127446e-02
2.427584088272308552e-02
2.355396303466005328e-02
2.307506026770541827e-02
2.282749418425348772e-02
2.279579729481284386e-02
2.293310641872129199e-02
2.319022583040513535e-02
2.351889943605955588e-02
2.387084563826764178e-02
2.420059126321850301e-02
2.447522384245687938e-02
2.466674217602938049e-02
2.473960896448163665e-02
2.467551761719129905e-02
2.446457071541905531e-02
2.410490140449059529e-02
2.360663437112271029e-02
2.299726930074431214e-02
2.227032924209162643e-02
2.144576156679198903e-02
2.054615444029956120e-02
1.959547742269801551e-02
1.861791821794651566e-02
1.763685689887713182e-02
1.667400567286020374e-02
1.588706638283130315e-02
1.586705709596696393e-02
1.579772650064787190e-02
1.568282841436917721e-02
1.552661590755772397e-02
1.533369758658627117e-02
1.510890437990627944e-02
1.485716837699607371e-02
1.458341475397760025e-02
1.429554626862717531e-02
1.399899609664499722e-02
1.369333163124855125e-02
1.338267334525975946e-02
1.307081050474540214e-02
1.276116949062450212e-02
1.245679294833819915e-02
1.216032873218034042e-02
1.187402755457623964e-02
1.159974822696978151e-02
1.133896938317334804e-02
1.122396044001548569e-02
1.131535582695457169e-02
1.139564933334480216e-02
1.146348111036032957e-02
1.151828306235641586e-02
1.156017619530474473e-02
1.158985959036900638e-02
1.160849581511359981e-02
1.161759698340880664e-02
1.161891502868163395e-02
1.161433909071421522e-02
1.160580226132663061e-02
1.159519930869047297e-02
1.158431641948183023e-02
1.157477347592697492e-02
1.156797892647963046e-02
1.156509691891451780e-02
1.156702604687837553e-02
1.157438880885836886e-02
1.158753069424445399e-02
1.160652768549169135e-02
1.163120089497306740e-02
1.166113703243198442e-02
1.169571341659187552e-02
1.173412629601918583e-02
1.177542132306875003e-02
1.181852512382746724e-02
1.186227701957941714e-02
1.190546007760295150e-02
1.194683079618890677e-02
1.198514685324349703e-02
1.201919247308501706e-02
1.204780108089656410e-02
1.206987502331969067e-02
1.208440223279564664e-02
1.209046980050407748e-02
1.208727449880513463e-02
1.207413035898267581e-02
1.205047346311556231e-02
1.201586415078962841e-02
1.196998687280280242e-02
1.191264794555849625e-02
1.184377147397787378e-02
1.176339371459880594e-02
1.167165615038045015e-02
1.157191183895427307e-02
1.146239144713701377e-02
1.134236734056687582e-02
1.121229822157843170e-02
1.107270457896895703e-02
1.092415909014668278e-02
1.076727720176454649e-02
1.060270802247771302e-02
1.043112563925891606e-02
1.025322094741281526e-02
1.006969406394343965e-02
9.881247375479334377e-03
9.688579253896495089e-03
9.492378458210569414e-03
9.293319225749347573e-03
9.092057044831928711e-03
8.889225090010277608e-03
8.685431292132677825e-03
8.481256009297929999e-03
8.277250257675469389e-03
8.073934458624056759e-03
7.871797655063433874e-03
7.671297148333556040e-03
7.472858506609965541e-03
7.276875896041147020e-03
7.083712687567522703e-03
6.893702292665390002e-03
6.809878278412245627e-03
6.725960081980687441e-03
6.638106932585543032e-03
6.546584680926836874e-03
6.451653218681126928e-03
6.353565957095148181e-03
6.317951858624710863e-03
6.338500966750796987e-03
6.353530488173679894e-03
6.363123068860766091e-03
6.367369149074507406e-03
6.366366008547586289e-03
6.360216933246565230e-03
6.349030496846772356e-03
6.332919947337299973e-03
6.312002690740226019e-03
6.286399861590473252e-03
6.257280475673381373e-03
6.224900539610405195e-03
6.188171597840170721e-03
6.147224041066308084e-03
6.102190987352535193e-03
6.053208167630603868e-03
6.000413835289191561e-03
5.943948693018361561e-03
5.883955829900157017e-03
5.843820730551366367e-03
5.811809369995985484e-03
5.777267943171255499e-03
5.740255474269454102e-03
5.700832373228915950e-03
5.659060543069340844e-03
5.615003476241911713e-03
5.568726337749399166e-03
5.520296033998050959e-03
5.469781265955912623e-03
5.417252565978829780e-03
5.362782317723612142e-03
5.306444758843044396e-03
5.248315966554455321e-03
5.188473826044128802e-03
5.127405622872788747e-03
5.065500893909419267e-03
5.002083149038068395e-03
4.937236402762295966e-03
4.871046146603088579e-03
4.803599229492630171e-03
4.734983726669412911e-03
4.665288797649054520e-03
4.594604535307782005e-03
4.523021806210087738e-03
4.450632084459129299e-03
4.404661368976319803e-03
4.409461881807207051e-03
4.408176053474648082e-03
4.400865993540874037e-03
4.388154127406672898e-03
4.370617861859302060e-03
4.347380995839871150e-03
4.318602557695185550e-03
4.284463992377828857e-03
4.245167523339776240e-03
4.204616636847412908e-03
4.181548806802558131e-03
4.155243005449397314e-03
4.161084745823684719e-03
4.203479420122404296e-03
4.245123203151792216e-03
4.285894988965532892e-03
4.325679169710364494e-03
4.364365795062546440e-03
4.401850710696324394e-03
4.438035674861973492e-03
4.472828453891280337e-03
4.506142896560129396e-03
4.537898987454002525e-03
4.568022880647094885e-03
4.596446913246047053e-03
4.623109599709959890e-03
4.647955608203883579e-03
4.670935718622809887e-03
4.692006764158412196e-03
4.711131556458849831e-03
4.728278795472600805e-03
4.743422965174400215e-03
4.756544215500942314e-03
4.767628232041392494e-03
4.776666093792949694e-03
4.783654120542621055e-03
4.788593710353294258e-03
4.791491168448373458e-03
4.792357528090829440e-03
4.791208364638433088e-03
4.788063603636135389e-03
4.782947323738401604e-03
4.775887555347725633e-03
4.766916075962085095e-03
4.756068202829672777e-03
4.743382583786977073e-03
4.728900987058156855e-03
