1.466129279224120119e-01
1.468307045096131636e-01
1.506597684534743686e-01
1.523110361429383941e-01
1.541720714467845199e-01
1.613135156782247448e-01
1.673393231096201583e-01
1.855733310707082806e-01
2.819780632246079999e-01
2.023225752383828457e-01
2.323427972598734736e-01
3.453670921422259399e-01
3.969951789426181543e-01
3.682730380420652927e-01
3.572431614885137052e-01
4.336507236152710165e-01
4.132510095725098198e-01
4.721210447752822170e-01
4.529511771791657204e-01
5.590082352686247535e-01
7.857153383736471541e-01
7.489981323215072484e-01
6.137769249853683995e-01
5.612892398090802981e-01
4.176750652924154927e-01
3.717782622728981745e-01
3.460204307623576114e-01
3.527664373382161656e-01
3.040167480708627079e-01
3.137974948887203297e-01
3.134592368341358459e-01
3.190928781278767890e-01
3.395711422357993170e-01
3.934666231009065762e-01
3.819133070536020469e-01
4.026788954115700370e-01
3.880810486470392950e-01
3.557815104215900637e-01
3.762837930978041867e-01
3.985878071009970047e-01
4.268299225771842731e-01
4.025855535848436584e-01
3.807470636693547905e-01
4.933708469676477137e-01
5.379921895322964387e-01
5.291994524742502648e-01
6.088502058654556848e-01
5.872894991743783377e-01
5.512260129915862450e-01
5.884063243170372104e-01
6.039939366297945034e-01
6.152265744070745113e-01
6.174829881331257431e-01
6.626341123172839742e-01
7.490829106542202798e-01
8.514743445473972328e-01
8.543932810736292183e-01
7.555109158941283320e-01
7.113068812799436813e-01
8.443543222933578285e-01
9.689924918386734198e-01
1.070486012813529841e+00
1.051648548066788091e+00
1.134487808940377374e+00
1.115579323822687430e+00
9.843692248936753986e-01
8.605997491278576383e-01
7.924035540658471710e-01
7.550690881957252687e-01
7.194552366407855892e-01
6.850285982532191564e-01
6.513993182171046170e-01
6.194361771261936989e-01
6.045873973321613803e-01
6.041005497048612671e-01
6.074795761083323642e-01
5.850665415062508146e-01
5.631481752096253457e-01
5.214679495643081975e-01
4.900631235533889907e-01
4.574820243542350173e-01
4.279304998802885840e-01
3.943630018196448983e-01
3.598522531571853311e-01
3.264969404863539149e-01
3.121963784334811920e-01
3.278911087092357124e-01
3.225641701390066229e-01
3.041135095716782089e-01
2.883328085959536158e-01
2.705597437996530297e-01
2.639648317789980436e-01
2.467685668809442290e-01
2.240343294040663125e-01
2.287272132531482927e-01
2.306978282816986581e-01
2.294407700167315767e-01
2.247844068059932920e-01
2.167995833106784176e-01
2.058447008336484474e-01
1.965151704947203648e-01
1.906196321376187608e-01
1.821944792333878016e-01
1.716381300198675242e-01
1.593368761460518535e-01
1.456083416427320087e-01
1.396220729495342427e-01
1.487770600053201220e-01
1.631860955366282451e-01
1.697381298605828426e-01
1.707640734661033666e-01
1.738304201130147220e-01
1.710773067098250166e-01
1.649362479304386786e-01
1.566275182147136846e-01
1.466313664268414363e-01
1.394471703312479272e-01
1.288411917823855390e-01
1.264905980611967518e-01
1.259483325930668973e-01
1.225660656713348368e-01
1.161052842143565494e-01
1.065312345251304554e-01
9.578732393385014365e-02
9.450687382774654310e-02
9.646902194349393778e-02
9.804541602077872231e-02
9.754462091209636920e-02
9.514233277131750599e-02
9.107932837968966966e-02
8.571554268757207440e-02
7.946623848065750839e-02
7.279339619004507322e-02
6.602903092014397735e-02
5.956128588400087104e-02
5.440870371721204940e-02
5.463685420001925669e-02
5.671513492146935953e-02
5.979601152622803645e-02
6.268934810556200943e-02
6.494933120031681772e-02
6.736318259736021052e-02
6.962248475285376381e-02
7.163655551352121620e-02
7.413802842204519905e-02
7.513846034180050870e-02
7.651875132591887119e-02
7.711210196058757016e-02
7.555460579326610249e-02
7.168681110582682259e-02
6.565919532482621113e-02
6.274908728491619681e-02
6.255823190113485310e-02
6.260493723069202043e-02
6.367298074456145818e-02
6.388278307963289604e-02
6.315003221808013212e-02
6.139736151865692743e-02
5.863490414565471209e-02
5.494995505927818824e-02
5.063874007256826543e-02
5.004904876134768504e-02
4.855138178717749442e-02
4.621812962138755615e-02
4.325496172200522793e-02
3.994920363434327493e-02
3.874418856536085420e-02
3.869943717417721057e-02
3.839203692047252897e-02
3.782584503911234214e-02
3.701394801959175668e-02
3.621528216936584915e-02
3.617953456492965791e-02
3.592109941743412693e-02
3.542231606804952665e-02
3.472055698258492973e-02
3.386971870516934657e-02
3.513816342336945758e-02
3.601283090125412256e-02
3.646291608094229253e-02
3.643024428376703816e-02
3.593595960546640267e-02
3.504263338770800817e-02
3.378725478582077224e-02
3.256652352256345778e-02
3.249048439774906982e-02
3.225145318657673260e-02
3.190718252503482733e-02
3.148243869983909093e-02
3.103999285996503904e-02
3.059275570202172820e-02
3.017386067207646419e-02
2.979869697819942029e-02
2.945800738155623238e-02
2.916711247158409667e-02
2.889595708742201396e-02
2.863242879434874100e-02
2.836009595269274944e-02
2.804540205032575798e-02
2.768343116537900009e-02
2.723368381127756060e-02
2.670607588897064288e-02
2.606020069600472472e-02
2.532096712551625689e-02
2.446298069212881829e-02
2.349883825448889282e-02
2.245223373382713994e-02
2.208984667296268883e-02
2.210874977189173848e-02
2.201712034073931290e-02
2.182397655752954177e-02
2.155071503989612614e-02
2.123185260293013535e-02
2.083477896760534478e-02
2.035082733390652238e-02
1.980766462221017141e-02
1.920031707831469994e-02
1.855145358047742207e-02
1.788877691477372758e-02
1.721868590498364798e-02
1.667621066687731413e-02
1.670304433367654495e-02
1.668837059705381362e-02
1.663991616172270233e-02
1.655740017628059071e-02
1.643555852143354160e-02
1.627602700048906212e-02
1.608081031787968185e-02
1.585222024707711591e-02
1.559281517627124185e-02
1.530534197785873331e-02
1.499458242832240468e-02
1.467001375645761267e-02
1.432542001292654715e-02
1.396377421032460667e-02
1.404563957746577871e-02
1.429689906148434372e-02
1.455332045893076125e-02
1.480765059997422341e-02
1.505300899140991217e-02
1.527809758555638553e-02
1.547561223278331836e-02
1.563926754478350833e-02
1.576384698040450213e-02
1.585632390163531011e-02
1.590429503887512766e-02
1.590435677842512441e-02
1.585531268137319386e-02
1.576923665010970463e-02
1.563577754013052018e-02
1.545456847116128546e-02
1.523129650612943010e-02
1.497384156420191251e-02
1.503421245378533735e-02
1.521908751013867876e-02
1.534690172218689322e-02
1.540546561959140262e-02
1.539586977521422914e-02
1.532017518159513661e-02
1.518559240508333096e-02
1.500235485090262340e-02
1.476303056945485817e-02
1.447218987010668104e-02
1.427756904586081725e-02
1.406381572131139464e-02
1.383436541157331313e-02
1.358437112987042304e-02
1.331580394252379444e-02
1.303061311024879959e-02
1.273499517915030119e-02
1.242953302067369842e-02
1.211247204164432774e-02
1.178552631657778238e-02
1.145033099547287242e-02
1.110843777382085167e-02
1.076131233798797472e-02
1.041101825705417067e-02
1.006172196087877155e-02
9.860821572515056713e-03
9.948456123391671499e-03
1.002639717989795357e-02
1.009485150782638875e-02
1.015403401349620691e-02
1.020416467795064175e-02
1.024804155782366166e-02
1.028474528604044098e-02
1.031304360380191389e-02
1.033314994614729400e-02
1.034527586904732642e-02
1.034963065600016247e-02
1.034642119444682297e-02
1.033585207291089041e-02
1.031812585215677487e-02
1.029344346812726546e-02
1.026200472760342014e-02
1.022400886182068397e-02
1.017965510763218714e-02
1.013241175532948908e-02
1.007956980257138438e-02
1.002088714389106489e-02
9.956565448972037186e-03
9.886809109893035519e-03
9.811825556475400195e-03
9.731825490237249604e-03
9.647023032695380487e-03
9.557635786920780363e-03
9.463884812406590449e-03
9.365994515980172533e-03
9.264192462140677375e-03
9.158709108160970752e-03
9.049777469501515959e-03
8.937632722999388699e-03
8.823662159631553981e-03
8.708246052574966298e-03
8.590217526406951701e-03
8.469815505699970076e-03
8.347278645277280903e-03
8.222844716791626041e-03
8.096749985547112977e-03
7.969228585370869908e-03
7.840511897339639755e-03
7.710827939411795708e-03
7.580400772256540125e-03
7.449449926010884640e-03
7.318189853656794676e-03
7.186829413638864961e-03
7.055571386326953999e-03
6.924612026441783787e-03
6.833462364758385171e-03
6.856292176468875045e-03
6.871268116371440950e-03
6.876489388440088640e-03
6.871956534720184175e-03
6.857968719493098657e-03
6.834867369633942924e-03
6.803031401806810229e-03
6.762872474940577819e-03
6.714830305136696917e-03
6.659368076828286499e-03
6.596967981686977824e-03
6.528126911818146576e-03
6.453352331933652312e-03
6.373158350561051837e-03
6.288062008037005601e-03
6.198579794468444225e-03
6.105224409703902122e-03
6.008501771650849414e-03
5.908908279592272120e-03
5.806928333251439728e-03
5.703032109221970250e-03
5.597913030245475763e-03
5.492565288390927926e-03
5.386497110747926961e-03
5.280107481659235096e-03
5.173774127486893346e-03
5.067852674784247002e-03
4.962676015366967314e-03
4.880983125628838258e-03
4.869736983963477046e-03
4.857851801844483008e-03
4.845350135338283119e-03
4.832254561474516423e-03
4.818587629954653589e-03
4.804371817416518142e-03
4.789629484401762734e-03
4.774382834943633955e-03
4.758653878682692420e-03
4.742464395752712773e-03
4.725835904139769408e-03
4.708789629607576695e-03
4.691346478053387559e-03
4.673527010475021261e-03
4.655387316183883309e-03
4.637295142338903296e-03
4.618876183212879821e-03
4.600149467241926131e-03
4.581133596524022272e-03
4.561846734098761423e-03
4.542306593132975322e-03
4.522530427938340446e-03
4.502535026698529889e-03
4.482336705799592341e-03
4.461951305931200103e-03
4.441394189325356158e-03
4.420680238765183588e-03
4.399823857479881126e-03
4.378838970546007625e-03
4.357739027322961832e-03
4.336537004847352238e-03
4.315245412304827104e-03
4.293876296340687522e-03
4.272441247101726319e-03
4.250951405030808580e-03
4.229417468520597391e-03
4.207849701815092637e-03
4.186257943700096885e-03
4.164651616496141580e-03
4.143039735603994654e-03
4.121430919261466139e-03
4.099833398584057029e-03
