8.050676839803375673e-01
8.020272846110900744e-01
8.172886872573883466e-01
8.067766909489337834e-01
8.146759397698402072e-01
8.360448822606950658e-01
8.460537309754099233e-01
8.922770067352856493e-01
1.212085040027983007e+00
1.032592977309134463e+00
1.175367542253002773e+00
1.718735249500187745e+00
1.983887512638477180e+00
1.701009660954303948e+00
1.354168855005988714e+00
1.775876516116107418e+00
1.937225580604103214e+00
1.412405860964831561e+00
1.494631477141395104e+00
1.602734033718590689e+00
1.767869350584985400e+00
1.909903169616527174e+00
1.901896404393189188e+00
2.189488126499251397e+00
2.522557652938225647e+00
3.153466649501078134e+00
2.575965786766932109e+00
3.215909256267095007e+00
3.313272720240763469e+00
3.143832959083162848e+00
3.885985866612442496e+00
4.789919972592569408e+00
4.810657620886288122e+00
4.470205283364077076e+00
4.406126935537810319e+00
4.579894098420654203e+00
5.238921206542360487e+00
4.878562054988126562e+00
4.477866206793411408e+00
3.853342757721479828e+00
3.978468079727274453e+00
4.495544544856282521e+00
3.946252268440608724e+00
4.192960974008238750e+00
4.501386042199494675e+00
4.530427850325287054e+00
5.212020283737092363e+00
5.195541388950697836e+00
3.823110326307175288e+00
2.851987752238352325e+00
2.141749352286529184e+00
1.708380443949662153e+00
1.436867862375157845e+00
1.260956243443771774e+00
1.145948820275442648e+00
1.069102718763060844e+00
1.016662887600278120e+00
9.895531376308919214e-01
9.841243477172467724e-01
9.250555294328406397e-01
9.405692445316030659e-01
8.510765519960925563e-01
8.048383597342524398e-01
7.909170350664707083e-01
7.783677095284553538e-01
7.419293057296455496e-01
7.099327149898783107e-01
6.740828770476130494e-01
6.163232116183288145e-01
5.588568576618133665e-01
5.115220736169677762e-01
5.021856592770586047e-01
4.951011695167965021e-01
4.876706672294945366e-01
4.756602171726880823e-01
4.587573792641027048e-01
4.398432281928839060e-01
4.207727652881291802e-01
3.923376777023428463e-01
3.885266244869212682e-01
4.032091520485333591e-01
4.136838889194552338e-01
4.187657666064570350e-01
4.131114508857341439e-01
3.950835993312667438e-01
3.647057976395599033e-01
3.641141590994708133e-01
3.664469552131109920e-01
3.519140629088934324e-01
3.232347928182278118e-01
3.195006182745935286e-01
3.045964178178390269e-01
2.966006678491936999e-01
2.842310085667384412e-01
2.670074907111911755e-01
2.465275926206234591e-01
2.257200025463387827e-01
2.066093329960617397e-01
1.903865359564170523e-01
1.774827635330355202e-01
1.680850722784881790e-01
1.619345215551953043e-01
1.586142009364051864e-01
1.575695745588826802e-01
1.581548062364878104e-01
1.596821415621184070e-01
1.614787937425850861e-01
1.629457083323882505e-01
1.636079584205153981e-01
1.631473360209171608e-01
1.614919674714910269e-01
1.588535275238862621e-01
1.550473147756747383e-01
1.502652174905787785e-01
1.447444179514682516e-01
1.387284704710007310e-01
1.324368880007787963e-01
1.264240069184418280e-01
1.277788988580970675e-01
1.287547496033778494e-01
1.294262118875209866e-01
1.298992936220596528e-01
1.302998617644288426e-01
1.305366019991741344e-01
1.306144887999879101e-01
1.305187636598534040e-01
1.302194916428466298e-01
1.296772922294662789e-01
1.288493766282547692e-01
1.276952062812956035e-01
1.261812874641684290e-01
1.242848079836917780e-01
1.219959881442823912e-01
1.193596135381068540e-01
1.164964547684577689e-01
1.132805948781382410e-01
1.097521996381232157e-01
1.059605195309375747e-01
1.019611950755935081e-01
9.781342897602751663e-02
9.885266411606787040e-02
1.030942000621882654e-01
1.064730721416548703e-01
1.088861516684375280e-01
1.103075795466462311e-01
1.109213915859885019e-01
1.107130260876952738e-01
1.096651299910225558e-01
1.078778224425090415e-01
1.055728392616084865e-01
1.028427487527483059e-01
9.968883438347204973e-02
9.621689402216934695e-02
9.252390123758426344e-02
8.869639770179509053e-02
8.482883379011683933e-02
8.102755270949053845e-02
7.769323387500454148e-02
7.620481485748319128e-02
7.423522534729554145e-02
7.206761363397327924e-02
7.170421771317210535e-02
7.104925711978662961e-02
7.014841331976898187e-02
6.912964473873091376e-02
6.794745509481436851e-02
6.664796316350131422e-02
6.527616083439469197e-02
6.387494531645031282e-02
6.248414294926372264e-02
6.113957802466447183e-02
5.987225475641912154e-02
5.870771216153601590e-02
5.766559718639993615e-02
5.675948332194222234e-02
5.599694252687570373e-02
5.537985958610331522e-02
5.490496170737028253e-02
5.456452336259884350e-02
5.434719775235814787e-02
5.423892200735110775e-02
5.422384311650548655e-02
5.428521508243920601e-02
5.440622422209753090e-02
5.457070802005316995e-02
5.476374264879624310e-02
5.497208437465711528e-02
5.518445985618693900e-02
5.539170922831829907e-02
5.558679341539887048e-02
5.576468305996280794e-02
5.592215064717635103e-02
5.605748985866237932e-02
5.617018700307772894e-02
5.627188968159580612e-02
5.636535525710285877e-02
5.643885064416790526e-02
5.649316580248612413e-02
5.652871443317782768e-02
5.654532861020600265e-02
5.654211260202915423e-02
5.651735752428043574e-02
5.646851529994614122e-02
5.639222772908036169e-02
5.628440434771421474e-02
5.614034120126216998e-02
5.595487166606534502e-02
5.572253998612910347e-02
5.546052182746268044e-02
5.515518894932400912e-02
5.478710363221628993e-02
5.435137227104248209e-02
5.384369261033578741e-02
5.326049536953340185e-02
5.259906112313619819e-02
5.185761000972902851e-02
5.103536304805485202e-02
5.014019646585594903e-02
4.928181488531234444e-02
4.968860881354463660e-02
5.000219458003161976e-02
5.021850593800803592e-02
5.035780818410261900e-02
5.041547255238195552e-02
5.036988272477135875e-02
5.022102232212722478e-02
4.996992900638524276e-02
4.961864441915801727e-02
4.917014768745131548e-02
4.862827533575538042e-02
4.799763051174617962e-02
4.728348440939002945e-02
4.649167267143387849e-02
4.563428307838404002e-02
4.474065616253648792e-02
4.378702229092890086e-02
4.278036789120438083e-02
4.210534843502555802e-02
4.156310498902847372e-02
4.099708274907300914e-02
4.041000495024327926e-02
3.980457621823918490e-02
3.918556203504802715e-02
3.856525932927822725e-02
3.793342533338475708e-02
3.729248339854662753e-02
3.664474603792341328e-02
3.599240328969761232e-02
3.533751364330665889e-02
3.468199738297481766e-02
3.402763218076446800e-02
3.337605075643054059e-02
3.272874041088505437e-02
3.208704423503305758e-02
3.145216379202120383e-02
3.082516307584706391e-02
3.020697355076149351e-02
2.981055056152707647e-02
2.945566979362138071e-02
2.908171484203730603e-02
2.869096694384338717e-02
2.828557543568047464e-02
2.786755560728977621e-02
2.743878840495397875e-02
2.709978500799077247e-02
2.690242950745624223e-02
2.670368025334904707e-02
2.650390241103569092e-02
2.630343005280243174e-02
2.610256702451508801e-02
2.590158797532496338e-02
2.570073952401102924e-02
2.550024153579707326e-02
2.530028848667518690e-02
2.510105089319962512e-02
2.490267678732595302e-02
2.470529321899082170e-02
2.450900776895922895e-02
2.431391005844750139e-02
2.412007324168479946e-02
2.392755547050182119e-02
2.373640132115561671e-02
2.354664317508651378e-02
2.335830254662688010e-02
2.317139135195100952e-02
2.298591311498273532e-02
2.280186410675793043e-02
2.261923441559785669e-02
2.243800894714321342e-02
2.225816835294022397e-02
2.207968988796063861e-02
2.190254819751118187e-02
2.172671603471848165e-02
2.155216491041203608e-02
2.137886567704510785e-02
2.120678904975410381e-02
2.103590606597749782e-02
2.086618848833168491e-02
2.069760915180994185e-02
2.053014225971709975e-02
2.036376363149493968e-02
2.019845090523696152e-02
2.003418369804610411e-02
1.987094372877127799e-02
1.970871490439462734e-02
1.954748337482469303e-02
1.938768574865854660e-02
1.922958944948167936e-02
1.907241912255365143e-02
1.891617057592482470e-02
1.876084172460659033e-02
1.860643251822148916e-02
1.845294485417441413e-02
1.830038247954686101e-02
1.814875088335133821e-02
1.799805718056347870e-02
1.784830999060780729e-02
1.769951931093402542e-02
1.755169638806753848e-02
1.740485358646471845e-02
1.725900425712377506e-02
1.711416260666889441e-02
1.697034356844535907e-02
1.682756267494716837e-02
1.668583593450137514e-02
1.654517971109501981e-02
1.640561060860394257e-02
1.626714535964768685e-02
1.612980072008606339e-02
1.599359336838170401e-02
1.585853981111321961e-02
1.572465629397190590e-02
1.559195871902074350e-02
1.546046256791219937e-02
1.533018283110262371e-02
1.520113394335544620e-02
1.507332972474007687e-02
1.494678332809374656e-02
1.482150719170857549e-02
1.469751299813290384e-02
1.457481163796157247e-02
1.445341317916925411e-02
1.433332684143275026e-02
1.421456097514994278e-02
1.409712304523287607e-02
1.398101961912559879e-02
1.386625635913799406e-02
1.375283801856868118e-02
1.364076844130173750e-02
1.353005056530552988e-02
1.342068642847297176e-02
1.331267717853129064e-02
1.320602308450117418e-02
1.310072355141651476e-02
1.299677713685546201e-02
1.289418156975633868e-02
1.279293377090004978e-02
1.269302987516946271e-02
1.259446525502866919e-02
1.249723454545784325e-02
1.240133166978410126e-02
1.230674986650943069e-02
1.221348171699187905e-02
1.212151917331430982e-02
1.203085358734475030e-02
1.194147573911325845e-02
1.185337586646598163e-02
1.176654369395673146e-02
1.168096846228834293e-02
1.159663895713989624e-02
1.151354353821836679e-02
1.143167016802499811e-02
1.135100643965137462e-02
1.127153960499872008e-02
1.119325660174248609e-02
1.111614408046894542e-02
1.104018843041861854e-02
1.096537580532841102e-02
1.089169214804998342e-02
1.081912321481385414e-02
1.074765459856600117e-02
1.067727175156039585e-02
1.060796000728133660e-02
1.053970460134586243e-02
1.047249069198763309e-02
1.040630337923129610e-02
1.034112772364167813e-02
1.027694876411885949e-02
1.021375153483473734e-02
1.015152108137485319e-02
1.009024247631367700e-02
1.002990083341661308e-02
9.970481321778365894e-03
9.911969178631602206e-03
9.854349721569849105e-03
9.797608360298682567e-03
9.741730607145965976e-03
9.686702087249358939e-03
9.632508547954235500e-03
9.579135867524313577e-03
