5.618185478989041748e-01
5.626372417937748338e-01
5.695682031908178011e-01
5.683028923009073585e-01
5.731834471653253216e-01
5.782350456693571283e-01
5.842445755145773134e-01
5.998422381267728420e-01
6.202815869466897780e-01
8.041915764195510796e-01
9.503780272989544864e-01
9.228075202795944509e-01
8.589527528888571961e-01
8.532787014974850814e-01
1.301002791983456586e+00
1.090358863473974260e+00
1.091781571125178818e+00
1.120540404838173298e+00
1.397512245375344797e+00
1.796804025591207665e+00
1.531896306403529362e+00
1.837684558226916787e+00
1.807254117934730564e+00
1.639910564912310909e+00
1.550517001390276928e+00
1.796464969733305272e+00
2.041924002567900853e+00
1.568561561067882471e+00
1.385370523033018220e+00
1.297763142570054429e+00
1.383018804710576477e+00
1.504954457103680365e+00
1.508493985561682571e+00
1.526479445034237381e+00
1.798644792194165731e+00
1.618964211134635622e+00
1.538555925995053197e+00
1.678886393824080114e+00
1.966011351246598649e+00
1.891148538734507056e+00
2.236578049904680121e+00
1.895630931217255899e+00
1.929957668475225541e+00
2.418430572095521924e+00
2.593744307951082906e+00
2.463532227850103951e+00
2.567585808663542579e+00
2.801431381827177436e+00
3.017058784646311942e+00
3.037284925341991570e+00
3.004978176232973919e+00
3.565390776899521885e+00
3.757099832201497680e+00
3.365355020472272862e+00
3.837050688147562116e+00
3.678613802635840813e+00
3.168778616623884492e+00
3.362259692965754443e+00
3.470847557668848005e+00
3.452260257199917692e+00
3.439027028584446199e+00
3.704385326130368750e+00
3.664838692467886183e+00
4.056060701936480051e+00
4.095143418033783789e+00
4.093751041527696977e+00
4.510102288356157452e+00
4.143508638515551290e+00
3.469632578713294890e+00
3.359516793231368759e+00
3.550568563227042063e+00
3.677259630332875950e+00
3.776963452769880547e+00
3.813250316391334493e+00
3.768489944213814447e+00
3.668605941764159883e+00
3.515825445348518929e+00
3.335234049603127637e+00
3.101686078287960058e+00
2.828815972835430959e+00
2.608347494014707557e+00
2.394055023183933262e+00
2.183638411298729487e+00
2.015535615471220954e+00
1.841529742285826776e+00
1.667784069313439366e+00
1.528506241793967213e+00
1.405059953814753682e+00
1.288137441890192303e+00
1.180201763361954370e+00
1.081670075006344822e+00
9.944125487322729162e-01
9.192251539387998882e-01
8.550136291965489965e-01
8.012407735538820130e-01
7.567958552172178166e-01
7.202309860410587294e-01
6.899579515721854239e-01
6.644011364473629833e-01
6.422433372032325671e-01
6.226301770162346871e-01
6.040793325369050448e-01
5.908014884589322113e-01
5.816986352783227732e-01
5.733637665972557418e-01
5.653053698716183906e-01
5.571432818333571513e-01
5.486004924898634227e-01
5.398870785546334705e-01
5.308485349860441183e-01
5.210808893181199108e-01
5.105801366069355751e-01
4.995439869168413205e-01
4.884364460223418192e-01
4.767344509530061503e-01
4.645299242506876758e-01
4.519210467287648747e-01
4.395907011696111866e-01
4.270124551628172727e-01
4.142612168947575335e-01
4.014212700539527279e-01
4.038289469049818892e-01
4.320528826137576273e-01
4.422472822061130349e-01
4.346178682084304579e-01
4.147117252002274768e-01
4.144799370867115473e-01
4.021434290874572604e-01
3.865309851983094180e-01
3.740155386148030781e-01
3.667128565625650816e-01
3.619548535158422231e-01
3.547930397751097309e-01
3.578896545489111958e-01
3.763213758054752556e-01
3.830370680416417817e-01
3.756753411015986144e-01
3.532518633639550876e-01
3.326436462229042657e-01
3.210429681002533453e-01
2.999329897053717442e-01
2.714578145447305579e-01
2.405377741039715078e-01
2.359400950566803157e-01
2.313199390370569708e-01
2.264917968540512971e-01
2.214813310068529106e-01
2.193850624240556157e-01
2.236334247957996735e-01
2.251645714193854508e-01
2.245539632018326015e-01
2.217785415611489841e-01
2.173914518995749556e-01
2.116159090109741014e-01
2.050210141778004702e-01
2.078923084396708809e-01
2.132078009906089588e-01
2.155685600148819214e-01
2.150220932413722252e-01
2.123828423244977226e-01
2.077678857204341700e-01
2.021052381352381744e-01
1.954646359364238528e-01
1.882636189718698561e-01
1.809490688698330574e-01
1.734449237828471213e-01
1.658474911041337430e-01
1.582156403398426725e-01
1.506354870817892544e-01
1.429239794665329299e-01
1.350484559876620749e-01
1.313166681490429699e-01
1.307680702039329401e-01
1.303346926133082673e-01
1.299772887921426257e-01
1.296634655396517177e-01
1.293666055127717374e-01
1.290646544521028838e-01
1.303074794182195739e-01
1.320726981337218831e-01
1.335754453681161913e-01
1.347238811685057824e-01
1.355246870142663707e-01
1.358895056246634259e-01
1.358799816032802976e-01
1.353611768626855894e-01
1.343950167559360143e-01
1.329415151388785854e-01
1.309384579047578601e-01
1.284065367791605294e-01
1.253673619362436209e-01
1.217286621548253345e-01
1.188527479894054689e-01
1.194151190975680232e-01
1.187460570572907020e-01
1.190116458081349055e-01
1.184467663187881020e-01
1.162944115998556099e-01
1.124712046292390688e-01
1.083806138004902858e-01
1.060061951648696016e-01
1.114057205816651880e-01
1.170317112230072482e-01
1.219344043259940197e-01
1.260486473409596353e-01
1.292509666984446859e-01
1.316034217279159757e-01
1.331420719153779131e-01
1.337814886066672482e-01
1.336885244962747743e-01
1.328812772520276408e-01
1.313656114281127607e-01
1.293461761006780564e-01
1.268558074655997958e-01
1.239460148002936579e-01
1.207381654431526480e-01
1.174158291835483009e-01
1.139700789202790360e-01
1.104928089734570351e-01
1.070654365592626917e-01
1.037571461149194019e-01
1.006237218817555290e-01
9.771504523885217453e-02
9.506674328446926281e-02
9.267156022326639153e-02
9.053276738696490467e-02
8.864197500700017607e-02
8.698058319452608989e-02
8.552144121114579889e-02
8.423063740386071974e-02
8.306934612042082833e-02
8.199566410478506540e-02
8.096637673870185625e-02
7.993860353555669318e-02
7.887128200546845991e-02
7.772645895755569967e-02
7.647036807850166040e-02
7.508328952845801096e-02
7.357025635161562604e-02
7.187755177843947740e-02
6.999353871883062794e-02
6.791280013585417052e-02
6.563597571280233023e-02
6.316944119094040910e-02
6.363627128297633107e-02
6.436655847425203081e-02
6.486723617820704113e-02
6.518018162698299700e-02
6.649892011920635615e-02
6.776856323438985863e-02
6.886254585370069070e-02
6.976286751089601224e-02
7.051499041071224161e-02
7.105259269899166785e-02
7.136442655169153437e-02
7.145831493499549270e-02
7.137600773825814038e-02
7.106313972154310044e-02
7.052402511313397848e-02
6.979791674851609784e-02
6.889439839997471560e-02
6.779038428449925269e-02
6.649910770245814895e-02
6.668498682606077699e-02
6.700445936821294857e-02
6.695760228278235804e-02
6.655999333100057203e-02
6.587997354524849358e-02
6.491539967040045600e-02
6.366900648467592461e-02
6.217098774737069011e-02
6.049651855414663049e-02
5.864367191982541166e-02
5.663266129787276199e-02
5.635516063892829358e-02
5.631518389170423605e-02
5.622480195701339695e-02
5.608653149864602228e-02
5.590301515605455157e-02
5.567698907796155700e-02
5.541125261812419878e-02
5.511548057793332761e-02
5.479827165197078548e-02
5.444912922842279346e-02
5.407083231699066905e-02
5.366611170168522627e-02
5.323763294626129849e-02
5.278798157737438906e-02
5.231965037140321600e-02
5.183502865136456472e-02
5.133639349565127102e-02
5.082590274835672994e-02
5.031037575186012717e-02
4.979488197192771803e-02
4.927256869951589235e-02
4.874510134402458561e-02
4.821401530461625479e-02
4.768071696573256829e-02
4.714648567333393908e-02
4.661247657335344796e-02
4.607972420526468965e-02
4.554914674205076675e-02
4.502155077513299297e-02
4.449763655030351123e-02
4.397800356326354160e-02
4.346315643306285226e-02
4.295351097411371361e-02
4.244940039722078229e-02
4.195108157359345169e-02
4.145874130508063471e-02
4.097250254548913395e-02
4.049243052789346098e-02
4.001861524400571191e-02
3.955589585921767681e-02
3.909901510288760901e-02
3.864788003532178273e-02
3.820236688019525151e-02
3.776232592066185167e-02
3.732758612320584424e-02
3.689795947716662666e-02
3.647324504528853123e-02
3.605323271827377135e-02
3.563770667548108589e-02
3.522644855072712411e-02
3.481924030722398367e-02
3.441586682731166691e-02
3.401611822494838427e-02
3.361979188679505709e-02
3.327986514004887403e-02
3.337898926102229880e-02
3.343730232999501256e-02
3.345473730317471278e-02
3.343141568640056738e-02
3.336764313747684479e-02
3.326390474484915843e-02
3.312610261496421599e-02
3.295622552084321449e-02
3.274864684988224722e-02
3.250446714090358263e-02
3.222493723391004622e-02
3.191145006756584968e-02
3.156553177503845786e-02
3.118883209850195973e-02
3.078311416232230521e-02
3.035024365647752062e-02
2.989217749648549402e-02
2.941095203276643255e-02
2.890867089878567525e-02
2.838749258222188210e-02
2.784961782159138532e-02
2.729790678037786675e-02
2.673933319450938484e-02
2.617020534759924646e-02
2.559276628366170467e-02
2.500924193363812664e-02
2.442182937125910586e-02
2.411438301992960623e-02
2.407899207558955937e-02
2.404307483970013343e-02
2.400655542029702869e-02
2.396936154394633395e-02
2.393142467484623420e-02
2.389268011209377124e-02
2.385434748805926111e-02
2.381540357574028766e-02
2.377548274395932179e-02
2.373453531521195134e-02
2.369251560405813417e-02
2.364938190821987835e-02
2.360509648552739856e-02
2.355962551643864603e-02
2.351293905533354336e-02
2.346501097038956180e-02
2.341581887306774801e-02
2.336534403879562266e-02
2.331357131858283194e-02
2.326048904465042796e-02
2.320608892851668686e-02
2.315036595375156298e-02
2.309331826403548948e-02
2.303494704647695429e-02
2.297525641249443390e-02
2.291425327471434750e-02
2.285194722257674269e-02
2.278835039572590926e-02
2.272347735671852859e-02
2.265734496318767485e-02
2.258997223930530804e-02
2.252138024812634642e-02
2.245159196462112941e-02
2.238063214934706002e-02
2.230852722403903546e-02
2.223530514885117826e-02
2.216099530090346117e-02
2.208562835630328153e-02
2.200923617330352924e-02
2.193185167951074849e-02
2.185350876050485419e-02
2.177424215275098815e-02
2.169493106264336682e-02
