2.808185100997991346e-01
2.812899518248095365e-01
2.805406038672954017e-01
2.855354094781530905e-01
2.872654181021374042e-01
2.888367082779588202e-01
2.990548060842335154e-01
3.419442421618049677e-01
2.938452239082436357e-01
3.378250151076829799e-01
4.111777187475755824e-01
4.590298666625627910e-01
4.297484438872083423e-01
4.777465409538814156e-01
5.076463718140488135e-01
4.882299028310568834e-01
6.878649719202442059e-01
4.775957931995718497e-01
5.486318015328213171e-01
5.193272881360955218e-01
5.695772530583221860e-01
5.018301650480916365e-01
6.577721517293899645e-01
5.007637494700825087e-01
5.980342534938621890e-01
7.049285742753105266e-01
8.283183430270465442e-01
8.140479000917101304e-01
9.009465613266577355e-01
8.212208765446497027e-01
8.380011343017526038e-01
9.169749322337731323e-01
9.852997566330724544e-01
1.134962663595882493e+00
9.727921111714999958e-01
1.372381124009724562e+00
1.611770910606194596e+00
1.350439978757667969e+00
1.469161499345644772e+00
1.507650227516897257e+00
1.711117598519098726e+00
1.691558294357871528e+00
1.795643331709731338e+00
1.781503635957811804e+00
2.016259520600395927e+00
1.894504951209347476e+00
1.759078909648703171e+00
1.874183761883500221e+00
1.684325590892023605e+00
1.703185164036418175e+00
2.016714502982718926e+00
2.248117815854614676e+00
2.156068709889522150e+00
1.859769102225373283e+00
1.528340251165156927e+00
1.207916322202737591e+00
9.908082969841451870e-01
8.372900671952213658e-01
7.156949219974063636e-01
6.898687197440827035e-01
8.330062146273804480e-01
9.055307447141490718e-01
8.667655281013200153e-01
7.147523189238238484e-01
5.567786435543869983e-01
4.749252617032767576e-01
4.758755436466572397e-01
4.615949422228104448e-01
4.441205554907881048e-01
4.317714850327576404e-01
4.195626251457170164e-01
4.188602810199413828e-01
3.874455177464368183e-01
3.448037013321424982e-01
3.246482632466589080e-01
3.070327405262897047e-01
2.740983070574103952e-01
2.634508408297749349e-01
2.602504294993793765e-01
2.512685668148256779e-01
2.384664374114664198e-01
2.237924438493439638e-01
2.088097055277855219e-01
1.932137576817242741e-01
1.788411249502329381e-01
1.683157349579091355e-01
1.633953578956649499e-01
1.678422512369067421e-01
1.830643399031950114e-01
1.914133538374955257e-01
1.863885649111798604e-01
1.780295807018427989e-01
1.754302348952558321e-01
1.634330100313390044e-01
1.542007836537337417e-01
1.494710688885694527e-01
1.430841412278762992e-01
1.364495406321391269e-01
1.298885051679379843e-01
1.238671662939860724e-01
1.186867767463161416e-01
1.145043696120235377e-01
1.113674393599106693e-01
1.092286874250991274e-01
1.079583466386379448e-01
1.073611873785095677e-01
1.072624022570214664e-01
1.074255156441519532e-01
1.074790665418511870e-01
1.070898022557986856e-01
1.060004456646159998e-01
1.041104766930465997e-01
1.009251227907362047e-01
9.660704942919694227e-02
9.102137866282002110e-02
8.985801736183558763e-02
9.030873318988412446e-02
8.805783564595548452e-02
8.664202534282727797e-02
8.385169763754403427e-02
8.265994584950525637e-02
8.466049353172763747e-02
8.502299523397789660e-02
8.411067292122492711e-02
8.247178465542170933e-02
8.025994175091993865e-02
7.772470541179485326e-02
7.496858770797643068e-02
7.184475370753182211e-02
6.841084719720137708e-02
6.462134061065634427e-02
6.041709815367848208e-02
5.590511220434316031e-02
5.126552054908308648e-02
4.942367228731480572e-02
5.008051951355567410e-02
5.066703316128126633e-02
5.112597734805351263e-02
5.140285289940998981e-02
5.148036395584044272e-02
5.137964671171112163e-02
5.113684077438823000e-02
5.071430897914262770e-02
5.013412831105897721e-02
4.944376748859016096e-02
4.868887429836928765e-02
4.784828736505646052e-02
4.694542854076037136e-02
4.600076763829098747e-02
4.504716368460089104e-02
4.410868784865378672e-02
4.421815867700074065e-02
4.468584454088046776e-02
4.489861833964684662e-02
4.489113264348381510e-02
4.461443184718479754e-02
4.407852989891416357e-02
4.329656195715871070e-02
4.235470511565268131e-02
4.120364820565775715e-02
3.985487774639690645e-02
3.833009464781043929e-02
3.825860438372130634e-02
3.801160207760639898e-02
3.744384151741401295e-02
3.652444257267251776e-02
3.534923280049953598e-02
3.391796131972546480e-02
3.311560046219186315e-02
3.321872369033064543e-02
3.291880255773606267e-02
3.227024779140865579e-02
3.150102733353107171e-02
3.225339207329481345e-02
3.297741891896127653e-02
3.333288436244016828e-02
3.334795882116482063e-02
3.307723443981439027e-02
3.255052209711961630e-02
3.180607312431448647e-02
3.139688470426526407e-02
3.111926953412436775e-02
3.064233913304502399e-02
3.007709530493010708e-02
2.943540564264995538e-02
2.875920868511961173e-02
2.808513666536996412e-02
2.747589316272120927e-02
2.692302784138093930e-02
2.675607037459638848e-02
2.657586679735898100e-02
2.640654782879731446e-02
2.620918173527854098e-02
2.597178014837139837e-02
2.571205256828924465e-02
2.538851283009365203e-02
2.498986349280706357e-02
2.454105056325611017e-02
2.400780649440663328e-02
2.340144503188945971e-02
2.274231572604639220e-02
2.201869669674530808e-02
2.149491093213883042e-02
2.132707234678320879e-02
2.113703674091144125e-02
2.093007301703625825e-02
2.071258111913919925e-02
2.049158024578750029e-02
2.027420127059441357e-02
2.006721185988788805e-02
1.987659754478620852e-02
1.970721620376750943e-02
1.956253744196278024e-02
1.944447256261781429e-02
1.935329549894996767e-02
1.928765042844852312e-02
1.924463796771421278e-02
1.922427833413243442e-02
1.921957419723775012e-02
1.922221067047091142e-02
1.922519138077835588e-02
1.922110746391027247e-02
1.920242340486059615e-02
1.916175193781147895e-02
1.909210805856511803e-02
1.898713415719148825e-02
1.884229717385079231e-02
1.866604412516950640e-02
1.844104465170270934e-02
1.816476261721182775e-02
1.783583764154491116e-02
1.745408379811456967e-02
1.702584421074873275e-02
1.655663310584561121e-02
1.603965897844429611e-02
1.552706954965221188e-02
1.570618318696751642e-02
1.585260247829762409e-02
1.596429687232534325e-02
1.603977683013112221e-02
1.607808405538420013e-02
1.607877246413737943e-02
1.604478076038308443e-02
1.598328936000877748e-02
1.588539656816916404e-02
1.575229189117359485e-02
1.558549971721719628e-02
1.538683401163621310e-02
1.515835254519754330e-02
1.490231157165756819e-02
1.462239831122328325e-02
1.432826018886532680e-02
1.401341439379114040e-02
1.368302157144104213e-02
1.357970304884149881e-02
1.347072948250882703e-02
1.335657936390095835e-02
1.323772473929373493e-02
1.311462846628289568e-02
1.298774185032436530e-02
1.285750263973078032e-02
1.272433335558114526e-02
1.258863993297288687e-02
1.245081064810200748e-02
1.231121530676470774e-02
1.217020467002443394e-02
1.202811009257181117e-02
1.188524335128221358e-02
1.174189664126364108e-02
1.159834271969372756e-02
1.145483517624686955e-02
1.131160881339189801e-02
1.119955343707260131e-02
1.108839736569991810e-02
1.097106523737973079e-02
1.084820830017577467e-02
1.072045427527535712e-02
1.058840559780154997e-02
1.045263806164419516e-02
1.031606608408713703e-02
1.017758782887059378e-02
1.003675226797308417e-02
9.894026872832736852e-03
9.749850882822484396e-03
9.604635569887510702e-03
9.458764682645906530e-03
9.354621536963493231e-03
9.293402531113208187e-03
9.230890027968421258e-03
9.167228552680494608e-03
9.102554198848788677e-03
9.036994849663127632e-03
8.971325541574336204e-03
8.905755446516505636e-03
8.839576230970496232e-03
8.772887359306301772e-03
8.705781474501683714e-03
8.638344697929034935e-03
8.570656934398148546e-03
8.502792179327214872e-03
8.434818826570095532e-03
8.366799974579447810e-03
8.298793729624998061e-03
8.230853504356643036e-03
8.163028310516439942e-03
8.095363044852364395e-03
8.027898766993734475e-03
7.960672968853837669e-03
7.893719834271284430e-03
7.827070489351292334e-03
7.760753241772624933e-03
7.694793809738614820e-03
7.629215539972243956e-03
7.564039614271724464e-03
7.499285245118939534e-03
7.434969859793091364e-03
7.371109273173008340e-03
7.307717849611437659e-03
7.244808653616737273e-03
7.182393589659056415e-03
7.120483531517387762e-03
7.059088441070501124e-03
6.998217477443419154e-03
6.937879095838733745e-03
6.878081137667409889e-03
6.818830911254378929e-03
6.760135264067249419e-03
6.702000646875734893e-03
6.644433170029515577e-03
6.587438652268570033e-03
6.531022663062850328e-03
6.475190557850494556e-03
6.419947507723650949e-03
6.365298523248144602e-03
6.311248473127759398e-03
6.257802098062218744e-03
6.204964020269324726e-03
6.152738749175838164e-03
6.101130683030844305e-03
6.050144108044366344e-03
5.999783193984027478e-03
5.950051987745537743e-03
5.900954404646546227e-03
5.852494217748217646e-03
5.804675045850924212e-03
5.757500340125715384e-03
5.710973369757137499e-03
5.665097207049708990e-03
5.619874711817428314e-03
5.575308515653583374e-03
5.531401006147583337e-03
5.488154311178558044e-03
5.445570283560661334e-03
5.403650486115244705e-03
5.362396177399635956e-03
5.321808298031012116e-03
5.281887457999561754e-03
5.242633924741074529e-03
5.204047612486241252e-03
5.166128072217834877e-03
5.128874483333847184e-03
5.092285646077400994e-03
5.056359975190132493e-03
5.021095495135372531e-03
4.986489836174747697e-03
4.952540231952971654e-03
4.919243518160875545e-03
4.886596132561121797e-03
4.854594116209680170e-03
4.823233115812146019e-03
4.792508387276221520e-03
4.762414800367359598e-03
4.732946844560891736e-03
4.704098635740953244e-03
4.675863923989193906e-03
4.648236102498518388e-03
4.621208216947998541e-03
4.594772976102791048e-03
4.568922763121961023e-03
4.543649647279300770e-03
4.518945396776151771e-03
4.494801491896572611e-03
4.471209138558392485e-03
4.448159282895182247e-03
4.425642625571770197e-03
4.403649636927561839e-03
4.382170572233977553e-03
4.361195487265108472e-03
4.340714254067672140e-03
4.320716576700422279e-03
4.301192007415935610e-03
4.282129962465467538e-03
4.263519738204099747e-03
4.245350527023796297e-03
4.227611433113772320e-03
4.210291488276038212e-03
4.193379667371686242e-03
4.176864903609169878e-03
4.160736103688082374e-03
4.144982162446356026e-03
