1.829521476597392726e-01
1.825305190750554363e-01
1.806164029166575924e-01
1.832836951596303054e-01
1.840104174074818910e-01
1.865807650922978456e-01
1.877588632597410045e-01
1.897961178306014352e-01
1.989475487687215882e-01
2.148661526982654502e-01
2.579360291985116072e-01
2.282184730175056131e-01
2.664251317151649645e-01
3.291425891980711005e-01
3.716705950371647083e-01
4.401916597351380744e-01
3.496240847529110685e-01
4.315252893042417215e-01
3.759880809067182583e-01
3.349897728078949366e-01
3.992272460151174984e-01
4.063598359373219449e-01
4.272392666212032619e-01
5.562519180368986627e-01
6.430855458446320672e-01
6.273106337084444206e-01
5.929889209315369891e-01
6.800994884012407926e-01
8.534306968825441375e-01
7.657597575213946905e-01
6.295143936590203992e-01
7.193149940355307859e-01
8.458971533307212409e-01
9.092449065777927775e-01
5.954270932318270759e-01
4.345069121288147596e-01
3.382372678357449813e-01
3.155993108076869946e-01
3.213130977811378686e-01
3.407196390059265001e-01
3.278925239962062199e-01
3.292013540222477053e-01
2.862210904673297418e-01
3.007845387027661688e-01
3.662715420483563245e-01
3.408305025764405416e-01
3.532627381516704745e-01
3.683765176772124672e-01
3.742341290320489455e-01
4.830924570270849761e-01
5.873860810028175283e-01
5.865881742552518929e-01
5.512292094326741720e-01
5.444864775155737746e-01
5.573892473953043769e-01
6.287168446875613936e-01
6.589822333140796795e-01
6.425328817095624645e-01
6.151912440705921137e-01
5.243581886263152247e-01
5.283893589331114526e-01
5.720267032264518825e-01
5.830491067523804194e-01
5.820591596161830417e-01
6.811268381502003644e-01
7.033400978065583731e-01
7.275776584422037896e-01
6.670063671744900224e-01
5.897895641587189708e-01
6.264463055358248100e-01
6.698014600292638843e-01
7.109006398920690861e-01
7.484229400746007510e-01
7.823229988334644558e-01
8.112964402248411533e-01
8.341071542708392572e-01
8.525642073285364386e-01
9.300895622839714383e-01
9.978839108002827141e-01
1.045440019644835683e+00
1.070800595317205950e+00
1.074926061805280497e+00
1.062183364673012331e+00
1.033915081685984116e+00
1.012037184417649449e+00
1.000511841073404184e+00
1.031396804572332293e+00
1.225724389237780931e+00
1.312523368405573265e+00
1.248765239048861941e+00
1.134471061486704846e+00
1.100805827663134284e+00
1.156457446631889319e+00
1.208165280700419064e+00
1.195655487849188736e+00
1.139334057855414972e+00
1.044454905853475557e+00
9.231381896746130300e-01
8.473482800477741828e-01
8.018869217512827330e-01
7.471631069686054394e-01
6.927893598845349388e-01
6.330892810837757123e-01
5.741006959645803542e-01
5.165234545455075210e-01
4.893601932325037929e-01
4.605263217360838768e-01
4.227146376673734940e-01
4.156308798477886812e-01
4.327260338988566102e-01
4.307113024809909874e-01
4.136828567116573874e-01
3.925457823579307504e-01
3.830874202724933175e-01
3.774230828521729086e-01
3.586570374566670494e-01
3.194828040331197938e-01
2.825717961508940057e-01
2.685357512384315415e-01
2.504067001439463924e-01
2.554195385562537113e-01
2.549379349978044274e-01
2.490224137710149444e-01
2.451214656750901055e-01
2.670811519141917389e-01
2.767660777634405878e-01
2.697198020740367297e-01
2.651138850665881730e-01
2.478823058624269049e-01
2.180234731877897791e-01
1.966538269146483608e-01
1.868201074285693319e-01
1.852934255375706663e-01
1.838269417950365858e-01
1.826707475252848933e-01
1.809673070224454283e-01
1.788113482794179976e-01
1.762261246097737988e-01
1.731931759017896200e-01
1.697471967827335615e-01
1.660095479331173407e-01
1.620033300292369471e-01
1.576921090069568210e-01
1.531613226111080694e-01
1.485003184163055379e-01
1.436209663778213463e-01
1.386553106191025231e-01
1.411397442642461086e-01
1.437785609223209971e-01
1.520290951634594157e-01
1.583217449053238024e-01
1.594528676901890429e-01
1.554373371005216831e-01
1.564255552438404417e-01
1.572765460360716072e-01
1.535974183225770617e-01
1.460219750964384111e-01
1.399386532220714408e-01
1.347738790707987411e-01
1.301504293855725858e-01
1.254011078872801499e-01
1.191098573217652667e-01
1.120649998193245650e-01
1.080082016421045066e-01
1.046880642471175599e-01
1.015523715297275420e-01
9.888449559875073236e-02
9.687932186040842941e-02
9.551355075911244219e-02
9.476769775077051317e-02
9.441436013050982790e-02
9.429446019726916983e-02
9.409742251799840806e-02
9.360930797513609958e-02
9.266527485896321192e-02
9.106222215138908005e-02
8.869610117208902300e-02
8.551471747177295801e-02
8.670742034635124662e-02
8.848279682149406966e-02
8.949436662628924843e-02
8.969875831904383645e-02
8.908858498543495430e-02
8.768966754106362338e-02
8.555661234399859760e-02
8.276606750120393818e-02
7.940957715190399835e-02
7.613460482782227756e-02
7.289616749907398829e-02
6.939798081418821485e-02
6.574353179754109655e-02
6.348059234904153414e-02
6.144240003540533263e-02
5.884575195063335151e-02
5.582883440319242468e-02
5.256018559636286419e-02
5.085152865970361119e-02
5.018798927882028860e-02
4.953404977022588668e-02
4.888960422860161303e-02
4.825454501886181774e-02
4.762876301920665467e-02
4.701214784747922981e-02
4.640458807219015325e-02
4.580597140876301737e-02
4.521618490212235553e-02
4.580256341398444841e-02
4.619790593341790985e-02
4.627453170275761668e-02
4.605071959788611946e-02
4.559386217729450436e-02
4.500302650606198551e-02
4.431039312092820842e-02
4.358105787742365400e-02
4.287130362397468392e-02
4.224255275358371198e-02
4.170775178406303102e-02
4.128191060980077737e-02
4.096556718547072345e-02
4.074307899700540386e-02
4.058370113797962059e-02
4.045085317992568735e-02
4.030618661070961561e-02
4.007337177384362459e-02
3.969265000892627931e-02
3.914475253523432008e-02
3.835384368645806258e-02
3.729620921373304199e-02
3.596526694931188872e-02
3.433176692005762004e-02
3.459147092522842776e-02
3.504774851523516366e-02
3.538022061442834543e-02
3.555644682263585377e-02
3.559467745877433614e-02
3.545199893163516330e-02
3.514711419417992921e-02
3.465824506374215463e-02
3.464107737173712648e-02
3.475969809186844200e-02
3.466903932085443896e-02
3.436963215666560822e-02
3.385224363577685885e-02
3.314119963388021534e-02
3.222768238975894789e-02
3.115161332577880832e-02
2.990555948428114813e-02
2.895998763605072551e-02
2.854228514852596293e-02
2.809304423555013946e-02
2.762654911326438076e-02
2.712810281696665868e-02
2.659908137920314816e-02
2.604671933581706109e-02
2.571858221523951396e-02
2.522564770736670028e-02
2.468849947469584083e-02
2.466896377205763866e-02
2.463746885716384602e-02
2.459017888659734488e-02
2.452718266749684406e-02
2.444861884421901249e-02
2.435467260582895380e-02
2.425313665818665601e-02
2.413889605654421719e-02
2.400992668634584562e-02
2.386655227326537482e-02
2.370912828268748745e-02
2.354381857550594953e-02
2.336878664414082651e-02
2.318071910458684506e-02
2.298005902146698157e-02
2.276726826632446271e-02
2.255159552639187520e-02
2.232455713619447071e-02
2.208660572613015474e-02
2.218100084754637616e-02
2.258071418269195010e-02
2.287402285498189164e-02
2.304807414518117090e-02
2.312137280167781903e-02
2.307211330133964941e-02
2.292045361193315381e-02
2.265449834510113378e-02
2.228893258470714817e-02
2.182214368917486519e-02
2.126188626418233293e-02
2.061854758893476997e-02
2.000442624956912108e-02
1.989426584946079810e-02
2.058858911188557114e-02
2.129639530704694264e-02
2.193302589986065310e-02
2.248944587212534790e-02
2.295387440839232254e-02
2.333395714561756554e-02
2.362158655484331710e-02
2.381348092583984374e-02
2.391991235727914181e-02
2.392853489202835179e-02
2.385776039921898642e-02
2.369423107455556968e-02
2.345756649304925681e-02
2.313774102949034406e-02
2.275254184310259928e-02
2.229546825672041460e-02
2.178372490760583161e-02
2.121065086639819380e-02
2.059716673440086659e-02
1.993726767676128747e-02
1.924168727605116841e-02
1.852241786102697824e-02
1.837340568536579774e-02
1.829499181092282198e-02
1.819516960613735967e-02
1.808101238882864684e-02
1.794933772801654212e-02
1.779869415790003712e-02
1.763001669248921710e-02
1.744425896101929954e-02
1.724238881367668591e-02
1.703163850476686544e-02
1.680746383726067911e-02
1.656981138373661219e-02
1.631966094868963005e-02
1.605798907689223384e-02
1.578576590804848731e-02
1.550429443944520251e-02
1.521924764661893546e-02
1.492616505059084046e-02
1.474049094909316189e-02
1.461927203061408852e-02
1.449264488165975633e-02
1.436090484427019268e-02
1.422434335099826558e-02
1.408324759553573544e-02
1.393790023033176367e-02
1.378857909107619566e-02
1.363555694646985741e-02
1.349190990361663969e-02
1.336622260726606087e-02
1.324113942023839689e-02
1.311668042165138430e-02
1.299286478835004303e-02
1.286971081633572593e-02
1.274723594183315399e-02
1.262545676220037418e-02
1.250438905698750790e-02
1.238404780828887032e-02
1.226444722147108229e-02
1.214560074522282561e-02
1.202752109154604787e-02
1.191022025550618132e-02
1.179370953498314230e-02
1.167799954950842628e-02
1.174028754960137165e-02
1.188223015025918067e-02
1.200328319742182889e-02
1.210273828267654540e-02
1.218327220908189783e-02
1.224235646600518521e-02
1.227903582424516582e-02
1.229335974789987074e-02
1.228555350936076825e-02
1.225839906044215097e-02
1.221195084427212883e-02
1.214490478981415482e-02
1.205804273589325924e-02
1.195226330417402394e-02
1.183106265680168752e-02
1.169431783601989662e-02
1.154172493064615189e-02
1.137450358279114802e-02
1.119392881536441717e-02
1.101875894307610161e-02
1.098182164237533273e-02
1.094402003632607631e-02
1.090538425022124711e-02
1.086594390710201273e-02
1.082572812645739811e-02
1.078476552343463415e-02
1.074308420848700540e-02
1.070071178768591987e-02
1.065767536315976108e-02
1.061446418721352647e-02
1.057134803567968441e-02
1.052762324130617107e-02
1.048331511957262610e-02
1.043844849595623910e-02
1.039304770837884764e-02
1.034713660986913246e-02
1.030073857188824361e-02
1.025387648741134076e-02
1.020657277478576909e-02
1.015884938133481720e-02
1.011072778747969074e-02
1.006222901109497976e-02
1.001337361178082815e-02
9.964181695590870400e-03
9.914672919691100428e-03
