2.552357995689698011e-01
2.558826306474364931e-01
2.586044554547862750e-01
2.565841135896717029e-01
2.584461828873196865e-01
2.586646718848369386e-01
2.628952595442663465e-01
2.905274355243914197e-01
2.953758853682955099e-01
3.538688052165098186e-01
4.450165253412660116e-01
3.953866466957204340e-01
3.775559085776372670e-01
4.720925806794746271e-01
5.097731101557115840e-01
4.342425534661205622e-01
6.444613140578655530e-01
7.739364680612514924e-01
7.433357876170216816e-01
6.882880391608117154e-01
7.345273150641480342e-01
6.705244490509345567e-01
5.365007928170782980e-01
5.444099287652494068e-01
5.270153359662081982e-01
5.285681307203932144e-01
6.457640325289475403e-01
6.941237351660120014e-01
6.354525924779548252e-01
7.051514682265068723e-01
8.078977578718400387e-01
8.136069644959321723e-01
8.485732150067614166e-01
8.427877950054306622e-01
9.242467402760001782e-01
9.089745456195270634e-01
9.423521598647965902e-01
1.040810472821865673e+00
1.130642782902481214e+00
1.263540488548519747e+00
1.308229255312654216e+00
1.253384127564095785e+00
1.339783756268513093e+00
1.276382391312640419e+00
1.307965314006351853e+00
1.425421955506455785e+00
1.524950183098808365e+00
1.737966629446579869e+00
1.738421047253080332e+00
1.966024756888398617e+00
2.106160247961483822e+00
1.968974259341802702e+00
1.857816668631139922e+00
1.769467419108104345e+00
1.734597890442163726e+00
1.786746139096323294e+00
1.846208010707969249e+00
2.060087256455287896e+00
2.117320824628505793e+00
2.009003173520533370e+00
1.976596423105089428e+00
1.863366750726197063e+00
1.456832554110762068e+00
1.242063486758886226e+00
1.026159790191118804e+00
8.775534090081823502e-01
7.933823587780512998e-01
7.363958037535375256e-01
7.272732267325270339e-01
6.731418642559152676e-01
6.311289132509405597e-01
5.845487580214385748e-01
5.451195221821267811e-01
5.387181153927774746e-01
5.552902428761140596e-01
5.404167791549912003e-01
4.935897929342045742e-01
4.448505932750574376e-01
4.112674019488011257e-01
3.840103750234223345e-01
3.595959584477240734e-01
3.450473675182907929e-01
3.408831496059004373e-01
3.347489635380754280e-01
3.157765098486098876e-01
2.985988557527090581e-01
2.837950091016263610e-01
2.727536935462132606e-01
2.685687898877035518e-01
2.659527172651764415e-01
2.582538687851968495e-01
2.426560064836034425e-01
2.440394413954511954e-01
2.423881963227822178e-01
2.386999081700557357e-01
2.334099554559033451e-01
2.243563951062736150e-01
2.091515651980466739e-01
1.974306782711495178e-01
1.883488983668301087e-01
1.849718485426589953e-01
1.869172292486711295e-01
1.836736208290674632e-01
1.755065567097023882e-01
1.630905495713718123e-01
1.473208127590664163e-01
1.419436144400872957e-01
1.450365841452906090e-01
1.463211535459873203e-01
1.455818951698611141e-01
1.429457604963083051e-01
1.388281009261654042e-01
1.330860262283211359e-01
1.260554387873071558e-01
1.181360914089542441e-01
1.094459858993308554e-01
1.031580047037263664e-01
1.026694195807164728e-01
1.013025558536677778e-01
9.895139559601430490e-02
9.598889346853316240e-02
9.274657296080189572e-02
8.929839694451721654e-02
8.586690060384620515e-02
8.409498950607027790e-02
8.445717519106714366e-02
8.434349427708107139e-02
8.393437528266653458e-02
8.334644200943878978e-02
8.271800188452577141e-02
8.200348315837338586e-02
8.108677853636228616e-02
7.988329402327370987e-02
7.835428272583498666e-02
7.648264710169012937e-02
7.409729483868127131e-02
7.118036403437370818e-02
6.784966203589289091e-02
6.410910397026306495e-02
6.000717817327962805e-02
5.834154014273180977e-02
5.789043953859732833e-02
5.727487222393470162e-02
5.647823064529528675e-02
5.556158232601722535e-02
5.445725481261242534e-02
5.315944794206536872e-02
5.167541862857820412e-02
5.001740316576604867e-02
5.005937867141593139e-02
5.040502752424169675e-02
5.067446498423720802e-02
5.085893560166301203e-02
5.095176827708589040e-02
5.094830051109962288e-02
5.087369689051030042e-02
5.071796299244419465e-02
5.046281741160515283e-02
5.010985533603697778e-02
4.966199375842836328e-02
4.912329422798310946e-02
4.849878407443966588e-02
4.779428001382297203e-02
4.701621750383486176e-02
4.617148865285360809e-02
4.530581351165999943e-02
4.438649705513222216e-02
4.341969761014194407e-02
4.241270710745224937e-02
4.137268547789060141e-02
4.100027492174242172e-02
4.121427138968444120e-02
4.115387146383547856e-02
4.082123996190124143e-02
4.022607460791519096e-02
3.942563211964177083e-02
3.842355485688240396e-02
3.758032580662344635e-02
3.754882066383928574e-02
3.707259617702198667e-02
3.613776898804183652e-02
3.487939321189068714e-02
3.329343273885108229e-02
3.239881937812307683e-02
3.285959817428316110e-02
3.319653832841865798e-02
3.344553062443998692e-02
3.357896668158009967e-02
3.359860782490883824e-02
3.351013289076013729e-02
3.332015266300708545e-02
3.303599028079477057e-02
3.266547998498252336e-02
3.221678560299692101e-02
3.170449298672354393e-02
3.115290755778406945e-02
3.054588665012311285e-02
2.989145774739891681e-02
2.919739924380647389e-02
2.847116954111491086e-02
2.771985131949821629e-02
2.695010949068875339e-02
2.616816131861629188e-02
2.537975721833803100e-02
2.459017079457720759e-02
2.380419676311846741e-02
2.302615549151362101e-02
2.264164428066826190e-02
2.237347181915882999e-02
2.227906337312839449e-02
2.229956228992319850e-02
2.220316030929417317e-02
2.199406685752652510e-02
2.169679651017157596e-02
2.130743846004911485e-02
2.082947837751862596e-02
2.027412384103269641e-02
1.997175028985838374e-02
1.971222074768394852e-02
1.945501818421560558e-02
1.920030261780677344e-02
1.894821433788584919e-02
1.869887559943406857e-02
1.855535903055577016e-02
1.844622310142021021e-02
1.832978206772851656e-02
1.820657595092107367e-02
1.807712390295541927e-02
1.794192417086184002e-02
1.780145417919850107e-02
1.765617071225169393e-02
1.750651017916877994e-02
1.735288894795206094e-02
1.719570373593043780e-02
1.703533204641746041e-02
1.687213264200924587e-02
1.670644604702394009e-02
1.653859507228737716e-02
1.636888535633939171e-02
1.619760591849967596e-02
1.602502971927942388e-02
1.585141422459952418e-02
1.567700197098512854e-02
1.550202112867247149e-02
1.532668606110874736e-02
1.515119787808006865e-02
1.497574498154521407e-02
1.480050360252470332e-02
1.462563832791261009e-02
1.445130261623323552e-02
1.427833414963499553e-02
1.410771252964485023e-02
1.393789366443624542e-02
1.376899596536402398e-02
1.360112902219316397e-02
1.343439403450485264e-02
1.326888422979818558e-02
1.310468526771299026e-02
1.294187563068159054e-02
1.278052700072464243e-02
1.262070462218188582e-02
1.246246765074251681e-02
1.230586948919489172e-02
1.215095810874289653e-02
1.199777635778760503e-02
1.184636225701823919e-02
1.169674928185039306e-02
1.154896663197507896e-02
1.140303948863310469e-02
1.125898926012877839e-02
1.111683381497028875e-02
1.097658770430699413e-02
1.083826237277051192e-02
1.079323977426470231e-02
1.077770328181298053e-02
1.075923373972305190e-02
1.073784893203325735e-02
1.071357571872892309e-02
1.068644924607488507e-02
1.065651219509753354e-02
1.062381406742994756e-02
1.058841050797852679e-02
1.055036266348856680e-02
1.050973657601014279e-02
1.046660261045570181e-02
1.042103491523306384e-02
1.037311091467292730e-02
1.032291083221737599e-02
1.027051724353701505e-02
1.021601465815982421e-02
1.015948912834751042e-02
1.010102788471507751e-02
1.004071899669174706e-02
9.978651057376696984e-03
9.914912891405088316e-03
9.849593284767791182e-03
9.782780735707536160e-03
9.714563225415629583e-03
9.645028008013258394e-03
9.574261418264803578e-03
9.502348696722793045e-03
9.429373830894855965e-03
9.355419412025414022e-03
9.280566506002929303e-03
9.204894538649244923e-03
9.128481193611717726e-03
9.051402322298186462e-03
8.973731866036924881e-03
8.895541788397381966e-03
8.816902018128396079e-03
8.737880401502513480e-03
8.658542663630204583e-03
8.578952378275711901e-03
8.499170945395167001e-03
8.419257576035959686e-03
8.339269283999761057e-03
8.259260883874896056e-03
8.179284994763291045e-03
8.099392049730574222e-03
8.019630309942042332e-03
7.940045883469006027e-03
7.860682748286515129e-03
7.811252473578585501e-03
7.790978058799616704e-03
7.766790519588913540e-03
7.738798336500671803e-03
7.707115632755721576e-03
7.671861471414686239e-03
7.675737898176322564e-03
7.722596721057667542e-03
7.763925791331216346e-03
7.799709685724805219e-03
7.829951512670870958e-03
7.854671876124754912e-03
7.873907828202101819e-03
7.887711815414196609e-03
7.896150627472738048e-03
7.899304351518652081e-03
7.897265338344748586e-03
7.890137184705726600e-03
7.878033735677530611e-03
7.861078110592136653e-03
7.839401755828645513e-03
7.813143527041150130e-03
7.782448803035435861e-03
7.747468633229693050e-03
7.708358920222422792e-03
7.665279638783779881e-03
7.618394092109645119e-03
7.567868205570302265e-03
7.514267417690592005e-03
7.458800015327136934e-03
7.400144894439213659e-03
7.338470930753766309e-03
7.273946858034458472e-03
7.206740780359676725e-03
7.137019719647234688e-03
7.064949198751334890e-03
6.990692858445694477e-03
6.914412107037934060e-03
6.836265802513511597e-03
6.756409965022631796e-03
6.692923771775037035e-03
6.677072715574930949e-03
6.660605686570566890e-03
6.643541856680388290e-03
6.625900295116669489e-03
6.607699938085095578e-03
6.588959561496035566e-03
6.569697755731497557e-03
6.549932902858739657e-03
6.529683155796936651e-03
6.508966419734587075e-03
6.487800335325746501e-03
6.466202263686998339e-03
6.444189273368839191e-03
6.421778128841695507e-03
6.398985280430855883e-03
6.375826855761338764e-03
6.352318652801025069e-03
6.328476133893772351e-03
6.304314421147603001e-03
6.279848292810557252e-03
6.255092181054215314e-03
6.230060170194205889e-03
6.204765996287923795e-03
6.179223047293542527e-03
6.153444364086178842e-03
6.127442642206504426e-03
6.101230234182698428e-03
6.074819152450025225e-03
6.048221072996009737e-03
6.021447339163883694e-03
5.994508966110759056e-03
5.967416645563690739e-03
5.940180751169438916e-03
5.912811343539998120e-03
5.885318176372450992e-03
5.857710702142237928e-03
5.829998078254447491e-03
