1.974571641231825381e-01
1.972555880208916868e-01
2.000087415045014305e-01
2.002152290551161007e-01
2.020447828216331287e-01
2.047342178214448805e-01
2.083628281055232012e-01
2.135313900145387189e-01
2.466205861395106003e-01
2.222628267672413782e-01
2.690576493422781601e-01
2.675941872589507331e-01
3.578832538020208509e-01
4.294961171410399681e-01
3.238125979022146161e-01
3.289175391467244469e-01
4.010959324579367880e-01
4.917077634555792609e-01
5.244327659822847210e-01
5.718480614129795025e-01
6.676802223536715264e-01
7.355031864632344263e-01
6.486984545757732423e-01
9.120704922560953776e-01
7.648841034157731755e-01
7.325224192915438248e-01
8.089811240566281425e-01
9.163038954723621288e-01
9.752055448934873194e-01
8.451127999240497513e-01
5.769578030931609147e-01
4.065178142048526122e-01
3.326360229670695667e-01
3.194277965428395927e-01
3.200100935689236259e-01
3.701131934438395277e-01
4.279129160541035870e-01
4.196182191405697370e-01
3.979965120763548914e-01
3.754766445057576285e-01
4.263194256317845432e-01
4.469304759045288344e-01
4.476093605527845520e-01
5.133602411175417490e-01
5.052619544387531025e-01
5.078696798726909378e-01
4.504898349687277426e-01
4.169983569420355751e-01
4.767144940583501467e-01
5.168091719689164032e-01
5.037179400200713086e-01
4.875486221361321482e-01
5.021955889398398432e-01
5.436380218338581205e-01
6.099504097945632752e-01
6.797569458823636834e-01
7.068830538568696698e-01
6.845096436774846804e-01
6.612081290823877966e-01
6.958253531721159124e-01
7.107797751869298075e-01
7.099704018610746292e-01
7.167450572104788753e-01
8.746900544774315334e-01
9.984092941069763194e-01
1.072256532588224065e+00
1.093539352428275047e+00
1.129142181676723977e+00
1.161188141255991457e+00
1.070443757055718148e+00
1.179979214690473954e+00
1.205867916663266648e+00
1.190644230540151893e+00
1.062210903062630774e+00
1.081391988769017765e+00
1.039170114947528756e+00
1.039830351651180651e+00
1.106233205623817772e+00
1.189141765123079120e+00
1.212726885278553768e+00
1.147107432401978988e+00
1.025637909245710411e+00
8.990124083343127293e-01
7.595764245120624203e-01
6.300384405361005857e-01
5.291357113737084061e-01
4.808977129920601334e-01
4.525686830820108697e-01
4.416391347387241817e-01
4.425577573586664260e-01
4.554410380925951185e-01
4.650266199431040137e-01
4.583085269363240122e-01
4.315167398742718596e-01
3.945222239131375153e-01
3.606472306541217421e-01
3.258654408796325952e-01
2.987126215340815683e-01
2.840417876467480895e-01
2.794278736294021903e-01
2.782798814446987290e-01
2.740401817772442628e-01
2.754307638907294020e-01
2.755181058283739381e-01
2.646299543685811662e-01
2.586523258292854899e-01
2.433702691536722973e-01
2.241433804254635287e-01
2.056393356033529574e-01
1.971029196160608288e-01
1.852707219690752916e-01
1.870908501096963106e-01
1.909141522381253286e-01
1.923290966996279716e-01
1.904787878423403191e-01
1.872005265247349559e-01
1.834128219585846598e-01
1.774847621480964699e-01
1.696999225008881673e-01
1.611056155215628838e-01
1.529067620049906484e-01
1.431704434848311003e-01
1.326089426978357966e-01
1.221212715242466634e-01
1.126739539746483693e-01
1.051104383659843960e-01
9.996473719335878527e-02
9.726073221054433449e-02
9.651922768544508868e-02
9.733996254666413273e-02
1.002335015333613299e-01
1.032873093890070565e-01
1.056848921416797815e-01
1.069821972010162187e-01
1.066140628054433187e-01
1.044064694469981625e-01
1.009549524885644117e-01
1.026292010461264115e-01
1.027545017681120720e-01
1.012199732069079261e-01
9.811936826973831349e-02
9.353363233515696318e-02
8.767519206468928072e-02
8.088110997290035020e-02
7.513020126621891559e-02
7.358007028543847583e-02
7.199488033529720388e-02
7.036828721008848986e-02
6.867668940631524443e-02
6.693696570649200484e-02
6.521161095942532016e-02
6.344694492063274183e-02
6.165276289683667421e-02
5.986414375231578072e-02
5.923260236057099198e-02
5.932554802246082365e-02
6.219883751488918672e-02
6.548561719136591908e-02
6.791433211404264425e-02
6.923933795598409546e-02
7.023894413443111662e-02
7.194659992010607463e-02
7.284938875434901484e-02
7.293394321474547248e-02
7.220508946199906408e-02
7.068763324187156416e-02
6.846536880806748659e-02
6.559523418077514711e-02
6.213875864308123637e-02
6.106755306827793550e-02
6.080928289403784298e-02
6.026253573377216705e-02
5.917195785752764337e-02
5.758946790107120905e-02
5.556846939846970396e-02
5.320576901103679646e-02
5.052528809711752389e-02
4.757657697625407300e-02
4.545233004059464482e-02
4.432386191912462275e-02
4.316311367717950986e-02
4.193096253209432217e-02
4.086354257302860643e-02
3.996613333627037357e-02
3.896556736019935602e-02
3.790445140218984960e-02
3.675574145004277538e-02
3.553609428479487242e-02
3.427347522814337688e-02
3.299576369204628573e-02
3.168568119181547349e-02
3.035543938689401477e-02
2.938696883599404078e-02
3.062266342148606962e-02
3.176904289960803124e-02
3.270100934496309592e-02
3.334197846597258819e-02
3.363682238952803855e-02
3.355928513516054368e-02
3.307457192692411091e-02
3.221907966480700575e-02
3.304650798515022803e-02
3.369867536218483506e-02
3.445058590424515677e-02
3.527004792189376847e-02
3.592597300534081106e-02
3.641046880408887326e-02
3.694189600529210887e-02
3.728729182403432707e-02
3.732111911936066007e-02
3.703800684301526702e-02
3.649538784716181705e-02
3.591181396498449585e-02
3.532626453488974666e-02
3.463060606951231385e-02
3.385535339761712448e-02
3.298963180677855211e-02
3.204994395970581222e-02
3.105252980663218698e-02
3.002259521151843732e-02
2.897503713030494948e-02
2.791113958827225183e-02
2.684406329084648365e-02
2.578585542983944517e-02
2.484161680991850418e-02
2.462254548603313650e-02
2.435958239587994456e-02
2.405654860288957558e-02
2.373125542536787258e-02
2.337370277033054555e-02
2.298650062402811042e-02
2.257331389002413535e-02
2.213771800777441373e-02
2.168361496959265999e-02
2.122352691317337670e-02
2.075003262173221938e-02
2.026620034835218201e-02
1.977494522863334353e-02
1.927902212907164556e-02
1.878102047325617627e-02
1.828336084937062442e-02
1.778829321424843860e-02
1.729789652310911863e-02
1.681407962357319569e-02
1.633858326548605355e-02
1.587298308776393177e-02
1.571301296549365220e-02
1.579324825901476034e-02
1.588028515661595377e-02
1.596658916132021044e-02
1.604486450570447031e-02
1.610823549087863835e-02
1.615039985059347691e-02
1.616575348564160478e-02
1.614948669221263206e-02
1.609765267724735244e-02
1.600720971670714296e-02
1.588487633589729525e-02
1.574653671195904228e-02
1.576517833915929562e-02
1.576743786769184766e-02
1.575241754157068880e-02
1.571945384140546742e-02
1.566810571473525524e-02
1.559814178753673140e-02
1.550952678765715048e-02
1.540240738973275986e-02
1.527709767549059738e-02
1.513423404931300321e-02
1.497943301184721972e-02
1.480808904632710706e-02
1.462100578907115853e-02
1.441908452468145148e-02
1.420331039150108526e-02
1.397473903837471131e-02
1.373448379974464596e-02
1.348370344378058833e-02
1.322359053745689357e-02
1.295536046191234254e-02
1.272054696737785935e-02
1.255839208586287219e-02
1.238726241392346973e-02
1.220788822697896694e-02
1.221591882076116138e-02
1.228503636333086110e-02
1.234425392653851553e-02
1.239318870699797348e-02
1.243153582969237433e-02
1.245906575967996484e-02
1.247562145482858029e-02
1.248111529669693187e-02
1.247552583434910489e-02
1.245889437406890420e-02
1.243132144495144413e-02
1.239296316866542354e-02
1.234402756064444800e-02
1.228477078578360006e-02
1.221549339224503247e-02
1.213653654376793158e-02
1.204868756448406256e-02
1.195509050090188922e-02
1.185292109828342370e-02
1.174263641741938799e-02
1.162471688915872256e-02
1.149966287517121925e-02
1.136799132545084426e-02
1.123023254185731394e-02
1.108692705679968117e-02
1.093862263378554342e-02
1.078587139730011538e-02
1.062922709642433010e-02
1.046924250756612121e-02
1.036332474581947750e-02
1.035348877416534044e-02
1.033924588438547842e-02
1.032059319798808023e-02
1.029754074402416779e-02
1.027011087680777465e-02
1.023833768891445860e-02
1.020226642089236413e-02
1.016195286913894151e-02
1.011746279338329897e-02
1.006887132539629678e-02
1.001626237998228322e-02
9.959728069764769640e-03
9.899368124939782881e-03
9.835289319183928083e-03
9.767604902850229517e-03
9.696434044688321055e-03
9.621901282956795559e-03
9.544135986809818353e-03
9.463311205147588445e-03
9.381076350983653944e-03
9.295968515942701696e-03
9.208129521302652748e-03
9.117703700002038544e-03
9.024837432944698284e-03
8.929678701112286204e-03
8.832376652831952848e-03
8.733081187791454439e-03
8.631942557125986057e-03
8.529110980536195111e-03
8.424736280526100990e-03
8.318967533979445758e-03
8.211952741037635561e-03
8.103838511766988523e-03
7.994769769926484207e-03
7.884889475086944571e-03
7.774338361163479760e-03
7.663254693356972951e-03
7.551774041493661618e-03
7.440029070840775867e-03
7.328149349536664317e-03
7.216261172474732269e-03
7.104487401345081776e-03
6.992947320635736937e-03
6.881756508968682462e-03
6.771026725382017775e-03
6.660865810670241194e-03
6.551377602408241067e-03
6.442661863879793789e-03
6.389953262593226109e-03
6.345781554277929101e-03
6.373789428493724374e-03
6.403668282363413414e-03
6.431476814872805724e-03
6.457130572062704660e-03
6.480553431147116281e-03
6.501677440030570986e-03
6.520442641196343841e-03
6.536796880058060380e-03
6.550695600411938525e-03
6.562101627533257001e-03
6.570984940673046601e-03
6.577322436233511149e-03
6.581097682458843939e-03
6.582300667768075340e-03
6.580927543051499039e-03
6.576980359183095225e-03
6.570466801459947520e-03
6.570385918597620480e-03
6.609715534971480691e-03
6.648416442779078901e-03
6.686368705186707465e-03
6.723458451863712111e-03
6.759577902391226967e-03
6.794625370172136317e-03
6.828505248958864279e-03
6.861127981534498495e-03
6.892410012829482124e-03
6.922273728253122357e-03
6.950647377420886980e-03
6.977464985987567696e-03
7.002666254499428748e-03
7.026348268633225876e-03
7.048908677048398679e-03
7.069727108896000332e-03
7.088763017591242360e-03
7.105980908947402176e-03
7.121350192237612363e-03
