1.780721538857459318e-01
1.776277433399476025e-01
1.782072940915407355e-01
1.774805878870462650e-01
1.798572788350146778e-01
1.825854361200039688e-01
1.865506258407670648e-01
2.158196010263218612e-01
2.029814932770319935e-01
2.774039744796126805e-01
2.903877180820316761e-01
3.324138006233567921e-01
3.191211462146132938e-01
4.854353110243326275e-01
3.691806679426142268e-01
4.302215528487853824e-01
3.459152235605295056e-01
5.003088934348559613e-01
4.277725701449328621e-01
5.257049725938361950e-01
5.027927533522351666e-01
6.137887173322114087e-01
6.724652222416961367e-01
5.893183336827103602e-01
7.497556642995594212e-01
9.338417930500401143e-01
7.609973123911464299e-01
8.355185485508233034e-01
7.670853100709590366e-01
8.058008964042577826e-01
9.607133563499311579e-01
9.527531491874031699e-01
5.949443065736319536e-01
4.164034908239698241e-01
3.406231703999669791e-01
3.275579323373288831e-01
3.301314335216867235e-01
3.425991997547749301e-01
3.352776051538824409e-01
3.182347324454689597e-01
3.441816433158023103e-01
3.051502213950815223e-01
3.448848903359713058e-01
3.725247112661386750e-01
3.337402227881812178e-01
2.733299877857013893e-01
3.162572006120100698e-01
3.831873594252676041e-01
4.378560519025096465e-01
4.384747555404586716e-01
4.574062969644850374e-01
4.579816318503729944e-01
4.980324804096534219e-01
5.858359410468227946e-01
5.660538529805785313e-01
6.194166964325046321e-01
6.739833669063747257e-01
6.725412026510437791e-01
6.593898137206369858e-01
6.265511568463458802e-01
5.918107343496304962e-01
5.776107986591820787e-01
6.685948929048928235e-01
7.689240846125106055e-01
8.433669311302477434e-01
8.595516041798406670e-01
8.669204124132140477e-01
9.100500553237086399e-01
8.819675214720333889e-01
8.599843516510102814e-01
8.654387681960293843e-01
8.929022949510294627e-01
1.048263642152640784e+00
1.199499103304150216e+00
1.205252959997185291e+00
1.122937701877376515e+00
1.033109240299985743e+00
9.186302252702750470e-01
9.684294771888269926e-01
1.017531447766981678e+00
1.034368089615732567e+00
1.013658851753628021e+00
9.695638582085601698e-01
1.083731064555323309e+00
1.187248179299741579e+00
1.253043784852013731e+00
1.292264006854940472e+00
1.253645848688714981e+00
1.149785265650116184e+00
1.011671342982740640e+00
8.563501091724383674e-01
7.717655251684639728e-01
7.020523847576152221e-01
6.460933413951104320e-01
5.901257846905926252e-01
5.381227314441147103e-01
4.898656110423252885e-01
4.532178187427856053e-01
4.267614985245948844e-01
4.145808134767375863e-01
4.059043336452733408e-01
3.919213644592123846e-01
4.041412176886113872e-01
4.036808310348232176e-01
3.815172812299135185e-01
3.500905299340508758e-01
3.157388645125988047e-01
2.987703153000841327e-01
2.826223022401266327e-01
2.636755453333232690e-01
2.424946046262657084e-01
2.215240564467483853e-01
2.128219022174820951e-01
2.031527456454360892e-01
2.147189636196215334e-01
2.257250842517496414e-01
2.300678960311837717e-01
2.272517778025798518e-01
2.225645903835454242e-01
2.219196541742237128e-01
2.170244221028102549e-01
2.092344323623888946e-01
1.998391375513101920e-01
1.897401996584976158e-01
1.794682495031806047e-01
1.693043104698404577e-01
1.596504605363864848e-01
1.504347694084119669e-01
1.440813519375696572e-01
1.404791385784251723e-01
1.374322099588604351e-01
1.351752180819787708e-01
1.337786868380176630e-01
1.332669451700568275e-01
1.332756110607340727e-01
1.334880764529058628e-01
1.334123128197519381e-01
1.325055230804286222e-01
1.303246262483359896e-01
1.265163436673573116e-01
1.208627006677582411e-01
1.141692229688878457e-01
1.154908078552708967e-01
1.152166105462916201e-01
1.149619807049715586e-01
1.141986404713045411e-01
1.122761538710490281e-01
1.092638898199069508e-01
1.052733690384873855e-01
1.004485949083062102e-01
9.495537085906700925e-02
9.295403202228377793e-02
9.153525616430811807e-02
8.976608272435018798e-02
8.760756784595025159e-02
8.513919568245090219e-02
8.253812773097363165e-02
7.981780404187764633e-02
7.704589180412495242e-02
7.430028397487092873e-02
7.164739387279560334e-02
6.914080884261840365e-02
6.682072169379119075e-02
6.471702696162189017e-02
6.283738173684648431e-02
6.118708712490635721e-02
5.976290662968682110e-02
5.854764968932726910e-02
5.752004172284795602e-02
5.665436388323644851e-02
5.592221086071431230e-02
5.529409978355475513e-02
5.474088178714484054e-02
5.423492510580110032e-02
5.375105428489874299e-02
5.326724378416564099e-02
5.277303374081859788e-02
5.225442244374651352e-02
5.169359261903989228e-02
5.108308727227935803e-02
5.041898994673178064e-02
4.970059444709863661e-02
4.892999826874065705e-02
4.811164784149255663e-02
4.725186087574387295e-02
4.635834772610122889e-02
4.543975002322332701e-02
4.450521107786980374e-02
4.356398890667773777e-02
4.262511930530386156e-02
4.169713329128636736e-02
4.079061634429431704e-02
3.991058544685275461e-02
3.906044372857648411e-02
3.824516829261764839e-02
3.746863152170205186e-02
3.673360613287574711e-02
3.604180310973047890e-02
3.539393646157071305e-02
3.479014258618223082e-02
3.423198810953616278e-02
3.371488796066498400e-02
3.323641243035713871e-02
3.279368544957046716e-02
3.238349963201819087e-02
3.200242540769368538e-02
3.200717285179738997e-02
3.229253473340222558e-02
3.253929698671916698e-02
3.274628348897178770e-02
3.293028593491477418e-02
3.307329030080262411e-02
3.316851876968324175e-02
3.321228489149183338e-02
3.320094992460034811e-02
3.315337079682234567e-02
3.304795531980173756e-02
3.287908057808673623e-02
3.264525952442953044e-02
3.235999439757972912e-02
3.202104817162020750e-02
3.161750961778003050e-02
3.115145354762059379e-02
3.063579186178152711e-02
3.007720421963992752e-02
2.946585973625392638e-02
2.880663670678809685e-02
2.810659283691224058e-02
2.738616892855450305e-02
2.663310023895871029e-02
2.585333226906766022e-02
2.505281056497844078e-02
2.423738035002371075e-02
2.353383961937730723e-02
2.323888991575765589e-02
2.318518964315750483e-02
2.301837100496123556e-02
2.308648780536098899e-02
2.320658579681339484e-02
2.328509565932865288e-02
2.332354290870133212e-02
2.332366874850567984e-02
2.329618431588387564e-02
2.323845774518728396e-02
2.314807930817074089e-02
2.302719047338766534e-02
2.287796868737201547e-02
2.270799622256949174e-02
2.251979174277225770e-02
2.230921485736675480e-02
2.207836457406863948e-02
2.182929534740471120e-02
2.156400912582766283e-02
2.128444962572976357e-02
2.099659550492440421e-02
2.070180026582333840e-02
2.039759394498389528e-02
2.008566827155903317e-02
1.976764987703087673e-02
1.944509992495379452e-02
1.911951379239149387e-02
1.879232066753752997e-02
1.846488296970415569e-02
1.813849553797246272e-02
1.781438457080715063e-02
1.749370632642526305e-02
1.717754561991694656e-02
1.686691417066002452e-02
1.656274886736721491e-02
1.626591002764180699e-02
1.597782694817830723e-02
1.569877780651117438e-02
1.542886815390547527e-02
1.516866294339012759e-02
1.491864457776506496e-02
1.467921259172142931e-02
1.445068379982740979e-02
1.426030992851270128e-02
1.415227833511468157e-02
1.404326408801566915e-02
1.393324991096686095e-02
1.382222430211166482e-02
1.371018170519457992e-02
1.359712261110908142e-02
1.348305359379938992e-02
1.336798728534605366e-02
1.325194229515326561e-02
1.313494307833521467e-02
1.301701975842903779e-02
1.289820790945601058e-02
1.277854830261031249e-02
1.265808662238961969e-02
1.253687315705266300e-02
1.241496246783091624e-02
1.229241304161168835e-02
1.216928693106570161e-02
1.204564938582247148e-02
1.198517074206203667e-02
1.194208754856031923e-02
1.190124271093364640e-02
1.186204583075851741e-02
1.182392796421581453e-02
1.178634473140634763e-02
1.174877906303125642e-02
1.171074358120402850e-02
1.167178261565927216e-02
1.163147385958635330e-02
1.158942967327721701e-02
1.154529804611025348e-02
1.149876323062482171e-02
1.144954606414126490e-02
1.139740399592668527e-02
1.134213083845129685e-02
1.128400948844823608e-02
1.122334751107161022e-02
1.115916637911514367e-02
1.109139046939849535e-02
1.101997606762714424e-02
1.094490995636734562e-02
1.086620787369854679e-02
1.078391286360103757e-02
1.069809353861764928e-02
1.060884227378139540e-02
1.051627335111274611e-02
1.042052107104432176e-02
1.032173784830651107e-02
1.022009230637596806e-02
1.011576738525240757e-02
1.000895847463843281e-02
9.899871584748367107e-03
9.788721564074885986e-03
9.675730373729811429e-03
9.561125426628909463e-03
9.445137996935502184e-03
9.328001706626476777e-03
9.209951093394511817e-03
9.091220262962870780e-03
8.972041629279890393e-03
8.852644743839512345e-03
8.791109512688456001e-03
8.759122439055090290e-03
8.725436613507019101e-03
8.690058231846205933e-03
8.652999775775953653e-03
8.614279614123275530e-03
8.573921606659215891e-03
8.531954712021411896e-03
8.488412601485731748e-03
8.443333279548295017e-03
8.396758712931303228e-03
8.348734468356936583e-03
8.299309361060930659e-03
8.248535113688528625e-03
8.196466026964862109e-03
8.143158662465125458e-03
8.088671537923721594e-03
8.033064835278274848e-03
7.976400122060720715e-03
7.918740085918538410e-03
7.860148282572712586e-03
7.800688897148152709e-03
7.775879192783431877e-03
7.759371421010395967e-03
7.742458566371067906e-03
7.725134372979270553e-03
7.707393782323115027e-03
7.689232873241157173e-03
7.670648803087480594e-03
7.651639750366794751e-03
7.632204858853392990e-03
7.612344183216165384e-03
7.592058636173135491e-03
7.571349937320053826e-03
7.550220563555886701e-03
7.528673701165667677e-03
7.506713199413959231e-03
7.484343526094738158e-03
7.461569724467695397e-03
7.438397371940247936e-03
7.414832540499251799e-03
7.390881758518832133e-03
7.366551974381295095e-03
7.341850521592740812e-03
7.316785085498906695e-03
7.291363671340571166e-03
7.265594574012607630e-03
7.239486349194398929e-03
7.213047785820969268e-03
7.186287880028469771e-03
7.159215810355252542e-03
7.131840914286847154e-03
7.104172666024402040e-03
7.076220655442766287e-03
7.047994568347377975e-03
7.019504167618055915e-03
6.990759275681937383e-03
6.961769757875917869e-03
6.932545506831941026e-03
6.903096427976334985e-03
6.873432425627381062e-03
