1.437861614391448273e-01
1.439014988788041571e-01
1.464870100368627637e-01
1.458202302902067704e-01
1.454819515634342142e-01
1.471666686590540896e-01
1.865882335854939789e-01
2.058827611400104174e-01
2.784973673926166016e-01
2.477720242143691964e-01
2.712434291044742429e-01
2.650417972918845955e-01
3.339936298337921605e-01
3.935961942077533804e-01
3.662212585650634344e-01
4.427768963002123859e-01
3.963025117891197935e-01
4.278355716288617105e-01
4.895927381175680382e-01
5.506319739216249953e-01
7.292526274796229391e-01
3.755182746575271846e-01
3.900376201375655438e-01
4.898595056875754694e-01
4.388083627549775323e-01
4.566045930289142629e-01
3.796915865545423263e-01
3.345600726549359805e-01
4.369903597015115104e-01
4.812897886612435006e-01
4.088182324392343747e-01
4.171125888932562531e-01
3.596817730189001416e-01
3.931831503577017384e-01
4.140612658926928202e-01
5.333844605791302484e-01
5.845109261737514439e-01
5.662496357071871156e-01
6.044471456745723614e-01
6.021700153863570604e-01
6.014384987605521093e-01
5.869018150499509812e-01
7.302334549475935077e-01
7.130299715821856177e-01
6.681344585109996181e-01
8.084403540600922922e-01
6.972745751685945903e-01
6.560999913943681427e-01
7.760686352295818047e-01
7.497380496587464638e-01
8.896026332244881818e-01
1.210481570971424059e+00
1.176607210887980814e+00
9.983700284702969885e-01
1.128114068360796418e+00
1.153403787490744570e+00
1.011318761724691262e+00
1.130374380261183642e+00
1.276882748917418819e+00
1.324115397622201318e+00
1.239425067943267900e+00
9.866343022924135564e-01
9.748933520943910969e-01
1.063686315964242679e+00
1.004202164636748718e+00
8.013067222262757472e-01
7.343629036111989361e-01
7.837167628745972392e-01
8.408282133935964797e-01
8.277934515181228914e-01
7.766515023633902004e-01
7.039622682560960909e-01
6.165260708813381507e-01
5.693995642035962756e-01
5.444698660649176514e-01
5.053528823275029724e-01
4.635161113900765906e-01
4.610358155894705989e-01
4.779522846299218974e-01
5.006551294678164288e-01
4.950258277373954519e-01
4.666779309428710221e-01
4.786489919302663321e-01
4.652148495116303351e-01
4.035936486540189216e-01
3.779441312268265740e-01
3.539199153352296512e-01
3.582778370107496113e-01
3.430807425184567716e-01
3.023484965031601468e-01
2.811399491915745341e-01
2.729519496096782794e-01
2.636650110343150000e-01
2.523984992225528079e-01
2.351730517997115966e-01
2.336076279537259714e-01
2.274727969442777997e-01
2.163537368142532669e-01
2.020484099631018049e-01
1.865803727522576672e-01
1.870559770420018308e-01
1.864357046001305918e-01
1.810486057430872597e-01
1.793634315045917749e-01
1.874243971264432096e-01
1.930325929789353523e-01
1.879723265992920833e-01
1.719738807079058129e-01
1.563369718798890140e-01
1.475888584295138306e-01
1.477361934216726014e-01
1.494892340232467642e-01
1.443844338924792636e-01
1.357932299352804517e-01
1.246085303413626416e-01
1.124830954811221334e-01
1.052772073581276224e-01
1.047725630493649418e-01
1.037524569228344823e-01
1.023271722405610373e-01
1.005189048483587644e-01
9.833444389139747721e-02
9.590265601145137042e-02
9.315422858523743355e-02
9.026422676332253314e-02
8.714748732584634561e-02
8.395780225129995111e-02
8.065106459647468362e-02
7.731025105127214969e-02
7.396591145859704453e-02
7.060301646676614418e-02
6.811851068918316210e-02
6.681483052205237916e-02
6.548687266362646087e-02
6.407982489977927243e-02
6.261867260690988368e-02
6.118296917975597771e-02
5.974835685435242461e-02
5.831189945905154021e-02
5.688886493605656985e-02
5.549384460603253716e-02
5.536408321383903819e-02
5.563614168967524753e-02
5.561268390387875266e-02
5.534315167494991555e-02
5.481186480863247529e-02
5.411235706964750286e-02
5.317156578149184049e-02
5.209893515310457662e-02
5.085067174236605758e-02
4.941989485355025025e-02
4.791671966922620568e-02
4.626418069591166360e-02
4.447807698175272606e-02
4.263182436274284143e-02
4.136918212534295564e-02
4.052348254636540387e-02
3.943499379981085101e-02
3.808717661753831946e-02
3.675810078899935385e-02
3.592519775290552164e-02
3.508512232417456550e-02
3.423797696007231661e-02
3.574902481504357854e-02
3.730411183417032400e-02
3.795122742474825450e-02
3.826249639637623740e-02
3.987255412087249012e-02
4.083529569120711300e-02
4.118186545669018372e-02
4.086814807472251287e-02
4.002942757220376985e-02
3.865756795433313714e-02
3.690029867700388849e-02
3.723831285181912476e-02
3.730811304280730323e-02
3.707176242350600920e-02
3.658977124650721752e-02
3.594617864474050628e-02
3.513948026679997866e-02
3.421721426428049606e-02
3.322280024810419369e-02
3.222530041215840302e-02
3.121477136510216258e-02
3.021378500790882979e-02
2.923789667657573574e-02
2.829626943664477132e-02
2.739258097222231625e-02
2.652610164703280218e-02
2.569284263491851406e-02
2.488668798245427527e-02
2.410804612021413829e-02
2.334451390326107087e-02
2.258596028533142036e-02
2.182672260963504363e-02
2.106261030984170682e-02
2.029113415771123183e-02
1.987065157542516891e-02
2.002892298105637264e-02
2.016106499258913526e-02
2.026217366761694227e-02
2.032770906096758798e-02
2.035376099590367402e-02
2.033724631521784468e-02
2.027603842491665365e-02
2.016903330594620875e-02
2.002947957284985717e-02
1.984857234082106764e-02
1.962392524191566498e-02
1.935803733111719771e-02
1.905410244963018015e-02
1.871587055528444246e-02
1.834750371635895938e-02
1.795343341147454669e-02
1.753822459036800605e-02
1.710662669942805691e-02
1.667237700365678879e-02
1.622916308838173727e-02
1.578102080820092956e-02
1.533166344264268524e-02
1.488443549176489411e-02
1.444228225364582383e-02
1.413977195769932499e-02
1.384704900749423109e-02
1.355371650377373144e-02
1.326159641875633913e-02
1.297226050125283719e-02
1.268703118512877655e-02
1.240698768890107113e-02
1.213297637679911986e-02
1.186562449523286336e-02
1.162603168070486248e-02
1.145247107256769543e-02
1.128721337372325453e-02
1.116278424299941598e-02
1.115332216135153133e-02
1.112512900180156680e-02
1.109832333357672549e-02
1.111397456008485392e-02
1.110581523726463828e-02
1.107645550308861311e-02
1.102186161078148006e-02
1.094278442001321051e-02
1.083998595068444946e-02
1.071423010135285833e-02
1.072669695558372063e-02
1.096127239719327066e-02
1.117459830948143613e-02
1.136641135766000739e-02
1.152922809712496853e-02
1.166042657518167117e-02
1.175770057415637462e-02
1.182626958330824929e-02
1.186010055039856889e-02
1.185543251975971005e-02
1.181145565999378033e-02
1.173498604727816509e-02
1.162200383587695847e-02
1.146998358912237025e-02
1.128007171493178307e-02
1.105822711942259541e-02
1.080686548888701130e-02
1.076110147824946468e-02
1.096494073370704765e-02
1.111188610142772870e-02
1.120576995748121148e-02
1.124739566980773910e-02
1.123162701286943219e-02
1.116053393747807113e-02
1.103729423399802019e-02
1.105454349744396797e-02
1.109200259619215478e-02
1.112231954919992889e-02
1.114500225169799685e-02
1.115959556049816830e-02
1.116568519962817842e-02
1.116290117877898926e-02
1.115092070898704261e-02
1.112947060712531945e-02
1.109832918584458504e-02
1.105732763155625048e-02
1.100635087799315716e-02
1.094533798818812971e-02
1.087523879152535282e-02
1.079833218558388756e-02
1.071146449054077160e-02
1.061477167751433137e-02
1.050843963664566637e-02
1.039270216671578199e-02
1.026783865206716724e-02
1.013417146142353217e-02
9.992063104476733501e-03
9.841913181577698067e-03
9.684155162637084202e-03
9.519253030814753616e-03
9.347697825152332177e-03
9.170004116107806358e-03
8.986706446014052635e-03
8.798355765099989331e-03
8.605515891777017895e-03
8.408760024521576976e-03
8.211834640236311336e-03
8.310757303872744889e-03
8.385060813167859173e-03
8.436540470933173719e-03
8.459096654734151594e-03
8.450092853270545559e-03
8.408253722177830639e-03
8.332911057415711212e-03
8.223992641118534411e-03
8.087905882307400152e-03
7.974353393730898576e-03
7.911186191035939411e-03
7.836401738830515648e-03
7.750530697752056920e-03
7.687614205856589319e-03
7.734185672950293772e-03
7.774087043485558741e-03
7.807914134316053939e-03
7.836888722898237986e-03
7.859210631975300371e-03
7.874921339208449528e-03
7.884084560094737487e-03
7.886784974749804292e-03
7.894822076731707050e-03
7.993792723629719946e-03
8.069822854982049501e-03
8.127538223352307259e-03
8.162250132071441691e-03
8.174043724027833108e-03
8.163357235537075512e-03
8.130838228219900918e-03
8.077325144074677318e-03
8.006249419056102323e-03
7.918505676081565026e-03
7.813009986114591993e-03
7.691137402563263774e-03
7.554354098053956551e-03
7.404196660378207021e-03
7.242251936581283779e-03
7.100266409620623054e-03
7.017038240919147227e-03
6.932812672636180264e-03
6.846209365295293815e-03
6.757372539986108116e-03
6.666531365917989331e-03
6.573910718671995695e-03
6.479730620747134635e-03
6.384205736419061583e-03
6.287544920009520769e-03
6.189950815432402643e-03
6.091619506269289018e-03
5.992740213698324533e-03
5.893495041233494380e-03
5.794058763393751359e-03
5.746741743739906989e-03
5.723166636235414197e-03
5.698943801112060954e-03
5.674106720654640071e-03
5.648688463592395174e-03
5.622721640592951743e-03
5.596238363090854165e-03
5.569270205990372626e-03
5.541848173295366164e-03
5.514002667197899846e-03
5.485763460343200462e-03
5.457159671016697557e-03
5.428219741195054737e-03
5.398971417473742880e-03
5.369441734599178333e-03
5.339657001434905403e-03
5.309642789486727563e-03
5.279423923692772545e-03
5.249024475212621561e-03
5.218467756514585422e-03
5.187776318231305736e-03
5.156971947875283249e-03
5.126075670323555246e-03
5.095107749818869949e-03
5.064087693630383268e-03
5.033034256856427219e-03
5.001965448727110734e-03
4.970898540133703025e-03
4.939850072016150825e-03
4.908835865132147626e-03
4.877871030398070983e-03
4.846969980336329059e-03
4.816146441136728157e-03
4.785413465498805814e-03
4.754783446050470271e-03
4.724268129350971991e-03
4.694137259261258431e-03
4.664190550732595295e-03
4.634379445556913515e-03
4.604713533436345305e-03
4.575201830868322155e-03
4.545852796904326781e-03
4.516674348977777267e-03
4.487673878935624118e-03
4.458858269087451545e-03
