1.187667073504541787e-01
1.189887274748297058e-01
1.218887450137226408e-01
1.193709500114660260e-01
1.195408776531518696e-01
1.201820995246817847e-01
1.216420665450896194e-01
1.288436623622695731e-01
1.778548667300470509e-01
1.610321623248491818e-01
1.553803116256856076e-01
2.047510290415195944e-01
3.234574887979861924e-01
2.886533233239154117e-01
2.903374900978576978e-01
3.061367167663290312e-01
2.483467943890686758e-01
2.608574756474229539e-01
2.533793575049218538e-01
3.459225813656928161e-01
3.340500569294368449e-01
2.884953924457502317e-01
3.620887003990203579e-01
3.008252800657975623e-01
4.156963242810333692e-01
5.186789298113477775e-01
6.346961958423259498e-01
5.775502493458036790e-01
4.166233990999566594e-01
3.977334097450798689e-01
4.168052284380151518e-01
3.420368546371324037e-01
3.743525102160524809e-01
2.844976557107506410e-01
2.504110083404464393e-01
2.498574648810578391e-01
3.018748930648073592e-01
2.938410037167876188e-01
2.562202720127482181e-01
2.975978915550921422e-01
3.010734104129533795e-01
2.623644949674430182e-01
2.724426882034035047e-01
2.850628771938677475e-01
2.932861969309681349e-01
3.310453278019306333e-01
3.174058226077398626e-01
3.581788977015984976e-01
4.158866086901756298e-01
4.476324040566726503e-01
3.787009629826432744e-01
3.871043126186249905e-01
3.788321574111320200e-01
4.124491269646858860e-01
4.333029031573945034e-01
4.300042731629730164e-01
4.228779440265770240e-01
4.040000526475246989e-01
3.878037394059672405e-01
3.708611323623461908e-01
3.926977649906495671e-01
4.222604318248543986e-01
3.817625497225177744e-01
4.116018263178898851e-01
4.431048865183314645e-01
4.670767534950627797e-01
4.837724732720484200e-01
4.998716370987477120e-01
5.270412121432412889e-01
5.696526486352220253e-01
6.157396409226882916e-01
6.492721595600213780e-01
6.913307873370909684e-01
7.325159369802443088e-01
7.369469440251201764e-01
6.976407710571195242e-01
7.660632652943758503e-01
7.477094755856086294e-01
6.474968818518740399e-01
5.446112973601507923e-01
5.715304025416364508e-01
6.692014487503362696e-01
7.706030695243792916e-01
8.340413041093075464e-01
8.481364692069155442e-01
8.211668256784571129e-01
7.615697624648851694e-01
6.800383780786142252e-01
5.929957420727858253e-01
5.236501380683377116e-01
4.784504212182062455e-01
4.524702599556476024e-01
4.540080653930914645e-01
4.635570650722130037e-01
4.475876095210490346e-01
4.201654554012856368e-01
4.105824756544090848e-01
3.943114065065754237e-01
3.730892451152708622e-01
3.558165534091417004e-01
3.430174678892386475e-01
3.295553895177287251e-01
3.187132923092718673e-01
3.080938224165331030e-01
2.965657154340389234e-01
2.838814733996735673e-01
2.713242135731947502e-01
2.625811238494025757e-01
2.519821828558496679e-01
2.397665115642947931e-01
2.263553553482432201e-01
2.122874213682736377e-01
1.988770448197276219e-01
1.903200221495311428e-01
1.772942643040692767e-01
1.690606317827576810e-01
1.619837858783607365e-01
1.563426452342442652e-01
1.522704853209938536e-01
1.495891392196498915e-01
1.480418869970304974e-01
1.472714369175392446e-01
1.468665213905490652e-01
1.465957602549692040e-01
1.460114037741680748e-01
1.449372129631173733e-01
1.430992371429842258e-01
1.405833395540756203e-01
1.371823412492200189e-01
1.329332121305814851e-01
1.280107481969434691e-01
1.261527866895904848e-01
1.249011100218651443e-01
1.230345014123891273e-01
1.217777714921384757e-01
1.265129730391826857e-01
1.268268833359662839e-01
1.223281587999760084e-01
1.213611254388945737e-01
1.224150421100729663e-01
1.202289750501333021e-01
1.150533702180673024e-01
1.073868186199426616e-01
9.778739189815255362e-02
8.698218498351516226e-02
8.387730833550680054e-02
8.136174323551524645e-02
8.026768840181436326e-02
7.925741881235495723e-02
7.833480937334352801e-02
7.754566856047459544e-02
7.684042978273533664e-02
7.618615594025594795e-02
7.556064497231855526e-02
7.497600474284564498e-02
7.440663905767896935e-02
7.379033340460679213e-02
7.310200919447117085e-02
7.238807032545992171e-02
7.157529325394346165e-02
7.063134132638178297e-02
6.959371223232646564e-02
6.844065892138434526e-02
6.712726276901885558e-02
6.569817929861319905e-02
6.414866222501307280e-02
6.244145814735600070e-02
6.062780483909976231e-02
5.870996528425293653e-02
5.666300301240997928e-02
5.771990750873325776e-02
5.963664578809060174e-02
6.089599063821948821e-02
6.147528174479781338e-02
6.137973356377696837e-02
6.413504271512686372e-02
6.697690079779297645e-02
6.864850042743488034e-02
6.915336533882579517e-02
6.853596952571719414e-02
6.686413395587334496e-02
6.424544514175557774e-02
6.087929598736514791e-02
5.735193513596856946e-02
5.745342786395500612e-02
5.686130276956549018e-02
5.569044218933873192e-02
5.407725242517529007e-02
5.215530291898315407e-02
5.004881125966529481e-02
4.786783219126942296e-02
4.570497682804313538e-02
4.363297292180863540e-02
4.170300476535186013e-02
3.994445721621151663e-02
3.836531814797471823e-02
3.695365042825086294e-02
3.568825791904341876e-02
3.452959189038983662e-02
3.343296343340607796e-02
3.235102396073757242e-02
3.157118228628234130e-02
3.136863982869905060e-02
3.099323470414553153e-02
3.052933428754688039e-02
3.037304100912183169e-02
3.010945151822598878e-02
2.975084965643558926e-02
2.993287802120565833e-02
3.009359477344795281e-02
3.021180593228453906e-02
3.027520229474449029e-02
3.027408087900704259e-02
3.022243362955519611e-02
3.009647463540816512e-02
2.989236957062734595e-02
2.962939928529175274e-02
2.929352497550092096e-02
2.888439853092931997e-02
2.842710452774162636e-02
2.790392150088824921e-02
2.733229419233816279e-02
2.671785529667007261e-02
2.605927564113806952e-02
2.537835095370306188e-02
2.528966932013281335e-02
2.529012649071415292e-02
2.524259298011689509e-02
2.515344447068385697e-02
2.503486598247216255e-02
2.487833039650848288e-02
2.468806512654051280e-02
2.446850406804059949e-02
2.423634872669343590e-02
2.398353721547055381e-02
2.371409342103025439e-02
2.343237164501948966e-02
2.314253959775010652e-02
2.285474778824828773e-02
2.256810124214704213e-02
2.228344141341490406e-02
2.200379667843072040e-02
2.173183534566574399e-02
2.146985322283502529e-02
2.121976821891920911e-02
2.098312129073561655e-02
2.076281940025378678e-02
2.056012172422575987e-02
2.037304619865553182e-02
2.020180523325781560e-02
2.004630633317898078e-02
1.990617580321773009e-02
1.978078424045806583e-02
1.966927327254663904e-02
1.957058304539393070e-02
1.948348001127916604e-02
1.940658461655599132e-02
1.933839853599448461e-02
1.927956161600008836e-02
1.922855977022975768e-02
1.918155701855504824e-02
1.913684312209351993e-02
1.909270437323981953e-02
1.904744346020241508e-02
1.899939763411430740e-02
1.894954042189585589e-02
1.889777101044975635e-02
1.883880464915296468e-02
1.877124602416388108e-02
1.869379626183262366e-02
1.861034389177288265e-02
1.851741140268125391e-02
1.841145048269697201e-02
1.829216194132061990e-02
1.816592285225931622e-02
1.802442680206736703e-02
1.786944086220059597e-02
1.770447063180576736e-02
1.752408503135388998e-02
1.733441328864750858e-02
1.713283513898400043e-02
1.692263241940179450e-02
1.671582296620732766e-02
1.651656190971404273e-02
1.631372470369244279e-02
1.610251310534316707e-02
1.588214902690326946e-02
1.565271155470161074e-02
1.541501643422996462e-02
1.517032061100991730e-02
1.491970795763625929e-02
1.526589261565144094e-02
1.571314127690998097e-02
1.611127540769518446e-02
1.646733128925226622e-02
1.676679399255430122e-02
1.701720870610011829e-02
1.721258676074757105e-02
1.734970702759070296e-02
1.743698901039747104e-02
1.746147426597937508e-02
1.743606383317998845e-02
1.735237971901322507e-02
1.721193373022742584e-02
1.737795373634429610e-02
1.748466979244329977e-02
1.753272485099326844e-02
1.750937114168778924e-02
1.742665304020938125e-02
1.727767111947957693e-02
1.707129036571685202e-02
1.680474870666876994e-02
1.648505514929227145e-02
1.611209190510328251e-02
1.569186686790482316e-02
1.522607100662428867e-02
1.482780698204175587e-02
1.470897885274662781e-02
1.453217603465644867e-02
1.433368740714222912e-02
1.413545128355840272e-02
1.391858260872868257e-02
1.368299161822162172e-02
1.342717233444654448e-02
1.333598627284789638e-02
1.343325815181024147e-02
1.348954974622361414e-02
1.350820367478027667e-02
1.349644510624774252e-02
1.344714775294645823e-02
1.336656533486172728e-02
1.325691982890548834e-02
1.311443730695851378e-02
1.294925073114774200e-02
1.275590062900724790e-02
1.253911055966305289e-02
1.230161500046761218e-02
1.210343529920968747e-02
1.206141944217602527e-02
1.201501489178269551e-02
1.196257456659058881e-02
1.190486565847307873e-02
1.184460261665519834e-02
1.177880618919395495e-02
1.170767545049127348e-02
1.163277563411879538e-02
1.155501246079215956e-02
1.147243548184938809e-02
1.144732549864972172e-02
1.144067937870855631e-02
1.143050666787233383e-02
1.141687186442711527e-02
1.139984188477527298e-02
1.137948586169203191e-02
1.135587494895841376e-02
1.132908213198646069e-02
1.129918204513533607e-02
1.126769016618216386e-02
1.123393290989882672e-02
1.119726665268593567e-02
1.115776988581670959e-02
1.111552200773622753e-02
1.107060317642381136e-02
1.102309416743734588e-02
1.097307623800114831e-02
1.092063099700499827e-02
1.086584028056059026e-02
1.080878603335175443e-02
1.074955019531597181e-02
1.068821459402426871e-02
1.062486084211715885e-02
1.055957024016320606e-02
1.049242368440510796e-02
1.042350157968703617e-02
1.035288375693511204e-02
1.028180368831023775e-02
1.020964414475570951e-02
1.013598095563282044e-02
1.006089097812926103e-02
9.984450194047343047e-03
9.906733652139496082e-03
9.827815414275480402e-03
9.747768505337792849e-03
9.666664867191348404e-03
9.584575316017614546e-03
9.501569503210011494e-03
9.417715879620537980e-03
9.333081663111328016e-03
9.247732809223059916e-03
9.161733984789669979e-03
9.075148544450061319e-03
8.988038510104011392e-03
8.900464552704332247e-03
8.812485977060047562e-03
8.724160708559991831e-03
8.635545282787699187e-03
8.546694836751141111e-03
8.457663102961242643e-03
8.368502404777097142e-03
8.279588411956402202e-03
