1.613049450703263887e-01
1.609388812112628742e-01
1.626439032537389251e-01
1.642094499566131016e-01
1.669929957298414147e-01
1.706808782966790228e-01
1.811060591532224484e-01
1.755545361757395451e-01
2.023533673839048308e-01
2.906598080320523247e-01
2.746420979266199769e-01
2.589778523819430411e-01
2.711336023156348252e-01
3.381688990585639543e-01
3.427916154991895725e-01
3.613845493072144199e-01
4.470859069020544641e-01
4.947400447166743764e-01
3.622314801013103991e-01
4.215092283774366511e-01
5.274974292717925506e-01
6.500626864797497406e-01
7.355382443806761650e-01
5.886355517999970477e-01
4.321644506471019054e-01
4.012638355354153363e-01
3.889008000857429592e-01
3.286507991100663939e-01
3.135325051873609215e-01
3.745276328764816642e-01
4.354525879273655198e-01
3.254311120915476807e-01
2.763815674139716294e-01
2.773045243853337616e-01
3.292428721553633530e-01
3.626306147728566853e-01
4.375771835891112960e-01
4.205299622385763048e-01
3.632403949819441036e-01
3.213117648209262156e-01
3.333646580060412035e-01
4.007070210853515002e-01
3.934899027944260275e-01
4.907552650007016015e-01
5.341767583645846695e-01
5.473556588711613324e-01
4.187966015630265604e-01
4.341243670455761650e-01
4.667394643982897828e-01
4.987621836282964405e-01
4.764193812699887287e-01
5.011549587063515165e-01
5.279661223817535554e-01
5.371338528279269164e-01
5.324445410176125160e-01
5.520283641390459906e-01
6.813629025424297048e-01
7.242655243583908664e-01
6.689318630301209767e-01
7.232545868749475915e-01
7.534528842307801622e-01
7.608428724941973531e-01
7.587874290922878018e-01
7.808652019276093315e-01
7.245649487575225312e-01
9.028087546397710605e-01
9.787055447516520568e-01
1.046801349631805822e+00
1.134506941448047312e+00
1.134373738979342683e+00
9.922300734632211183e-01
9.309411318714992944e-01
9.258369631630728458e-01
8.822824460575404704e-01
8.146695070423733975e-01
7.910631480834102724e-01
8.541339879460624340e-01
8.083702197709030646e-01
7.132436439871069345e-01
6.122094959374417833e-01
5.583465231800530670e-01
5.443004923668933737e-01
5.253985666567353441e-01
5.348040012168810975e-01
4.932879818576671460e-01
4.467233132968584930e-01
4.461453655887437919e-01
4.322326803404152318e-01
4.056316434396389226e-01
3.803867974253544171e-01
3.493057516647090632e-01
3.198977967196592886e-01
2.968462908534698630e-01
2.748959082888912664e-01
2.716297596275372150e-01
2.755244169087995854e-01
2.707644873334133506e-01
2.582200953942944133e-01
2.394278233517667942e-01
2.162364597810420008e-01
2.004505872631584529e-01
1.939626354213058734e-01
1.860240785687282128e-01
1.762336832955442856e-01
1.648735477900470925e-01
1.600518102183658697e-01
1.642296425598550880e-01
1.650195804986849257e-01
1.619678822785540484e-01
1.565245591930554403e-01
1.558153042700555491e-01
1.527007575194858080e-01
1.490164029780451094e-01
1.451702342225842379e-01
1.414839136006196263e-01
1.393385830746551590e-01
1.372078350687655213e-01
1.328448280032112905e-01
1.260159913539040388e-01
1.171498576336849062e-01
1.072455664000842163e-01
9.790951236312511741e-02
9.072946025693642835e-02
8.692486179988574702e-02
8.689567395718283960e-02
8.973190306143299932e-02
9.391063849983131984e-02
9.788329190991390538e-02
1.001895931808697432e-01
9.998539538340649180e-02
9.689280515016357453e-02
9.812371436718884954e-02
1.000689557680829872e-01
9.997738382522904088e-02
9.798600791934145016e-02
9.442269858670430949e-02
8.970152239366525893e-02
8.413193289897745453e-02
8.134096647232809396e-02
7.939127470063062075e-02
7.687428934264571578e-02
7.399965391295722228e-02
7.110406338229376122e-02
6.834088148888012304e-02
6.585549330979188765e-02
6.374042107131870638e-02
6.201976809364775911e-02
6.066324776462875962e-02
5.960326821985337947e-02
5.876933253796292472e-02
5.806017920513110303e-02
5.739024683194672571e-02
5.669139897958103136e-02
5.591618061324681727e-02
5.503933476279933984e-02
5.408371688731854893e-02
5.304574833873638984e-02
5.193580619392568903e-02
5.078591005884322551e-02
4.963088686444375175e-02
4.850708979618066630e-02
4.745515636412032945e-02
4.647642447396321819e-02
4.558350066135910539e-02
4.477986904667079215e-02
4.406040981933447703e-02
4.341261531998361067e-02
4.281828329840105252e-02
4.225546964753915113e-02
4.170050321518902620e-02
4.115212675155367761e-02
4.056952179384134410e-02
3.993253381846091632e-02
3.922639437687304442e-02
3.844109339081114990e-02
3.759463891636015409e-02
3.666880622129682632e-02
3.566163608761897807e-02
3.458148063126830624e-02
3.353980702823740334e-02
3.245149059389996343e-02
3.283835337966286433e-02
3.306672080340485043e-02
3.314828575496385488e-02
3.306635068119161830e-02
3.285055979829253764e-02
3.249501707731911743e-02
3.202123729798059953e-02
3.145811167012350223e-02
3.080466480228159776e-02
3.009839868666821378e-02
2.936400260054132169e-02
2.860834848408116624e-02
2.785318017029892596e-02
2.711764575187035689e-02
2.642355824760933211e-02
2.578058541161888650e-02
2.519297865224815261e-02
2.466707506610833073e-02
2.420594834686608937e-02
2.380967869878496124e-02
2.351339095116281031e-02
2.331765056685054446e-02
2.316215744131664908e-02
2.303927153617858770e-02
2.294835710601570225e-02
2.287525877716065081e-02
2.280680569999832263e-02
2.273322551333148422e-02
2.264530539968441850e-02
2.253472176201970836e-02
2.239483522262619014e-02
2.223596341408787952e-02
2.203710092451133251e-02
2.179503138830371847e-02
2.150795387355108890e-02
2.117541679866190990e-02
2.080784534089521673e-02
2.041668088712063692e-02
2.006839087796685392e-02
1.969290471496883826e-02
1.929638775849531335e-02
1.887309956699748104e-02
1.842606653766382455e-02
1.795855437168989918e-02
1.748112918431343407e-02
1.744643096674132823e-02
1.744042890883792940e-02
1.742440109887205546e-02
1.739822455227547221e-02
1.736192214937057679e-02
1.731563848708006503e-02
1.725961681715468266e-02
1.719417741790297410e-02
1.711969766437297299e-02
1.703659398569955588e-02
1.694621657123915673e-02
1.685261690580687130e-02
1.675164540536405733e-02
1.664372599534886740e-02
1.652926399123304940e-02
1.640863974555609520e-02
1.628220401868629361e-02
1.615027492868874662e-02
1.601313632381538149e-02
1.587103741314726743e-02
1.572419348757170612e-02
1.557278756407841878e-02
1.541697279031349101e-02
1.526086703340770803e-02
1.510121340860896312e-02
1.493734502390982495e-02
1.476932883328529143e-02
1.459721990393354242e-02
1.442106542163022580e-02
1.424090860581356428e-02
1.405679245818972599e-02
1.386876328069601948e-02
1.367687391179011648e-02
1.348118664034119417e-02
1.328177576743575471e-02
1.308014158270005139e-02
1.287714938117186236e-02
1.267059841119349238e-02
1.246062561914102265e-02
1.224738714118324412e-02
1.203105867073693200e-02
1.181183548690261341e-02
1.158993216535022207e-02
1.136558199754439391e-02
1.113903614434832469e-02
1.107957218756717641e-02
1.112519925221482422e-02
1.116309728726203911e-02
1.119306860129091856e-02
1.121494354956614065e-02
1.122858185480651340e-02
1.123387365036760017e-02
1.123074024388608962e-02
1.121913460420695050e-02
1.119904157630120280e-02
1.117047783370341690e-02
1.113349157938813699e-02
1.109028265970631727e-02
1.104069832529028065e-02
1.098295775233700498e-02
1.091721840020131069e-02
1.084366497961531707e-02
1.076250802260356361e-02
1.067398232043726553e-02
1.057834525022845890e-02
1.047587500867492444e-02
1.036686877300687162e-02
1.025164080726418368e-02
1.013052053137449351e-02
1.000385057060759579e-02
9.871984800975475496e-03
9.735286405023269377e-03
9.594125952593197254e-03
9.448879518286648280e-03
9.299963529654476160e-03
9.154281050770233727e-03
9.172856040856864832e-03
9.228324589444433790e-03
9.270109474568914015e-03
9.298159597024919371e-03
9.312505739711637864e-03
9.313256635569415465e-03
9.305067023630512676e-03
9.283894547300143574e-03
9.249805837268101905e-03
9.203158675123574578e-03
9.144365754672360846e-03
9.073889385142962574e-03
8.996478984192490119e-03
8.908400344875619728e-03
8.810118956278738950e-03
8.702232551905660779e-03
8.585363316842177864e-03
8.460152891698300565e-03
8.327410412148581256e-03
8.190897217456985513e-03
8.047847083250299349e-03
7.898930304335367858e-03
7.744815687402773104e-03
7.586166834357675921e-03
7.423638694196203758e-03
7.419264196425958899e-03
7.418188077196569488e-03
7.413364742810255557e-03
7.404890729085273834e-03
7.393568232168392686e-03
7.379634489761480870e-03
7.362347133025843801e-03
7.341819081847527316e-03
7.318166656498224787e-03
7.291509022913329925e-03
7.261967660333366360e-03
7.258256880704760244e-03
7.259368993642101309e-03
7.256087126826020646e-03
7.248549177357818500e-03
7.237803616426117734e-03
7.223924339687646558e-03
7.206205397868105031e-03
7.184803869694493528e-03
7.159880333941650785e-03
7.131598063226704531e-03
7.100122260676893643e-03
7.065619339083790973e-03
7.028256244079861444e-03
6.988199820486328678e-03
6.945616222537806701e-03
6.900670366976122475e-03
6.853525429166859237e-03
6.804342380615757344e-03
6.753279567961405390e-03
6.700492331538124811e-03
6.646132662920336588e-03
6.590348899937123299e-03
6.534305261850502887e-03
6.477151612512998223e-03
6.418944569924768181e-03
6.359816124103913684e-03
6.299893688339289199e-03
6.239299979140858037e-03
6.178152922942256597e-03
6.116565588332144310e-03
6.054646141769534813e-03
5.992497825296318539e-03
5.930218954824009910e-03
5.867902937078970337e-03
5.805638304132680963e-03
5.743508763546782692e-03
5.681593262921265028e-03
5.619966067623972938e-03
5.558696849819183897e-03
5.497850788053638277e-03
5.437488676018096406e-03
5.377667038787082091e-03
5.318438256476361835e-03
5.259850692945464840e-03
5.201948829804859016e-03
5.177205756113230882e-03
5.155061788436266640e-03
5.132912175962556917e-03
5.110764348812564181e-03
5.088625472978142161e-03
5.066502451593862637e-03
5.044401926422316038e-03
5.022330279763924030e-03
5.000293636699799059e-03
4.978343903464856404e-03
4.956594746309892288e-03
4.934892554793921492e-03
4.913242551534867213e-03
4.891649717749483629e-03
4.870118796945659308e-03
4.848654298725754187e-03
4.827260502910701682e-03
