1.676132684015825824e-01
1.680698586905031988e-01
1.727372741124005573e-01
1.729098110238704855e-01
1.721191662441371173e-01
1.733621263223323050e-01
1.963561942622097933e-01
2.081333738026971691e-01
2.423841215566266416e-01
3.967604823637265743e-01
4.037295093661376622e-01
3.224444784608755943e-01
3.473129542308002748e-01
3.250102006620478878e-01
3.344680045612778985e-01
4.540613501153908382e-01
4.888926094047141846e-01
4.764378524191067443e-01
5.500038434586608238e-01
4.871227119530576744e-01
5.381211253159553509e-01
4.230636761724202444e-01
3.461561352365196131e-01
4.157538051281051139e-01
4.582723305691402405e-01
3.764754560946174666e-01
3.512744795652732455e-01
4.545535154978357362e-01
4.216688249998412630e-01
5.032297929884500531e-01
4.993368453075237579e-01
5.338859303992433691e-01
5.645540882033532881e-01
5.865339744053474913e-01
4.612856372791465098e-01
5.882588115881861590e-01
6.179876777857552517e-01
6.718911211883312751e-01
5.739007384712675464e-01
5.564142710054308383e-01
6.699076171668194579e-01
7.627400741212523316e-01
8.697548129471915912e-01
1.016644958923994091e+00
1.039981740442102121e+00
8.246777796843437480e-01
8.653925725167007643e-01
8.994475453531465270e-01
9.484804345821227223e-01
1.033347046836271987e+00
1.135338206798660154e+00
1.140567421524193437e+00
1.188571404996043634e+00
1.284765070919381635e+00
1.450260310083758331e+00
1.551747335550499152e+00
1.450013705455095447e+00
1.262877155838676657e+00
1.087254256087995641e+00
9.780372663471542660e-01
1.032578928866883183e+00
1.079684610952813983e+00
9.760010042605800074e-01
9.515848372774936559e-01
7.928879343052707140e-01
6.894357725165123352e-01
7.427578626676955009e-01
7.595848943140798282e-01
6.957141308358295584e-01
6.699831624577355926e-01
6.233188958417583692e-01
5.699153325363894851e-01
5.783981482095664761e-01
5.609302542827935278e-01
5.228171442047069295e-01
4.821569711666311431e-01
4.301606869258033927e-01
4.160374318053718379e-01
3.889676870052217184e-01
3.220447735411263723e-01
3.105893817328251871e-01
2.977864957202636664e-01
2.942497456428114777e-01
2.956734321041759039e-01
2.900228060747153669e-01
2.781255360900437568e-01
2.610875275497884784e-01
2.526920429215153696e-01
2.511158472214634063e-01
2.553812913071539237e-01
2.484384294193057452e-01
2.399445916150306501e-01
2.248738261949217443e-01
2.127024941145650716e-01
2.076152209133218796e-01
2.051337635180539576e-01
1.952077100211462857e-01
1.787204328020986777e-01
1.752095181113489941e-01
1.696923233273043841e-01
1.617531727697580080e-01
1.513406449855598523e-01
1.522824219307606364e-01
1.522206665402660031e-01
1.500690085098014270e-01
1.460522300725330958e-01
1.404650737179271580e-01
1.336075805992364696e-01
1.257428015737412086e-01
1.295208938722607894e-01
1.296520219348651082e-01
1.233067441109775841e-01
1.196648007000145619e-01
1.180018681706006822e-01
1.115762692104884102e-01
1.014962978501452728e-01
9.599455960918117092e-02
9.102184133867870230e-02
8.535251523995490697e-02
7.906913294225396960e-02
7.259934189024262741e-02
7.159668546673554623e-02
7.656438296389647680e-02
8.205280090162003770e-02
8.554106694463092797e-02
8.627566904357301947e-02
8.403824226749806448e-02
7.912216207376779331e-02
7.466408077609779093e-02
7.377033488199483124e-02
7.158341761304602702e-02
6.848687397036498647e-02
6.485751253303477515e-02
6.243535369594058887e-02
6.180342168085532079e-02
6.063830393420513443e-02
5.900705257949967475e-02
5.712694329802282117e-02
5.552492160314694003e-02
5.484443685675329666e-02
5.402802621544466888e-02
5.310877075500382294e-02
5.214643588990414136e-02
5.107763330004183588e-02
4.991533189185160674e-02
4.868074460117728652e-02
4.740348929043006199e-02
4.614806818451620135e-02
4.493024445262130268e-02
4.377201692977163855e-02
4.270425178125740462e-02
4.174874861265128606e-02
4.091626046792450760e-02
4.020589184679349698e-02
3.960577651127890342e-02
3.909478540824170428e-02
3.864493189334623768e-02
3.822412042052954206e-02
3.779891295933648920e-02
3.735501833670082372e-02
3.686532437824662639e-02
3.628789615575059996e-02
3.560346671933476564e-02
3.479891255213233420e-02
3.386729699283930195e-02
3.280753665402475622e-02
3.166167314063876581e-02
3.040041456942997253e-02
2.903206782031559144e-02
2.757111080696588237e-02
2.603412725643521400e-02
2.660432659902986843e-02
2.709325810286590530e-02
2.747961740272979528e-02
2.778331330393642162e-02
2.796533930425251779e-02
2.802258649639806712e-02
2.795390230868371670e-02
2.779466912804047160e-02
2.752339557101173700e-02
2.713180925393231246e-02
2.662509218696516508e-02
2.644175266911888769e-02
2.627648203211152556e-02
2.604845447643425876e-02
2.575899393119970848e-02
2.541003107441888037e-02
2.500409818484799346e-02
2.456184590804598791e-02
2.407543460864109558e-02
2.354147928069525580e-02
2.296451246280358308e-02
2.255605374804461535e-02
2.327316132976420954e-02
2.382309258019038589e-02
2.421149013919425552e-02
2.444384994888646953e-02
2.450063991761530433e-02
2.442472162960660637e-02
2.419082503292457539e-02
2.383684408258216619e-02
2.336257432008208290e-02
2.278636412902831920e-02
2.213650339082559246e-02
2.141300234289524387e-02
2.063924943647835533e-02
1.984709204627927923e-02
1.903713352960760205e-02
1.876039326139269242e-02
1.860081227556231384e-02
1.835698763101824629e-02
1.804671712258016161e-02
1.770461069344616417e-02
1.732886292677661075e-02
1.693248048983218151e-02
1.652832679722176720e-02
1.632042441386142087e-02
1.609552822643668321e-02
1.583662998659317658e-02
1.555970470503028995e-02
1.527213554811299341e-02
1.497629617924162333e-02
1.467695637559109957e-02
1.438055014951655428e-02
1.408182407790776851e-02
1.377785073424896839e-02
1.346883809149222906e-02
1.315173224325257885e-02
1.281860899743785843e-02
1.290412971092492166e-02
1.304347560131127737e-02
1.315880572273370186e-02
1.325768282846366726e-02
1.332850692246915873e-02
1.336804877551613091e-02
1.338047806205543144e-02
1.336581447592463494e-02
1.352601020675050537e-02
1.369718020017947346e-02
1.379535853763344186e-02
1.382602010737203624e-02
1.379935740317413811e-02
1.371749822995923032e-02
1.358920487385708101e-02
1.342307542247936879e-02
1.322682694405286595e-02
1.300683039093796997e-02
1.276807892493427195e-02
1.251458663553420454e-02
1.227150349596988453e-02
1.221394277030656700e-02
1.216076402414769525e-02
1.211105897531731222e-02
1.206618142335203446e-02
1.202804247366497450e-02
1.199772352443543959e-02
1.197548904063153348e-02
1.196082956078295227e-02
1.195253096286955780e-02
1.195399153584759955e-02
1.195805022026076234e-02
1.196179361580763587e-02
1.196226437964668411e-02
1.195635347748222506e-02
1.194092377163299273e-02
1.191308822190454732e-02
1.187697112728664482e-02
1.182302366461190392e-02
1.174900044639723765e-02
1.165308104511409565e-02
1.153391857545344075e-02
1.139498850445993389e-02
1.123499652377049976e-02
1.105055926091752863e-02
1.084230855447658633e-02
1.061135581535862550e-02
1.036023154892687544e-02
1.009516940872259676e-02
9.812664736916413763e-03
9.515244214038015569e-03
9.205658382205062981e-03
8.886816496636942148e-03
8.561721355089270055e-03
8.278664113566787733e-03
8.070873921940608167e-03
7.986697735612894450e-03
7.884055224225429079e-03
7.761296139627086796e-03
7.652052159037459750e-03
7.549629047211268290e-03
7.446681926995466633e-03
7.343357274717859581e-03
7.284791889784056861e-03
7.247578728497261827e-03
7.201792944401801816e-03
7.147676412022495492e-03
7.085532856308052532e-03
7.015721376820211255e-03
6.938649890156928929e-03
6.854768569099436645e-03
6.764563351269408005e-03
6.668549579535415495e-03
6.569091168341352135e-03
6.464919231833147692e-03
6.356461111365797542e-03
6.244287058414813192e-03
6.211052823871578490e-03
6.215344684737418059e-03
6.218377370446765903e-03
6.220144089621530183e-03
6.220642146324024263e-03
6.219872678469533581e-03
6.217840401589785383e-03
6.214553358189842634e-03
6.210022673559521464e-03
6.204262318711311133e-03
6.197288880563941657e-03
6.189121340035565362e-03
6.179780858143895522e-03
6.169290570518457147e-03
6.157675390336625476e-03
6.144961819894326042e-03
6.131177770744734336e-03
6.116352392650798407e-03
6.100515910929387407e-03
6.083699472627619037e-03
6.065935000834749534e-03
6.047255057542178999e-03
6.027692714531378802e-03
6.007281432259762438e-03
5.986054946483434364e-03
5.964047162418412151e-03
5.941292056248692263e-03
5.917823583652824862e-03
5.893675595191161243e-03
5.868881758128175960e-03
5.843475484796602053e-03
5.817489866648388810e-03
5.790957614394695932e-03
5.763911003447049972e-03
5.736381824595081919e-03
5.708401339771534792e-03
5.680000242439730770e-03
5.651208622421566123e-03
5.622055935023886376e-03
5.592570974051355899e-03
5.562781848583976674e-03
5.532715963309072817e-03
5.502400001982251342e-03
5.471859914155706786e-03
5.441120904607183242e-03
5.410207425510881948e-03
5.379143171021344080e-03
5.347951074245732052e-03
5.316653306169110207e-03
5.285271276684744800e-03
5.253825637304813251e-03
5.222336285548567596e-03
5.190822370779702398e-03
5.159302301492091000e-03
5.127793753679533127e-03
5.096313680436137007e-03
5.064878322473226162e-03
5.033503219535394139e-03
5.002203222609392930e-03
4.970992506779883281e-03
4.939884584755356405e-03
4.908892320802148504e-03
4.878027945184925177e-03
4.847303068971182786e-03
4.816728699098463302e-03
4.786315253715464624e-03
4.756072577568327443e-03
4.726009957789311169e-03
4.696136139421800554e-03
4.666459341253216195e-03
4.636987271463896033e-03
4.607727143268632031e-03
4.578685690585005720e-03
4.549869183359851396e-03
4.521283443002245203e-03
4.492933857484070030e-03
4.464825396324175258e-03
4.436962625310418920e-03
4.409349721076762443e-03
4.381990485350012454e-03
4.354888358991765469e-03
4.328046435755643698e-03
4.301467475798070005e-03
4.275153918833509564e-03
4.249107897038765548e-03
4.223331247725312793e-03
4.197825525567734813e-03
4.172592014631043913e-03
4.147631740039694169e-03
4.122945479415681888e-03
4.098533773881089110e-03
4.074396938827131581e-03
4.050535074416327340e-03
4.026948075658118471e-03
