1.831252460543903726e-01
1.829564105851656519e-01
1.825912642908790740e-01
1.845480384301990684e-01
1.869200642886965913e-01
1.894015661233423575e-01
1.985106607232760556e-01
1.945376679581220514e-01
2.167369465995777067e-01
3.258941470425413822e-01
3.314270079621767229e-01
3.408493553657605535e-01
3.347789699722952261e-01
3.983779078056577383e-01
5.088296224684597524e-01
4.561751195450349794e-01
3.802467753813060236e-01
4.044457225494125230e-01
5.266792083174406391e-01
6.090495534554754009e-01
6.425689858988044012e-01
9.635502642979366650e-01
1.008603275754472506e+00
8.707977103699809929e-01
6.865256266135202345e-01
7.660654318208808267e-01
7.474189987812115410e-01
8.487679688115710164e-01
4.944227469434238076e-01
3.429101675783035041e-01
3.355511280881128822e-01
3.030674125672427333e-01
2.848069073168950083e-01
3.711437546103596996e-01
3.971132813035519460e-01
3.058337437785572654e-01
3.503060776344005256e-01
4.058467056481475099e-01
4.139293646812174376e-01
4.378726718221994663e-01
4.986097895673307634e-01
4.834116032002519492e-01
4.699207059679370579e-01
5.013553409171288555e-01
5.241569459849961810e-01
5.143126124797721133e-01
5.411650408620150010e-01
5.748025889840177038e-01
6.129217699135302011e-01
6.028599230114192187e-01
6.362354825938859593e-01
6.290476476934505623e-01
6.645071182219521866e-01
7.219041817911966419e-01
8.206356373851806385e-01
8.718741192581858090e-01
8.652952837532958963e-01
8.041286389791025835e-01
7.731870600674808358e-01
7.635440519673035720e-01
8.194090703202396853e-01
8.822201981330402010e-01
9.216192294843869037e-01
9.471337667109762659e-01
9.396789229264252974e-01
1.016091745849207362e+00
1.076640393612857238e+00
9.543146619397152586e-01
9.901076210042616399e-01
1.004090250651692218e+00
1.004530552123156451e+00
1.007882255443079744e+00
1.012696304777763512e+00
1.009089933664218952e+00
9.931530614729628947e-01
9.617109992620028747e-01
9.135760934019883095e-01
8.569790264746834918e-01
8.040329576538328693e-01
7.403508747642468801e-01
6.713294685458964794e-01
5.996844851312360669e-01
5.302817805482290536e-01
4.671073917920511298e-01
4.126497206667413820e-01
3.697029927087405188e-01
3.377161516050175005e-01
3.154411032829774197e-01
3.003331809420164977e-01
2.894017101712217932e-01
2.816109531541684530e-01
2.779631798066332093e-01
2.743403874098953033e-01
2.702285690865300349e-01
2.645216385011827098e-01
2.576088491659264124e-01
2.490077536293794636e-01
2.396189653032992639e-01
2.291958687403810591e-01
2.372398045292830326e-01
2.400064466571044386e-01
2.351959912977953648e-01
2.534433278468166684e-01
2.603365433914064941e-01
2.555656731129458681e-01
2.435013337890814533e-01
2.284247124145713514e-01
2.129188732977561893e-01
1.991719163670672699e-01
1.996546170282780253e-01
1.985314813123516819e-01
1.935009003305488695e-01
1.848988758030588875e-01
1.714094071852795553e-01
1.598267428267534929e-01
1.582371919439358454e-01
1.527703526354008134e-01
1.435669672395669949e-01
1.313582718374260716e-01
1.177612228122247029e-01
1.171913736246629339e-01
1.164701096354273380e-01
1.154351714419303149e-01
1.140746484210455741e-01
1.124234640441419963e-01
1.106382264953560401e-01
1.085748912875616201e-01
1.062620733124321898e-01
1.037686293773219248e-01
1.012037620885655326e-01
9.847620492357117561e-02
9.852094914054525254e-02
9.810840031839157538e-02
9.602682055873858202e-02
9.261895354260546442e-02
8.827529787300734954e-02
8.418328293119638206e-02
8.424020640538378013e-02
8.299580509030604625e-02
8.111370246269523909e-02
7.913433811526439376e-02
7.738130315023880601e-02
7.595126901264685759e-02
7.471194650069633292e-02
7.328645326511339098e-02
7.193986897793573643e-02
7.209235884231529612e-02
7.231481316193238973e-02
7.424842738937444120e-02
7.527549641314458528e-02
7.488521742581513707e-02
7.297476525798284042e-02
6.952149771872008499e-02
6.466682579449774260e-02
6.312630470744472200e-02
6.107247591234420125e-02
6.145620626437467426e-02
6.181875206001749556e-02
6.164309664905764236e-02
6.093603201692777971e-02
5.971520237398277031e-02
5.800249824833311058e-02
5.582014566928468480e-02
5.318915776986322952e-02
5.015870237915393687e-02
4.682170139598702124e-02
4.494166663404203926e-02
4.448520445685399949e-02
4.410183814419200987e-02
4.359313792614410293e-02
4.302844878610342927e-02
4.235153414545209105e-02
4.211705133840103199e-02
4.281897562104371863e-02
4.328268061555966273e-02
4.355055795624912518e-02
4.359369653840559911e-02
4.346782208006793463e-02
4.312187401541356380e-02
4.263886683858440080e-02
4.198006499600713537e-02
4.115407953294769605e-02
4.024136681994686798e-02
3.919139425952668926e-02
3.802359835228396462e-02
3.680398901847815180e-02
3.550712146982797773e-02
3.432724413577311479e-02
3.491959700123901250e-02
3.527438133743071580e-02
3.543250051949332902e-02
3.537570673475190497e-02
3.515578679103977672e-02
3.474335917718725242e-02
3.421029469332530215e-02
3.352304590817849900e-02
3.272409216521638547e-02
3.183104577843090532e-02
3.106670348672576146e-02
3.019574009016830554e-02
3.004918141914472360e-02
3.148659012751985065e-02
3.265800720850588895e-02
3.360339347048933722e-02
3.427404735656132406e-02
3.472571630947162563e-02
3.492880005015846362e-02
3.493522892199135699e-02
3.473217592257582531e-02
3.436646185852737512e-02
3.383780895548883089e-02
3.318393493134488142e-02
3.241840627489071119e-02
3.156243827853672662e-02
3.064824969312613182e-02
2.967596699205617486e-02
2.868921945337587001e-02
2.768967443738964279e-02
2.669160747257440930e-02
2.571663764547468117e-02
2.478235725069469556e-02
2.389059691133624264e-02
2.305135246288389506e-02
2.227208219151585039e-02
2.155777004588910542e-02
2.091103460168359726e-02
2.033227823740597906e-02
1.981987084132788915e-02
1.939394152303189692e-02
1.906680964019970628e-02
1.879533523868257353e-02
1.857655106753468288e-02
1.840636894041329172e-02
1.827973733739461648e-02
1.819080683165102616e-02
1.813310006879194011e-02
1.809968305335090191e-02
1.808333459126484563e-02
1.807671089716512969e-02
1.807250259720665289e-02
1.806358163597776567e-02
1.804313591701367167e-02
1.800478986554633967e-02
1.794270948390000800e-02
1.786048452420911301e-02
1.774717629227216126e-02
1.759710718259399273e-02
1.740718187382017321e-02
1.717511168281114081e-02
1.691094253477505582e-02
1.660344860057735156e-02
1.625150098197531909e-02
1.633234365269386340e-02
1.647969004802533541e-02
1.659956167941928351e-02
1.683412095825048693e-02
1.702855071206550372e-02
1.717575040412300247e-02
1.727425701391733029e-02
1.733629173263032466e-02
1.734616069308569236e-02
1.730391136335511504e-02
1.722478561295917240e-02
1.709388990129964009e-02
1.691635960294256280e-02
1.670166694412130587e-02
1.644021708158792394e-02
1.614103024851266943e-02
1.580825562221313887e-02
1.566617297122489816e-02
1.566842846313621848e-02
1.563156853546001160e-02
1.556193162453902400e-02
1.546250607940869402e-02
1.532787527198607377e-02
1.515992543565516937e-02
1.496696200493935133e-02
1.474935073761756039e-02
1.450461683944005188e-02
1.423523608095039923e-02
1.394454953316221803e-02
1.364213765555268194e-02
1.357176792206363572e-02
1.358096238536539609e-02
1.357697606892439672e-02
1.356016405079575257e-02
1.353093285046949069e-02
1.348973441578956572e-02
1.343954883911730423e-02
1.338084862202377351e-02
1.331161938468207462e-02
1.323242670597673046e-02
1.314385534516719113e-02
1.304650436424149504e-02
1.294098252058179833e-02
1.282790394317095094e-02
1.270788410195169971e-02
1.258153607625885767e-02
1.244946712555167201e-02
1.231227556259002764e-02
1.217389417106640517e-02
1.203148653588141312e-02
1.188548648493026327e-02
1.173643313086966677e-02
1.158484606884725189e-02
1.143122388370144092e-02
1.127604290708903063e-02
1.111975621250144847e-02
1.096279283417168210e-02
1.080555719733531685e-02
1.064842874456783418e-02
1.049176174498629537e-02
1.033588527152269967e-02
1.018110333189415316e-02
1.002769513994473081e-02
9.875915512475326799e-03
9.725995379273346536e-03
9.578142392511175898e-03
9.432541623434397005e-03
9.289356334068960344e-03
9.148728812768843616e-03
9.023437224194699735e-03
8.968986214188694531e-03
8.914817545347460126e-03
8.860933350968963618e-03
8.807335760234543190e-03
8.754026889420285507e-03
8.701008833807704831e-03
8.648283660254506983e-03
8.595853400349691420e-03
8.543720044014622983e-03
8.491885533885275630e-03
8.440351759912374796e-03
8.389120554656216699e-03
8.338193688978355958e-03
8.287572868083707342e-03
8.237259728119511112e-03
8.187255833065447408e-03
8.137562671990892713e-03
8.088181656724877447e-03
8.039114119753290599e-03
7.990361312544717182e-03
7.941924404036716789e-03
7.893804479492854201e-03
7.846002539555640976e-03
7.798519499584041954e-03
7.751356189177927708e-03
7.704513351916325581e-03
7.657991645298599555e-03
7.611791640880815127e-03
7.565913824487398125e-03
7.520358596815315474e-03
7.475126273837438308e-03
7.430217087650674290e-03
7.385631187246713067e-03
7.341368639524619051e-03
7.297429430290360008e-03
7.253813465473450163e-03
7.210520572309032407e-03
7.167550500680493555e-03
7.124902924505648050e-03
7.082577443172826184e-03
7.040573583073432909e-03
6.998890799101378617e-03
6.957528476316015426e-03
6.916485931524350705e-03
6.875762414965294438e-03
6.835357112039160306e-03
6.795269144935624749e-03
6.755497574440379009e-03
6.716041401666776080e-03
6.676899569812215669e-03
6.638070965906721181e-03
6.599554422572824486e-03
6.561348719812899223e-03
6.523452586776140594e-03
6.485864703489719642e-03
6.448583702609712517e-03
6.411608171148270967e-03
6.374936652238438056e-03
6.338567646794525737e-03
6.302499615192207541e-03
6.266730979014649601e-03
6.231260122634616622e-03
6.196085394806698232e-03
6.161205110411425122e-03
6.126617551889378815e-03
6.092320970881455987e-03
6.058313589750957337e-03
6.024593603072171157e-03
5.991159179069211090e-03
5.958008461140616024e-03
5.925139569245628339e-03
5.892550601261195217e-03
5.860239634385969697e-03
5.828204726460124718e-03
5.796443917251047767e-03
5.764955229737286045e-03
5.733736671354035426e-03
5.702786235186825363e-03
