2.545163256965523035e-01
2.539982566750147441e-01
2.555328419558270392e-01
2.554639889471744252e-01
2.563321270089305992e-01
2.585915759562655847e-01
2.646778854307003104e-01
2.704373944761838122e-01
2.756765553987292061e-01
2.994847948161153406e-01
3.566897847693313861e-01
3.769976644150301870e-01
3.533490252028915202e-01
4.538466791391843058e-01
4.417032196180926684e-01
4.116925555529475367e-01
4.331312958903368870e-01
5.201546927908977658e-01
6.541930141164157275e-01
7.476445518808919610e-01
6.678474736997508376e-01
6.683836575220377663e-01
7.007009615857232587e-01
7.857455797771927264e-01
8.723551679509515822e-01
8.679382399025995509e-01
5.087124679241964431e-01
4.460070384042770231e-01
3.842242680480747463e-01
3.826585462784586888e-01
3.538652413542685560e-01
4.189358607024890047e-01
4.405367652304721382e-01
4.282200685065698509e-01
4.002838431503317751e-01
4.224907730264276795e-01
4.411485381920082771e-01
4.649679369564420628e-01
4.475298040491960117e-01
4.638064390527700809e-01
5.596024537040041880e-01
4.716743042849222967e-01
4.572899345322483100e-01
5.997951475711145175e-01
6.377228741228598841e-01
6.304250007935190414e-01
6.458806147106935791e-01
7.659680109010839066e-01
9.167537794929860873e-01
8.945470824985269909e-01
9.207629946969277945e-01
9.217384897439884206e-01
8.660909323162733209e-01
9.115449262579371492e-01
9.592915278139970692e-01
9.994133801092167646e-01
1.101755412317440452e+00
1.229811403889220278e+00
1.293523666822593565e+00
1.217255381264110037e+00
9.914553584551746290e-01
1.050491454491115473e+00
1.106450723001076941e+00
1.154859511340226907e+00
1.190591488635771800e+00
1.358712632528044972e+00
1.369277538619413370e+00
1.282288322030750605e+00
1.246870537515843758e+00
1.213838945897519839e+00
1.154979786255873275e+00
1.313039713652446761e+00
1.453979107810802862e+00
1.429417835116189028e+00
1.352962450449885390e+00
1.201202868818817215e+00
9.949818145952445958e-01
8.368879020460850970e-01
6.876479582723282746e-01
5.456788090369847355e-01
4.986877699202690306e-01
4.696282632257259282e-01
4.466104561237317361e-01
4.260191054502807662e-01
4.294945869521961668e-01
4.549149770245296542e-01
4.562345243717854104e-01
4.366482160483444175e-01
4.153254559427309589e-01
3.983231645436194901e-01
3.775684392535183509e-01
3.615974482368957132e-01
3.418239408747978936e-01
3.155137554172869341e-01
2.879509196321191067e-01
2.643744251985910565e-01
2.469040381173745746e-01
2.357066659588258062e-01
2.291004052303875493e-01
2.244459776402756845e-01
2.191214283276418096e-01
2.115525629743511826e-01
2.008816567043924806e-01
1.868310353288630543e-01
1.788936463064588478e-01
1.721962437113988276e-01
1.625130825583636363e-01
1.506162525757536175e-01
1.451263767415081896e-01
1.408657407101494563e-01
1.367761927257509502e-01
1.328806731159712651e-01
1.291914378163291355e-01
1.257118169449058243e-01
1.224812482208136877e-01
1.194681238042481775e-01
1.166320109384659520e-01
1.139583059519032188e-01
1.114305293510957917e-01
1.113660955036123168e-01
1.154316151182398498e-01
1.182906620017295796e-01
1.196695116871994147e-01
1.195546000936411196e-01
1.182228610759141624e-01
1.154858334977508505e-01
1.115812274995783698e-01
1.068771897275873489e-01
1.014051076050504485e-01
9.545648350330854237e-02
9.048317136004332961e-02
9.111326485948824383e-02
8.990341264284452960e-02
8.716500347136536819e-02
8.330757336284366765e-02
7.877958085451317038e-02
7.611260501729358308e-02
7.431921536801494588e-02
7.253667751968949362e-02
7.076764610927512023e-02
6.901486124914439635e-02
6.728107345175086962e-02
6.556898064820775029e-02
6.388117653365950332e-02
6.261539034130673975e-02
6.374597496723186096e-02
6.469207097708806753e-02
6.537440341267561350e-02
6.573523524548788299e-02
6.573825726262341740e-02
6.540695507615948423e-02
6.474959786947927232e-02
6.373657290854385649e-02
6.239640434614789066e-02
6.076818588656981990e-02
5.889862104777896651e-02
5.683918190846201646e-02
5.693152829637723733e-02
5.677087325440868110e-02
5.626286910392683943e-02
5.544058710717981314e-02
5.441527347974125378e-02
5.314824482858081234e-02
5.168825477084715292e-02
5.008602862622755364e-02
4.843033547988370019e-02
4.705748747220773326e-02
4.590185471059221589e-02
4.468099420422635276e-02
4.340139400025733868e-02
4.208663873746561201e-02
4.075885205173800097e-02
3.943832040398323469e-02
3.814322116750834546e-02
3.688944580979856835e-02
3.597649630235959933e-02
3.542808860959541228e-02
3.488816774542417842e-02
3.435684095874030203e-02
3.383418852052526293e-02
3.332026577598008049e-02
3.281510513321315992e-02
3.231871797879034419e-02
3.225671483482458329e-02
3.226568225566690123e-02
3.229085763247623725e-02
3.231849412587892850e-02
3.233621720932006866e-02
3.233316892785821628e-02
3.230009363817290535e-02
3.222937188682376691e-02
3.211500943973254196e-02
3.195258855673489135e-02
3.173918845141766171e-02
3.147328155078182171e-02
3.115461170828008608e-02
3.078405997509612788e-02
3.036523349966879781e-02
2.991540440578444732e-02
2.942089049426928338e-02
2.888553654943852578e-02
2.831364694558973633e-02
2.776548832900959177e-02
2.779093602453772474e-02
2.779942272415810225e-02
2.778957113936358220e-02
2.776036539325364705e-02
2.771112399621059735e-02
2.764147173483498185e-02
2.755131102853366695e-02
2.744079323188293451e-02
2.731029028943448775e-02
2.716329544142976130e-02
2.700297480893627117e-02
2.682469134968126778e-02
2.662938558548955115e-02
2.641809800318596635e-02
2.619194781395120866e-02
2.595211330328918084e-02
2.569981380409177424e-02
2.543629330048990250e-02
2.516280564638173275e-02
2.488060136535040143e-02
2.459091598253591859e-02
2.429495982721205372e-02
2.399390923562904482e-02
2.368889907563892505e-02
2.338101651067072892e-02
2.307129591665788015e-02
2.276071486423784929e-02
2.245019107816939932e-02
2.214058028662860278e-02
2.183267487468035575e-02
2.152720325955103514e-02
2.122482990703013564e-02
2.092615591345756143e-02
2.063172008053243758e-02
2.034200041517668714e-02
2.005741599086744223e-02
1.977832911080817935e-02
1.950504771869997211e-02
1.923782800680007288e-02
1.897687717545326266e-02
1.872235630219671806e-02
1.847438328360137549e-02
1.823303581580342989e-02
1.799835438439779250e-02
1.777034523723640402e-02
1.754898331737978975e-02
1.733421513661009133e-02
1.712596157251343454e-02
1.692412057513782361e-02
1.672856977153559799e-02
1.653916895873216650e-02
1.635576247813628342e-02
1.617818146539044127e-02
1.600624597234087329e-02
1.583976695863351103e-02
1.567854815214909589e-02
1.552238777812456685e-02
1.537108015874053685e-02
1.522441718488117511e-02
1.508218966316546110e-02
1.494418854162739459e-02
1.481020601831040638e-02
1.468003653715415323e-02
1.455347767593223943e-02
1.443033093153839840e-02
1.431040240773475899e-02
1.419350341095571531e-02
1.407945095944314329e-02
1.396806821139238292e-02
1.385918481761619359e-02
1.375263720383405192e-02
1.364826878828437860e-02
1.354593013955284961e-02
1.344547907974256822e-02
1.334678073788712546e-02
1.324970755814588834e-02
1.315413926738431653e-02
1.305996280622288321e-02
1.296707222775800826e-02
1.287536856766041508e-02
1.278475968931665208e-02
1.269516010731660746e-02
1.260649079255526592e-02
1.251867896150330936e-02
1.243165785316026339e-02
1.234536649521283599e-02
1.225974946256008086e-02
1.217475662980782754e-02
1.209034291979397234e-02
1.200646805006109000e-02
1.192309627872001690e-02
1.184019615100931865e-02
1.175774024816313677e-02
1.167570493940675060e-02
1.159407013809024556e-02
1.151281906318549382e-02
1.143193800635815445e-02
1.135141610569465921e-02
1.127124512639208001e-02
1.119141924887259894e-02
1.111193486490329868e-02
1.103279038156569289e-02
1.095398603372544147e-02
1.087552370487271207e-02
1.079740675657297339e-02
1.071963986629566670e-02
1.064222887400172179e-02
1.056518063702348992e-02
1.048850289351001101e-02
1.041220413381569593e-02
1.033629348025929054e-02
1.026078057461850615e-02
1.018567547328171584e-02
1.011098854984420099e-02
1.003673040505189545e-02
9.962911783504332236e-03
9.889543497068165046e-03
9.816636354813747939e-03
9.744201099013225648e-03
9.672248346934782595e-03
9.600788538393368807e-03
9.529831888310646287e-03
9.459388344611182470e-03
9.389467550693983769e-03
9.320078812375020422e-03
9.251231069061368120e-03
9.182932868949987906e-03
9.115192347804033229e-03
9.048017211355030912e-03
8.981414720697834808e-03
8.915391680947154507e-03
8.849954432375498406e-03
8.785108844445178519e-03
8.720860311823138908e-03
8.657213752928657330e-03
8.594173610169869582e-03
8.531743852102710926e-03
8.469927977336070071e-03
8.408729019653884626e-03
8.348149554716896570e-03
8.288191707818892348e-03
8.228857162663725383e-03
8.170147171235592545e-03
8.112062564247407223e-03
8.054603762555991031e-03
7.997770788879096995e-03
7.941563280310079409e-03
7.885980500976262977e-03
7.831021355310080478e-03
7.776684401214305556e-03
7.722967863829810486e-03
7.669869649135842467e-03
7.617387357582601319e-03
7.565518298018277833e-03
7.514259501298083468e-03
7.463607734009577652e-03
7.413559511776123337e-03
7.364111112797293648e-03
7.315258590928619235e-03
7.266997788561479002e-03
7.219324349386420023e-03
7.172233730805466570e-03
7.125721215913167345e-03
7.079781925557683715e-03
7.034410829661189198e-03
6.989602758482980557e-03
6.945352413442182522e-03
6.901654377623496830e-03
6.858503126018144873e-03
6.815893035065133040e-03
6.773818392416573221e-03
6.732273405786064896e-03
6.691252211883963463e-03
6.650748884552794456e-03
6.610757443042123045e-03
6.571271859534363879e-03
6.532286066602314804e-03
6.493793964055693223e-03
6.455789425854338744e-03
6.418266306287648618e-03
6.381218445990558853e-03
6.344639677906759381e-03
6.308523832369148342e-03
6.272864742591511243e-03
6.237656249223846698e-03
6.202892205194975375e-03
6.168566479781731164e-03
6.134672962849083318e-03
6.101205568543200536e-03
6.068158238888729690e-03
6.035524947149012442e-03
6.003299700864140297e-03
5.971476544816177283e-03
5.940049563694024815e-03
5.909012884607784538e-03
5.878360679300869036e-03
5.848087166407386212e-03
