1.780428980733476663e-01
1.776494423159202252e-01
1.797744009397786447e-01
1.790693767346371867e-01
1.799542682909214542e-01
1.825347148813986631e-01
1.845261037069281240e-01
1.908157954732164763e-01
2.070412601948090348e-01
2.603610894485054450e-01
2.861851886628911101e-01
3.423164760080384950e-01
4.118268774024548828e-01
3.901574069143018964e-01
4.625922099986316538e-01
4.508234990304946233e-01
3.923730730557560831e-01
4.856728454238483095e-01
6.151767794814982926e-01
5.210678055304045486e-01
5.096052471269093553e-01
5.845150544307533558e-01
7.474565729334063935e-01
8.447167955422537622e-01
7.492011490840888577e-01
7.165855378514957019e-01
8.137213168234123106e-01
8.084720400307325860e-01
7.393880156707783868e-01
8.341240133450397165e-01
1.055467589836685205e+00
8.159188439809552662e-01
5.241551066866354525e-01
3.701433173997256132e-01
3.315598895305632565e-01
3.213744845308398879e-01
3.223091446977887631e-01
3.385065225910480757e-01
3.364442096949562533e-01
3.745412486715416489e-01
4.199074283861805590e-01
3.665763204133845043e-01
3.969928857169793268e-01
3.927320842167115189e-01
4.734715374262950527e-01
4.805159638521795951e-01
5.379743353149413210e-01
5.174253178779204543e-01
5.007935587862867299e-01
4.775471542092319943e-01
4.878969810407345342e-01
4.270807694158864076e-01
4.040500464368558253e-01
4.591204895551180831e-01
5.006122013035771978e-01
6.157573611589090001e-01
6.377160119520296488e-01
6.049190293052867373e-01
6.046517035859282352e-01
5.819102340216928404e-01
5.754255562046844963e-01
5.725168971029889198e-01
5.536850248693401255e-01
6.566424807845041567e-01
7.756334958721159412e-01
8.554268123057348072e-01
8.286433357411797651e-01
8.356281468501864929e-01
8.665671222278696906e-01
8.587162603502078717e-01
8.238792683954756502e-01
7.844524474519609658e-01
8.529121176433681617e-01
9.728083397855599168e-01
1.015655705369812756e+00
1.022209601891074682e+00
1.078368986368693383e+00
1.112118302292993466e+00
1.028758571387263787e+00
9.994297832538041604e-01
1.078603814769877545e+00
1.120834766696041873e+00
1.132167098694519813e+00
1.118941308243818877e+00
1.088665217439492849e+00
1.190491631369990477e+00
1.245583758012939413e+00
1.234569258402098857e+00
1.141238515879943849e+00
1.003331909838914404e+00
8.327482209493134446e-01
6.801148706076280970e-01
6.293715699717270518e-01
5.775514269039460080e-01
5.252558769269433103e-01
4.807340175837069296e-01
4.479751627386462376e-01
4.258690675702672679e-01
4.164473057050887550e-01
4.141936712032037171e-01
4.081869748353252336e-01
3.943967511466313081e-01
3.802729059159698499e-01
3.729561227615304508e-01
3.651334103606870829e-01
3.594358753103107373e-01
3.445354939377434089e-01
3.332894583949739253e-01
3.361191077935696825e-01
3.326252661761300300e-01
3.232822570524790939e-01
3.087912788027332156e-01
3.025423958629421262e-01
2.975802094138454978e-01
2.894100840267836983e-01
2.781578710188455927e-01
2.643389314031949766e-01
2.682844460028908640e-01
2.642071967872491878e-01
2.444866739100914066e-01
2.234583246370030751e-01
2.006619085956046489e-01
2.017656256225671130e-01
1.999818771267018735e-01
1.919224222467554586e-01
1.883785440584719029e-01
1.834127988983833557e-01
1.740776126098201038e-01
1.624220054955053671e-01
1.529009789268561126e-01
1.575055609429247550e-01
1.553179192761576788e-01
1.475714941391797208e-01
1.456814300412055119e-01
1.416123264167061802e-01
1.345561919443348797e-01
1.261971259838541859e-01
1.183338108516670123e-01
1.144482349391213460e-01
1.116467678192151897e-01
1.088569210954402761e-01
1.059815827146148581e-01
1.055581265114941686e-01
1.046760346142537879e-01
1.021828687769218841e-01
9.753026745064760639e-02
9.646147103581262372e-02
9.668649229392180244e-02
9.458646236051673761e-02
9.002559690883417398e-02
8.588904410424740010e-02
8.772782757743120829e-02
8.880420007192649234e-02
8.906636040825685607e-02
8.850639251978219268e-02
8.741216116603166275e-02
9.044354849390079387e-02
9.287209062929512038e-02
9.465525487341636124e-02
9.577333081093100664e-02
9.630902582526341960e-02
9.617894976015621544e-02
9.546993771917321181e-02
9.422219924275768155e-02
9.246054344299341199e-02
9.028666030645360330e-02
8.773605137245384100e-02
8.486632520847385563e-02
8.181239952141222682e-02
7.855676091734553612e-02
7.520490027580882531e-02
7.186140405365364081e-02
6.852636922723422119e-02
6.526120986561045889e-02
6.211814825811648455e-02
5.913982244013037820e-02
5.635923977157943077e-02
5.380002923880854854e-02
5.181903562934700447e-02
5.019509524777558684e-02
4.855531149314867151e-02
4.697144707711047029e-02
4.544703730655676871e-02
4.404962727977160958e-02
4.275801380582563288e-02
4.197172073601254660e-02
4.144910485960904417e-02
4.078222848257972294e-02
3.994615953930813479e-02
3.940755381664386853e-02
3.903102816042818002e-02
3.880883574763825672e-02
3.983644993315962890e-02
4.106879937165880401e-02
4.220817134771064766e-02
4.321803381101837344e-02
4.404089201743577320e-02
4.464701735235410834e-02
4.505065363437478487e-02
4.516694734999598254e-02
4.501414553209154290e-02
4.457180592640000438e-02
4.382345503459442876e-02
4.280820861184175125e-02
4.149244976481933356e-02
4.113009876737579867e-02
4.099127096714799690e-02
4.075696836253872579e-02
4.042031836675120948e-02
3.997058240563051978e-02
3.941459094846051087e-02
3.880224893406174907e-02
3.905111357591090071e-02
3.907453189899424278e-02
3.886214642209939729e-02
3.848301778987625599e-02
3.790980888696226375e-02
3.717128417705678478e-02
3.633744386259298020e-02
3.539411751283001034e-02
3.437170534036083913e-02
3.329929240631369219e-02
3.221544835997317696e-02
3.114060057535664519e-02
3.008325121745956260e-02
2.906058925547457678e-02
2.808588696576255414e-02
2.716847441704373783e-02
2.631386224443137134e-02
2.552399151892386503e-02
2.479758719872299927e-02
2.413059056845088049e-02
2.351664610028708982e-02
2.294761913721116500e-02
2.241412253448157171e-02
2.210789786466909462e-02
2.197483300029762221e-02
2.187799660282479033e-02
2.181169615081779076e-02
2.177014506609552258e-02
2.174756426244169039e-02
2.173827458089696782e-02
2.173677940498922045e-02
2.173783701185035347e-02
2.173652245364753044e-02
2.172838473023831068e-02
2.171448623027492572e-02
2.195028000897638817e-02
2.217725350411927504e-02
2.236139529674433316e-02
2.250758838590140309e-02
2.260181533966399564e-02
2.263404608919644678e-02
2.260817495528876647e-02
2.252299280043660104e-02
2.236585417935929923e-02
2.214227983058077165e-02
2.185892626332048422e-02
2.150418053828603501e-02
2.108352675395253062e-02
2.061254095901772151e-02
2.008023096989981771e-02
1.949206043235679475e-02
1.886393507676696613e-02
1.819620195315894973e-02
1.750608590864494163e-02
1.714354925152484013e-02
1.759079419855117191e-02
1.798837861565186561e-02
1.833340636526075221e-02
1.862518725781464254e-02
1.887207329082760468e-02
1.906283298952672275e-02
1.919755979926078548e-02
1.927704273243264349e-02
1.930271055204861586e-02
1.927656923028315053e-02
1.920908288849115103e-02
1.909956051748155567e-02
1.894649255120250605e-02
1.875341943577797307e-02
1.852411610523488350e-02
1.826252231812332608e-02
1.797267600684952088e-02
1.766445656087229157e-02
1.733841511057244988e-02
1.699542838949550175e-02
1.663935162670762691e-02
1.638915186769332455e-02
1.621503072069177889e-02
1.603430445502156132e-02
1.584988214029314085e-02
1.565935127910986213e-02
1.546372171600996631e-02
1.526397835780699853e-02
1.506107590800036776e-02
1.485593422868548667e-02
1.464943431447070406e-02
1.444241485935975587e-02
1.423566939286066181e-02
1.402994396129218953e-02
1.382593532498490284e-02
1.362428964281686694e-02
1.342560161288260633e-02
1.323041403740544963e-02
1.303921777987659784e-02
1.285245208171531886e-02
1.267050520644459610e-02
1.249371537871781825e-02
1.232237198809086991e-02
1.215671702562520079e-02
1.199694672481628997e-02
1.184321337830388475e-02
1.169562730286772580e-02
1.155425892765819113e-02
1.141914098060116227e-02
1.129027075068811045e-02
1.116761240469151331e-02
1.105109933866308021e-02
1.094063654564810494e-02
1.083610298284058346e-02
1.073735392384906652e-02
1.064422328113816263e-02
1.055652588685906772e-02
1.047405972133387368e-02
1.039660807915079518e-02
1.032394166481980131e-02
1.025582061036946040e-02
1.019199640961256093e-02
1.013221376346883258e-02
1.007621233258029422e-02
1.002372839441688368e-02
9.974496402518755536e-03
9.928250446461270307e-03
9.884725612254265104e-03
9.843659242865874376e-03
9.804792099751904327e-03
9.767869426387828027e-03
9.732641915885832662e-03
9.698866584263096668e-03
9.666307552069069997e-03
9.634736737669015796e-03
9.603934464315877148e-03
9.573689984908989245e-03
9.543801928245903080e-03
9.514078669542744629e-03
9.484338629765191528e-03
9.454410507305978373e-03
9.424133445808197118e-03
9.393357142398693280e-03
9.361941899913885090e-03
9.329758627122621689e-03
9.296688790881139225e-03
9.262624324025763370e-03
9.228209009293067422e-03
9.192641788469072678e-03
9.155832974311346045e-03
9.117712361005256977e-03
9.078219222892662879e-03
9.037302040436663228e-03
8.994918204402823844e-03
8.951033701458922798e-03
8.905622784327391420e-03
8.858667628496921798e-03
8.810157978136229015e-03
8.760090783857558613e-03
8.708469834099220180e-03
8.655305382255144495e-03
8.600613771662575860e-03
8.544417059830586997e-03
8.486742643986376622e-03
8.427622888964902623e-03
8.367094759106812399e-03
8.305199455333757766e-03
8.241982058417092472e-03
8.177491179676563832e-03
8.111778619671593596e-03
8.044899035965098408e-03
7.976909620648019866e-03
7.907869787890979552e-03
7.837840872448700522e-03
7.766885839364980580e-03
7.695069005104405307e-03
7.622455770664617394e-03
7.549112366464385063e-03
7.475105609791286160e-03
7.400502674040424812e-03
7.325370870521914421e-03
7.249777442503221349e-03
7.173789371299574280e-03
7.097473194393070194e-03
7.020894835741078518e-03
6.944119447395860276e-03
6.867211262967967515e-03
6.848960180153402036e-03
6.848374603861640333e-03
6.847440536147976486e-03
6.846162104976634410e-03
6.844543777733657665e-03
6.842590337715919423e-03
