4.236033543019491754e-01
4.250597252061456555e-01
4.234193535715741752e-01
4.282564445172188372e-01
4.315318189097802071e-01
4.362078688015691985e-01
4.467625067065436606e-01
4.489681230235684772e-01
4.633275906334780037e-01
5.052160830779738321e-01
5.260797036521666081e-01
6.528300763366451376e-01
9.207827835805475480e-01
6.868141873737424463e-01
7.158721666461391742e-01
7.570974310301076260e-01
9.395548646015675631e-01
1.081990581429277176e+00
8.746898009057453294e-01
1.041689728229711953e+00
1.208382116466709011e+00
1.340428505018602445e+00
1.554408894160226096e+00
1.753458473625162384e+00
1.480238795411571662e+00
1.677833945203824229e+00
1.444535367321011732e+00
1.573969004648003045e+00
1.814682739228603348e+00
1.353205145544620125e+00
1.552312120290886055e+00
1.452822184235974090e+00
1.026906530854573951e+00
8.310924606777959633e-01
7.185680761292141394e-01
7.919301151341276990e-01
7.933509281293841253e-01
9.359883980687984106e-01
8.856337453193814380e-01
7.812540726447314565e-01
8.213000974104692764e-01
8.309219992007331745e-01
9.770021652867788564e-01
1.145953926576704918e+00
1.216152967371785243e+00
1.243066208998822919e+00
1.198862596315044771e+00
1.302998553597552567e+00
1.518164962629147796e+00
1.457858365631508946e+00
1.214403728126922877e+00
1.242031928883992276e+00
1.498432196669676530e+00
1.670213744479559281e+00
1.573171783872289842e+00
1.741171264478514003e+00
1.926333829104674766e+00
2.091950424397451158e+00
2.404910824950648784e+00
2.331731007058814864e+00
2.158442562961701228e+00
2.101513750827005644e+00
1.900255276515410374e+00
1.895679297551507325e+00
2.194787510357501858e+00
2.345110514059180584e+00
2.399570133002587813e+00
2.526948986702253652e+00
2.730558335057471808e+00
2.817825295769944560e+00
2.777833262035917183e+00
2.620054131134912367e+00
2.373247913413041310e+00
2.357015147320945747e+00
2.455490949111420296e+00
2.396953342382448948e+00
2.185820716207020009e+00
1.942388936713906000e+00
1.893389565939897601e+00
2.087329595334258325e+00
2.388931240940236123e+00
2.762744228317350448e+00
3.047403603892755886e+00
3.221983189317101370e+00
3.162572084263838512e+00
3.047197810468099455e+00
2.783378032719416417e+00
2.411044712832615122e+00
2.051015779182030485e+00
1.690199864315807154e+00
1.373701687548191330e+00
1.199927837634574779e+00
1.066687212222191761e+00
9.481202174377398872e-01
8.452575825936138321e-01
7.659382829403230675e-01
7.615660716654190088e-01
7.574850699004601617e-01
7.475798252792652532e-01
7.270356270994035031e-01
6.964164150825494781e-01
6.765722393385000810e-01
6.535029819034615661e-01
6.313572529060974547e-01
6.143098932407313750e-01
6.030812159671126160e-01
5.958747624821724154e-01
5.878941530575374497e-01
5.743391312031693730e-01
5.509664766677391246e-01
5.153547423701566599e-01
4.979259907707013211e-01
4.702708201015022849e-01
4.306001765746722554e-01
3.945474287099964283e-01
3.831375808356636825e-01
3.726855732152901668e-01
3.663897513969866515e-01
3.607792463710771114e-01
3.641619158482588547e-01
3.643395201167096698e-01
3.620718353848209614e-01
3.572146944962829584e-01
3.503485088946000081e-01
3.418898360121725988e-01
3.322037531851292913e-01
3.301960670152246924e-01
3.394805494602333162e-01
3.413436404262455426e-01
3.364176354623174547e-01
3.255377139847118184e-01
3.097201009242336878e-01
2.901292810084711293e-01
2.821941301047918293e-01
2.756148490106472559e-01
2.659790931126931324e-01
2.591374561045791669e-01
2.546735929833593981e-01
2.461484206987943624e-01
2.346579546552746143e-01
2.214655067812549005e-01
2.079064114966848453e-01
1.972259317756935026e-01
1.955822121847372863e-01
1.925308993532617585e-01
1.878165267937516869e-01
1.819976345501029547e-01
1.760207525209264434e-01
1.773237104943195253e-01
1.806216274977083536e-01
1.845624744430916786e-01
1.880105994171335781e-01
1.898186704079999620e-01
1.896001038111360948e-01
1.898146451301618021e-01
1.892267529050795649e-01
1.861567711478112064e-01
1.876304091736836210e-01
1.875662406949126226e-01
1.859040355632822772e-01
1.829402428110092071e-01
1.787792112571086056e-01
1.736012294882195439e-01
1.678020054455212906e-01
1.614296480677621659e-01
1.547972662895576168e-01
1.479005064619684506e-01
1.426159197308667359e-01
1.377588054161218156e-01
1.330303974548514845e-01
1.284068686987254737e-01
1.238942545367001796e-01
1.195555735876656506e-01
1.189146537643070711e-01
1.182480182172188227e-01
1.174690663770246862e-01
1.165797441108502724e-01
1.155956546215017727e-01
1.145740193667095230e-01
1.134437162850645414e-01
1.122120964469040943e-01
1.108904584133682536e-01
1.094939377604861874e-01
1.080409411085695853e-01
1.065522431046027757e-01
1.050635323979561275e-01
1.036210498020705972e-01
1.022029163409212960e-01
1.008283237578559005e-01
9.951340597806258848e-02
9.827050281115630448e-02
9.710766084464543535e-02
9.602837992900090103e-02
9.503159752260033344e-02
9.411189028873567786e-02
9.325986286997331454e-02
9.246268760312370549e-02
9.170475580612844069e-02
9.097511774434210996e-02
9.028332869639986435e-02
8.957647871994278699e-02
8.883517970607171521e-02
8.804077539431516553e-02
8.717594227018812814e-02
8.622520203656140747e-02
8.517533616930744733e-02
8.401569800398432653e-02
8.274613165673283532e-02
8.140076836988574538e-02
7.992937885050355185e-02
7.833223121573164305e-02
7.661232078558419256e-02
7.477518151674962532e-02
7.282864640258203404e-02
7.078256891147784169e-02
6.865395555977531206e-02
6.648148966038046337e-02
6.424368659988803631e-02
6.195517666720115613e-02
5.963107722390464244e-02
5.728669408440734134e-02
5.716802404863639137e-02
5.755669195362688589e-02
5.782277520828835171e-02
5.797431826568333335e-02
5.803986390791095185e-02
5.798450341961899901e-02
5.781113550780236227e-02
5.752371702848684681e-02
5.712713234951803665e-02
5.664928178729780606e-02
5.609281368863128225e-02
5.544421049558937581e-02
5.471060551306768799e-02
5.389944705243470552e-02
5.301838679085180833e-02
5.207517672231037204e-02
5.110586596020796901e-02
5.008981541367250878e-02
4.903222571680481562e-02
4.794042272695049622e-02
4.682147977763233271e-02
4.661094778949009809e-02
4.655921421293669066e-02
4.646758115921811871e-02
4.633776373632551154e-02
4.617155588696850860e-02
4.597080800458713812e-02
4.573740664172286363e-02
4.547325630498244564e-02
4.518026330297584409e-02
4.486032158569062261e-02
4.451530049495330127e-02
4.414703432707602071e-02
4.375834880251520953e-02
4.336353480628030166e-02
4.295006000077408043e-02
4.251954590256613181e-02
4.207355232420347674e-02
4.161357497353817408e-02
4.114104401335706013e-02
4.065732346358381932e-02
4.016371132736389071e-02
3.966144033471064034e-02
3.915167919900585519e-02
3.863553429405157391e-02
3.811405166273047068e-02
3.758821928075047059e-02
3.705896950220283897e-02
3.652718162824495490e-02
3.608199227029454392e-02
3.578354630506611761e-02
3.548548051836847989e-02
3.518791621729090019e-02
3.489096194899320852e-02
3.459471477945422202e-02
3.429926150993725664e-02
3.400467982689345942e-02
3.371103938321388938e-02
3.341840280844759342e-02
3.312682664825475354e-02
3.283636223097958357e-02
3.254705646438717931e-02
3.225895256142954221e-02
3.197209069841417534e-02
3.168650860636337829e-02
3.140224209893584945e-02
3.111932553889358577e-02
3.083779224665793295e-02
3.055767485368474437e-02
3.027900560384864589e-02
3.000181660669266198e-02
2.972614004511587096e-02
2.945200834163230058e-02
2.917945428591623563e-02
2.890851112749179622e-02
2.863921263648077503e-02
2.837159313530790081e-02
2.810568750514993649e-02
2.784153116903062206e-02
2.757916005545862567e-02
2.731861054413822071e-02
2.705991939697994716e-02
2.680312367678554242e-02
2.654826065466770260e-02
2.629536771035754367e-02
2.604448222510221192e-02
2.579564147013121284e-02
2.554888249184805032e-02
2.530424199592661016e-02
2.506175623005129152e-02
2.482146086811094776e-02
2.465122517636850197e-02
2.451499196251149745e-02
2.437121153002528781e-02
2.422027433215175399e-02
2.406257391096427306e-02
2.389850568705420217e-02
2.372846579163344696e-02
2.355284994272740379e-02
2.337205236844985476e-02
2.318646477997493224e-02
2.299647539538115376e-02
2.280246801589229377e-02
2.264797405829590063e-02
2.267203801256726520e-02
2.268865009899523680e-02
2.269784159318659691e-02
2.269966506412327348e-02
2.269419310361589850e-02
2.268151705260454745e-02
2.266174572921176439e-02
2.263500416267060639e-02
2.260143233999457879e-02
2.256118396722797681e-02
2.251442525060196737e-02
2.246133370165468227e-02
2.240209696797940825e-02
2.233691169532166926e-02
2.226598242098704744e-02
2.218952050308843973e-02
2.210920132174502492e-02
2.202518712935986125e-02
2.193624115003944830e-02
2.184258926494743805e-02
2.174445973012087072e-02
2.164208234084953608e-02
2.153568763901067898e-02
2.142550616492366194e-02
2.131176775362965056e-02
2.119470087550341664e-02
2.107453202077357382e-02
2.095148512774488644e-02
2.082578105402717664e-02
2.069763709025921813e-02
2.056726651532592154e-02
2.043487819193998481e-02
2.030067620153979541e-02
2.016485951789553574e-02
2.002762171728262111e-02
1.988915072487801652e-02
1.974962859447395441e-02
1.960923132240065953e-02
1.946812869175150451e-02
1.932648414716449034e-02
1.918445469758743235e-02
1.904219084647120960e-02
1.889983654688412798e-02
1.875752918052058654e-02
1.861539955933261617e-02
1.847357194779782746e-02
1.833216410471215363e-02
1.819128734257363308e-02
1.805104660405064398e-02
1.791154055301691708e-02
1.777286168015067974e-02
1.763509642023917620e-02
1.749832528116000707e-02
1.736262298312277186e-02
1.722805860629759989e-02
1.709469574682747836e-02
1.696259267913367494e-02
1.683180252402829633e-02
1.670237342187856633e-02
1.657434870923165868e-02
1.644776709857751623e-02
1.632266286046144335e-02
1.619906600699744237e-02
1.607700247580634220e-02
1.595649431446097277e-02
1.583755986394469462e-02
1.572021394149907686e-02
1.560446802123356680e-02
1.549033041309908452e-02
1.537780643921119426e-02
1.526689860721958808e-02
1.515760678014373142e-02
1.504992834272369379e-02
1.494385836436996039e-02
1.483938975698502992e-02
