3.692012343327614188e-01
3.685581666724887517e-01
3.697161839324366595e-01
3.707797882992650562e-01
3.715508090563404142e-01
3.740961635733764390e-01
3.777415181488997242e-01
3.819059737064443016e-01
3.877144719735886036e-01
3.928516762428075348e-01
4.120039970953517372e-01
4.378385820165698328e-01
4.886735788310827555e-01
5.814696707767695871e-01
6.733455770269773932e-01
6.540098684932084128e-01
6.329508648475321575e-01
7.730144049190224020e-01
6.135430858381236696e-01
8.740321090698333073e-01
8.768624549282992842e-01
8.269575742782528938e-01
1.041728825804729253e+00
9.813820657381499002e-01
1.051440854784777335e+00
1.081116962372370205e+00
1.181102301899850993e+00
1.199751948670165547e+00
1.504205021501470396e+00
1.336468764565292844e+00
1.573443960715827039e+00
1.462150722290553428e+00
1.277835658284162568e+00
1.337877954359202759e+00
1.284052692274747054e+00
1.712206675702573566e+00
1.523045704667179034e+00
1.359132926874470515e+00
9.850444121919355034e-01
7.834468053213810013e-01
6.917910309123859181e-01
6.677984992947018084e-01
6.064838030424928306e-01
7.217740322163851419e-01
7.812240302936123149e-01
8.483256164112336073e-01
8.806837982379581709e-01
8.932735277888482761e-01
7.926717758713537343e-01
8.438847567300807873e-01
8.550133023031640800e-01
8.231029389509498806e-01
8.162374104665206520e-01
8.434761072549821215e-01
8.678761734421338581e-01
8.696438501542866906e-01
8.680704368605165477e-01
8.998303392534311440e-01
9.756877872927958162e-01
1.050177712789031936e+00
1.091933721641692001e+00
1.121176396210526116e+00
1.063912430938920073e+00
9.817724312884036353e-01
9.380988703959778352e-01
9.958134959725928326e-01
1.117536556527137792e+00
1.231883435538699834e+00
1.331485578995142527e+00
1.399271615341990405e+00
1.425425845133585501e+00
1.429670416341888295e+00
1.456457225548028145e+00
1.491992385091693629e+00
1.554880072159665394e+00
1.654183645809136793e+00
1.793749130426180338e+00
1.919013862988335317e+00
2.012774397449125452e+00
2.090102641374722126e+00
2.108801899359149079e+00
2.129683151714891309e+00
1.967922925877630069e+00
1.878233171327311046e+00
1.888787695345128359e+00
1.956476093072386346e+00
2.071520064718331611e+00
2.193125778128286019e+00
2.259761273645473079e+00
2.235661072438916541e+00
2.100245493375053396e+00
2.237110875945957922e+00
2.369156231245052258e+00
2.314014764377438027e+00
2.136986459536611704e+00
1.939969023660122360e+00
1.825893047583494466e+00
1.846660240487564275e+00
1.967687649782724479e+00
2.121997939829888047e+00
2.263940893969808243e+00
2.334387665582502436e+00
2.326990692133318550e+00
2.260281638624749068e+00
2.120895748974710671e+00
1.970997673340747935e+00
1.785244590903638295e+00
1.607237272124105720e+00
1.444914993530532987e+00
1.321881899865301913e+00
1.208162351892975606e+00
1.109145263237234058e+00
1.033300936644995893e+00
9.654256934702221127e-01
9.017277706192394771e-01
8.398865111287618923e-01
7.880922793399438575e-01
7.396159544772745731e-01
6.926144188905347665e-01
6.484492276126901933e-01
6.086179585864128772e-01
5.793359683678497296e-01
5.692580115379191064e-01
5.649970667215041820e-01
5.655119903256882186e-01
5.685832341001993973e-01
5.716481983122559951e-01
5.721498242151539237e-01
5.675334044628672636e-01
5.556627487200147542e-01
5.545299471270331848e-01
5.534703906052061972e-01
5.508458627840125965e-01
5.819833197553230253e-01
6.028797461375644540e-01
5.931537168362585044e-01
5.600006524460123813e-01
5.301304076157145051e-01
5.200486709201480595e-01
5.156332977901829651e-01
5.050664387694536739e-01
4.886206466868969756e-01
4.909614169680435181e-01
5.187195453554859226e-01
5.361977486207768484e-01
5.355809691442897646e-01
5.152457617345768126e-01
5.283805671599217657e-01
5.249760932866528451e-01
5.069017337646584132e-01
4.781143465202162268e-01
4.550938034973942004e-01
4.250707169700648769e-01
3.913679427736285743e-01
3.574265164889061097e-01
3.391051472521678378e-01
3.295100384089013623e-01
3.221580669032965138e-01
3.151694172271657934e-01
3.080364979835837347e-01
3.009510499081791690e-01
3.123228152314126427e-01
3.230087994348765923e-01
3.306484329399972943e-01
3.339691587725284183e-01
3.320388437509313451e-01
3.246454627994439512e-01
3.118655130398897968e-01
2.943250290904497746e-01
2.729522374882909497e-01
2.490926010402491342e-01
2.344468093114935592e-01
2.305013432084225267e-01
2.262790760530699052e-01
2.217848934267694916e-01
2.170587335847153077e-01
2.122219849949576742e-01
2.071325339357580897e-01
2.019553089191383488e-01
1.965964023833500496e-01
1.914488567291884324e-01
2.019504234422214162e-01
2.106992346491382284e-01
2.164788750913669568e-01
2.184428068478364016e-01
2.185075187475454539e-01
2.206891119590068673e-01
2.196163690500469445e-01
2.154271716439374040e-01
2.081372523961887433e-01
2.045697573021500737e-01
2.027039066348770846e-01
1.979839471639541215e-01
1.955533502131744927e-01
1.944949443504571385e-01
1.925153604980426314e-01
1.896557832341189131e-01
1.859632370446114291e-01
1.815122759349497850e-01
1.764341654989280694e-01
1.706949937398865025e-01
1.643571798782776927e-01
1.627892065998072790e-01
1.651518472081459910e-01
1.660797954789399178e-01
1.656217602407967504e-01
1.638685250801379389e-01
1.609250758475833654e-01
1.569067327982119620e-01
1.519354077258422142e-01
1.461365773152213665e-01
1.396362617886281188e-01
1.351412027414876371e-01
1.399156342470977421e-01
1.446564945744309716e-01
1.479674692357187127e-01
1.498529236017901445e-01
1.503568798114353622e-01
1.495596396438832187e-01
1.475540422986235112e-01
1.444596347862677765e-01
1.404113580782259119e-01
1.370219115580521008e-01
1.385213192973826501e-01
1.391073053538720294e-01
1.387339646042860530e-01
1.375833414283111067e-01
1.357055367165160564e-01
1.332342959306718200e-01
1.302751518932425967e-01
1.269579300508794362e-01
1.233507054222532373e-01
1.196504290387676722e-01
1.158803136670178285e-01
1.121478136725672925e-01
1.085556358134937976e-01
1.051905441787629319e-01
1.020863135042024139e-01
9.929156317418727506e-02
9.683917191590579732e-02
9.474696525977990835e-02
9.301876644845474829e-02
9.164573347271859349e-02
9.060790695262731231e-02
8.987589773562185136e-02
8.941264887186939347e-02
8.917521356610032257e-02
8.911649839415741736e-02
8.918692911541681312e-02
8.933600450150851191e-02
8.951371146423560410e-02
8.967178219919484661e-02
8.976478089594665255e-02
8.975101370967554504e-02
8.962749539929856790e-02
8.934338056162204056e-02
9.030346921852022701e-02
9.220488288487253825e-02
9.377315259478019582e-02
9.496280585862992840e-02
9.573627321611338781e-02
9.606520108509580824e-02
9.593134831293013975e-02
9.532669525451614723e-02
9.425320232954874367e-02
9.272231763769009372e-02
9.075409618508406551e-02
8.837621454883747008e-02
8.562300423444942077e-02
8.253470325064217461e-02
7.915515452210078462e-02
7.553353676156969454e-02
7.172083556670434679e-02
6.860470545036556622e-02
6.758473360909419969e-02
6.712991432810809511e-02
6.646547471402941554e-02
6.559890120742810360e-02
6.454939630824652053e-02
6.329529567034007653e-02
6.188801198008937049e-02
6.029279088023775657e-02
5.855425720245988758e-02
5.881940517105009592e-02
5.954050590327306103e-02
6.020650247480596046e-02
6.079606525670810946e-02
6.131912563791520193e-02
6.178264247577405777e-02
6.216694053994716029e-02
6.248454166867258713e-02
6.274138063261101850e-02
6.291854071193370146e-02
6.302813563104185668e-02
6.307995340241498439e-02
6.305363379292110160e-02
6.295774222217889737e-02
6.281116776009521008e-02
6.258968901479722291e-02
6.229614609778961337e-02
6.196193896983558796e-02
6.155745671565403254e-02
6.108472579955036286e-02
6.057129257598153904e-02
5.999901672761256272e-02
5.936460389879129329e-02
5.868830065311093219e-02
5.796576241921078815e-02
5.718795470572902301e-02
5.637017094972660014e-02
5.551653887103611545e-02
5.461502037423116018e-02
5.367945358513438042e-02
5.454948677589738920e-02
5.572341872977325944e-02
5.673674691402136316e-02
5.757296473384111019e-02
5.823013205242994622e-02
5.870929710161917892e-02
5.901595570323379947e-02
5.916899788804642207e-02
5.918432307808738080e-02
5.909668466630950412e-02
5.889755797658503128e-02
5.857450932482007738e-02
5.811333769363357521e-02
5.751469177599730087e-02
5.677177952111816389e-02
5.589819965059912577e-02
5.488879666868877460e-02
5.375084936777959482e-02
5.249724552291103186e-02
5.114301707706465222e-02
5.029829205254825186e-02
4.937415674977333607e-02
4.838228837507619479e-02
4.732345826767433983e-02
4.621045028844267960e-02
4.505679455759904056e-02
4.389453563985991347e-02
4.272274356446239402e-02
4.249592881874778710e-02
4.257699195484678650e-02
4.263569243707284601e-02
4.267241809414060172e-02
4.269026384335899982e-02
4.269619470131678918e-02
4.268129535013321513e-02
4.264601681810644557e-02
4.259082551749968776e-02
4.251620179254044646e-02
4.242263850111306633e-02
4.231063963823970125e-02
4.218071899831703914e-02
4.203805814646718181e-02
4.205267646240945512e-02
4.207057237619261925e-02
4.203222296950416548e-02
4.192717953712046114e-02
4.176818352909592025e-02
4.155638004347159825e-02
4.128498924732230957e-02
4.096688451037198975e-02
4.060283468373811211e-02
4.018730996015974777e-02
3.973040713264697904e-02
3.925425671532947747e-02
3.894685729405252678e-02
3.862914131379002747e-02
3.830163262801268564e-02
3.796484962855373874e-02
3.761930466920201249e-02
3.726550353044446456e-02
3.690394492235796187e-02
3.653991343808307701e-02
3.617154762499785736e-02
3.579662362611762266e-02
3.541560939001193314e-02
3.502896409321376581e-02
3.463713784064917367e-02
3.424057139993592902e-02
3.402389353464937982e-02
3.382066766249524487e-02
3.359445586815749257e-02
3.334639348617431803e-02
3.307977038228634981e-02
3.280021792607438341e-02
3.250191903191203963e-02
3.218601042848458910e-02
3.185362431773734737e-02
3.150588573502648149e-02
3.114391007677448989e-02
3.077315652176442970e-02
3.039276714395018619e-02
3.000105997117117132e-02
2.959909084382258970e-02
2.939239815985347781e-02
2.924985000597768101e-02
2.910603883179404411e-02
2.896102912661450632e-02
