4.720492880873440877e-01
4.715175093877533308e-01
4.749778675393870331e-01
4.730420156797762177e-01
4.727670126706442488e-01
4.737008977685085997e-01
4.772268507409782590e-01
4.846070975488347976e-01
5.250415118133966441e-01
5.805645533305646699e-01
6.532567619766583844e-01
7.328613344352797876e-01
7.490781629885985282e-01
6.866833326419340411e-01
7.870193790392191469e-01
1.106874565632323559e+00
9.605646596462414921e-01
1.010943475648838685e+00
1.389693652647049582e+00
1.251990300704834747e+00
1.221211382687703129e+00
1.107399347536162537e+00
1.405689739432282703e+00
1.111097676257471578e+00
1.270030683605600341e+00
1.200182383065473646e+00
1.348789512258253831e+00
1.328641537524470451e+00
1.270255981961539771e+00
1.126852139525630569e+00
1.177549056046770515e+00
1.183335447155667186e+00
1.170664825059199776e+00
1.258794497759033959e+00
1.155133419740348222e+00
1.230161390850946335e+00
1.577381632939369949e+00
1.582514517698861978e+00
1.509517239755609586e+00
1.691359844968155945e+00
1.798735514633432064e+00
1.835379302092735365e+00
1.893056924154437493e+00
1.697464967061551144e+00
1.696818928889667566e+00
1.947082971039017396e+00
1.861139839988480427e+00
1.830653625790180428e+00
2.135989690011316888e+00
2.511604966238937919e+00
2.744814139097187855e+00
2.801094794067993998e+00
2.559514948064837370e+00
2.803099864213943082e+00
3.122437163159873297e+00
3.378459528734421013e+00
3.317926794734988860e+00
2.903180177255156202e+00
2.994083604160788337e+00
3.491219746612679309e+00
3.429657824814770439e+00
3.268669916817405596e+00
3.402625373674132536e+00
3.257661286905745968e+00
2.865584072392566295e+00
2.492126262563336248e+00
2.485166919478887237e+00
2.514415619049231942e+00
2.853560955692405976e+00
3.181488041691650448e+00
3.493161902373281613e+00
3.650322428489932491e+00
3.696644759151637150e+00
3.551183993526604077e+00
3.280850684985712196e+00
2.876336036493623460e+00
2.450635807368287455e+00
1.995229715062025511e+00
1.598826616360041086e+00
1.336220018637341855e+00
1.179003310483998090e+00
1.064486880632457222e+00
9.847609210684774572e-01
9.279161290945423524e-01
8.823402635714570064e-01
8.411794479221913479e-01
8.077732621723682227e-01
7.825405860053714635e-01
7.545100077267542504e-01
7.227430796164945326e-01
6.877226662165347726e-01
6.518745865506768711e-01
6.152846454211291505e-01
5.798248910042395066e-01
5.472955057421851066e-01
5.176807351754567632e-01
4.919618211978159517e-01
4.698732438379900067e-01
4.523298807631396246e-01
4.389382670972341027e-01
4.291723648385046275e-01
4.221307171948301962e-01
4.166273900677042175e-01
4.120496581583288354e-01
4.064007108741171659e-01
3.984202177482066287e-01
3.928825628556095184e-01
3.996257277557503929e-01
4.049340516586208416e-01
4.085440232954339890e-01
4.091488035739701545e-01
4.075418665002198959e-01
4.025233354419585630e-01
3.951976302474570213e-01
3.848457093568214415e-01
3.726135167790667335e-01
3.580650518751649081e-01
3.489654560026354546e-01
3.338973556909096141e-01
3.129282879581568588e-01
3.025203378437715807e-01
2.981405875144886863e-01
2.807393668342710313e-01
2.945419837541534136e-01
3.032712408443450913e-01
3.020256466100554316e-01
2.919213376437462260e-01
2.743513862957600025e-01
2.513288703778399080e-01
2.452926459936281833e-01
2.389370985837509231e-01
2.319754220312018056e-01
2.247095624147915360e-01
2.167794583895069904e-01
2.084833610688555106e-01
1.997641067999452735e-01
1.932473461887026789e-01
1.927573650013098272e-01
1.904187507883817743e-01
1.866572551687543657e-01
1.814021933278472387e-01
1.750407452606951020e-01
1.704497829891171989e-01
1.679480760472681911e-01
1.647698417018522710e-01
1.693434866633278246e-01
1.772954170127105378e-01
1.829054697355534109e-01
1.859661323572577851e-01
1.865558677032151669e-01
1.848720431741653902e-01
1.811909353720642935e-01
1.804006420696015744e-01
1.821705492139208127e-01
1.819077168909851716e-01
1.799024893186074170e-01
1.764383750968832321e-01
1.717736283228638583e-01
1.661318824734875355e-01
1.598254260325024934e-01
1.528964861881236259e-01
1.454469654586326988e-01
1.376528930661114203e-01
1.297410593362189057e-01
1.251516678280056860e-01
1.249853248487210050e-01
1.268557315226361837e-01
1.280975810909348866e-01
1.285839213432596884e-01
1.283857457217099096e-01
1.276955390102445242e-01
1.263897976000532553e-01
1.246384376067469768e-01
1.225448947337584860e-01
1.200529207335051113e-01
1.172608853575288768e-01
1.143428709737383808e-01
1.111964895989069613e-01
1.078650828754936647e-01
1.044033781008276152e-01
1.014113130222476511e-01
9.973921536330819515e-02
9.808276007154127785e-02
9.643395563072686139e-02
9.478201777544996431e-02
9.311440288195159398e-02
9.142813755090867245e-02
8.975382045952966237e-02
8.802396853709586189e-02
8.622824062837594616e-02
8.435856472680343388e-02
8.240953321695645983e-02
8.037862840409147613e-02
7.830664448663141042e-02
7.616881853551434045e-02
7.395490433253158746e-02
7.167299582015247694e-02
6.951028506738421431e-02
6.966570764533244753e-02
6.978062389125549991e-02
6.986447488312562404e-02
6.988912212204924368e-02
6.985019638094117078e-02
6.974456701282884252e-02
6.957031026249493877e-02
6.932665098078931443e-02
6.901388327091920183e-02
6.863327533069431274e-02
6.818696334923531055e-02
6.767783882007720464e-02
6.710943308161415599e-02
6.648580232456639816e-02
6.584113112372352861e-02
6.515000143942796529e-02
6.441629975421707399e-02
6.364506877535035245e-02
6.284140307604273168e-02
6.201037418389000744e-02
6.115696490373954963e-02
6.028601281787382415e-02
5.940216271060361902e-02
5.850982751500673207e-02
5.761315726329840209e-02
5.671601544888691532e-02
5.582196215715126697e-02
5.493424329657958793e-02
5.405578526218045993e-02
5.318919436750984414e-02
5.233676040902320026e-02
5.150333633047594201e-02
5.069286632753223359e-02
4.990067677992111178e-02
4.912796841051558089e-02
4.837568342292244278e-02
4.764452202826429533e-02
4.693495982378305398e-02
4.624726570832268790e-02
4.558152005316271072e-02
4.493763288937561995e-02
4.431536189871106146e-02
4.371433003336996220e-02
4.313404261287624025e-02
4.257390377561581785e-02
4.203323218296663860e-02
4.151127589865586526e-02
4.100722638232059264e-02
4.052023155360501977e-02
4.004940789929938710e-02
3.959385160895247113e-02
3.915264873456252709e-02
3.872488438427663937e-02
3.830965096213736348e-02
3.790605548209963899e-02
3.751322598289896781e-02
3.713031708124542307e-02
3.675651470244346158e-02
3.639104003213609884e-02
3.603315273515198675e-02
3.568215348960267208e-02
3.533738588498461231e-02
3.499823773539622457e-02
3.466414185605992682e-02
3.433457635456979573e-02
3.400906448451190139e-02
3.368717410971184406e-02
3.336851682475092118e-02
3.305274677648809001e-02
3.273955922903139942e-02
3.242868891153311700e-02
3.211990818805721126e-02
3.181302508318740313e-02
3.150788119814271898e-02
3.120434954603311731e-02
3.090233233558325326e-02
3.060175872767348024e-02
3.030258258774613106e-02
3.000478025468506990e-02
2.970834834408898201e-02
2.941330160147192369e-02
2.911967081938403659e-02
2.882750082943146691e-02
2.853684857965896673e-02
2.824778130395418085e-02
2.796037479103369305e-02
2.767471175537067687e-02
2.739088031658040018e-02
2.710897258468839346e-02
2.682908335668222899e-02
2.655130891997392606e-02
2.627574596410121519e-02
2.600249059722186881e-02
2.573163746528741788e-02
2.546327897013640415e-02
2.519750458278344901e-02
2.493440024773504321e-02
2.467404787327077617e-02
2.441652490382699089e-02
2.416190396772752158e-02
2.391025259741345887e-02
2.366163301478572262e-02
2.341610197827961870e-02
2.317371068500281850e-02
2.293450472460681691e-02
2.269852407771805886e-02
2.246580315685517068e-02
2.223637088260285027e-02
2.201025079309796087e-02
2.178746118034715143e-02
2.156801525103863373e-02
2.135192130781741679e-02
2.113918294691541702e-02
2.092979926938316401e-02
2.072376510324087234e-02
2.052107123250356338e-02
2.032170463279011838e-02
2.012564870868974176e-02
1.993288353261119666e-02
1.974338608244560062e-02
1.955713047709963306e-02
1.937408820729405109e-02
1.919422836163561449e-02
1.901751784615007476e-02
1.884392159645299769e-02
1.867340278200248574e-02
1.850592300179663280e-02
1.834144247078423051e-02
1.817992019695420167e-02
1.802131414846051827e-02
1.786558141132276942e-02
1.771267833701743039e-02
1.756256067970994594e-02
1.741518372475510043e-02
1.727050240657210939e-02
1.712847141747281948e-02
1.698904530789190764e-02
1.685217857668108721e-02
1.671782575414540797e-02
1.658594147589607243e-02
1.645648054963522178e-02
1.632939801437057262e-02
1.620464919289130168e-02
1.608218973728303691e-02
1.596197566899010961e-02
1.584396341265049968e-02
1.572810982518533726e-02
1.561437221969614458e-02
1.550270838508072645e-02
1.539307660180202347e-02
1.528543565335620420e-02
1.517974483533171201e-02
1.507596396100878942e-02
1.497405336420834857e-02
1.487397390049334696e-02
1.477568694535802939e-02
1.467915439188792470e-02
1.458433864593496922e-02
1.449120262071392808e-02
1.439970973026522688e-02
1.430982388175979468e-02
1.422150946786745161e-02
1.413473135819211073e-02
1.404945489067171982e-02
1.396564586272529447e-02
1.388327052272376669e-02
1.380229556092969420e-02
1.372268810157144595e-02
1.364441569423364975e-02
1.356744630643215259e-02
1.349174831629922425e-02
1.341729050547476633e-02
1.334404205291155401e-02
1.327197252938710527e-02
1.320105189186938574e-02
1.313125047921714222e-02
1.306253900806288518e-02
1.299488856960441877e-02
1.292827062643032293e-02
1.286265701055255666e-02
1.279801992175022551e-02
1.273433192631510426e-02
1.267156595650772988e-02
1.260969531040690393e-02
1.254869365227978366e-02
1.248853501344465190e-02
1.242919379347413346e-02
1.237064476132658866e-02
1.231286305791221176e-02
1.225582419781342386e-02
1.219950407177344993e-02
1.214387894947712050e-02
1.208892548230817120e-02
1.203462070636887593e-02
1.198094204556958593e-02
1.192786731490409063e-02
1.187537472352527719e-02
1.182344287817315570e-02
1.177205078638257803e-02
1.172117785957584382e-02
1.167080391625219954e-02
1.162090918507200504e-02
